gen	nevals	avg     	stddev	min     	max     
0  	50    	0.218369	0     	0.218369	0.218369
1  	44    	0.0878084	0.137735	-0.0166667	0.514537
2  	48    	0.131353 	0.150768	-0.0166667	0.514537
3  	45    	0.170457 	0.18556 	-0.02     	0.812083
4  	45    	0.207162 	0.18925 	-0.02     	0.703659
5  	45    	0.240812 	0.209322	-0.02     	0.812083
6  	46    	0.222907 	0.18939 	-0.0171429	0.703019
7  	42    	0.268109 	0.189285	-0.0166667	0.705828
8  	43    	0.253687 	0.194069	-0.0171429	0.812083
9  	49    	0.234507 	0.187372	-0.0166667	0.615367
10 	45    	0.268388 	0.247792	-0.02     	0.812977
11 	48    	0.309092 	0.212699	-0.0175   	0.705205
12 	47    	0.435212 	0.217035	-0.0166666	0.732214
13 	47    	0.309508 	0.216512	-0.0175001	0.732214
14 	50    	0.320735 	0.216622	-0.0174999	0.732505
15 	45    	0.43921  	0.232456	-0.02     	0.811247
16 	49    	0.260279 	0.231223	-0.0166667	0.729213
17 	45    	0.380697 	0.234978	-0.0175   	0.729213
18 	47    	0.356699 	0.217874	-0.016    	0.731072
19 	47    	0.370023 	0.24981 	-0.0171428	0.81028 
20 	48    	0.294377 	0.225458	-0.0171429	0.829557
21 	48    	0.343565 	0.25363 	-0.018    	0.819601
22 	50    	0.295878 	0.234861	-0.02     	0.749629
23 	48    	0.402085 	0.233917	-0.0177778	0.804601
24 	47    	0.363982 	0.249879	-0.0199998	0.829788
25 	46    	0.306676 	0.2697  	-0.02     	0.829725
26 	44    	0.350225 	0.272901	-0.02     	0.83174 
27 	45    	0.33153  	0.275578	-0.02     	0.83504 
28 	46    	0.310761 	0.2541  	-0.02     	0.833335
29 	45    	0.375837 	0.295781	-0.02     	0.835159
30 	48    	0.299193 	0.291278	-0.0175   	0.833335
31 	48    	0.276501 	0.262094	-0.0200001	0.834818
32 	42    	0.35175  	0.238535	-0.0177778	0.832826
33 	49    	0.350339 	0.265006	-0.0177778	0.834818
34 	44    	0.312029 	0.301326	-0.02     	0.834818
35 	47    	0.265032 	0.279625	-0.018    	0.834818
36 	47    	0.373793 	0.274946	-0.02     	0.831654
37 	49    	0.346828 	0.281785	-0.02     	0.831654
38 	45    	0.373662 	0.278698	-0.02     	0.888716
39 	44    	0.3657   	0.308338	-0.02     	0.889783
40 	45    	0.387109 	0.284643	-0.02     	0.889783
41 	48    	0.405082 	0.301525	-0.02     	0.889105
42 	46    	0.403608 	0.268818	-0.0171428	0.840185
43 	44    	0.482893 	0.267758	-0.0177778	0.888716
44 	46    	0.398107 	0.268503	-0.0177778	0.888716
45 	45    	0.494211 	0.273109	-0.015    	0.889783
46 	46    	0.441989 	0.284561	-0.0199999	0.889783
47 	42    	0.448507 	0.289444	-0.02     	0.890799
48 	49    	0.37332  	0.292973	-0.0183333	0.832288
49 	47    	0.399728 	0.258537	-0.0177778	0.826034
50 	47    	0.461512 	0.243272	-0.0166667	0.827809
51 	44    	0.38338  	0.26771 	0.0626413 	0.826034
52 	46    	0.406971 	0.282794	-0.016    	0.889783
53 	47    	0.425774 	0.279969	-0.0177778	0.936267
54 	47    	0.365532 	0.266319	-0.0171429	0.890799
55 	48    	0.415502 	0.274033	-0.02     	0.888716
56 	46    	0.425326 	0.308269	-0.02     	0.898959
57 	46    	0.44108  	0.283637	-0.0166667	0.888716
58 	48    	0.37056  	0.254814	-0.0160001	0.898945
59 	47    	0.387012 	0.257704	-0.02     	0.818261
60 	46    	0.446441 	0.274341	-0.02     	0.81797 
61 	45    	0.45843  	0.290358	-0.0181818	0.817104
62 	44    	0.367488 	0.277969	-0.0177778	0.893092
63 	44    	0.467804 	0.25537 	0.0579892 	0.900648
64 	45    	0.474776 	0.267871	-0.0159999	0.900648
65 	42    	0.460734 	0.285985	-0.01     	0.900648
66 	47    	0.441957 	0.283084	-0.0171429	0.900648
67 	46    	0.433213 	0.276206	0.072064  	0.900648
68 	45    	0.445059 	0.251283	0.0675416 	0.900648
69 	49    	0.372193 	0.280596	-0.0166666	0.905038
70 	49    	0.336724 	0.25463 	-0.02     	0.819398
71 	48    	0.425507 	0.246364	-0.0166667	0.891338
72 	46    	0.397327 	0.247687	-0.0166667	0.891338
73 	44    	0.488276 	0.268015	-0.0175001	0.891338
74 	45    	0.464951 	0.278895	-0.0171428	0.894854
75 	44    	0.453997 	0.285734	-0.015    	0.894854
76 	48    	0.414761 	0.274773	-0.0166575	0.894854
77 	44    	0.444681 	0.280072	-0.0166667	0.899385
78 	44    	0.493774 	0.277861	-0.018    	1.11997 
79 	45    	0.475288 	0.313099	-0.0175   	1.11997 
80 	45    	0.364577 	0.292406	-0.0225   	0.994845
81 	45    	0.443339 	0.276481	-0.0166667	0.994845
82 	48    	0.474023 	0.29304 	-0.0171429	0.994845
83 	48    	0.418277 	0.270132	-0.0171428	0.994845
84 	48    	0.436985 	0.262801	-0.0171429	0.899711
85 	41    	0.436775 	0.304947	-0.0106536	0.899711
86 	44    	0.46093  	0.307485	-0.0177778	0.903946
87 	47    	0.393331 	0.282101	-0.0175001	0.899711
88 	43    	0.417545 	0.279381	0.0666068 	0.899711
89 	44    	0.397677 	0.275025	-0.0174999	0.899711
90 	46    	0.425713 	0.29441 	-0.0166667	0.976188
91 	46    	0.436841 	0.284536	-0.015    	0.976188
92 	47    	0.439016 	0.275542	-0.0175   	0.917169
93 	43    	0.51575  	0.291493	-0.0175   	0.917169
94 	47    	0.406044 	0.273508	-0.0171428	0.917169
95 	41    	0.448583 	0.273075	0.0821884 	0.917169
96 	44    	0.49589  	0.258753	0.07516   	0.918019
97 	46    	0.391287 	0.273255	-0.0166568	0.918019
98 	46    	0.490164 	0.284976	0.102745  	0.99021 
99 	45    	0.442006 	0.278362	-0.0175   	0.988247
100	45    	0.42899  	0.277239	0.0551786 	0.989165
101	45    	0.468226 	0.281616	-0.0166573	0.970669
102	45    	0.403786 	0.287188	-0.0150001	0.970669
103	47    	0.417373 	0.273119	0.0475396 	0.918019
104	40    	0.496642 	0.291665	0.0819312 	0.918019
105	50    	0.386709 	0.259654	-0.01     	0.991227
106	44    	0.487778 	0.239129	-0.0160001	0.991227
107	44    	0.365266 	0.281701	-0.0171428	0.991227
108	47    	0.448628 	0.294808	-0.0166667	0.991227
109	46    	0.512724 	0.300206	-0.015    	0.991227
110	46    	0.43807  	0.307522	-0.0177778	0.991227
111	44    	0.522958 	0.306681	-0.0181818	1.02553 
112	45    	0.4907   	0.311217	-0.0166666	1.02553 
113	45    	0.430115 	0.316318	0.0601994 	1.02553 
114	46    	0.394581 	0.307385	-0.0166666	0.99021 
115	49    	0.319951 	0.25696 	-0.016    	1.07513 
116	47    	0.399281 	0.224436	0.0784472 	0.988247
117	45    	0.481694 	0.264462	-0.0171429	0.988247
118	47    	0.389229 	0.251817	0.0632354 	0.967266
119	46    	0.380084 	0.251455	-0.016    	0.904008
120	45    	0.458154 	0.300061	-0.0171428	0.97673 
121	44    	0.437975 	0.284445	0.0532016 	0.97673 
122	42    	0.416979 	0.298423	-0.017143 	0.97673 
123	49    	0.368835 	0.24815 	0.0761719 	0.906473
124	44    	0.415455 	0.269707	0.100684  	0.906473
125	45    	0.430378 	0.260853	-0.015    	0.906473
126	47    	0.438208 	0.260883	-0.0133338	0.89035 
127	41    	0.474291 	0.254174	-0.02     	0.80515 
128	44    	0.442208 	0.250531	-0.0133333	0.862547
129	47    	0.405067 	0.270618	-0.0175001	0.913585
130	45    	0.518124 	0.263248	0.0754147 	0.91569 
131	44    	0.481399 	0.30366 	-0.0166667	1.03926 
132	47    	0.452652 	0.283092	0.0856625 	0.985599
133	46    	0.477388 	0.282389	-0.0159997	1.06778 
134	46    	0.471569 	0.257906	0.145657  	0.984313
135	44    	0.457988 	0.286567	-0.0133337	0.984313
136	44    	0.518275 	0.295795	0.0675024 	0.986343
137	45    	0.476896 	0.311936	-0.0166667	0.986343
138	44    	0.502892 	0.292991	0.0834395 	1.06528 
139	42    	0.563812 	0.306442	-0.0175   	1.06688 
140	44    	0.490411 	0.329395	-0.016    	1.06688 
141	44    	0.443004 	0.302179	0.0852559 	1.06688 
142	46    	0.473055 	0.305221	-0.0166667	1.06688 
143	45    	0.536794 	0.307535	0.0975205 	1.06688 
144	47    	0.495956 	0.301724	-0.0150001	1.0661  
145	49    	0.454032 	0.271465	0.116532  	0.984785
146	46    	0.511722 	0.288175	-0.0171429	0.984785
147	49    	0.442336 	0.272764	0.0846654 	1.05625 
148	47    	0.392523 	0.24343 	0.115879  	0.940427
149	47    	0.475648 	0.269411	-0.00725975	0.893814
150	45    	0.449576 	0.25292 	0.0945181  	0.882668
151	48    	0.47672  	0.271495	-0.0171429 	0.980969
152	48    	0.477218 	0.282476	-0.0171429 	0.980969
153	45    	0.546672 	0.278324	-0.015     	0.980969
154	42    	0.559673 	0.28543 	0.106186   	0.980969
155	44    	0.528261 	0.286853	-0.0166668 	0.980969
156	44    	0.523856 	0.277942	0.0757351  	0.973352
157	44    	0.429425 	0.279281	-0.0174999 	0.973355
158	49    	0.444053 	0.274365	-0.0171428 	0.980046
159	45    	0.510637 	0.304496	-0.0149999 	0.980046
160	46    	0.513159 	0.297794	-0.0159967 	1.03867 
161	45    	0.512353 	0.281273	0.124425   	1.03867 
162	43    	0.499737 	0.296417	-0.016     	1.03867 
163	48    	0.465921 	0.333643	-1         	1.11534 
164	44    	0.462155 	0.265602	0.117018   	1.03867 
165	46    	0.457056 	0.244311	0.110929   	0.910109
166	45    	0.490433 	0.24016 	-0.0171428 	0.912325
167	49    	0.423495 	0.236789	0.0525584  	0.979111
168	46    	0.521477 	0.329291	-1         	0.973735
169	46    	0.48619  	0.295415	-0.0175    	0.973735
170	47    	0.42484  	0.250285	0.08343    	0.973735
171	50    	0.414372 	0.244042	-0.0177778 	0.965313
172	47    	0.486844 	0.238344	0.11386    	0.918426
173	44    	0.578858 	0.271086	0.0723226  	1.05011 
174	47    	0.565816 	0.27955 	0.121203   	1.04284 
175	48    	0.461788 	0.276709	0.113858   	1.04284 
176	48    	0.455248 	0.293668	-0.0174999 	1.04284 
177	48    	0.430507 	0.261957	0.0415672  	1.10886 
178	44    	0.533649 	0.265915	-0.0160001 	1.04344 
179	47    	0.406302 	0.300596	-0.02      	1.04344 
180	47    	0.509949 	0.295951	0.11428    	1.04344 
181	47    	0.482051 	0.277464	0.109902   	1.03572 
182	50    	0.466976 	0.24146 	0.0985285  	0.953708
183	44    	0.528273 	0.28427 	-0.0171385 	1.04463 
184	44    	0.448782 	0.297059	0.0651807  	1.04463 
185	44    	0.485804 	0.416361	-1         	1.04463 
186	47    	0.448665 	0.292177	-0.0177777 	0.97542 
187	46    	0.468048 	0.284183	-0.0177778 	0.97542 
188	48    	0.397169 	0.39566 	-1         	1.04472 
189	45    	0.43992  	0.315457	-1         	0.910281
190	48    	0.476432 	0.23964 	-0.0174999 	0.900683
191	48    	0.425106 	0.214206	-0.0166667 	0.849448
192	45    	0.497867 	0.212646	0.157477   	0.849448
193	47    	0.498414 	0.201806	0.0510235  	0.97087 
194	46    	0.47789  	0.291986	-1         	0.97087 
195	46    	0.452387 	0.238132	-0.0150001 	0.97087 
196	47    	0.474482 	0.236071	-0.0175    	0.974368
197	47    	0.446553 	0.267579	-0.0171429 	0.910682
198	43    	0.501608 	0.265864	0.117417   	0.91528 
199	47    	0.476645 	0.269612	-0.0171428 	0.910682
200	47    	0.529831 	0.246141	0.176061   	0.966771
201	46    	0.526079 	0.249962	0.0750739  	0.966771
202	49    	0.533615 	0.266092	0.0641929  	1.04868 
203	47    	0.460485 	0.239483	0.102424   	0.966771
204	45    	0.470626 	0.290033	0.0909124  	0.962482
205	46    	0.430697 	0.265739	-0.016     	0.9122  
206	45    	0.472479 	0.283423	0.0849647  	0.988262
207	49    	0.422661 	0.267535	0.064669   	0.973334
208	45    	0.431527 	0.288561	0.0924516  	0.973334
209	44    	0.476955 	0.300801	0.101889   	0.995616
210	47    	0.428217 	0.289468	0.096894   	0.995616
211	46    	0.409665 	0.277145	-0.0166666 	0.994527
212	46    	0.401923 	0.30169 	-0.0160001 	0.994527
213	46    	0.413418 	0.281228	-0.0199999 	1.02894 
214	44    	0.428711 	0.266565	0.0661176  	0.980485
215	46    	0.391276 	0.286798	-0.0133338 	0.980485
216	44    	0.432402 	0.292903	0.0591089  	0.978596
217	47    	0.4696   	0.267684	0.0739258  	0.980485
218	50    	0.329982 	0.25417 	-0.0174999 	0.906275
219	45    	0.340629 	0.248121	0.0527197  	0.903258
220	47    	0.363834 	0.210662	0.0856777  	0.908751
221	49    	0.359446 	0.227599	-0.0184615 	0.944993
222	45    	0.357609 	0.297157	-1         	0.975557
223	45    	0.383115 	0.237862	-0.0166667 	0.975557
224	44    	0.338189 	0.230451	-0.02      	0.975557
225	49    	0.358378 	0.208002	0.075875   	0.870251
226	47    	0.361714 	0.211868	-0.0133334 	0.870251
227	48    	0.430364 	0.202494	0.0899764  	0.801641
228	47    	0.369985 	0.192388	0.104696   	0.801641
229	46    	0.416015 	0.223148	0.0951801  	0.835258
230	49    	0.319637 	0.343787	-1         	0.866573
231	47    	0.310699 	0.387264	-1         	0.94395 
232	45    	0.36438  	0.243104	-0.0171428 	0.94395 
233	47    	0.369478 	0.289115	-1         	0.86607 
234	44    	0.367982 	0.289416	-1         	0.86607 
235	48    	0.358786 	0.267913	-1         	0.86607 
236	47    	0.310042 	0.323938	-1         	0.86607 
237	46    	0.314452 	0.313298	-1         	0.737874
238	49    	0.316381 	0.374074	-1         	0.884441
239	47    	0.322381 	0.330948	-1         	0.884441
240	48    	0.259583 	0.40993 	-1         	0.782325
241	47    	0.340013 	0.302846	-1         	0.794985
242	48    	0.391056 	0.1481  	0.0643512  	0.794985
243	48    	0.253234 	0.441867	-1         	0.794985
244	48    	0.340649 	0.318416	-1         	0.794985
245	46    	0.347658 	0.328228	-1         	0.794985
246	48    	0.281681 	0.365083	-1         	0.794985
247	46    	0.336502 	0.328379	-1         	0.808649
248	50    	0.390476 	0.18    	-0.0175    	0.888715
249	46    	0.385893 	0.14816 	0.152796   	0.695623
250	45    	0.421665 	0.162215	0.0833287  	0.811558
251	48    	0.362176 	0.242578	-1         	0.707683
252	46    	0.428101 	0.162988	0.135034   	0.707683
253	44    	0.439858 	0.185036	-0.0133332 	0.803583
254	48    	0.411097 	0.156427	0.139275   	0.778733
255	48    	0.369102 	0.188644	-0.0166668 	0.778733
256	44    	0.417692 	0.172237	0.166914   	0.778733
257	49    	0.430991 	0.153563	0.171665   	0.731676
258	45    	0.417954 	0.160656	0.119133   	0.731676
259	48    	0.420605 	0.27945 	-1         	0.909049
260	42    	0.531397 	0.188822	0.190604   	0.89914 
261	42    	0.576845 	0.218155	0.179065   	0.89914 
262	48    	0.43271  	0.330271	-1         	0.969369
263	46    	0.488134 	0.272198	0.0865927  	0.981364
264	47    	0.518451 	0.262712	-0.018182  	0.981364
265	50    	0.448615 	0.252103	0.104678   	1.13061 
266	43    	0.531554 	0.290267	0.0757551  	1.13061 
267	45    	0.517761 	0.38735 	-1         	1.13061 
268	47    	0.454421 	0.328646	-0.0166666 	1.13061 
269	49    	0.403425 	0.23538 	0.0866485  	0.995817
270	46    	0.485701 	0.25963 	0.0743816  	0.99703 
271	45    	0.423427 	0.275839	-0.0159963 	0.99703 
272	42    	0.469796 	0.279193	0.146717   	0.99703 
273	49    	0.464685 	0.270829	-0.0177777 	0.99703 
274	43    	0.486732 	0.268131	0.141672   	0.99703 
275	46    	0.456905 	0.271741	0.151576   	1.05832 
276	46    	0.427925 	0.26442 	-0.01      	1.05832 
277	48    	0.44265  	0.247063	0.100969   	1.05832 
278	44    	0.456078 	0.287716	-0.0150002 	1.05832 
279	48    	0.433279 	0.262203	0.120654   	1.12749 
280	48    	0.345328 	0.228198	0.0401268  	1.04449 
281	44    	0.44004  	0.229081	-0.0166667 	1.04449 
282	46    	0.387624 	0.22538 	-0.0166666 	1.04449 
283	44    	0.428703 	0.228181	0.0734449  	1.04449 
284	46    	0.395671 	0.252146	0.0949044  	1.04449 
285	46    	0.45153  	0.260305	-0.016     	1.04888 
286	43    	0.425763 	0.27388 	0.110245   	1.04888 
287	47    	0.394961 	0.254805	-0.0133334 	1.04888 
288	43    	0.405338 	0.329964	-1         	0.954378
289	44    	0.347848 	0.228802	0.0984023  	0.954378
290	48    	0.416203 	0.246411	0.153484   	1.04458 
291	48    	0.368604 	0.215606	0.104382   	1.04458 
292	45    	0.37939  	0.230346	-0.0177778 	1.04458 
293	44    	0.424901 	0.242578	-0.0133338 	1.04458 
294	48    	0.341161 	0.274752	-1         	1.08405 
295	45    	0.400662 	0.227575	-0.0171429 	1.08405 
296	48    	0.342223 	0.266512	-1         	1.02602 
297	43    	0.406202 	0.188564	0.121083   	1.02602 
298	45    	0.429782 	0.230476	-0.0119544 	1.04458 
299	46    	0.424699 	0.221828	0.127913   	1.02602 
300	45    	0.495363 	0.250201	0.164759   	1.02602 
301	47    	0.431033 	0.261421	-0.015     	1.02602 
302	45    	0.408755 	0.254627	0.101373   	1.02602 
303	47    	0.365159 	0.220938	0.104911   	1.02602 
304	43    	0.447653 	0.24835 	-0.02      	1.02602 
305	45    	0.438623 	0.347852	-1         	1.03116 
306	47    	0.41266  	0.233097	0.061661   	1.02602 
307	45    	0.390732 	0.330062	-1         	1.02602 
308	47    	0.33678  	0.189842	0.115773   	0.999319
309	44    	0.39447  	0.212756	0.141918   	0.999319
310	48    	0.388479 	0.198961	0.0631357  	1.01413 
311	45    	0.357313 	0.272943	-1         	1.01413 
312	46    	0.407817 	0.193119	-0.0171429 	0.868531
313	44    	0.36108  	0.273404	-1         	0.915823
314	50    	0.385839 	0.34584 	-1         	0.810998
315	46    	0.412612 	0.191058	0.146216   	0.819925
316	42    	0.379352 	0.358251	-1         	0.937378
317	46    	0.306115 	0.380331	-1         	0.937378
318	49    	0.426727 	0.159667	0.12365    	0.805999
319	47    	0.345237 	0.239434	-1         	0.744532
320	49    	0.339029 	0.304773	-1         	0.707233
321	47    	0.283642 	0.356158	-1         	0.632186
322	49    	0.302186 	0.293349	-1         	0.575233
323	48    	0.19482  	0.492618	-1         	0.593413
324	44    	0.296663 	0.406895	-1         	0.62717 
325	46    	0.304577 	0.357879	-1         	0.626478
326	46    	0.331786 	0.3714  	-1         	0.742126
327	45    	0.291862 	0.414301	-1         	0.730356
328	45    	0.355745 	0.312355	-1         	0.739959
329	47    	0.33419  	0.260972	-1         	0.805812
330	46    	0.401802 	0.180077	-0.0171429 	0.742382
331	47    	0.465984 	0.212852	-0.016     	0.880081
332	47    	0.408078 	0.212753	-0.0166667 	0.886875
333	47    	0.428655 	0.213047	-0.0150001 	0.886875
334	46    	0.380124 	0.22848 	-0.0171429 	0.812375
335	50    	0.409694 	0.1879  	0.0638481  	0.819598
336	46    	0.404284 	0.212967	0.134247   	0.933609
337	45    	0.397136 	0.255715	-0.0175    	0.827235
338	45    	0.442945 	0.268158	-0.016     	0.891001
339	49    	0.432999 	0.263377	-0.0133334 	0.907352
340	46    	0.474188 	0.268474	-0.0171429 	0.964817
341	44    	0.451073 	0.297577	-0.016     	0.97167 
342	47    	0.431439 	0.261395	0.0589882  	0.995043
343	48    	0.447523 	0.24055 	-0.015     	0.839727
344	47    	0.455606 	0.240726	-0.02      	0.839727
345	46    	0.466607 	0.243566	0.0616988  	0.839727
346	44    	0.472906 	0.259272	-0.0166667 	0.839727
347	43    	0.441078 	0.262076	-0.02      	0.839727
348	43    	0.507962 	0.244142	-0.0171428 	0.839727
349	50    	0.449744 	0.247857	-0.0150001 	0.839727
350	44    	0.455313 	0.203991	0.0730166  	0.813962
351	47    	0.397923 	0.246395	-0.0171427 	0.758017
352	47    	0.443595 	0.230956	-0.016     	0.839658
353	48    	0.44515  	0.244727	-0.015     	0.839658
354	39    	0.458683 	0.248079	0.0848251  	0.839658
355	46    	0.484419 	0.25533 	-0.015     	0.995268
356	45    	0.470627 	0.254876	0.115362   	0.891656
357	43    	0.539793 	0.257538	-0.0166668 	0.891656
358	49    	0.334201 	0.248526	-0.0150001 	0.891656
359	45    	0.436572 	0.262679	-0.0160001 	0.899521
360	49    	0.374325 	0.275291	-0.015     	0.972084
361	46    	0.436555 	0.266143	-0.0160002 	0.972084
362	45    	0.414927 	0.270268	-0.0171428 	0.972084
363	44    	0.431749 	0.288151	-0.0166666 	0.972084
364	50    	0.356163 	0.261436	-0.016     	0.878561
365	45    	0.451734 	0.213502	0.099004   	0.89124 
366	44    	0.484877 	0.271636	-0.02      	0.906403
367	45    	0.483422 	0.298119	0.0635795  	0.994862
368	46    	0.522406 	0.297211	-0.0150001 	0.906531
369	44    	0.506488 	0.298205	0.0662534  	0.909642
370	48    	0.449015 	0.304626	-0.0175    	0.903755
371	45    	0.455196 	0.290378	-0.016     	0.906383
372	45    	0.531091 	0.252703	0.0880284  	0.903755
373	49    	0.493771 	0.278391	-0.0175    	0.903755
374	45    	0.51659  	0.280635	-0.016     	0.906363
375	45    	0.432513 	0.274964	-0.0133333 	0.906363
376	46    	0.430918 	0.267488	-0.0133333 	0.906378
377	48    	0.420395 	0.282483	-0.02      	0.906378
378	48    	0.397029 	0.298557	-0.0166667 	0.906363
379	47    	0.385965 	0.28922 	-0.02      	0.906403
380	46    	0.468747 	0.280586	-0.0181818 	0.906302
381	48    	0.331048 	0.231492	0.0594751  	0.827276
382	44    	0.459046 	0.27295 	-0.0160001 	0.835891
383	49    	0.409545 	0.29546 	-0.02      	0.906363
384	48    	0.408621 	0.283278	-0.0175    	0.897953
385	47    	0.397391 	0.268762	-0.0177778 	0.946739
386	47    	0.483521 	0.27662 	-0.0150001 	0.946739
387	47    	0.371202 	0.273524	-0.02      	0.943594
388	49    	0.414703 	0.244069	0.0594154  	0.943594
389	48    	0.370271 	0.241303	-0.016     	0.943594
390	45    	0.423675 	0.257042	-0.0171428 	0.943594
391	44    	0.506684 	0.251846	0.0692886  	0.86195 
392	46    	0.485418 	0.251215	-0.0175    	0.851584
393	48    	0.453691 	0.263738	0.0751239  	0.978923
394	45    	0.42131  	0.265021	0.0817142  	0.913172
395	41    	0.517775 	0.292307	0.0821225  	0.913172
396	46    	0.442485 	0.288663	0.0530114  	0.983985
397	47    	0.447356 	0.31239 	0.0399895  	0.983319
398	46    	0.477391 	0.31185 	-0.0150002 	1.06568 
399	45    	0.507045 	0.310564	-0.0171429 	1.06925 
400	45    	0.487972 	0.327015	0.0626698  	1.06925 
401	45    	0.486581 	0.344723	0.102698   	1.06925 
402	48    	0.44999  	0.315229	0.0702955  	1.09857 
403	46    	0.421889 	0.303121	-0.017143  	1.06925 
404	47    	0.408967 	0.275344	-0.018     	1.06925 
405	45    	0.386154 	0.294013	-0.0171429 	1.06925 
406	44    	0.424743 	0.293431	-0.0133333 	1.06925 
407	41    	0.571456 	0.310058	0.0856264  	1.06925 
408	44    	0.417922 	0.28729 	0.0664527  	0.96953 
409	48    	0.495929 	0.313962	-0.0166666 	1.06925 
410	46    	0.425681 	0.312777	-0.0166667 	1.06925 
411	47    	0.401145 	0.286009	-0.0166667 	0.987578
412	42    	0.53487  	0.31516 	-0.0166668 	0.987578
413	46    	0.506393 	0.337567	-0.02      	0.987578
414	46    	0.499426 	0.316271	0.112539   	0.987578
415	47    	0.513781 	0.30256 	0.125131   	0.981461
416	46    	0.466724 	0.296145	-0.0171429 	0.981461
417	45    	0.455569 	0.259997	-0.0150003 	0.981461
418	47    	0.44891  	0.282187	-0.0159999 	0.981461
419	47    	0.453377 	0.272575	-0.01      	0.981461
420	45    	0.508597 	0.25291 	0.058861   	0.916506
421	48    	0.470113 	0.26542 	-0.0171428 	0.954539
422	45    	0.426718 	0.266918	-0.0171428 	1.12119 
423	47    	0.402288 	0.231166	-0.0166652 	0.899728
424	44    	0.472284 	0.231794	0.0913327  	0.899728
425	47    	0.44936  	0.237052	-0.0166666 	0.832923
426	47    	0.455485 	0.241018	-0.018     	0.901647
427	42    	0.579241 	0.230821	0.0744287  	0.847112
428	45    	0.535368 	0.234651	0.109468   	0.92007 
429	48    	0.46485  	0.242199	0.126634   	0.910956
430	48    	0.468026 	0.245987	0.108391   	0.903064
431	49    	0.467867 	0.208973	0.0971521  	0.912321
432	47    	0.442585 	0.213449	0.100952   	0.912321
433	48    	0.461393 	0.228363	-0.02      	0.909332
434	45    	0.430232 	0.248601	-0.018     	0.909332
435	49    	0.488251 	0.257123	0.0691078  	0.917137
436	47    	0.470972 	0.250231	0.0860469  	0.915753
437	47    	0.504886 	0.262857	-0.0179999 	0.915753
438	47    	0.430419 	0.259292	-0.017143  	0.960844
439	43    	0.521012 	0.260367	-0.0171429 	0.980588
440	48    	0.496732 	0.293968	-0.0166667 	0.980588
441	48    	0.46639  	0.271465	-0.016     	0.986595
442	47    	0.553104 	0.258481	0.128141   	0.919175
443	47    	0.509317 	0.309524	-0.0175    	0.989255
444	45    	0.495774 	0.300521	-0.0166667 	0.989255
445	45    	0.515587 	0.307057	-0.02      	0.981992
446	48    	0.514478 	0.291201	-0.0150001 	0.979349
447	44    	0.494502 	0.281405	0.0574077  	0.984497
448	47    	0.421372 	0.288531	-0.0160001 	0.984497
449	42    	0.540387 	0.310283	0.0955193  	0.984497
450	45    	0.484399 	0.317681	-0.0175    	1.02102 
451	47    	0.549495 	0.299091	0.0575758  	1.03201 
452	46    	0.408348 	0.289842	0.0721204  	1.03201 
453	45    	0.523085 	0.290089	0.117181   	1.03201 
454	48    	0.54007  	0.301677	0.118152   	1.03201 
455	44    	0.51863  	0.321375	-0.0175    	0.983939
456	48    	0.459373 	0.259093	0.106224   	0.969214
457	48    	0.413754 	0.272288	-0.0175    	0.969214
458	48    	0.386276 	0.283338	-0.0181818 	0.966382
459	45    	0.45992  	0.280084	0.0820119  	0.967581
460	48    	0.466572 	0.22927 	0.100201   	1.00896 
461	45    	0.424957 	0.21152 	0.126639   	0.896818
462	47    	0.410558 	0.237835	-0.0175    	0.972663
463	47    	0.442525 	0.218148	0.0634509  	0.956839
464	45    	0.439342 	0.233305	-0.0175    	0.956839
465	46    	0.482729 	0.268007	0.143565   	1.06733 
466	44    	0.485312 	0.302833	-0.015     	0.979172
467	48    	0.440104 	0.279614	0.0664682  	1.06733 
468	47    	0.397192 	0.271706	-0.0149982 	1.06733 
469	47    	0.418412 	0.253885	0.0781551  	0.979172
470	46    	0.386729 	0.224701	0.0858504  	0.979172
471	46    	0.351444 	0.234983	-0.0166667 	0.979172
472	46    	0.333323 	0.251696	-0.016     	0.979172
473	46    	0.402452 	0.244004	0.0664948  	1.03696 
474	48    	0.3981   	0.247282	0.0665005  	1.03696 
475	47    	0.389317 	0.271791	-0.0149999 	1.03793 
476	45    	0.387633 	0.248454	-0.0171429 	1.03795 
477	47    	0.415893 	0.258578	-0.0166666 	1.02141 
478	44    	0.415431 	0.261735	-0.0133333 	0.973091
479	49    	0.418401 	0.252464	-0.0133334 	0.890663
480	48    	0.409628 	0.229731	0.13144    	0.940684
481	47    	0.429034 	0.268604	0.0577929  	1.16492 
482	46    	0.46044  	0.292271	-0.0175    	1.03313 
483	46    	0.402963 	0.263388	0.0846452  	0.908839
484	47    	0.480132 	0.245219	0.079907   	0.97359 
485	44    	0.46415  	0.283053	-0.0166665 	0.97359 
486	47    	0.509099 	0.308606	-0.0179999 	0.994371
487	45    	0.438263 	0.30519 	-0.016     	1.07627 
488	48    	0.503146 	0.278668	0.116834   	0.984269
489	44    	0.475819 	0.305824	-0.01      	0.984269
490	44    	0.410953 	0.314446	-0.0166666 	0.984269
491	48    	0.414978 	0.269499	0.0624497  	0.984269
492	47    	0.426684 	0.267696	-0.0171326 	1.04272 
493	46    	0.418264 	0.239587	0.0793957  	0.999883
494	46    	0.431616 	0.246078	-0.0175    	0.897796
495	44    	0.512627 	0.254955	0.127666   	0.897796
496	45    	0.406723 	0.281682	-0.00889147	0.94801 
497	48    	0.46346  	0.261056	-0.0150001 	0.977924
498	47    	0.372205 	0.313673	-1         	0.897762
499	47    	0.390377 	0.255408	0.0733414  	0.90391 
500	46    	0.415244 	0.269979	-0.0171429 	0.90391 
501	47    	0.434788 	0.268292	-0.0166668 	0.90391 
502	47    	0.403796 	0.228845	0.11548    	0.861119
503	49    	0.407857 	0.232871	0.0912391  	0.963921
504	50    	0.370748 	0.218107	-0.016     	0.867512
505	44    	0.381502 	0.231255	-0.0175    	0.862565
506	44    	0.403546 	0.246396	-0.0177778 	0.862565
507	47    	0.283351 	0.205925	-0.0180001 	0.862565
508	48    	0.2684   	0.162451	-0.0159977 	0.690247
509	46    	0.355301 	0.177926	-0.0179999 	0.690247
510	46    	0.351529 	0.183701	-0.02      	0.761693
511	45    	0.40183  	0.187583	0.113629   	0.828296
512	45    	0.380844 	0.252515	-0.02      	0.86892 
513	45    	0.381923 	0.226624	0.0866841  	0.852847
514	43    	0.444064 	0.233639	-0.0149999 	0.852847
515	44    	0.436779 	0.243593	0.0983638  	0.852847
516	45    	0.439272 	0.25321 	0.0762086  	0.853335
517	47    	0.408144 	0.270486	-0.0160001 	0.937913
518	47    	0.392813 	0.230805	-0.02      	0.943502
519	48    	0.435697 	0.266447	0.0750323  	0.936035
520	49    	0.337333 	0.236963	-0.02      	0.911953
521	46    	0.398365 	0.220416	-0.016     	0.910385
522	45    	0.41404  	0.224968	0.12757    	0.884364
523	48    	0.413477 	0.20831 	-0.015     	0.906024
524	46    	0.387553 	0.227594	-0.0160001 	0.905711
525	47    	0.428947 	0.205986	-0.0166666 	0.867934
526	47    	0.420754 	0.223522	0.117415   	0.867934
527	47    	0.449135 	0.233438	-0.0159977 	0.867934
528	45    	0.456098 	0.255581	0.0648657  	0.864993
529	45    	0.458316 	0.239993	-0.0175    	0.867934
530	48    	0.389904 	0.243176	0.0452711  	0.867934
531	47    	0.317026 	0.202479	-0.0181818 	0.867934
532	44    	0.429302 	0.235961	0.0951209  	0.867934
533	48    	0.406305 	0.243901	-0.01      	0.876796
534	43    	0.466383 	0.290984	0.0483447  	0.870189
535	46    	0.387368 	0.250288	0.0645879  	0.870189
536	46    	0.401963 	0.288425	-0.0171429 	0.870434
537	48    	0.440185 	0.2785  	0.0828471  	0.940932
538	45    	0.357795 	0.271926	-0.0150001 	0.940932
539	45    	0.406429 	0.264773	-0.0171428 	0.955042
540	46    	0.406456 	0.263746	0.0670133  	0.955042
541	49    	0.382612 	0.232547	-0.0171428 	0.955042
542	44    	0.430138 	0.265372	-0.0180001 	0.866078
543	46    	0.452536 	0.261417	-0.0171429 	0.85504 
544	48    	0.404358 	0.250796	0.0670014  	0.955042
545	46    	0.535551 	0.238502	0.0463821  	0.855899
546	44    	0.453608 	0.246521	0.0913479  	0.955042
547	46    	0.474648 	0.263843	-0.01      	0.983828
548	48    	0.38137  	0.238075	0.0597579  	0.871679
549	46    	0.376297 	0.241312	-0.0166594 	0.871679
550	44    	0.411227 	0.253035	0.107096   	0.871822
551	47    	0.502185 	0.239963	0.0757042  	0.871822
552	47    	0.426179 	0.273506	-0.016     	0.874153
553	45    	0.430387 	0.274939	-0.0166666 	0.956516
554	44    	0.472443 	0.263911	0.0834258  	0.956516
555	48    	0.393963 	0.260402	-0.0133334 	0.962836
556	46    	0.389743 	0.252975	-0.016     	0.962836
557	41    	0.514549 	0.295031	0.103906   	0.956516
558	47    	0.412211 	0.279515	0.0613523  	0.95825 
559	43    	0.442575 	0.266428	-0.0175    	0.941411
560	47    	0.459497 	0.261971	-0.0166667 	0.956516
561	48    	0.431186 	0.274548	-0.0133332 	1.04092 
562	46    	0.444733 	0.296901	-0.0166667 	1.04092 
563	48    	0.353479 	0.244779	-0.0133333 	1.04092 
564	45    	0.409684 	0.249358	0.104538   	0.867887
565	45    	0.449653 	0.272609	-0.02      	0.949192
566	47    	0.440404 	0.272943	0.0857926  	0.949192
567	41    	0.49022  	0.306147	-0.015     	0.949192
568	47    	0.428747 	0.275039	-0.016     	0.949192
569	49    	0.390215 	0.215927	-0.0133333 	0.800867
570	44    	0.454168 	0.243543	-0.016     	0.867339
571	44    	0.526584 	0.221364	0.130366   	0.867339
572	46    	0.483458 	0.241686	0.0626574  	0.946911
573	46    	0.501277 	0.258383	-0.016     	0.946911
574	48    	0.39485  	0.264764	-0.02      	0.946911
575	43    	0.49522  	0.269954	0.101449   	0.946911
576	47    	0.352221 	0.234411	0.0539988  	0.946911
577	48    	0.5146   	0.272567	0.119212   	0.94816 
578	48    	0.39138  	0.26423 	0.0978278  	0.949898
579	47    	0.385919 	0.278067	-0.0133333 	0.946911
580	49    	0.373464 	0.199636	0.0831061  	0.946175
581	45    	0.482872 	0.263221	-0.0177778 	0.946175
582	45    	0.418933 	0.260949	-0.0133338 	0.946175
583	44    	0.47699  	0.281364	-0.0175    	0.948377
584	46    	0.418076 	0.291917	-0.0175    	0.948377
585	48    	0.444982 	0.290111	-0.017143  	0.960442
586	46    	0.379047 	0.255833	-0.0133334 	0.960442
587	43    	0.42368  	0.255419	0.134501   	0.960442
588	43    	0.524636 	0.267186	-0.0133333 	1.04202 
589	48    	0.413014 	0.265026	0.0748184  	1.04202 
590	43    	0.493508 	0.295496	0.08242    	1.04202 
591	45    	0.499023 	0.29046 	0.100754   	0.947906
592	46    	0.405005 	0.263146	0.0947443  	0.942177
593	48    	0.500349 	0.280423	0.0947443  	0.942177
594	45    	0.491106 	0.318254	-0.016     	1.04202 
595	47    	0.465506 	0.301965	-0.0177777 	0.94255 
596	47    	0.42414  	0.269543	-0.0166652 	0.94255 
597	48    	0.400489 	0.254463	0.0779753  	0.94255 
598	45    	0.476815 	0.271658	0.0779753  	0.94255 
599	46    	0.359978 	0.24341 	-0.0171428 	0.94255 
600	44    	0.414886 	0.247326	-0.0133333 	0.948284
601	42    	0.458858 	0.295952	-0.0166667 	0.948284
602	45    	0.465899 	0.287034	0.073657   	0.948284
603	47    	0.553483 	0.256825	-0.0171429 	0.942177
604	48    	0.399796 	0.257708	-0.0177778 	0.941869
605	45    	0.481066 	0.269881	-0.016     	0.943336
606	48    	0.414481 	0.288042	-0.0175    	1.04202 
607	44    	0.464642 	0.284196	-0.01      	1.04202 
608	48    	0.461016 	0.25807 	0.0465206  	0.953339
609	46    	0.458483 	0.257918	0.0935233  	0.953339
610	48    	0.461424 	0.261031	-0.0171413 	0.940864
611	47    	0.443444 	0.282878	-0.016     	0.948239
612	48    	0.458172 	0.275665	-0.0133333 	0.948239
613	47    	0.477723 	0.253218	0.0661218  	0.860718
614	46    	0.373049 	0.252033	-0.0171429 	0.867207
615	42    	0.528796 	0.222992	0.096408   	0.867207
616	46    	0.413917 	0.249615	-0.016     	0.867207
617	49    	0.334286 	0.245406	-0.0160001 	0.881531
618	47    	0.352467 	0.228012	-0.0171427 	0.881531
619	48    	0.350067 	0.254858	-0.0177777 	0.904112
620	47    	0.342718 	0.190391	0.10758    	0.904112
621	43    	0.349868 	0.207148	-0.0171428 	0.935567
622	47    	0.330364 	0.158339	-0.016     	0.70559 
623	46    	0.392473 	0.167377	-0.0171429 	0.688736
624	46    	0.416682 	0.158943	0.133427   	0.69583 
625	45    	0.427661 	0.198541	0.066338   	0.715816
626	49    	0.429003 	0.212557	-0.01      	0.754739
627	49    	0.427587 	0.226768	-0.018     	0.759444
628	44    	0.372792 	0.245337	-0.0175    	0.947578
629	46    	0.44846  	0.239028	0.0761331  	0.947578
630	46    	0.399277 	0.285003	-0.0159976 	0.949881
631	48    	0.362514 	0.297368	-0.017143  	0.954567
632	47    	0.293552 	0.261739	-0.0175    	0.954567
633	44    	0.397485 	0.26712 	-0.02      	0.954567
634	39    	0.508017 	0.275862	-0.02      	0.954567
635	44    	0.492393 	0.306519	-0.0177778 	0.989178
636	47    	0.337042 	0.238133	0.0823237  	0.989178
637	48    	0.362457 	0.179126	-0.0133333 	0.947832
638	48    	0.34056  	0.210805	-0.0166667 	0.947832
639	48    	0.389857 	0.210367	-0.0171428 	0.947832
640	49    	0.385782 	0.210471	-0.0133333 	0.947832
641	46    	0.453084 	0.243962	-0.0150001 	0.924975
642	45    	0.400529 	0.238479	-0.0166652 	0.922801
643	47    	0.381678 	0.205359	0.100183   	0.860556
644	45    	0.332337 	0.211833	-0.0133333 	0.810487
645	50    	0.38888  	0.192391	-0.0171429 	0.770346
646	50    	0.369745 	0.194314	-0.0171428 	0.85866 
647	47    	0.389554 	0.205469	-0.0133333 	0.851803
648	44    	0.412521 	0.235119	-0.0171427 	0.868554
649	47    	0.422459 	0.235559	0.0750842  	1.05793 
650	44    	0.387423 	0.264102	-0.02      	1.05793 
651	46    	0.466991 	0.298082	-0.02      	1.05793 
652	43    	0.452862 	0.318389	-0.0159976 	1.05793 
653	46    	0.434096 	0.32038 	0.0665047  	1.05793 
654	45    	0.467218 	0.337782	0.0751235  	1.05793 
655	49    	0.312121 	0.249874	-0.0171429 	1.05033 
656	45    	0.394063 	0.256495	-0.015     	1.05033 
657	49    	0.302894 	0.208613	-0.02      	1.05033 
658	47    	0.380637 	0.220258	-0.0133333 	1.05033 
659	45    	0.418225 	0.241896	0.107101   	0.981125
660	44    	0.363174 	0.236093	-0.0133333 	0.981125
661	45    	0.422978 	0.268219	-0.0166652 	0.981125
662	44    	0.449683 	0.255381	-0.0159977 	0.981125
663	48    	0.371969 	0.215739	-0.0159977 	0.981125
664	45    	0.387126 	0.189395	0.081875   	0.809705
665	43    	0.396826 	0.226746	-0.0175    	0.809705
666	47    	0.405451 	0.222453	-0.0133337 	0.903957
667	45    	0.459673 	0.218023	0.0831598  	0.842122
668	46    	0.42911  	0.237261	0.119152   	0.976969
669	47    	0.434966 	0.252902	0.0649931  	0.976969
670	47    	0.433487 	0.278155	-0.0181818 	0.977785
671	45    	0.461688 	0.278263	-0.0160002 	0.977785
672	47    	0.474379 	0.25627 	0.134169   	0.977785
673	45    	0.44009  	0.286236	0.0727313  	0.977785
674	46    	0.466884 	0.290118	-0.0177778 	0.976969
675	48    	0.404693 	0.23034 	0.134481   	0.910674
676	42    	0.482848 	0.267238	-0.015     	0.936109
677	45    	0.442052 	0.295333	-0.0171428 	0.936109
678	45    	0.429182 	0.275189	-0.0160001 	0.974696
679	43    	0.493855 	0.303575	0.149961   	0.974696
680	46    	0.398755 	0.274807	-0.0166666 	0.911638
681	49    	0.409173 	0.248474	0.0666539  	0.983315
682	48    	0.427771 	0.245876	0.0847046  	0.975161
683	44    	0.433914 	0.255228	0.124854   	0.891063
684	46    	0.418187 	0.273547	0.0666375  	0.988965
685	48    	0.385236 	0.271688	-0.0166667 	0.988965
686	48    	0.405278 	0.27697 	-0.02      	0.988965
687	47    	0.393281 	0.26466 	-0.0175    	0.909919
688	43    	0.436713 	0.273106	-0.0150001 	0.909919
689	47    	0.428848 	0.281094	-0.0171429 	0.912309
690	46    	0.399698 	0.268232	0.0854818  	0.979206
691	45    	0.412347 	0.251522	-0.0171428 	0.849725
692	47    	0.481294 	0.250443	-0.0171428 	0.849725
693	48    	0.390361 	0.243308	0.066665   	0.870443
694	46    	0.474582 	0.22876 	0.0751609  	0.870443
695	45    	0.511192 	0.273552	0.0953934  	0.915681
696	49    	0.420357 	0.262891	-0.015     	0.908699
697	48    	0.432991 	0.263832	-0.015     	0.987808
698	48    	0.448759 	0.24321 	0.0853378  	0.966419
699	46    	0.437415 	0.242799	-0.0159997 	0.911715
700	45    	0.453939 	0.256565	0.0382865  	0.911715
701	45    	0.472395 	0.250196	-0.02      	0.911715
702	47    	0.461005 	0.241964	0.126479   	0.971789
703	47    	0.418065 	0.207505	0.151558   	0.971789
704	47    	0.375245 	0.194574	-0.0166667 	0.954836
705	47    	0.415692 	0.183524	0.116718   	0.791802
706	48    	0.370159 	0.182418	-0.02      	0.791802
707	44    	0.440961 	0.184496	0.0750518  	0.791802
708	46    	0.365212 	0.268412	-1         	0.791802
709	46    	0.413006 	0.257132	-1         	0.713967
710	47    	0.38959  	0.179216	-0.02      	0.735106
711	49    	0.402503 	0.171169	0.0998832  	0.735106
712	48    	0.399525 	0.178838	0.138013   	0.767948
713	47    	0.353946 	0.252289	-1         	0.758868
714	48    	0.406017 	0.16905 	0.148066   	0.817856
715	42    	0.399221 	0.328752	-1         	0.817856
716	44    	0.474437 	0.196339	0.158658   	0.910819
717	44    	0.483423 	0.243611	0.0890386  	1.0171  
718	48    	0.507281 	0.250292	-0.016     	1.0171  
719	48    	0.422319 	0.304165	-1         	1.0171  
720	45    	0.521741 	0.207121	0.142097   	0.88978 
721	46    	0.421499 	0.233738	-0.0166667 	0.912454
722	48    	0.500696 	0.240281	0.0808788  	0.912454
723	47    	0.464242 	0.336771	-1         	1.04788 
724	48    	0.494852 	0.281384	-0.0177777 	1.04659 
725	46    	0.537663 	0.274818	-0.0159942 	1.04629 
726	47    	0.566338 	0.264631	0.150389   	1.04629 
727	47    	0.489467 	0.280005	-0.0133332 	1.04629 
728	48    	0.468504 	0.270921	-0.018     	1.04629 
729	48    	0.452599 	0.221488	0.127214   	1.04629 
730	43    	0.507459 	0.259232	0.115909   	1.04629 
731	46    	0.445028 	0.339657	-1         	1.04629 
732	44    	0.472189 	0.277997	0.0537586  	1.04295 
733	45    	0.519525 	0.263394	0.144795   	1.04295 
734	47    	0.51479  	0.297056	-0.0175    	1.04295 
735	49    	0.463263 	0.257946	0.146766   	1.04295 
736	45    	0.529819 	0.286944	0.0958185  	1.04295 
737	43    	0.540858 	0.289629	0.129654   	1.04295 
738	46    	0.433711 	0.279399	-0.015     	1.0502  
739	47    	0.5396   	0.279717	-0.01      	1.0502  
740	43    	0.537594 	0.302276	-0.0133333 	1.0502  
741	45    	0.461622 	0.290711	-0.0150001 	1.0502  
742	48    	0.414737 	0.230076	-0.0133332 	0.971781
743	48    	0.428596 	0.229173	0.115515   	0.971781
744	47    	0.441324 	0.207515	0.0858405  	0.971781
745	46    	0.505871 	0.220515	-0.0159995 	0.976002
746	46    	0.453586 	0.242799	-0.02      	1.04866 
747	48    	0.439775 	0.322998	-1         	0.909085
748	45    	0.504669 	0.223607	0.133542   	0.909085
749	45    	0.483295 	0.311114	-1         	0.909085
750	47    	0.428786 	0.216169	0.0741985  	0.909085
751	46    	0.49512  	0.204627	0.147385   	0.909085
752	48    	0.458687 	0.242896	-0.0159963 	0.909792
753	44    	0.508782 	0.230534	-0.01      	0.908665
754	47    	0.488287 	0.214758	0.126744   	0.906898
755	48    	0.519656 	0.221723	0.0758407  	0.906898
756	45    	0.532898 	0.245241	0.140542   	0.94502 
757	44    	0.512908 	0.25587 	-0.0171381 	0.94502 
758	47    	0.520008 	0.254713	0.129303   	0.985903
759	44    	0.510125 	0.292403	-0.0175    	1.04422 
760	47    	0.501969 	0.281308	0.151983   	1.04422 
761	45    	0.454876 	0.278559	0.0926335  	1.04422 
762	44    	0.485048 	0.277075	0.175871   	1.04422 
763	46    	0.413186 	0.261246	0.108116   	1.04474 
764	46    	0.451034 	0.286951	-0.02      	1.04474 
765	47    	0.401486 	0.277883	0.0919609  	1.04474 
766	41    	0.504356 	0.299201	0.104539   	1.04474 
767	46    	0.479929 	0.258014	-0.0160001 	1.04474 
768	46    	0.460328 	0.264652	-0.0133332 	1.04474 
769	48    	0.386952 	0.378475	-1         	0.977163
770	43    	0.484612 	0.276153	0.0916959  	0.977163
771	47    	0.478287 	0.26671 	0.120935   	0.975948
772	48    	0.467767 	0.236973	0.114519   	0.977163
773	47    	0.430156 	0.268867	-0.0177778 	0.979131
774	47    	0.444594 	0.264204	0.12814    	0.979131
775	47    	0.456065 	0.243138	-0.016     	0.979131
776	48    	0.448595 	0.325703	-1         	0.97413 
777	47    	0.402475 	0.250286	-0.018     	0.981536
778	44    	0.433406 	0.336849	-1         	0.981536
779	47    	0.427708 	0.246189	-0.0166665 	0.980276
780	45    	0.451998 	0.269067	-0.0133337 	1.04114 
781	49    	0.405207 	0.273579	-0.0171428 	0.981282
782	48    	0.474214 	0.319086	-1         	1.02731 
783	48    	0.44334  	0.237629	0.0674565  	1.02731 
784	47    	0.439532 	0.267325	-0.015     	1.0448  
785	48    	0.399402 	0.230076	-0.0133333 	1.0448  
786	45    	0.388235 	0.382775	-1         	1.0448  
787	45    	0.520776 	0.281955	0.150446   	1.0448  
788	47    	0.463041 	0.264032	0.0826462  	1.0448  
789	45    	0.398196 	0.388435	-1         	1.042   
790	47    	0.499893 	0.346134	-1         	1.10202 
791	46    	0.52358  	0.358589	-1         	1.10202 
792	40    	0.544556 	0.292007	-0.0174916 	1.10202 
793	45    	0.51929  	0.275102	-0.016     	1.04987 
794	48    	0.469924 	0.260435	-0.0166666 	0.922422
795	46    	0.443945 	0.244807	0.127066   	0.922422
796	47    	0.519063 	0.233202	0.106148   	0.922422
797	47    	0.414767 	0.331572	-1         	0.979943
798	50    	0.451578 	0.308651	-1         	1.04803 
799	49    	0.392269 	0.30772 	-1         	0.968407
800	47    	0.493813 	0.238893	0.0752516  	0.971807
801	47    	0.534767 	0.244048	0.0964004  	0.971807
802	47    	0.463904 	0.239412	0.121306   	0.971807
803	48    	0.49245  	0.256935	0.144937   	1.11826 
804	49    	0.468193 	0.342063	-1         	1.11826 
805	47    	0.448749 	0.343785	-1         	1.11137 
806	46    	0.457673 	0.335251	-1         	1.05476 
807	48    	0.355589 	0.304133	-1         	1.00806 
808	44    	0.494213 	0.263221	0.116229   	0.978827
809	43    	0.501035 	0.411651	-1         	1.04875 
810	47    	0.46942  	0.355442	-1         	1.03934 
811	47    	0.511608 	0.282406	-0.0166667 	1.03934 
812	45    	0.528745 	0.281573	0.0865262  	1.03934 
813	46    	0.49372  	0.260663	0.129015   	0.990126
814	48    	0.435478 	0.245518	-0.0133334 	0.914959
815	44    	0.531593 	0.256213	-0.0150003 	0.977958
816	45    	0.520248 	0.24851 	0.103236   	0.974219
817	47    	0.440298 	0.276869	-0.02      	1.07006 
818	43    	0.492441 	0.329052	-0.0177778 	0.991545
819	44    	0.457613 	0.281631	0.0822099  	1.05079 
820	45    	0.438937 	0.332553	-1         	0.991545
821	48    	0.443175 	0.246982	0.116711   	1.0568  
822	50    	0.32722  	0.328939	-1         	0.805131
823	45    	0.426214 	0.206884	0.0854415  	0.89588 
824	44    	0.463236 	0.212075	0.127913   	0.89588 
825	46    	0.443499 	0.236584	0.135392   	0.997743
826	44    	0.398824 	0.225002	0.105889   	0.908454
827	47    	0.358029 	0.305704	-1         	0.908454
828	45    	0.465534 	0.244303	0.138544   	0.990055
829	43    	0.450971 	0.276494	-0.0171429 	0.908454
830	48    	0.396276 	0.230955	0.138257   	0.908454
831	44    	0.402278 	0.208667	0.118194   	0.871169
832	49    	0.352704 	0.21484 	-0.0171411 	0.841037
833	47    	0.389531 	0.209302	-0.016     	0.831276
834	45    	0.440255 	0.209524	0.137818   	0.883029
835	49    	0.438076 	0.236473	-0.016     	0.857803
836	44    	0.466417 	0.242961	0.0595647  	0.857803
837	46    	0.355296 	0.266822	-0.0171429 	0.87326 
838	47    	0.400931 	0.272331	0.0730139  	0.87326 
839	49    	0.348751 	0.218075	-0.01      	0.945849
840	44    	0.440383 	0.261431	-0.0160001 	0.945849
841	47    	0.377205 	0.257491	-0.0150001 	0.916482
842	41    	0.507413 	0.30857 	-0.0166666 	0.976458
843	45    	0.465656 	0.297744	-0.02      	0.998498
844	41    	0.486114 	0.348265	-0.02      	1.1613  
845	47    	0.519974 	0.300135	0.0969599  	1.1613  
846	48    	0.414853 	0.322484	-0.02      	1.1613  
847	46    	0.446168 	0.32277 	-0.0166652 	1.1613  
848	42    	0.461306 	0.336718	-0.0133334 	1.1613  
849	48    	0.320675 	0.257209	-0.015     	1.1613  
850	47    	0.449685 	0.284705	-0.0200001 	1.1613  
851	44    	0.49438  	0.318182	0.0460295  	1.1613  
852	45    	0.491546 	0.335275	-0.0166634 	1.1613  
853	49    	0.429674 	0.327453	-0.0133333 	1.1613  
854	48    	0.41856  	0.279317	0.0775964  	1.1613  
855	47    	0.467554 	0.288345	-0.015     	1.1613  
856	47    	0.362162 	0.229701	-0.0149999 	0.914073
857	49    	0.42283  	0.259973	-0.0177778 	1.06581 
858	40    	0.531457 	0.298047	0.111881   	1.06581 
859	46    	0.451319 	0.294962	-0.016     	1.06581 
860	48    	0.475924 	0.289616	-0.0171428 	0.981244
861	46    	0.482703 	0.295582	-0.016     	0.981244
862	47    	0.460603 	0.250813	-0.0133333 	0.979993
863	47    	0.468008 	0.259059	-0.02      	0.857545
864	43    	0.47288  	0.262216	0.08503    	0.915455
865	46    	0.477538 	0.273084	-0.0166666 	0.915455
866	45    	0.43206  	0.257438	0.0937142  	0.915455
867	47    	0.443424 	0.295666	-0.0166667 	0.915455
868	46    	0.438793 	0.273956	-0.0171429 	0.969744
869	44    	0.49103  	0.277315	-0.0166667 	0.969744
870	47    	0.424978 	0.269616	-0.0150001 	0.969744
871	45    	0.435367 	0.235029	0.12632    	0.969744
872	47    	0.468458 	0.295546	0.0502168  	1.02347 
873	48    	0.412262 	0.269696	-0.016     	0.969744
874	48    	0.432746 	0.253693	0.0794085  	0.972248
875	47    	0.518863 	0.288328	-0.02      	0.972248
876	49    	0.429795 	0.258842	0.0963405  	1.02927 
877	44    	0.451662 	0.283125	0.0796874  	1.02927 
878	47    	0.407104 	0.250992	-0.0166666 	0.9715  
879	42    	0.47236  	0.334623	-1         	1.01932 
880	43    	0.415344 	0.242125	0.120927   	0.9715  
881	46    	0.38527  	0.376712	-1         	0.921185
882	45    	0.430891 	0.423957	-1         	0.978624
883	44    	0.453961 	0.302387	-1         	0.978624
884	46    	0.346566 	0.463221	-1         	0.901929
885	43    	0.448122 	0.329061	-1         	0.931059
886	47    	0.295583 	0.400117	-1         	0.901929
887	48    	0.388177 	0.18555 	0.108923   	0.867614
888	46    	0.346803 	0.33348 	-1         	0.795666
889	47    	0.404456 	0.244664	-0.02      	0.905237
890	47    	0.378576 	0.237061	-0.0177778 	0.905237
891	44    	0.431847 	0.234656	0.0900466  	0.905237
892	47    	0.385101 	0.259212	-0.0166667 	0.907671
893	45    	0.426808 	0.243317	-0.0166667 	0.976004
894	48    	0.438251 	0.243081	0.0829125  	0.983594
895	45    	0.529393 	0.247805	0.0935868  	0.983594
896	48    	0.472893 	0.269552	-0.0166667 	1.12216 
897	45    	0.545684 	0.298437	0.0369319  	1.12744 
898	48    	0.503984 	0.338233	-0.016     	1.12744 
899	43    	0.556516 	0.3324  	-0.0150001 	1.12744 
900	44    	0.524574 	0.349301	-0.0171429 	1.12744 
901	47    	0.44858  	0.34035 	-0.0166666 	1.03523 
902	48    	0.483267 	0.295459	0.0684578  	1.03523 
903	47    	0.429918 	0.282691	0.0497523  	1.03523 
904	49    	0.382606 	0.288264	-0.016     	1.03361 
905	43    	0.504068 	0.294859	-0.0171429 	1.03361 
906	42    	0.504828 	0.292801	0.112868   	1.03361 
907	48    	0.474195 	0.251412	0.143196   	1.02914 
908	47    	0.441476 	0.262117	-0.0199999 	1.02914 
909	44    	0.418752 	0.251592	-0.016     	1.02914 
910	47    	0.440917 	0.276712	-0.016     	1.03717 
911	40    	0.509676 	0.28381 	0.0838908  	1.03717 
912	45    	0.468516 	0.292275	0.0939706  	1.03764 
913	46    	0.441112 	0.30796 	-0.0171428 	1.11886 
914	44    	0.536565 	0.271801	0.118358   	1.03717 
915	47    	0.445206 	0.250119	0.152739   	1.03717 
916	44    	0.452354 	0.269829	0.160511   	1.03717 
917	49    	0.461905 	0.227969	0.142815   	0.985256
918	49    	0.475234 	0.250721	-0.016     	1.03924 
919	47    	0.443761 	0.247762	0.11972    	1.03924 
920	42    	0.463003 	0.245902	0.111892   	0.954462
921	49    	0.357963 	0.28963 	-1         	0.988905
922	42    	0.475288 	0.222777	0.137453   	0.988905
923	46    	0.441285 	0.288389	-1         	0.841536
924	47    	0.41547  	0.347261	-1         	0.860596
925	46    	0.489489 	0.209816	0.122328   	0.860596
926	45    	0.486827 	0.238521	-0.0180001 	0.860596
927	48    	0.434823 	0.25583 	-0.0166667 	1.05313 
928	47    	0.469755 	0.266726	-0.016     	1.05313 
929	47    	0.427446 	0.273485	0.118962   	1.05313 
930	50    	0.451253 	0.272079	-0.01      	1.02122 
931	46    	0.477813 	0.269603	0.114465   	0.99686 
932	48    	0.358383 	0.233043	0.0569468  	0.986145
933	45    	0.41741  	0.251778	-0.0166666 	1.01659 
934	41    	0.477892 	0.290085	-0.0150003 	1.01659 
935	46    	0.431709 	0.266285	-0.016     	1.01659 
936	47    	0.44411  	0.262106	-0.0112807 	1.01659 
937	49    	0.472648 	0.290464	0.138453   	1.05686 
938	47    	0.417753 	0.23935 	0.0939256  	1.02013 
939	49    	0.373345 	0.22341 	-0.02      	0.861506
940	47    	0.392764 	0.232689	-0.0171428 	0.933036
941	49    	0.45243  	0.231847	0.0747058  	0.899836
942	46    	0.438485 	0.249944	-0.0160001 	0.899836
943	47    	0.425347 	0.244563	0.116313   	1.00887 
944	47    	0.409733 	0.259796	-0.0175    	1.00887 
945	49    	0.383657 	0.18976 	0.0905669  	0.930486
946	44    	0.370351 	0.291228	-1         	0.930486
947	44    	0.451835 	0.266703	-0.0177778 	1.00848 
948	48    	0.375502 	0.251553	-0.0175    	1.00848 
949	46    	0.420888 	0.251826	-0.016     	0.968451
950	45    	0.529583 	0.23258 	0.144476   	0.93122 
951	45    	0.461406 	0.275952	0.0906576  	0.930617
952	44    	0.456191 	0.259378	0.0836687  	0.93122 
953	48    	0.474413 	0.288359	-0.0166666 	0.976303
954	44    	0.474819 	0.290881	0.072213   	1.01514 
955	49    	0.409117 	0.263295	-0.016     	1.01336 
956	45    	0.412488 	0.279582	-0.0150001 	1.01336 
957	46    	0.405638 	0.275248	-0.015     	1.01336 
958	42    	0.478223 	0.302397	0.146373   	1.01336 
959	46    	0.46016  	0.305634	0.103559   	1.01336 
960	46    	0.419479 	0.289854	-0.0177778 	1.01336 
961	47    	0.45389  	0.28882 	-0.016     	1.00436 
962	46    	0.417727 	0.257686	0.126676   	1.01336 
963	47    	0.437318 	0.284074	0.0796195  	1.01283 
964	46    	0.447826 	0.279254	-0.0142228 	1.01283 
965	48    	0.414973 	0.249546	0.105918   	1.02217 
966	47    	0.461796 	0.248775	-0.0149999 	0.999832
967	45    	0.467417 	0.24325 	-0.0160001 	0.977268
968	49    	0.46137  	0.281716	-0.0150001 	1.06032 
969	44    	0.520395 	0.29701 	0.0785681  	1.06032 
970	45    	0.481387 	0.295872	-0.0150003 	1.06032 
971	45    	0.438397 	0.298242	0.12256    	1.06578 
972	48    	0.402012 	0.267114	0.0848672  	1.06578 
973	48    	0.386748 	0.264839	-0.0133333 	1.06032 
974	44    	0.438927 	0.261428	0.0856385  	0.999373
975	48    	0.482307 	0.271433	-0.0171428 	1.06578 
976	47    	0.451726 	0.254014	-0.0133333 	1.00955 
977	46    	0.437519 	0.275009	-0.016     	1.00955 
978	45    	0.411801 	0.264888	-0.0175    	0.988693
979	45    	0.42769  	0.284403	-0.0133334 	1.00408 
980	47    	0.392725 	0.259509	0.0843765  	1.00408 
981	47    	0.432861 	0.275555	-0.016     	1.00408 
982	45    	0.391506 	0.255772	-0.0133333 	0.984639
983	48    	0.404493 	0.205137	-0.0133332 	0.921462
984	44    	0.451857 	0.232781	0.142715   	0.921791
985	47    	0.471107 	0.245153	0.103925   	1.00804 
986	48    	0.400184 	0.2124  	0.0775777  	0.931889
987	46    	0.418639 	0.229597	0.128797   	0.971179
988	44    	0.448309 	0.236796	0.140225   	1.0182  
989	43    	0.440331 	0.266807	0.0809192  	1.0182  
990	44    	0.418572 	0.269788	0.101255   	1.0182  
991	45    	0.536482 	0.283451	-0.0149999 	1.0182  
992	45    	0.469641 	0.290949	-0.0166666 	1.01686 
993	48    	0.427313 	0.286582	-0.02      	1.09337 
994	50    	0.396841 	0.264648	0.0529493  	1.01686 
995	45    	0.427073 	0.261795	0.0758246  	1.06225 
996	42    	0.522289 	0.307688	0.0862694  	1.01686 
997	46    	0.416558 	0.298559	0.0594525  	1.01842 
998	47    	0.363647 	0.249776	0.0750526  	1.01842 
999	46    	0.49337  	0.26299 	0.12314    	1.01686 
1000	47    	0.435994 	0.276654	0.0920602  	1.01979 
