Argument values: path=C:\Users\1625203\Downloads\Framsticks50rc22\Framsticks50rc22, lib=None, sim=eval-allcriteria.sim;deterministic.sim;sample-period-2.sim;f9-mut-005.sim, genformat=None, initialgenotype=/*9*/BLU, opt=vertpos, popsize=50, generations=1000, tournament=10, pmut=0.9, pxov=0.2, hof_size=1, hof_savefile=None, max_numparts=30, max_numjoints=None, max_numneurons=None, max_numconnections=None, max_numgenochars=50
Using Framsticks version: 5.0rc22
Home (writable) dir     : C:\Users\1625203\Downloads\Framsticks50rc22\Framsticks50rc22\data
Resources dir           : C:\Users\1625203\Downloads\Framsticks50rc22\Framsticks50rc22\data

Available objects: ['CheckpointEvent', 'Collision', 'CrCollision', 'Creature', 'CreatureSettings', 'CreatureSignals', 'CreatureSnapshot', 'Dictionary', 'ExpProperties', 'ExpState', 'ExtValue', 'File', 'FunctionReference', 'GenMan', 'GenManStats', 'GenePool', 'GenePools', 'Geno', 'Genotype', 'Interface', 'Joint', 'Loader', 'Math', 'MechJoint', 'MechPart', 'MessageCatcher', 'Model', 'ModelGeometry', 'ModelSymmetry', 'Neuro', 'NeuroClass', 'NeuroClassLibrary', 'NeuroDef', 'NeuroSignals', 'NeuronsSimEnabled', 'ODE', 'Orient', 'Part', 'Population', 'Populations', 'Ref', 'Signal', 'SignalView', 'SimilMeasure', 'SimilMeasureDistribution', 'SimilMeasureGreedy', 'SimilMeasureHungarian', 'Simulator', 'SlaveSimulators', 'StopEvent', 'String', 'UserScripts', 'Vector', 'WireframeAppearance', 'World', 'WorldMap', 'WorldSignals', 'XYZ', '__builtins__', '__cached__', '__doc__', '__file__', '__loader__', '__name__', '__package__', '__spec__', 'c_api', 'ctypes', 'home_dir', 'init', 'os', 're', 'res_dir', 'sim_params', 'stats', 'sys']

Performing a basic test 1/2... OK.
Performing a basic test 2/2... OK.
Using settings: ['eval-allcriteria.sim', 'deterministic.sim', 'sample-period-2.sim', 'f9-mut-005.sim']
gen	nevals	avg     	stddev	min     	max     
0  	50    	0.218369	0     	0.218369	0.218369
1  	44    	0.0706312	0.10565	-0.016  	0.306831
2  	46    	0.0859887	0.11698	-0.02   	0.306831
3  	46    	0.149562 	0.138097	-0.0166667	0.514537
4  	46    	0.197819 	0.162149	-0.0166666	0.652763
5  	44    	0.201366 	0.150921	-0.0160001	0.514537
6  	43    	0.222024 	0.167772	-0.02     	0.525711
7  	47    	0.186373 	0.19776 	-0.0200001	0.812977
8  	45    	0.231712 	0.211971	-0.0171429	0.812977
9  	47    	0.275101 	0.206784	-0.02     	0.812977
10 	41    	0.318408 	0.256966	-0.0166667	0.812977
11 	47    	0.313485 	0.268881	-0.0166667	0.812977
12 	44    	0.29804  	0.285684	-0.0171429	0.812977
13 	43    	0.318475 	0.291703	-0.0171429	0.819403
14 	46    	0.370788 	0.275431	-0.0166667	0.812977
15 	45    	0.332642 	0.267503	-0.0171429	0.812977
16 	48    	0.272956 	0.254149	-0.0175   	0.812825
17 	45    	0.258629 	0.224768	-0.0174999	0.812308
18 	47    	0.249863 	0.197089	-0.0166667	0.727759
19 	44    	0.322916 	0.196054	-0.0166667	0.720485
20 	45    	0.367512 	0.207298	-0.0174999	0.720485
21 	43    	0.438977 	0.233152	-0.0166667	0.76515 
22 	47    	0.407536 	0.24929 	-0.018    	0.771156
23 	48    	0.36458  	0.233678	-0.0175   	0.801076
24 	45    	0.413119 	0.237602	-0.0166667	0.900641
25 	43    	0.486812 	0.264047	0.0626632 	0.900641
26 	49    	0.459712 	0.274346	-0.0150001	0.900641
27 	48    	0.328467 	0.272111	-0.0171429	0.899436
28 	45    	0.40568  	0.268225	-0.0177779	0.899436
29 	47    	0.419265 	0.236025	-0.018    	0.899436
30 	48    	0.373229 	0.214239	0.0661946 	0.748138
31 	48    	0.353339 	0.224674	-0.0175   	0.730155
32 	48    	0.438526 	0.199594	0.0662259 	0.837304
33 	45    	0.440697 	0.247871	-0.015    	1.01934 
34 	47    	0.34602  	0.258693	-0.0177778	0.980063
35 	41    	0.443161 	0.270883	-0.0166666	0.980063
36 	46    	0.39997  	0.278484	-0.0177778	0.901455
37 	47    	0.407971 	0.286677	-0.0150001	0.901455
38 	45    	0.494109 	0.270462	0.0732721 	0.843758
39 	46    	0.530806 	0.2845  	-0.02     	0.901455
40 	45    	0.426372 	0.290635	0.0664897 	0.901455
41 	43    	0.461371 	0.276198	0.0776134 	0.92135 
42 	44    	0.517289 	0.296048	0.066507  	0.92135 
43 	45    	0.493304 	0.289722	-0.0199999	0.923825
44 	43    	0.448829 	0.268887	0.0697602 	0.923825
45 	44    	0.434155 	0.310394	-0.0166666	0.901817
46 	47    	0.36357  	0.293319	-0.0177778	0.92135 
47 	48    	0.431819 	0.274475	-0.018    	0.923941
48 	44    	0.448599 	0.263546	-0.018    	0.923941
49 	50    	0.37579  	0.246669	-0.0171428	0.976902
50 	48    	0.43986  	0.258729	-0.0175   	0.92135 
51 	46    	0.420019 	0.241332	-0.0133333	0.976902
52 	46    	0.483666 	0.259165	0.116588  	0.92135 
53 	41    	0.480538 	0.286499	-0.016    	0.92135 
54 	47    	0.432983 	0.287493	-0.01     	1.01934 
55 	44    	0.405426 	0.272957	-0.0166666	0.980063
56 	44    	0.509799 	0.293195	-0.01     	0.980063
57 	46    	0.508604 	0.293032	-0.0166666	0.980063
58 	44    	0.481108 	0.299105	-0.0181818	0.970345
59 	48    	0.498716 	0.287179	0.0952964 	0.903113
60 	46    	0.468095 	0.32    	-0.0133334	1.0774  
61 	48    	0.470864 	0.327705	-0.0160001	1.12503 
62 	46    	0.452453 	0.318341	-0.016    	1.03154 
63 	46    	0.445883 	0.309002	0.0410047 	1.12503 
64 	45    	0.499411 	0.347037	-0.02     	1.12503 
65 	47    	0.438728 	0.299389	0.0834803 	1.0774  
66 	41    	0.555458 	0.335669	0.12858   	1.13186 
67 	44    	0.498891 	0.361023	0.0990606 	1.12503 
68 	44    	0.443525 	0.329326	-0.01     	1.12503 
69 	46    	0.410101 	0.324659	0.116102  	1.13186 
70 	45    	0.433399 	0.347409	0.0781418 	1.13186 
71 	46    	0.419508 	0.36457 	-0.015    	1.13186 
72 	46    	0.50281  	0.32165 	0.108838  	0.990728
73 	49    	0.385145 	0.30508 	-0.0166594	0.997017
74 	47    	0.435424 	0.273712	-0.016    	0.980535
75 	48    	0.428743 	0.26303 	0.0735867 	0.994844
76 	46    	0.481843 	0.262369	0.127408  	0.994844
77 	41    	0.537408 	0.298107	-0.0166667	0.994844
78 	46    	0.491321 	0.320468	-0.015    	1.16106 
79 	47    	0.517691 	0.27776 	0.0739495 	1.0374  
80 	45    	0.38519  	0.258565	-0.0174999	0.98373 
81 	46    	0.445929 	0.293518	-0.0175   	0.98373 
82 	44    	0.498186 	0.324689	-0.016    	1.12468 
83 	49    	0.477906 	0.318512	-0.0171428	1.079   
84 	43    	0.442132 	0.346609	-0.0166589	1.16106 
85 	50    	0.35506  	0.256423	-0.016    	1.05584 
86 	44    	0.440966 	0.269187	0.106129  	1.05584 
87 	43    	0.468036 	0.296599	-0.0181818	1.05584 
88 	44    	0.480281 	0.33018 	-0.0166592	1.05584 
89 	45    	0.49969  	0.317243	0.0538644 	1.11566 
90 	46    	0.503774 	0.336633	-0.0175   	1.11566 
91 	48    	0.459457 	0.309786	-0.02     	1.12468 
92 	45    	0.392436 	0.314903	-0.0199999	1.12468 
93 	43    	0.41761  	0.315427	0.116898  	1.12468 
94 	48    	0.376878 	0.301645	0.0553246 	1.12468 
95 	48    	0.507688 	0.333186	-0.016    	1.12468 
96 	43    	0.474582 	0.343142	-0.0171429	1.12468 
97 	46    	0.49056  	0.338397	-0.0166667	1.12468 
98 	47    	0.444103 	0.33384 	-0.018    	1.12468 
99 	48    	0.443793 	0.290609	-0.016    	0.98714 
100	47    	0.448067 	0.331353	-0.0171429	1.12288 
101	43    	0.599063 	0.340942	-0.0166667	1.12288 
102	44    	0.503323 	0.356361	-0.0175   	1.12288 
103	43    	0.550006 	0.358792	-0.0171429	1.12288 
104	46    	0.534919 	0.315786	0.0921399 	1.12288 
105	46    	0.568445 	0.312849	-0.0175   	1.06941 
106	48    	0.501268 	0.32686 	0.112145  	1.05696 
107	47    	0.429523 	0.310777	-0.016657 	1.05373 
108	47    	0.524158 	0.293607	0.102086  	1.13794 
109	42    	0.491789 	0.327833	0.0943129 	1.13794 
110	47    	0.420212 	0.320023	-0.015    	1.13794 
111	43    	0.505008 	0.320333	0.111348  	1.07027 
112	44    	0.572808 	0.323698	0.0828574 	1.07027 
113	46    	0.5402   	0.293541	0.14742   	1.06872 
114	46    	0.537668 	0.307001	-0.016    	1.06872 
115	47    	0.544952 	0.305453	-0.0150001	1.0699  
116	43    	0.451689 	0.327957	-0.0171429	1.0699  
117	42    	0.543596 	0.33442 	-0.0175   	1.0699  
118	44    	0.416946 	0.318177	0.102818  	1.0699  
119	46    	0.361137 	0.309245	-0.02     	1.0699  
120	43    	0.607632 	0.341489	0.0749164 	1.07341 
121	45    	0.524861 	0.35372 	0.0288874 	1.14376 
122	44    	0.490738 	0.350416	-0.0175   	1.0699  
123	48    	0.483499 	0.320357	-0.0180001	1.0699  
124	45    	0.478293 	0.33091 	-0.0175   	1.0699  
125	47    	0.471923 	0.322066	-0.0159966	1.0699  
126	48    	0.417657 	0.279037	-0.0133333	1.03368 
127	43    	0.522862 	0.315466	-0.0175   	1.00734 
128	45    	0.496728 	0.313216	-0.0149999	1.0699  
129	48    	0.415724 	0.292979	-0.02     	0.999708
130	45    	0.421622 	0.263854	-0.0171429	0.999708
131	43    	0.458725 	0.290686	-0.0160001	0.999708
132	45    	0.532137 	0.285322	0.109095  	0.999761
133	49    	0.46906  	0.279438	-0.0133333	0.999708
134	43    	0.492526 	0.355298	-1        	0.999708
135	43    	0.486749 	0.295933	0.158656  	0.999708
136	44    	0.502798 	0.31407 	0.123856  	1.07597 
137	47    	0.412269 	0.268246	-0.0159963	0.999708
138	47    	0.495386 	0.260633	0.176435  	0.999708
139	48    	0.534978 	0.269061	0.185618  	1.07339 
140	46    	0.491106 	0.327584	-0.0174954	1.07339 
141	47    	0.507585 	0.331081	0.119996  	1.07409 
142	46    	0.517985 	0.316424	-0.015    	1.07409 
143	47    	0.556469 	0.303779	0.115987  	1.06301 
144	46    	0.536039 	0.309866	0.163683  	1.08992 
145	47    	0.422394 	0.289071	0.0802547 	1.08992 
146	48    	0.505944 	0.280648	0.116371  	1.09269 
147	45    	0.426285 	0.259463	0.0865268 	1.09269 
148	44    	0.437929 	0.278378	-0.0171411	1.09269 
149	45    	0.51816  	0.299848	0.159229  	1.09269 
150	47    	0.417275 	0.27716 	0.103444  	1.09269 
151	48    	0.301105 	0.178457	-0.0166667	0.8729  
152	44    	0.350496 	0.350666	-1        	0.8729  
153	45    	0.467518 	0.277006	-0.0166667	1.06354 
154	46    	0.429842 	0.30206 	-0.0171429	1.06354 
155	48    	0.429992 	0.291725	-0.0166667	0.969687
156	44    	0.547571 	0.298667	-0.015    	1.06354 
157	47    	0.466063 	0.348223	-0.0166665	1.06354 
158	44    	0.370713 	0.302038	-0.0171427	1.06354 
159	43    	0.51861  	0.329899	0.0723586 	1.07819 
160	48    	0.418014 	0.337124	-0.0166666	1.07819 
161	46    	0.545964 	0.331762	0.0852977 	1.07819 
162	46    	0.465038 	0.330894	-0.0159977	1.07819 
163	45    	0.452895 	0.340882	-0.0171429	1.07819 
164	45    	0.515426 	0.341646	0.0456721 	1.07819 
165	46    	0.400923 	0.317956	-0.0171428	1.07809 
166	44    	0.440929 	0.336878	-0.0175   	1.07809 
167	45    	0.484647 	0.334283	-0.0174999	1.07809 
168	45    	0.456958 	0.335274	-0.01     	1.07809 
169	45    	0.446789 	0.349932	0.0260884 	1.07809 
170	45    	0.435397 	0.355153	-0.0183333	1.15063 
171	47    	0.379216 	0.325701	-0.016    	1.14132 
172	47    	0.435939 	0.326055	0.129175  	1.15063 
173	46    	0.380789 	0.302029	-0.0166667	1.15063 
174	43    	0.493595 	0.333121	0.136297  	1.15063 
175	45    	0.434631 	0.331453	-0.015    	1.15063 
176	46    	0.420568 	0.307621	-0.0166665	1.15063 
177	47    	0.341476 	0.270829	-0.0166667	1.14919 
178	43    	0.44757  	0.326372	-0.0175   	1.07788 
179	45    	0.444828 	0.302789	0.0846061 	1.07813 
180	48    	0.482789 	0.314928	0.0848696 	1.08103 
181	46    	0.48259  	0.303948	0.0619655 	1.08103 
182	46    	0.412666 	0.286182	0.0590563 	1.08103 
183	42    	0.476215 	0.333167	0.117593  	1.14919 
184	49    	0.413051 	0.347389	-0.0174999	1.14919 
185	43    	0.478533 	0.358486	-0.0171428	1.14919 
186	47    	0.38772  	0.302434	0.052747  	1.14919 
187	44    	0.469528 	0.332869	-0.0160001	1.14919 
188	44    	0.521225 	0.343322	-0.0150002	1.14919 
189	50    	0.383894 	0.311209	-0.01714  	1.08103 
190	44    	0.487592 	0.301285	-0.0160001	1.08103 
191	45    	0.584259 	0.334779	-0.0171428	1.08103 
192	45    	0.42433  	0.336191	0.0661986 	1.08103 
193	45    	0.431677 	0.316191	-0.018    	1.08103 
194	44    	0.43864  	0.32468 	0.0724089 	1.08103 
195	48    	0.428658 	0.295863	-0.0133334	1.07544 
196	45    	0.4931   	0.308755	0.0990476 	1.07544 
197	46    	0.447222 	0.289967	0.0840059 	1.06484 
198	49    	0.407509 	0.266734	0.111246  	1.05969 
199	47    	0.486682 	0.296998	-0.015    	1.061   
200	44    	0.485012 	0.306681	-0.01     	1.061   
201	46    	0.467832 	0.289518	-0.0133333	1.05969 
202	45    	0.529252 	0.325092	-0.0159976	1.06484 
203	44    	0.467301 	0.290698	0.133787  	1.06484 
204	47    	0.335464 	0.281875	-0.0199999	1.05969 
205	46    	0.422921 	0.23833 	0.125359  	0.990193
206	46    	0.420496 	0.231812	-0.0133333	0.981426
207	46    	0.414999 	0.245911	-0.0171428	0.990193
208	47    	0.459885 	0.267669	-0.0177778	1.06484 
209	49    	0.435702 	0.268883	-0.0133334	1.14919 
210	47    	0.428393 	0.264163	-0.02     	0.974767
211	47    	0.419775 	0.212642	0.0729106 	0.848034
212	49    	0.403699 	0.237043	-0.02     	0.848034
213	47    	0.440347 	0.254631	-0.0166666	0.921578
214	48    	0.452888 	0.268349	-0.0175   	0.964425
215	46    	0.437237 	0.264676	-0.0160001	0.980508
216	44    	0.515017 	0.301118	0.11351   	1.05355 
217	47    	0.43113  	0.306516	-0.0175   	1.05355 
218	45    	0.50414  	0.306352	0.0986878 	0.997457
219	47    	0.452772 	0.254348	-0.0228571	0.927112
220	45    	0.446932 	0.269254	-0.01     	0.927112
221	45    	0.464197 	0.286913	0.066393  	0.964786
222	47    	0.431906 	0.251057	-0.0166637	0.964786
223	42    	0.445077 	0.281033	-0.0133333	0.964786
224	44    	0.50765  	0.281966	-0.0171428	1.05355 
225	47    	0.42053  	0.290429	-0.018    	1.05355 
226	46    	0.413957 	0.271801	-0.0175001	0.992245
227	47    	0.402039 	0.245028	0.112095  	0.992245
228	45    	0.452863 	0.236033	-0.0160001	0.927112
229	48    	0.38199  	0.290413	-0.0175   	1.0558  
230	46    	0.399983 	0.227298	0.101013  	0.927112
231	45    	0.450954 	0.257492	-0.0166667	0.927112
232	48    	0.382982 	0.215933	0.0991982 	0.871453
233	45    	0.459286 	0.222826	0.0726061 	0.89445 
234	47    	0.426035 	0.22334 	-0.0166667	0.89445 
235	44    	0.474783 	0.244819	0.0872025 	0.912639
236	46    	0.461032 	0.270766	-0.0181818	1.03737 
237	47    	0.483942 	0.29879 	-0.0133333	1.03737 
238	48    	0.455857 	0.262533	0.104977  	1.03737 
239	45    	0.399761 	0.2598  	-0.00884219	1.03737 
240	48    	0.410882 	0.256369	-0.0166652 	0.983074
241	49    	0.386577 	0.264434	-0.0133333 	0.980252
242	45    	0.466315 	0.261008	-0.0171393 	0.983074
243	47    	0.461928 	0.259363	-0.01      	0.966122
244	48    	0.459452 	0.245348	0.138329   	1.02461 
245	46    	0.470378 	0.253958	-0.0149999 	1.02519 
246	48    	0.477274 	0.253902	0.111681   	1.02519 
247	47    	0.460762 	0.245735	0.171978   	0.97626 
248	46    	0.448996 	0.322748	-1         	0.97626 
249	45    	0.519347 	0.255531	0.168268   	0.97626 
250	48    	0.423503 	0.231973	0.108652   	0.97626 
251	48    	0.374812 	0.381289	-1         	0.97626 
252	45    	0.454979 	0.245405	-0.0171428 	0.97626 
253	48    	0.434316 	0.209523	0.154371   	1.0096  
254	48    	0.454013 	0.242794	-0.0181819 	1.0096  
255	47    	0.479168 	0.231918	0.0877416  	0.952191
256	43    	0.462786 	0.325777	-1         	0.957591
257	43    	0.450727 	0.315578	-1         	0.957591
258	48    	0.466639 	0.226342	0.0701345  	0.962493
259	46    	0.512224 	0.21542 	0.201619   	0.939423
260	47    	0.516353 	0.245075	0.14569    	0.939423
261	43    	0.5015   	0.254315	0.164895   	0.939423
262	44    	0.519956 	0.257567	0.153416   	0.951105
263	47    	0.45622  	0.225864	0.176464   	0.990372
264	47    	0.421183 	0.298264	-1         	1.03617 
265	46    	0.538454 	0.262909	0.14322    	1.04629 
266	45    	0.52108  	0.273928	0.0905992  	1.04629 
267	47    	0.475618 	0.265633	0.208241   	1.04629 
268	44    	0.474047 	0.274673	0.132169   	0.994338
269	46    	0.470391 	0.256824	0.0986131  	0.943724
270	49    	0.501886 	0.266083	0.123797   	1.02645 
271	46    	0.527556 	0.26998 	0.147476   	1.02645 
272	48    	0.466237 	0.351686	-1         	1.00937 
273	45    	0.450428 	0.344672	-1         	1.00937 
274	46    	0.518546 	0.302481	-0.0133333 	1.00937 
275	42    	0.549773 	0.377356	-1         	1.02395 
276	45    	0.566094 	0.318522	-0.02      	1.16258 
277	46    	0.41849  	0.374697	-1         	1.02395 
278	48    	0.423038 	0.421979	-1         	1.01808 
279	47    	0.472226 	0.352044	-1         	0.979767
280	50    	0.373993 	0.316333	-1         	0.977259
281	48    	0.436928 	0.323724	-1         	0.977259
282	44    	0.49584  	0.244818	0.153562   	0.991582
283	46    	0.422917 	0.268813	-0.01      	0.977259
284	45    	0.438071 	0.266091	0.0749908  	0.977259
285	45    	0.470221 	0.292022	-0.02      	1.0079  
286	48    	0.395911 	0.331856	-1         	0.97916 
287	46    	0.410207 	0.353306	-1         	0.97916 
288	50    	0.447984 	0.26914 	-0.0175    	1.06457 
289	48    	0.395336 	0.33085 	-1         	1.02238 
290	46    	0.476262 	0.263945	0.131942   	1.02238 
291	47    	0.396177 	0.317623	-1         	1.02238 
292	50    	0.412988 	0.29041 	-1         	1.01341 
293	46    	0.507968 	0.232345	0.141558   	0.947076
294	47    	0.431907 	0.380462	-1         	0.947076
295	46    	0.466166 	0.232344	0.192315   	0.947076
296	46    	0.420796 	0.236337	0.0631756  	0.947076
297	45    	0.499811 	0.23753 	0.139756   	0.947076
298	49    	0.391268 	0.361207	-1         	0.866012
299	47    	0.471506 	0.207719	0.099653   	0.826839
300	48    	0.440751 	0.204213	-0.015     	0.80852 
301	45    	0.440707 	0.206235	-0.0133333 	0.842659
302	45    	0.440728 	0.233146	-0.0171428 	0.842659
303	48    	0.471099 	0.233311	-0.0171429 	0.790048
304	46    	0.480594 	0.221295	0.160237   	0.895777
305	45    	0.478776 	0.242619	0.134194   	0.898864
306	48    	0.424673 	0.238047	-0.02      	0.895777
307	49    	0.380233 	0.227386	-0.0160001 	0.895777
308	47    	0.500142 	0.212002	0.138462   	0.895777
309	44    	0.524896 	0.240069	0.0830429  	0.895777
310	47    	0.459879 	0.259553	-0.015     	0.881355
311	46    	0.487508 	0.214907	0.137298   	0.881355
312	46    	0.450606 	0.223638	0.0748534  	0.845579
313	42    	0.478514 	0.267671	-0.0160001 	0.904809
314	42    	0.485405 	0.2868  	-0.0160001 	0.904809
315	43    	0.491429 	0.294913	0.051282   	0.904809
316	46    	0.423809 	0.288064	-0.0175    	0.907252
317	46    	0.419961 	0.292007	-0.0175    	0.904809
318	48    	0.39659  	0.296808	-0.0171429 	0.908472
319	45    	0.426753 	0.277705	-0.0171428 	0.982268
320	44    	0.455382 	0.262323	-0.0181817 	0.905932
321	46    	0.466581 	0.265499	-0.015     	0.911048
322	39    	0.503796 	0.302093	-0.0171429 	0.911048
323	45    	0.42665  	0.296685	0.107079   	0.932188
324	40    	0.531167 	0.305858	0.086283   	0.932188
325	47    	0.402747 	0.286837	0.0679174  	0.932188
326	44    	0.502411 	0.289848	-0.0175    	0.932188
327	48    	0.459247 	0.263181	-0.0159999 	0.932188
328	42    	0.488486 	0.27457 	0.0747689  	0.932188
329	47    	0.429231 	0.281135	-0.0150001 	0.936487
330	45    	0.52125  	0.283811	0.111703   	0.950518
331	44    	0.503636 	0.298161	0.0950919  	0.986229
332	47    	0.422556 	0.248774	0.101785   	0.934644
333	46    	0.448335 	0.280737	-0.0174999 	0.934644
334	47    	0.485793 	0.284501	-0.016     	0.934644
335	44    	0.488551 	0.290442	-0.0175    	0.934644
336	46    	0.453194 	0.270468	0.0746649  	0.903385
337	47    	0.472275 	0.240641	0.121494   	0.978121
338	46    	0.417679 	0.230104	-0.0177778 	0.891202
339	47    	0.425218 	0.210984	0.0665054  	0.891202
340	48    	0.440334 	0.24983 	-0.0181819 	0.961586
341	45    	0.535244 	0.260947	0.116635   	0.961586
342	48    	0.449206 	0.27396 	-0.0159999 	0.934644
343	42    	0.535659 	0.275951	-0.0150002 	0.961586
344	47    	0.467335 	0.285624	0.0664997  	0.972605
345	47    	0.447069 	0.29866 	-0.012511  	0.972605
346	47    	0.433794 	0.285698	0.0593755  	1.06369 
347	40    	0.539406 	0.301208	0.150645   	1.06369 
348	40    	0.540922 	0.36697 	-0.01      	1.06369 
349	47    	0.330665 	0.272908	-0.0171429 	1.01476 
350	46    	0.432262 	0.252815	0.13611    	1.01476 
351	47    	0.333592 	0.223204	-0.0171415 	1.01476 
352	42    	0.488017 	0.23486 	0.115117   	1.01476 
353	43    	0.498929 	0.286803	0.113307   	1.06369 
354	46    	0.402318 	0.281469	-0.0175001 	1.06369 
355	47    	0.350028 	0.238849	-0.0174998 	1.06369 
356	44    	0.410618 	0.21509 	0.0672422  	0.903254
357	46    	0.454789 	0.26771 	-0.0166666 	0.903978
358	42    	0.513202 	0.300256	-0.0166667 	0.903978
359	45    	0.436451 	0.302268	0.0916237  	0.903978
360	46    	0.429247 	0.319651	0.0725807  	0.966767
361	50    	0.411452 	0.267197	0.0626413  	0.958565
362	46    	0.440059 	0.277181	0.0747545  	0.903978
363	47    	0.452977 	0.254259	-0.016     	0.879618
364	44    	0.470714 	0.25494 	0.0911403  	0.879618
365	45    	0.463752 	0.277635	-0.0171375 	0.900004
366	44    	0.507742 	0.270236	0.109157   	0.903978
367	42    	0.493075 	0.271098	0.0958988  	0.903978
368	46    	0.502209 	0.292399	0.0848251  	0.903978
369	48    	0.399621 	0.27304 	0.0848251  	0.978821
370	47    	0.45201  	0.294446	-0.0166667 	0.9079  
371	47    	0.453872 	0.295711	-0.015     	0.982206
372	43    	0.490944 	0.322111	-0.015     	0.986987
373	45    	0.531723 	0.328733	-0.0175    	1.01917 
374	47    	0.451215 	0.30939 	0.0830987  	1.06944 
375	46    	0.518716 	0.328329	0.0982776  	1.06944 
376	46    	0.504058 	0.343088	-0.0159892 	1.06973 
377	48    	0.413175 	0.318229	-0.0171323 	1.06973 
378	47    	0.470945 	0.332215	-0.0133333 	1.06973 
379	48    	0.423955 	0.299685	-0.0171429 	0.977738
380	42    	0.470525 	0.315254	-0.016     	0.971303
381	46    	0.42045  	0.27962 	0.0843026  	0.971303
382	45    	0.498933 	0.310998	-0.0160001 	0.971303
383	44    	0.527264 	0.310276	0.0843026  	0.971303
384	44    	0.522654 	0.34203 	-0.016     	1.06973 
385	47    	0.435891 	0.331952	-0.018     	1.06973 
386	48    	0.353648 	0.306662	-0.0175    	1.06973 
387	46    	0.469075 	0.301253	-0.015     	1.06973 
388	45    	0.444293 	0.351446	-0.0181818 	1.06973 
389	46    	0.445113 	0.335545	0.0356872  	1.06973 
390	43    	0.449943 	0.334785	0.0551758  	1.06973 
391	48    	0.45227  	0.326419	0.0599685  	1.06973 
392	48    	0.458102 	0.329007	-0.00884219	1.06973 
393	47    	0.523622 	0.320682	0.0672349  	1.07047 
394	43    	0.500025 	0.329772	0.0995409  	1.07047 
395	48    	0.421193 	0.310244	-0.0171428 	1.16129 
396	45    	0.430529 	0.313869	-0.016     	1.16129 
397	46    	0.491816 	0.307835	-0.0150001 	1.16129 
398	46    	0.452774 	0.331757	-0.0166667 	1.16129 
399	47    	0.344167 	0.326   	-0.0166666 	1.16129 
400	46    	0.47975  	0.367379	-0.016     	1.1613  
401	47    	0.311082 	0.31281 	-0.0175    	1.1613  
402	44    	0.425336 	0.329159	0.0536128  	1.1613  
403	44    	0.394682 	0.32546 	0.0660362  	1.1613  
404	47    	0.416714 	0.355087	0.059337   	1.1613  
405	48    	0.355913 	0.294425	-0.01      	1.16129 
406	47    	0.395414 	0.320195	-0.0160001 	0.98722 
407	49    	0.45561  	0.317446	-0.015     	1.1613  
408	44    	0.469678 	0.330848	-0.0150002 	1.1613  
409	47    	0.420881 	0.328482	-0.0150001 	1.1613  
410	48    	0.389032 	0.324678	-0.016     	1.1613  
411	48    	0.335175 	0.263644	-0.02      	0.992107
412	46    	0.513389 	0.299148	0.1064     	1.16634 
413	44    	0.519658 	0.454278	-1         	1.16634 
414	42    	0.55661  	0.372701	-0.0177777 	1.16634 
415	46    	0.48282  	0.387529	-1         	1.16092 
416	44    	0.482114 	0.345694	0.0998288  	1.17188 
417	41    	0.554924 	0.379864	0.0948225  	1.17188 
418	47    	0.481774 	0.32375 	0.0574291  	1.17188 
419	45    	0.544473 	0.334041	0.0827784  	1.17188 
420	47    	0.526288 	0.34383 	-0.016     	1.17188 
421	46    	0.537813 	0.333738	0.14309    	1.17188 
422	47    	0.606467 	0.341699	-0.0166667 	1.17188 
423	46    	0.552113 	0.357709	-0.017143  	1.17188 
424	44    	0.591767 	0.340359	0.09182    	1.18051 
425	46    	0.475896 	0.328169	-0.016     	1.17188 
426	44    	0.51175  	0.304818	-0.0171412 	1.17188 
427	47    	0.558723 	0.331215	0.0747349  	1.17188 
428	46    	0.399626 	0.312996	-0.018     	1.12371 
429	49    	0.450687 	0.288253	-0.016     	1.04786 
430	47    	0.462947 	0.28423 	-0.0199999 	1.04786 
431	44    	0.538799 	0.283129	-0.0166667 	1.04786 
432	45    	0.561295 	0.278629	0.151439   	1.04786 
433	48    	0.457762 	0.281744	0.0915864  	1.05381 
434	45    	0.555976 	0.304927	0.123377   	1.05381 
435	43    	0.567669 	0.316438	0.114288   	1.11796 
436	46    	0.45616  	0.297388	-0.018     	1.05381 
437	43    	0.52197  	0.329011	-0.02      	1.05381 
438	48    	0.446805 	0.318474	-0.0166666 	1.12371 
439	46    	0.556547 	0.356388	-0.0166667 	1.12371 
440	45    	0.549955 	0.351328	-0.02      	1.12448 
441	45    	0.466869 	0.321439	-0.018     	1.17873 
442	45    	0.57067  	0.335726	0.15984    	1.17873 
443	43    	0.549946 	0.364923	-0.0150002 	1.17873 
444	47    	0.402752 	0.309462	0.136201   	1.17873 
445	46    	0.487401 	0.335546	-0.0150001 	1.17873 
446	45    	0.462735 	0.317912	0.14211    	1.17873 
447	47    	0.461275 	0.290196	0.14683    	1.03494 
448	48    	0.451466 	0.266597	-0.02      	0.990445
449	44    	0.53864  	0.286311	0.0603029  	0.990445
450	45    	0.480926 	0.370818	-1         	1.01617 
451	47    	0.443708 	0.357159	-1         	0.983606
452	49    	0.433701 	0.242915	0.085945   	0.872334
453	46    	0.434859 	0.264211	-0.0180001 	0.940032
454	48    	0.374423 	0.470463	-1         	0.987996
455	44    	0.50344  	0.274135	-0.0175    	0.945339
456	45    	0.372682 	0.478237	-1         	1.00755 
457	44    	0.448466 	0.463126	-1         	0.968773
458	45    	0.404694 	0.570244	-1         	0.984286
459	44    	0.347614 	0.585933	-1         	1.01051 
460	50    	0.312177 	0.606666	-1         	0.930762
461	48    	0.221383 	0.612432	-1         	0.878533
462	47    	0.275932 	0.500846	-1         	1.04202 
463	45    	0.424262 	0.414716	-1         	1.04202 
464	47    	0.452954 	0.275636	-0.0177778 	1.04202 
465	46    	0.477291 	0.293828	-0.0171429 	1.04202 
466	45    	0.477878 	0.321746	0.0558021  	1.04202 
467	48    	0.423374 	0.375582	-1         	0.981728
468	47    	0.461131 	0.28131 	0.0599659  	0.981728
469	45    	0.464648 	0.308614	-0.0133333 	0.981728
470	48    	0.442369 	0.259574	0.0669361  	0.981728
471	45    	0.534624 	0.26094 	0.0942102  	0.981728
472	46    	0.482245 	0.290001	-0.016     	0.981728
473	49    	0.48571  	0.298179	-0.01      	0.981728
474	47    	0.440884 	0.274091	0.075238   	0.981728
475	46    	0.441392 	0.267864	-0.0179999 	0.906703
476	46    	0.462775 	0.268967	-0.0166667 	0.89751 
477	46    	0.477728 	0.218833	0.116673   	0.834437
478	47    	0.47003  	0.231762	-0.0166666 	0.829615
479	44    	0.503418 	0.2434  	-0.0150002 	0.888454
480	45    	0.451347 	0.241443	-0.0166587 	0.864945
481	45    	0.460172 	0.223849	0.124406   	0.864945
482	47    	0.475295 	0.237819	0.095813   	0.91889 
483	46    	0.467855 	0.256574	0.0797121  	0.91889 
484	47    	0.464979 	0.246571	0.150499   	0.911483
485	44    	0.465785 	0.23275 	0.0750742  	0.911483
486	47    	0.434267 	0.253549	-0.02      	0.911483
487	43    	0.466054 	0.232649	-0.015     	0.847967
488	45    	0.409958 	0.242238	-0.0159999 	0.862226
489	49    	0.50338  	0.240757	0.150254   	0.911483
490	45    	0.504273 	0.250297	0.117897   	0.909861
491	47    	0.440378 	0.246091	0.0533014  	0.964797
492	42    	0.506468 	0.257106	0.0962472  	0.976007
493	48    	0.43935  	0.240806	-0.016     	0.976007
494	47    	0.485954 	0.255515	0.0923524  	0.976007
495	45    	0.45097  	0.229428	0.128086   	0.976007
496	44    	0.451748 	0.276029	-0.0166665 	0.99283 
497	47    	0.489703 	0.264849	-0.0174999 	0.983512
498	44    	0.527965 	0.280351	0.0846732  	1.04051 
499	43    	0.551569 	0.280161	0.114342   	1.10976 
500	48    	0.388359 	0.385393	-1         	1.02629 
501	47    	0.465022 	0.354782	-1         	1.10301 
502	48    	0.4953   	0.288675	-0.0175    	1.10976 
503	50    	0.456883 	0.256797	0.14399    	1.04949 
504	45    	0.5036   	0.294078	-0.0166668 	1.10301 
505	46    	0.551971 	0.287605	0.0974759  	1.10301 
506	45    	0.4237   	0.314964	-0.0179999 	1.10301 
507	49    	0.414964 	0.289613	-0.0181804 	1.04787 
508	47    	0.501654 	0.313442	0.163733   	1.10301 
509	47    	0.518031 	0.323547	0.100767   	1.10301 
510	47    	0.477242 	0.382903	-1         	1.10301 
511	46    	0.503625 	0.337862	-0.0171429 	1.10301 
512	47    	0.469318 	0.312598	0.151599   	1.05416 
513	48    	0.496016 	0.369561	-1         	1.10101 
514	44    	0.398139 	0.465712	-1         	1.10101 
515	48    	0.544255 	0.297134	0.184583   	1.07522 
516	47    	0.565853 	0.306693	0.141696   	1.11305 
517	48    	0.568079 	0.292282	0.134452   	1.11305 
518	47    	0.529566 	0.309012	0.162574   	1.11305 
519	44    	0.547621 	0.319947	-0.0171415 	1.11305 
520	46    	0.533505 	0.345038	-0.02      	1.11305 
521	46    	0.40526  	0.509689	-1         	1.11305 
522	48    	0.440306 	0.353168	-1         	0.978561
523	44    	0.534416 	0.285232	0.181867   	0.978561
524	46    	0.536287 	0.254077	0.143501   	0.972658
525	50    	0.415245 	0.379415	-1         	0.931727
526	47    	0.448053 	0.418703	-1         	0.946388
527	47    	0.520226 	0.325473	-1         	1.01769 
528	46    	0.532529 	0.294075	0.129944   	1.06646 
529	44    	0.488361 	0.307593	-0.0174999 	1.06646 
530	47    	0.565523 	0.290552	0.0723885  	1.06646 
531	42    	0.575551 	0.325896	-0.01      	1.06646 
532	47    	0.493951 	0.317015	-0.015     	0.982894
533	47    	0.511275 	0.372819	-1         	1.02431 
534	45    	0.550615 	0.285354	0.106268   	0.971541
535	46    	0.521826 	0.281272	-0.015     	0.915268
536	44    	0.475745 	0.288893	-0.0177778 	0.912144
537	48    	0.521381 	0.274266	-0.0171429 	1.0521  
538	47    	0.476636 	0.315359	-0.0171429 	1.06543 
539	46    	0.515245 	0.317965	0.0730473  	1.06275 
540	47    	0.4728   	0.315336	-0.0175    	1.0521  
541	45    	0.485723 	0.31365 	0.126795   	1.0521  
542	43    	0.488815 	0.349707	-0.0166667 	1.0521  
543	45    	0.47442  	0.353112	-0.0166647 	1.0521  
544	43    	0.561423 	0.348504	-0.0166666 	1.0521  
545	49    	0.382104 	0.285641	-0.02      	1.0521  
546	47    	0.455403 	0.2753  	-0.016     	1.0521  
547	49    	0.383182 	0.265644	-0.0159963 	0.976949
548	44    	0.504339 	0.307416	0.123845   	1.0521  
549	48    	0.570135 	0.316068	-0.02      	0.9829  
550	45    	0.515524 	0.312795	0.118006   	1.04558 
551	48    	0.508933 	0.311354	-0.0171427 	1.10682 
552	48    	0.415346 	0.253581	0.111663   	0.9829  
553	47    	0.41141  	0.252733	0.136675   	1.03813 
554	46    	0.481181 	0.273408	-0.0166592 	0.9829  
555	49    	0.436472 	0.272307	-0.018     	0.966788
556	47    	0.468025 	0.279555	-0.0175    	0.974639
557	47    	0.562696 	0.271483	0.0986921  	0.974639
558	47    	0.433553 	0.28943 	-0.0166667 	0.974639
559	49    	0.42893  	0.25868 	-0.0171429 	0.966788
560	46    	0.440526 	0.247604	-0.015     	0.966788
561	47    	0.475679 	0.268824	-0.0159966 	0.974639
562	47    	0.430703 	0.250238	0.0750167  	0.895101
563	46    	0.410397 	0.250984	0.0776749  	0.966788
564	43    	0.490012 	0.273165	-0.0149999 	0.966788
565	45    	0.501785 	0.277166	0.0994312  	0.966788
566	47    	0.459488 	0.281243	-0.0166667 	0.974639
567	45    	0.444549 	0.273452	-0.0171428 	0.974639
568	47    	0.488369 	0.268979	-0.0133337 	0.974639
569	45    	0.488825 	0.316327	-0.0166577 	0.980847
570	45    	0.451718 	0.329684	-0.0166652 	0.980847
571	45    	0.443036 	0.301135	-0.0166667 	0.980847
572	41    	0.569647 	0.282001	0.0746271  	0.980847
573	48    	0.464678 	0.277847	0.102434   	0.980847
574	41    	0.506638 	0.28931 	0.141743   	0.980847
575	43    	0.526219 	0.309429	0.0980768  	1.04126 
576	46    	0.46648  	0.302499	-0.0159999 	1.04126 
577	47    	0.439597 	0.313759	-0.0133333 	1.01777 
578	46    	0.409589 	0.28092 	-0.0175    	0.980847
579	44    	0.527649 	0.309575	-0.0133333 	1.04126 
580	46    	0.427489 	0.276533	0.125399   	1.04126 
581	46    	0.36536  	0.246059	0.111393   	1.04126 
582	43    	0.472981 	0.263972	-0.016     	1.04126 
583	45    	0.436194 	0.299672	-0.0133333 	1.04126 
584	49    	0.407584 	0.265197	-0.016     	1.02216 
585	47    	0.432428 	0.218151	-0.0166667 	0.908233
586	48    	0.467456 	0.272006	-0.0171429 	0.98344 
587	46    	0.440655 	0.285101	-0.0175    	0.877676
588	48    	0.400939 	0.230634	-0.0133333 	0.805522
589	42    	0.47477  	0.25012 	-0.0171429 	0.833281
590	49    	0.428685 	0.241016	-0.0171429 	0.864581
591	46    	0.437488 	0.239375	0.141564   	0.943783
592	47    	0.419199 	0.267401	0.0664055  	0.918281
593	46    	0.49275  	0.266129	0.0844121  	0.918281
594	46    	0.488542 	0.271459	-0.016     	0.918281
595	48    	0.354873 	0.211721	0.0927406  	0.864581
596	47    	0.436674 	0.248005	-0.016     	0.864043
597	46    	0.450615 	0.255303	-0.0166667 	0.861303
598	45    	0.440151 	0.254589	-0.0133337 	0.861422
599	45    	0.431908 	0.238355	0.0856667  	0.861303
600	47    	0.452196 	0.251925	0.123871   	1.00102 
601	44    	0.41825  	0.247075	-0.015     	1.00102 
602	46    	0.455652 	0.288802	-0.0160001 	0.907724
603	46    	0.491955 	0.28189 	0.099968   	1.00616 
604	45    	0.4131   	0.257227	0.0809585  	1.01672 
605	45    	0.497367 	0.267023	0.133299   	0.918988
606	47    	0.433373 	0.248291	-0.015     	0.920148
607	45    	0.466869 	0.246662	-0.0159976 	0.920148
608	45    	0.430664 	0.246427	0.149208   	0.920148
609	48    	0.429355 	0.249835	-0.0166667 	0.997751
610	48    	0.409012 	0.236744	0.145269   	0.918988
611	46    	0.446083 	0.243494	-0.016     	1.01503 
612	48    	0.349358 	0.231733	-0.0160001 	0.997751
613	45    	0.434063 	0.278784	-0.0171429 	1.01636 
614	44    	0.447183 	0.307247	-0.0175    	1.01674 
615	48    	0.455516 	0.279362	0.066789   	1.01674 
616	44    	0.450389 	0.304356	-0.016     	1.01674 
617	43    	0.456811 	0.318232	0.0748184  	1.01674 
618	47    	0.482086 	0.309797	-0.015     	1.01674 
619	42    	0.440106 	0.329571	0.104224   	1.01674 
620	49    	0.442226 	0.280191	-0.0133332 	1.01674 
621	43    	0.429657 	0.258554	-0.0171413 	1.01674 
622	46    	0.368021 	0.263757	0.10577    	1.00292 
623	45    	0.44706  	0.248256	-0.016     	0.911889
624	47    	0.379014 	0.218828	-0.016     	0.911889
625	46    	0.38192  	0.208334	-0.0166666 	0.911889
626	49    	0.316739 	0.182684	0.0749071  	0.857883
627	45    	0.388316 	0.205795	-0.0133334 	0.859367
628	44    	0.380805 	0.226356	-0.015     	0.859367
629	44    	0.416278 	0.232366	0.0491594  	0.859367
630	44    	0.469884 	0.226846	0.110947   	0.859367
631	45    	0.376429 	0.216864	-0.015     	0.859367
632	48    	0.371604 	0.223979	-0.0150003 	0.859367
633	44    	0.363736 	0.209897	-0.0133333 	0.859367
634	49    	0.39645  	0.180238	0.123963   	0.781951
635	46    	0.372824 	0.222346	-0.0133333 	0.877749
636	44    	0.428665 	0.241376	0.111957   	0.920134
637	47    	0.320201 	0.208956	-0.015     	0.877749
638	43    	0.436601 	0.228293	-0.0149999 	0.877749
639	45    	0.422833 	0.242664	-0.015     	0.905146
640	45    	0.378477 	0.225137	0.149947   	0.905146
641	47    	0.406357 	0.204943	-0.0133334 	0.905146
642	45    	0.398449 	0.19737 	0.140595   	0.905146
643	49    	0.412691 	0.199973	-0.01      	0.918196
644	47    	0.412991 	0.221571	-0.015     	0.918196
645	44    	0.493419 	0.251771	0.1065     	0.90276 
646	46    	0.459508 	0.239328	-0.015     	0.90276 
647	46    	0.46376  	0.223154	0.0748606  	0.920747
648	44    	0.476534 	0.248507	-0.0175    	0.920747
649	46    	0.372814 	0.245556	-0.0171415 	0.920747
650	46    	0.444538 	0.237628	-0.0149999 	0.920747
651	46    	0.411222 	0.207837	0.165412   	0.920747
652	47    	0.412806 	0.203112	0.125287   	0.90996 
653	45    	0.407541 	0.246899	-0.0166666 	0.90996 
654	45    	0.430043 	0.239839	0.0746501  	0.920747
655	44    	0.466385 	0.240142	0.112359   	0.920747
656	48    	0.382072 	0.185528	0.125226   	0.844427
657	47    	0.395917 	0.226675	-0.0166667 	0.834189
658	41    	0.423647 	0.234497	-0.0166667 	0.90996 
659	44    	0.409977 	0.245837	-0.0233333 	0.90996 
660	46    	0.406468 	0.224347	-0.0133338 	0.90996 
661	42    	0.509462 	0.254179	0.0535009  	0.920747
662	48    	0.405448 	0.205068	0.0567331  	0.920747
663	42    	0.462671 	0.234972	0.15495    	0.920747
664	47    	0.495481 	0.214207	0.20628    	0.862334
665	48    	0.37251  	0.225265	-0.0175    	0.844427
666	47    	0.459928 	0.205833	-0.0171429 	0.843254
667	46    	0.479298 	0.215112	0.121705   	0.921156
668	44    	0.392794 	0.228293	-0.02      	0.921156
669	49    	0.436111 	0.239911	-0.0175    	1.01592 
670	48    	0.472048 	0.232652	0.139564   	1.00101 
671	47    	0.539856 	0.246051	0.189427   	0.93096 
672	44    	0.462102 	0.243799	0.146332   	0.93096 
673	47    	0.488728 	0.270387	0.120953   	0.983451
674	46    	0.493206 	0.306267	0.0652174  	0.983451
675	44    	0.563544 	0.298847	-0.0177732 	0.994613
676	44    	0.496401 	0.289249	0.0750518  	0.994613
677	48    	0.393998 	0.268513	-0.0177778 	0.994613
678	42    	0.476012 	0.275282	-0.015     	0.994613
679	44    	0.500405 	0.277392	-0.0171415 	0.994613
680	45    	0.453066 	0.274234	-0.0175    	0.994613
681	44    	0.548438 	0.288244	0.10954    	0.994613
682	48    	0.438325 	0.243661	0.137357   	0.973932
683	45    	0.483361 	0.248982	0.153657   	0.973932
684	46    	0.508318 	0.282626	0.0995112  	0.997693
685	47    	0.445521 	0.272568	-0.0160001 	0.997693
686	44    	0.499798 	0.249865	0.166448   	0.997693
687	49    	0.480236 	0.272365	-0.01      	1.03635 
688	46    	0.442959 	0.257355	-0.0166639 	1.03635 
689	47    	0.469008 	0.262929	0.095084   	1.02234 
690	47    	0.500468 	0.30273 	-0.015     	1.14421 
691	44    	0.534033 	0.311311	0.111158   	1.04264 
692	45    	0.478224 	0.281944	0.113318   	1.03282 
693	48    	0.458847 	0.300577	-0.0171429 	1.01175 
694	46    	0.482642 	0.300026	-0.02      	1.0132  
695	49    	0.422642 	0.286744	-0.0166666 	1.06737 
696	40    	0.53731  	0.324907	-0.0166667 	1.06737 
697	47    	0.473158 	0.298691	0.125854   	1.13588 
698	45    	0.477572 	0.316141	-0.01      	1.13588 
699	47    	0.355307 	0.272303	-0.0200001 	1.13588 
700	46    	0.366857 	0.263107	-0.0160001 	1.06737 
701	45    	0.45131  	0.259991	-0.0228571 	1.06737 
702	45    	0.487696 	0.294058	-0.016     	1.06737 
703	47    	0.471386 	0.360146	-1         	1.0047  
704	47    	0.429359 	0.273197	0.137908   	0.987315
705	48    	0.404868 	0.254305	-0.0149999 	0.987315
706	50    	0.435976 	0.245606	-0.0149997 	1.05529 
707	45    	0.498081 	0.267603	0.126537   	0.991934
708	46    	0.442086 	0.248297	0.115589   	0.955211
709	47    	0.382102 	0.203901	-0.015     	0.911123
710	45    	0.43617  	0.246094	-0.02      	0.911123
711	47    	0.423213 	0.215056	0.115738   	0.853794
712	48    	0.440127 	0.233137	-0.0159976 	0.948797
713	47    	0.45473  	0.245676	0.127959   	0.876444
714	47    	0.473576 	0.27606 	-0.018     	0.948991
715	48    	0.397392 	0.255057	-0.02      	0.948991
716	43    	0.430497 	0.280561	-0.0149999 	0.948991
717	46    	0.422861 	0.258586	-0.0150001 	0.948991
718	47    	0.40238  	0.272065	-0.0181818 	0.949051
719	48    	0.471101 	0.2542  	0.0531547  	0.876481
720	46    	0.484682 	0.259353	-0.016     	0.913934
721	43    	0.532785 	0.260935	0.146261   	0.988442
722	46    	0.454429 	0.25733 	-0.0133337 	0.913934
723	46    	0.450971 	0.277249	0.0722107  	0.954536
724	45    	0.454688 	0.287612	-0.0166667 	0.958744
725	43    	0.47837  	0.302167	0.0859413  	0.960762
726	47    	0.416017 	0.293639	-0.016     	0.960135
727	45    	0.491318 	0.302368	-0.02      	0.985444
728	45    	0.539136 	0.311964	0.121853   	1.00958 
729	46    	0.379898 	0.457004	-1         	1.1562  
730	43    	0.466577 	0.428923	-1         	1.1562  
731	48    	0.39088  	0.351128	-1         	1.1562  
732	49    	0.432087 	0.395571	-1         	1.07588 
733	48    	0.424656 	0.308007	-0.0177778 	0.99722 
734	45    	0.403519 	0.408263	-1         	1.00128 
735	48    	0.431999 	0.242558	0.0831215  	1.00128 
736	46    	0.434657 	0.321255	-1         	1.00128 
737	48    	0.429118 	0.326895	-1         	0.958698
738	47    	0.414157 	0.28075 	-0.0160001 	1.06656 
739	46    	0.430125 	0.393765	-1         	1.06656 
740	45    	0.428001 	0.352816	-1         	1.06656 
741	48    	0.352065 	0.331765	-1         	0.973181
742	46    	0.415776 	0.250749	0.0664381  	0.973181
743	46    	0.357466 	0.438234	-1         	0.996451
744	45    	0.438622 	0.332618	-1         	0.959415
745	48    	0.428508 	0.246796	0.116182   	0.949897
746	46    	0.391382 	0.217142	0.118637   	0.949897
747	48    	0.361421 	0.357271	-1         	0.949897
748	43    	0.430331 	0.234747	-0.0150001 	0.949897
749	47    	0.455186 	0.23345 	0.162653   	0.975725
750	49    	0.403073 	0.19282 	0.172462   	0.975725
751	47    	0.482897 	0.211072	0.123777   	0.975725
752	47    	0.392484 	0.287591	-1         	0.975725
753	47    	0.42028  	0.223589	0.0875745  	1.02046 
754	40    	0.489365 	0.258022	0.138124   	1.05399 
755	47    	0.38505  	0.262248	0.102165   	1.02046 
756	48    	0.323696 	0.185808	-0.01      	1.02046 
757	47    	0.422742 	0.203297	0.101425   	1.02046 
758	46    	0.484195 	0.203541	0.180676   	1.02046 
759	47    	0.440267 	0.297666	-1         	1.02046 
760	43    	0.507993 	0.249854	0.138815   	1.03954 
761	46    	0.460863 	0.325563	-1         	1.03954 
762	43    	0.413793 	0.38931 	-1         	1.03954 
763	48    	0.398422 	0.252427	-0.01      	0.972793
764	47    	0.420321 	0.230939	0.154009   	0.966856
765	49    	0.370471 	0.285227	-1         	0.906088
766	47    	0.397821 	0.289953	-1         	0.853346
767	47    	0.39101  	0.274415	-1         	0.75265 
768	50    	0.40592  	0.186905	0.149196   	0.905962
769	48    	0.366948 	0.215719	-0.016     	0.971185
770	47    	0.509056 	0.250353	-0.0159999 	0.972276
771	44    	0.432936 	0.261029	-0.0150001 	0.972276
772	46    	0.44437  	0.256964	-0.0171427 	0.972276
773	45    	0.447535 	0.237963	0.12241    	0.906165
774	46    	0.383219 	0.244395	-0.0133333 	0.906165
775	44    	0.482442 	0.288835	-0.0150001 	0.981173
776	47    	0.46363  	0.292413	0.0533125  	0.978606
777	47    	0.430866 	0.266467	0.0666555  	0.978606
778	48    	0.429348 	0.244388	0.0396593  	0.938256
779	44    	0.497763 	0.272843	-0.015     	0.938256
780	49    	0.451132 	0.266764	0.0666507  	0.981302
781	46    	0.432439 	0.294166	-0.016     	0.981302
782	44    	0.448228 	0.278238	0.125879   	0.981302
783	44    	0.471696 	0.265621	0.085906   	0.903671
784	46    	0.440664 	0.274705	0.136792   	0.906521
785	47    	0.474745 	0.250281	0.122843   	0.979051
786	48    	0.480327 	0.26694 	0.111045   	0.906521
787	44    	0.515132 	0.272523	0.120456   	0.906521
788	47    	0.497077 	0.32332 	-0.016     	0.981716
789	45    	0.497947 	0.333402	-0.0150001 	0.981716
790	47    	0.376732 	0.292254	-0.016     	0.981716
791	47    	0.34825  	0.248742	-0.018     	0.903671
792	48    	0.433365 	0.253479	-0.016     	0.981302
793	45    	0.517472 	0.270509	0.11915    	0.981302
794	47    	0.445183 	0.292811	0.0594299  	0.985219
795	46    	0.418081 	0.280352	-0.0171428 	0.981126
796	47    	0.452571 	0.270835	-0.0175    	0.981126
797	45    	0.47979  	0.286858	0.122609   	0.981126
798	45    	0.463003 	0.307892	-0.016     	0.981126
799	44    	0.429427 	0.324846	-0.0177778 	0.981126
800	48    	0.441254 	0.295261	-0.0171428 	0.981126
801	46    	0.431031 	0.27845 	-0.015     	0.934915
802	42    	0.460315 	0.294936	0.115564   	0.934915
803	47    	0.394411 	0.295399	-0.0133334 	0.984375
804	46    	0.372603 	0.247918	0.0853485  	0.934915
805	43    	0.466637 	0.285395	-0.0166667 	0.934915
806	46    	0.364048 	0.255744	-0.0166666 	0.934915
807	42    	0.388873 	0.280446	-0.016     	0.869093
808	48    	0.330285 	0.235779	-0.0166667 	0.869093
809	45    	0.438263 	0.251851	-0.0133332 	0.869093
810	46    	0.384837 	0.244698	0.0671307  	0.927622
811	44    	0.467089 	0.248001	-0.015     	0.927622
812	46    	0.413297 	0.266765	-0.016     	0.978126
813	46    	0.433875 	0.279076	0.0668007  	0.978126
814	45    	0.487857 	0.304911	-0.016     	0.978126
815	45    	0.372369 	0.278676	-0.0175001 	0.899069
816	45    	0.447665 	0.269747	0.106558   	0.978126
817	45    	0.494596 	0.2707  	-0.0149999 	0.978126
818	44    	0.428298 	0.292395	-0.0160001 	0.978126
819	42    	0.47178  	0.304519	-0.016     	0.978126
820	46    	0.365607 	0.241498	0.0733644  	0.978126
821	45    	0.387352 	0.236614	0.0828896  	0.978126
822	48    	0.369374 	0.239115	-0.016     	0.978126
823	49    	0.432264 	0.25727 	-0.0149999 	0.978126
824	47    	0.2719   	0.262025	-1         	0.897194
825	48    	0.410689 	0.218811	-0.016     	0.897194
826	44    	0.417148 	0.249178	0.0586342  	0.897194
827	49    	0.372834 	0.241156	0.0914984  	0.978126
828	48    	0.371028 	0.230217	-0.02      	0.978126
829	46    	0.359821 	0.203841	-0.01      	0.786541
830	47    	0.384169 	0.211724	0.130028   	0.847377
831	43    	0.397715 	0.264009	-0.0199998 	0.860256
832	49    	0.346473 	0.218108	0.112863   	0.863412
833	49    	0.319111 	0.214477	-0.01      	0.842569
834	43    	0.389853 	0.226773	-0.0171429 	0.855417
835	49    	0.303187 	0.184182	0.0753583  	0.855417
836	45    	0.37562  	0.168171	0.0669105  	0.773675
837	47    	0.406497 	0.204952	0.1075     	0.855132
838	47    	0.360578 	0.19751 	-0.015     	0.850327
839	47    	0.380381 	0.178076	-0.02      	0.850327
840	48    	0.357051 	0.161757	-0.01      	0.698607
841	47    	0.387759 	0.196638	-0.0133334 	0.771029
842	47    	0.357481 	0.215014	-0.016     	0.773932
843	44    	0.436805 	0.219659	-0.0133333 	0.859695
844	47    	0.381286 	0.19601 	-0.0166668 	0.786062
845	46    	0.412802 	0.190592	-0.0150001 	0.783259
846	47    	0.424036 	0.215858	0.0470259  	0.786833
847	46    	0.434264 	0.238245	0.0965281  	0.925979
848	49    	0.340901 	0.234993	-0.02      	0.859064
849	46    	0.424304 	0.305733	-1         	0.859064
850	49    	0.442589 	0.226056	0.127557   	0.931063
851	47    	0.437361 	0.275656	0.0330173  	1.01649 
852	44    	0.425812 	0.271513	0.113539   	1.01649 
853	47    	0.443485 	0.279281	0.0362243  	1.0191  
854	43    	0.469443 	0.297143	0.0861718  	0.997555
855	45    	0.437311 	0.267301	-0.016     	0.997555
856	48    	0.383309 	0.261748	0.076037   	1.01706 
857	46    	0.3707   	0.236565	0.085312   	0.997555
858	46    	0.396216 	0.237784	-0.017143  	0.997555
859	43    	0.43946  	0.272071	-0.0166668 	0.997548
860	43    	0.448298 	0.271633	-0.015     	1.01647 
861	47    	0.386568 	0.246026	-0.0171429 	1.12137 
862	45    	0.428582 	0.270751	-0.0166667 	0.997548
863	46    	0.396759 	0.238538	-0.015     	0.997548
864	48    	0.38603  	0.22462 	-0.0171429 	0.997555
865	48    	0.458797 	0.256608	0.0860503  	0.997555
866	42    	0.508376 	0.291628	0.121097   	0.997555
867	42    	0.470263 	0.296821	-0.015     	0.997555
868	46    	0.418947 	0.277938	-0.0133333 	1.12134 
869	45    	0.391507 	0.297215	-0.0166667 	1.12134 
870	43    	0.417592 	0.284135	0.0629352  	1.12134 
871	47    	0.369346 	0.250012	0.0747739  	0.997555
872	46    	0.385513 	0.244468	-0.015     	0.997555
873	47    	0.407373 	0.246563	0.0755438  	1.12134 
874	48    	0.408733 	0.247062	-0.0150001 	0.997555
875	47    	0.460059 	0.235195	0.167478   	0.997555
876	48    	0.399687 	0.196093	0.169197   	0.995378
877	46    	0.435638 	0.247435	0.183716   	1.12134 
878	44    	0.384008 	0.23192 	-0.0150001 	1.12134 
879	46    	0.440506 	0.276113	-0.0177778 	1.12134 
880	45    	0.391878 	0.252145	0.115303   	1.00816 
881	48    	0.388898 	0.259384	-0.0133333 	1.12504 
882	45    	0.402416 	0.255207	0.117661   	1.12504 
883	47    	0.389925 	0.278762	0.0852602  	1.12504 
884	48    	0.35667  	0.253739	0.0740183  	1.12504 
885	45    	0.4579   	0.268159	0.0973288  	1.12504 
886	49    	0.368796 	0.230567	0.0748331  	1.12266 
887	45    	0.442935 	0.246043	0.167745   	1.12703 
888	47    	0.440371 	0.264525	0.0979392  	1.12703 
889	42    	0.528809 	0.312807	-0.015     	1.12703 
890	47    	0.478615 	0.308327	0.0660409  	1.12703 
891	48    	0.415435 	0.269259	0.115886   	1.12703 
892	48    	0.471542 	0.305976	0.0747442  	1.12703 
893	43    	0.480897 	0.296167	-0.0166666 	1.01627 
894	46    	0.455391 	0.285486	-0.015     	1.05881 
895	46    	0.465566 	0.28188 	-0.0174997 	1.12134 
896	45    	0.483539 	0.272657	-0.0166667 	1.05881 
897	47    	0.457078 	0.264997	0.112369   	0.985883
898	45    	0.444212 	0.317045	-0.017143  	0.986198
899	45    	0.573806 	0.308596	0.131632   	1.06168 
900	46    	0.562562 	0.327639	-0.0166667 	1.06168 
901	48    	0.493551 	0.328098	-0.0177778 	1.14357 
902	47    	0.478293 	0.313796	-0.0171428 	0.985238
903	46    	0.553685 	0.297188	0.152146   	1.14357 
904	46    	0.52677  	0.327408	-0.0171428 	1.14608 
905	48    	0.492647 	0.301527	0.152687   	0.985114
906	47    	0.440271 	0.274983	-0.0154396 	0.946215
907	50    	0.401041 	0.306326	-1         	0.970141
908	46    	0.403023 	0.29318 	-1         	0.970141
909	46    	0.465302 	0.241313	0.123745   	0.970141
910	47    	0.457361 	0.240655	0.0756807  	0.970141
911	47    	0.505338 	0.244717	0.10591    	0.970141
912	45    	0.457625 	0.256141	0.075769   	0.970141
913	48    	0.507923 	0.233837	0.0626615  	0.868559
914	43    	0.580708 	0.230512	-0.0166667 	1.06845 
915	46    	0.496067 	0.338959	-1         	1.06845 
916	43    	0.510358 	0.252595	0.169646   	0.985877
917	48    	0.528018 	0.228552	0.178665   	0.895437
918	47    	0.544855 	0.223   	0.0715797  	0.895437
919	45    	0.499054 	0.218696	0.151622   	0.895437
920	45    	0.469743 	0.240003	-0.0133333 	0.902351
921	46    	0.485086 	0.247268	-0.0171428 	0.895437
922	45    	0.467199 	0.218862	-0.0133336 	0.858693
923	43    	0.516964 	0.228422	0.161552   	0.943406
924	46    	0.47806  	0.240643	0.085402   	0.925022
925	48    	0.442288 	0.242507	-0.0149999 	0.925022
926	45    	0.440844 	0.217202	-0.0133333 	0.925022
927	47    	0.49719  	0.2173  	0.164192   	0.870642
928	44    	0.452176 	0.241449	-0.015     	0.869801
929	47    	0.39959  	0.235934	-0.0133334 	0.869801
930	49    	0.387202 	0.203782	0.106901   	0.862246
931	44    	0.430054 	0.229489	-0.0133333 	0.870209
932	45    	0.411312 	0.288536	-1         	0.845969
933	45    	0.400109 	0.278596	-1         	0.845969
934	46    	0.455461 	0.22212 	-0.0133334 	0.845969
935	45    	0.468095 	0.198752	0.160404   	0.845969
936	43    	0.475367 	0.226096	0.0994315  	0.836714
937	44    	0.513857 	0.238207	-0.0166666 	0.921046
938	48    	0.39594  	0.293967	-1         	0.941457
939	48    	0.427972 	0.238913	-0.0133333 	0.940721
940	45    	0.477839 	0.239797	0.170849   	0.940721
941	49    	0.480059 	0.236594	0.11594    	0.945535
942	48    	0.483766 	0.264694	0.0759949  	0.996429
943	47    	0.483955 	0.251056	-0.01      	0.996429
944	46    	0.437635 	0.261574	0.111777   	0.996429
945	43    	0.40726  	0.275333	-0.016     	0.996429
946	44    	0.426846 	0.344855	-1         	0.996429
947	45    	0.443239 	0.296316	-0.0175    	1.00061 
948	41    	0.485391 	0.31004 	0.124125   	0.996429
949	47    	0.397856 	0.301522	-0.016     	1.00366 
950	44    	0.46723  	0.303406	-0.0166667 	1.00366 
951	45    	0.440598 	0.284429	-0.015     	1.00366 
952	48    	0.480259 	0.301227	-0.0200001 	1.01416 
953	46    	0.48754  	0.287432	0.144759   	1.01416 
954	44    	0.437804 	0.291518	-0.0177778 	1.01416 
955	44    	0.513269 	0.33282 	-0.0150002 	1.08023 
956	49    	0.406854 	0.277923	0.0773509  	1.08023 
957	48    	0.418582 	0.258315	0.152653   	1.08023 
958	43    	0.408772 	0.291436	-0.015     	1.08023 
959	44    	0.459932 	0.316464	0.117444   	1.08023 
960	45    	0.432234 	0.396476	-1         	1.08023 
961	48    	0.409959 	0.301887	-0.0175    	1.08023 
962	43    	0.437349 	0.315324	-0.015     	1.08023 
963	48    	0.397657 	0.26787 	0.138234   	1.06736 
964	45    	0.437757 	0.295915	-0.0171428 	1.06736 
965	48    	0.42066  	0.262993	0.0833236  	1.01104 
966	48    	0.365811 	0.292044	-1         	0.955248
967	42    	0.44619  	0.333633	-1         	1.00676 
968	46    	0.360697 	0.368061	-1         	0.952218
969	46    	0.500684 	0.228341	0.153703   	0.889825
970	44    	0.484539 	0.24308 	0.184356   	0.901595
971	45    	0.430489 	0.23538 	-0.0177771 	0.889825
972	48    	0.412191 	0.212268	0.140044   	0.892052
973	45    	0.43703  	0.23016 	-0.016     	0.952218
974	45    	0.410115 	0.231681	0.17207    	0.952218
975	40    	0.46694  	0.25519 	0.116339   	0.952218
976	45    	0.392857 	0.226805	0.156475   	0.952218
977	47    	0.481247 	0.23814 	0.111822   	0.945748
978	47    	0.38856  	0.235746	0.131063   	0.874325
979	46    	0.39467  	0.22737 	-0.02      	0.914946
980	46    	0.361533 	0.24855 	0.0756694  	0.914946
981	43    	0.411246 	0.317398	-1         	0.914946
982	47    	0.442979 	0.311534	-1         	0.93991 
983	46    	0.385689 	0.251994	0.0426937  	0.916759
984	47    	0.413669 	0.290151	-1         	0.879844
985	44    	0.43813  	0.237289	-0.0175    	0.879844
986	43    	0.458682 	0.272394	-0.016     	0.879844
987	47    	0.410306 	0.26005 	0.055612   	0.895119
988	48    	0.419333 	0.25263 	-0.02      	0.895119
989	47    	0.414012 	0.241213	0.0649385  	0.893304
990	45    	0.40381  	0.333784	-1         	0.914946
991	46    	0.405018 	0.284664	-0.0183333 	0.914946
992	47    	0.396641 	0.255356	-0.02      	0.914946
993	46    	0.36288  	0.219613	0.0851116  	0.914946
994	48    	0.382511 	0.23806 	0.120518   	0.904625
995	43    	0.396227 	0.32776 	-1         	0.904625
996	48    	0.386124 	0.327146	-1         	0.914946
997	49    	0.359134 	0.317169	-1         	0.869975
998	45    	0.452636 	0.221873	0.157443   	0.866616
999	44    	0.421985 	0.23625 	0.128537   	0.900279
1000	45    	0.410191 	0.234138	-0.0177778 	0.848414
Best individuals:
(1.1805106838043067,) 	-->	 /*9*/DDDDRBFRLBLFFRBUUUUUDD
VMNeuronManager.autoload: Neuro classes added: Delay Light Nn PIDP PIDV SeeLight SeeLight2 S0 S1 Thr 
UserScripts.autoload: 19 user scripts added.
Simulator.load: Loading from 'eval-allcriteria.sim'
Loader.load: Comments read from file follow:
Loader.load:  Sample settings for evaluating many criteria of performance of a Framsticks creature.
Loader.load:  See the "evalcount" parameter if you want to speed the evaluation up or have a more stable result.
Loader.load:  Other important parameters are "Energy0" and "perfperiod".
Loader.load:  Put this file in the "data" subdirectory within the Framsticks distribution.
Simulator.load: Settings loaded from 'eval-allcriteria.sim'
Simulator.load: Loading from 'deterministic.sim'
Loader.load: Comments read from file follow:
Loader.load:  Parameter values that make the evaluation of a Framsticks creature deterministic.
Loader.load:  The values turn off random noise, so evaluation of the same genotype will always yield the same performance.
Loader.load:  The advantage is that you do not need to evaluate a genotype many times, and performance values are reliable.
Loader.load:  The disadvantage is that evolved creatures are "overfitting", i.e. rely entirely on the specific environment,
Loader.load:  and their behavior may be different in any other environment or (even slightly) changed conditions or parameter values,
Loader.load:  so each creature evolved using these settings must be later inspected using exactly the same setup.
Loader.load: 
Loader.load:  Before loading this file, load base settings, e.g. "eval-allcriteria.sim".
Loader.load:  Put this file in the "data" subdirectory within the Framsticks distribution.
Simulator.load: Settings loaded from 'deterministic.sim'
Simulator.load: Loading from 'sample-period-2.sim'
Loader.load: Comments read from file follow:
Loader.load:  Very low "performance sampling period" in the first population to sample performance very often during lifespan
Loader.load:  and avoid overlooking some behavior. Averaged performance of sampled values is returned as the final value.
Loader.load:  See http://www.framsticks.com/a/al_params.html#exper-perfcalc
Loader.load: 
Loader.load:  Before loading this file, load base settings, e.g. "eval-allcriteria.sim".
Loader.load:  Put this file in the "data" subdirectory within the Framsticks distribution.
Simulator.load: Loading from 'f9-mut-005.sim'
Simulator.load: Settings loaded from 'f9-mut-005.sim'
