Argument values: path=C:\Users\1625203\Downloads\Framsticks50rc22\Framsticks50rc22, lib=None, sim=eval-allcriteria.sim;deterministic.sim;sample-period-2.sim;f9-mut-005.sim, genformat=None, initialgenotype=/*9*/BLU, opt=vertpos, popsize=50, generations=1000, tournament=10, pmut=0.9, pxov=0.2, hof_size=1, hof_savefile=None, max_numparts=30, max_numjoints=None, max_numneurons=None, max_numconnections=None, max_numgenochars=50
Using Framsticks version: 5.0rc22
Home (writable) dir     : C:\Users\1625203\Downloads\Framsticks50rc22\Framsticks50rc22\data
Resources dir           : C:\Users\1625203\Downloads\Framsticks50rc22\Framsticks50rc22\data

Available objects: ['CheckpointEvent', 'Collision', 'CrCollision', 'Creature', 'CreatureSettings', 'CreatureSignals', 'CreatureSnapshot', 'Dictionary', 'ExpProperties', 'ExpState', 'ExtValue', 'File', 'FunctionReference', 'GenMan', 'GenManStats', 'GenePool', 'GenePools', 'Geno', 'Genotype', 'Interface', 'Joint', 'Loader', 'Math', 'MechJoint', 'MechPart', 'MessageCatcher', 'Model', 'ModelGeometry', 'ModelSymmetry', 'Neuro', 'NeuroClass', 'NeuroClassLibrary', 'NeuroDef', 'NeuroSignals', 'NeuronsSimEnabled', 'ODE', 'Orient', 'Part', 'Population', 'Populations', 'Ref', 'Signal', 'SignalView', 'SimilMeasure', 'SimilMeasureDistribution', 'SimilMeasureGreedy', 'SimilMeasureHungarian', 'Simulator', 'SlaveSimulators', 'StopEvent', 'String', 'UserScripts', 'Vector', 'WireframeAppearance', 'World', 'WorldMap', 'WorldSignals', 'XYZ', '__builtins__', '__cached__', '__doc__', '__file__', '__loader__', '__name__', '__package__', '__spec__', 'c_api', 'ctypes', 'home_dir', 'init', 'os', 're', 'res_dir', 'sim_params', 'stats', 'sys']

Performing a basic test 1/2... OK.
Performing a basic test 2/2... OK.
Using settings: ['eval-allcriteria.sim', 'deterministic.sim', 'sample-period-2.sim', 'f9-mut-005.sim']
gen	nevals	avg     	stddev	min     	max     
0  	50    	0.218369	0     	0.218369	0.218369
1  	47    	0.0444009	0.0983845	-0.0166667	0.234772
2  	44    	0.109303 	0.129189 	-0.016    	0.441226
3  	44    	0.179664 	0.135478 	-0.02     	0.441392
4  	50    	0.180953 	0.142287 	-0.0177778	0.581352
5  	49    	0.220655 	0.142915 	-0.0166667	0.478863
6  	46    	0.251299 	0.141754 	-0.0171429	0.514611
7  	44    	0.257521 	0.158058 	-0.02     	0.514611
8  	44    	0.284467 	0.168462 	-0.02     	0.652834
9  	45    	0.254967 	0.198701 	-0.0166667	0.652834
10 	47    	0.247338 	0.176087 	-0.0166667	0.581188
11 	47    	0.265795 	0.161385 	-0.0166667	0.559635
12 	47    	0.256333 	0.182512 	-0.02     	0.6534  
13 	49    	0.258233 	0.20403  	-0.0171429	0.705984
14 	45    	0.241006 	0.216249 	-0.02     	0.694815
15 	46    	0.371854 	0.227498 	-0.0166667	0.819334
16 	48    	0.308366 	0.257535 	-0.02     	0.819334
17 	44    	0.332487 	0.278397 	-0.017143 	0.819334
18 	46    	0.278092 	0.267362 	-0.0171429	0.819334
19 	48    	0.287544 	0.265054 	-0.0171428	0.813756
20 	45    	0.325825 	0.278715 	-0.0166667	0.813756
21 	48    	0.222624 	0.241454 	-0.0171231	0.813756
22 	48    	0.210626 	0.193439 	-0.0166666	0.813756
23 	48    	0.187733 	0.203896 	-0.0171429	0.811396
24 	43    	0.288487 	0.218863 	-0.0160001	0.811396
25 	48    	0.209099 	0.240575 	-0.0166667	0.813756
26 	50    	0.25226  	0.222393 	-0.0166668	0.813756
27 	47    	0.234939 	0.204266 	-0.0171428	0.813756
28 	46    	0.263717 	0.222019 	-0.0166667	0.813756
29 	37    	0.351834 	0.289133 	-0.0200001	0.813756
30 	48    	0.215573 	0.261818 	-0.02     	0.813756
31 	46    	0.308409 	0.272195 	-0.0171429	0.813756
32 	47    	0.239296 	0.262146 	-0.0171427	0.813756
33 	45    	0.236093 	0.243722 	-0.0175   	0.813756
34 	47    	0.200103 	0.233305 	-0.017143 	0.813756
35 	48    	0.202653 	0.233478 	-0.0175   	0.811396
36 	50    	0.243661 	0.21039  	-0.0166667	0.811396
37 	46    	0.270904 	0.212302 	-0.0171427	0.811396
38 	49    	0.251124 	0.241995 	-0.0166667	0.811396
39 	49    	0.263643 	0.256553 	-0.0171427	0.813756
40 	46    	0.263139 	0.226921 	-0.0166667	0.811396
41 	44    	0.304581 	0.273627 	-0.0166667	0.813756
42 	46    	0.398718 	0.265304 	-0.015    	0.813756
43 	47    	0.311473 	0.288827 	-0.0166667	0.842434
44 	45    	0.28076  	0.249447 	-0.0166667	0.813756
45 	47    	0.288087 	0.233656 	-0.0171429	0.813756
46 	44    	0.250035 	0.238469 	-0.0171429	0.813756
47 	46    	0.273162 	0.221812 	-0.0166667	0.813756
48 	46    	0.376583 	0.273354 	-0.0166667	0.859212
49 	42    	0.378874 	0.273127 	-0.0166667	0.859212
50 	45    	0.277859 	0.267841 	-0.0166667	0.859212
51 	45    	0.313731 	0.262069 	-0.0159999	0.859212
52 	44    	0.338236 	0.248082 	-0.015    	0.859212
53 	45    	0.305767 	0.230511 	-0.0171429	0.813756
54 	45    	0.254408 	0.27023  	-0.0175   	0.813756
55 	45    	0.298454 	0.256758 	-0.0171429	0.813756
56 	48    	0.294137 	0.26724  	-0.0166667	0.813756
57 	47    	0.309015 	0.241794 	-0.0166666	0.813756
58 	45    	0.303257 	0.265043 	-0.0171429	0.813756
59 	48    	0.292458 	0.241544 	-0.0166667	0.813756
60 	47    	0.279301 	0.264394 	-0.0171429	0.813756
61 	44    	0.333398 	0.274864 	-0.0175   	0.813756
62 	39    	0.402059 	0.330079 	-0.0166667	0.813756
63 	44    	0.282457 	0.284887 	-0.0171415	0.813756
64 	44    	0.352891 	0.299406 	-0.0166667	0.813756
65 	45    	0.256332 	0.274143 	-0.0166667	0.813756
66 	47    	0.245854 	0.280297 	-0.0175   	0.813756
67 	47    	0.313008 	0.23957  	-0.0166667	0.813756
68 	46    	0.260938 	0.226668 	-0.0166667	0.813708
69 	46    	0.286881 	0.244435 	-0.0171415	0.813756
70 	48    	0.27141  	0.259546 	-0.0166667	0.813756
71 	46    	0.2995   	0.253078 	-0.0166667	0.813756
72 	47    	0.282955 	0.243472 	-0.0166667	0.813756
73 	43    	0.313015 	0.287245 	-0.0166666	0.813756
74 	47    	0.293157 	0.261938 	-0.0166667	0.813756
75 	45    	0.327825 	0.282709 	-0.0166667	0.813756
76 	46    	0.255714 	0.274173 	-0.0171428	0.813756
77 	44    	0.313425 	0.304101 	-0.0166667	0.813756
78 	49    	0.228257 	0.264732 	-0.0171428	0.813756
79 	46    	0.260443 	0.244137 	-0.0166667	0.813756
80 	45    	0.308698 	0.207844 	-0.0166666	0.813756
81 	47    	0.27215  	0.20436  	-0.0166667	0.694815
82 	48    	0.302128 	0.15793  	-0.015    	0.702675
83 	46    	0.283345 	0.20828  	-0.0174999	0.702675
84 	46    	0.365862 	0.222521 	-0.0175   	0.743359
85 	47    	0.324604 	0.224931 	-0.0171429	0.812083
86 	47    	0.313667 	0.228233 	-0.0171429	0.812083
87 	48    	0.315103 	0.242293 	-0.0166667	0.813756
88 	44    	0.331887 	0.236592 	-0.0160001	0.812308
89 	49    	0.226315 	0.199998 	-0.0166667	0.703466
90 	45    	0.338323 	0.216261 	-0.0171429	0.850967
91 	44    	0.378375 	0.257083 	-0.0166652	0.812083
92 	47    	0.253846 	0.266498 	-0.0166667	0.868997
93 	50    	0.271707 	0.236584 	-0.0166667	0.868866
94 	47    	0.386514 	0.240174 	-0.0166667	0.871988
95 	45    	0.370871 	0.260263 	-0.0171429	0.813708
96 	43    	0.422752 	0.277734 	-0.0166667	0.871988
97 	44    	0.411474 	0.291226 	-0.0166666	0.877602
98 	49    	0.335499 	0.273881 	-0.0166667	0.871988
99 	48    	0.397276 	0.240776 	-0.016    	0.871988
100	46    	0.444335 	0.225087 	0.115597  	0.871988
101	46    	0.44203  	0.239789 	0.0748184 	0.873464
102	44    	0.450506 	0.249668 	0.0748605 	0.873464
103	43    	0.41675  	0.277467 	-0.0133333	0.873464
104	39    	0.460775 	0.277043 	-0.02     	0.873464
105	46    	0.349239 	0.266658 	-0.016    	0.873464
106	44    	0.416421 	0.273801 	-0.0166667	0.873464
107	48    	0.362298 	0.245138 	-0.0174999	0.873464
108	46    	0.375609 	0.244963 	-0.015    	0.873464
109	46    	0.376621 	0.221009 	0.0865847 	0.873464
110	47    	0.372398 	0.229023 	-0.0166667	0.851139
111	49    	0.35793  	0.200543 	-0.0175   	0.873464
112	50    	0.321063 	0.184844 	-0.0171428	0.873464
113	46    	0.409223 	0.204486 	-0.0133333	0.812977
114	43    	0.437239 	0.236362 	-0.0166667	0.812977
115	45    	0.349712 	0.271065 	-0.0166667	0.819403
116	43    	0.441349 	0.27167  	-0.0166667	0.864974
117	50    	0.328928 	0.234449 	-0.0166667	0.813756
118	47    	0.345948 	0.268013 	-0.0166667	0.918111
119	47    	0.417738 	0.226761 	-0.0166667	0.819403
120	46    	0.468623 	0.230978 	0.115304  	0.863811
121	47    	0.382757 	0.296453 	-0.0171379	0.863811
122	46    	0.444286 	0.273369 	0.0859355 	0.865767
123	43    	0.416118 	0.249575 	0.0893046 	0.865767
124	46    	0.353788 	0.24898  	0.0729854 	0.874527
125	41    	0.446475 	0.283088 	0.0751828 	0.876716
126	46    	0.413999 	0.263009 	-0.015    	0.94681 
127	47    	0.422084 	0.241492 	-0.0171429	0.876832
128	47    	0.442291 	0.248689 	-0.0133332	0.917419
129	47    	0.402457 	0.240139 	-0.015    	0.917419
130	43    	0.411438 	0.275513 	-0.0171429	0.916139
131	46    	0.446916 	0.249167 	-0.015    	1.01947 
132	48    	0.384054 	0.257321 	-0.0174999	1.01947 
133	47    	0.515814 	0.278369 	0.0999396 	1.01947 
134	44    	0.483564 	0.307374 	-0.02     	1.07043 
135	48    	0.460773 	0.313931 	-0.0171428	1.07043 
136	45    	0.499136 	0.318398 	0.167604  	1.12746 
137	46    	0.501822 	0.310364 	-0.0166667	1.12384 
138	47    	0.483909 	0.292636 	-0.016    	1.02219 
139	47    	0.484349 	0.281333 	-0.015    	0.957076
140	44    	0.517036 	0.293653 	-0.0166667	1.09611 
141	47    	0.402093 	0.257223 	-0.0171429	0.994931
142	42    	0.56782  	0.292076 	0.128748  	1.02219 
143	46    	0.490183 	0.287681 	-0.0159977	1.01947 
144	46    	0.448898 	0.273504 	0.0603601 	1.01947 
145	47    	0.490315 	0.28339  	-0.02     	1.12384 
146	44    	0.51953  	0.311393 	0.0852345 	1.12384 
147	45    	0.507052 	0.328443 	-0.0175   	1.12384 
148	47    	0.467649 	0.33347  	-0.0181818	1.12384 
149	45    	0.461928 	0.339808 	-0.016    	1.12384 
150	47    	0.505221 	0.343172 	0.127103  	1.12384 
151	50    	0.433439 	0.314564 	-0.0175   	1.12746 
152	48    	0.490033 	0.290664 	-0.0166666	1.12739 
153	48    	0.431345 	0.291052 	0.0854429 	1.12184 
154	40    	0.530784 	0.302325 	0.115296  	1.01948 
155	49    	0.425021 	0.296168 	-0.0171415	1.02083 
156	47    	0.459324 	0.266631 	0.0932515 	1.02083 
157	49    	0.429331 	0.245699 	-0.015    	1.01432 
158	43    	0.457435 	0.272035 	0.0637455 	1.01432 
159	45    	0.449543 	0.299417 	-0.0175   	1.01432 
160	43    	0.429117 	0.270944 	-0.02     	1.01432 
161	47    	0.411522 	0.218348 	-0.0171429	0.996617
162	42    	0.560694 	0.252801 	-0.016    	1.02083 
163	48    	0.450531 	0.260453 	-0.016    	1.00052 
164	46    	0.532078 	0.312817 	0.0855107 	1.01948 
165	39    	0.513423 	0.329793 	-0.016    	1.12739 
166	44    	0.483578 	0.291608 	0.143636  	1.01948 
167	46    	0.540543 	0.279768 	0.14124   	1.06065 
168	47    	0.47378  	0.260554 	0.0856879 	1.06065 
169	43    	0.473472 	0.304984 	-0.0174999	1.01518 
170	44    	0.490198 	0.326502 	-0.0175   	1.12739 
171	45    	0.468792 	0.315995 	0.0857913 	1.09062 
172	45    	0.490503 	0.337099 	-0.02     	1.09062 
173	43    	0.508529 	0.313068 	0.0747516 	1.09062 
174	47    	0.453716 	0.343636 	-0.0171428	1.09062 
175	46    	0.456191 	0.303894 	-0.0175   	1.09062 
176	47    	0.445496 	0.277505 	0.0747516 	1.09062 
177	45    	0.487693 	0.314719 	-0.0180002	1.09062 
178	46    	0.400944 	0.273535 	-0.016    	1.00742 
179	45    	0.423209 	0.297415 	-0.0175   	0.996617
180	48    	0.347859 	0.216628 	-0.0171431	0.996617
181	44    	0.40053  	0.257291 	-0.0166666	0.996617
182	45    	0.465518 	0.286597 	-0.0166666	0.996617
183	46    	0.49309  	0.27975  	0.0986856 	1.12739 
184	46    	0.401416 	0.286006 	-0.0179999	0.996617
185	45    	0.482864 	0.283483 	-0.0133333	1.00052 
186	49    	0.435047 	0.253625 	-0.0171429	1.00052 
187	46    	0.435171 	0.26553  	-0.0166666	1.00052 
188	48    	0.457584 	0.25348  	0.157268  	1.12739 
189	44    	0.440444 	0.289397 	-0.0171429	1.12739 
190	46    	0.480129 	0.280299 	0.09586   	1.12739 
191	46    	0.458174 	0.270692 	0.145494  	1.12739 
192	44    	0.424633 	0.27161  	0.0857913 	1.12739 
193	48    	0.447132 	0.296118 	0.0747695 	1.12739 
194	46    	0.450634 	0.311957 	-0.0160001	1.12739 
195	45    	0.417278 	0.274462 	-0.0166667	1.12739 
196	49    	0.36928  	0.200316 	-0.01     	0.914812
197	42    	0.443117 	0.244827 	-0.0133333	0.975004
198	47    	0.399963 	0.219282 	-0.0166667	0.915002
199	45    	0.434875 	0.209517 	0.0656181 	0.915002
200	43    	0.468251 	0.233274 	-0.016    	0.876979
201	48    	0.425779 	0.238831 	0.0719235 	0.89638 
202	43    	0.480926 	0.251135 	0.107921  	0.89638 
203	46    	0.490756 	0.28208  	0.120698  	0.976824
204	46    	0.441887 	0.266545 	-0.016    	1.00093 
205	47    	0.497535 	0.28434  	-0.01     	1.05758 
206	47    	0.447331 	0.274943 	0.0989055 	1.05758 
207	48    	0.4575   	0.278458 	0.0899221 	1.05758 
208	41    	0.500505 	0.322191 	0.0742955 	1.05758 
209	45    	0.43097  	0.305522 	-0.0175   	1.05758 
210	44    	0.576271 	0.302823 	0.155737  	1.04872 
211	44    	0.515709 	0.316345 	0.116587  	1.14008 
212	47    	0.512389 	0.317956 	-0.0171429	1.05758 
213	46    	0.559346 	0.287012 	0.0785892 	1.05584 
214	46    	0.520076 	0.310693 	-0.0166666	1.05584 
215	46    	0.504849 	0.295908 	-0.016    	1.05584 
216	45    	0.57198  	0.310698 	0.0598619 	1.14008 
217	44    	0.459194 	0.335892 	-0.015    	1.14008 
218	42    	0.495555 	0.337957 	-0.0181817	1.07074 
219	49    	0.459804 	0.325518 	-0.0166634	1.05579 
220	48    	0.459344 	0.323885 	-0.0177778	1.03304 
221	46    	0.513603 	0.286119 	-0.0175   	1.00318 
222	49    	0.492224 	0.284072 	0.0602625 	1.00318 
223	45    	0.507037 	0.284952 	0.103619  	1.00507 
224	49    	0.475542 	0.28353  	0.0905611 	1.07317 
225	46    	0.444318 	0.272408 	0.124238  	1.07576 
226	46    	0.452308 	0.290673 	-0.01     	1.01909 
227	46    	0.460314 	0.258318 	-0.0171428	0.958712
228	46    	0.451468 	0.233415 	-0.0171429	0.858794
229	45    	0.448791 	0.213286 	0.110489  	0.882634
230	48    	0.405677 	0.227649 	0.0366343 	0.907317
231	46    	0.432326 	0.2176   	0.116633  	0.907317
232	47    	0.42824  	0.22385  	-0.0171429	0.86805 
233	46    	0.473749 	0.226855 	0.109976  	0.922026
234	47    	0.453565 	0.245832 	-0.015    	0.92674 
235	48    	0.511811 	0.248111 	0.174069  	0.983758
236	46    	0.418659 	0.205618 	0.0675873 	0.920057
237	45    	0.450205 	0.20982  	-0.0175   	0.920057
238	48    	0.461369 	0.202889 	0.0952182 	0.926204
239	41    	0.466026 	0.226592 	0.0729839 	0.926204
240	47    	0.381931 	0.285449 	-1        	0.926204
241	49    	0.400518 	0.206783 	-0.0133337	0.926919
242	45    	0.441466 	0.311236 	-1        	0.926919
243	47    	0.345867 	0.348217 	-1        	0.927339
244	46    	0.385634 	0.21399  	0.081167  	0.860364
245	43    	0.498725 	0.211044 	0.147446  	0.905781
246	49    	0.441657 	0.205205 	-0.01     	0.800212
247	47    	0.432072 	0.283513 	-1        	0.886978
248	45    	0.505334 	0.224977 	0.206478  	0.935073
249	45    	0.4462   	0.314428 	-1        	0.910392
250	47    	0.441783 	0.297375 	-1        	0.86573 
251	46    	0.466642 	0.376931 	-1        	1.00448 
252	48    	0.44     	0.31814  	-1        	1.02623 
253	47    	0.438541 	0.391281 	-1        	1.02623 
254	46    	0.436134 	0.382295 	-1        	1.02623 
255	45    	0.478734 	0.239571 	0.0992422 	1.02623 
256	44    	0.508099 	0.27121  	0.126865  	1.02623 
257	46    	0.456081 	0.253191 	-0.015    	1.00448 
258	47    	0.380049 	0.22394  	-0.0171429	0.973962
259	44    	0.492904 	0.26962  	-0.0174925	0.973962
260	48    	0.362184 	0.213642 	-0.0177778	0.973962
261	45    	0.470361 	0.234741 	0.179582  	0.973962
262	48    	0.441353 	0.251305 	-0.0175   	0.993398
263	45    	0.472585 	0.278136 	-0.015    	0.993398
264	48    	0.531964 	0.268054 	0.168763  	0.945701
265	45    	0.480194 	0.283887 	0.132652  	0.945701
266	49    	0.49173  	0.301839 	-0.0175   	0.945701
267	46    	0.4342   	0.255739 	-0.02     	0.945701
268	49    	0.4438   	0.263439 	-0.0150002	0.868378
269	47    	0.42609  	0.282545 	-0.0166639	0.936256
270	46    	0.503155 	0.286909 	0.0915267 	0.945233
271	49    	0.343645 	0.244228 	-0.0159976	0.930451
272	44    	0.485694 	0.22973  	0.115263  	0.868378
273	47    	0.475119 	0.249707 	0.0859069 	0.904415
274	45    	0.464422 	0.261109 	-0.0171428	0.905353
275	46    	0.45243  	0.292037 	-0.016    	0.905353
276	44    	0.499954 	0.300322 	0.0612564 	1.0239  
277	45    	0.477426 	0.300478 	0.0759486 	1.0239  
278	47    	0.38171  	0.282467 	-0.016    	1.0239  
279	45    	0.433481 	0.300624 	0.0450575 	1.0239  
280	42    	0.417449 	0.314774 	-0.0166667	0.905353
281	43    	0.509323 	0.320715 	-0.0160001	0.905353
282	47    	0.465081 	0.300693 	-0.016    	0.905353
283	44    	0.497873 	0.302662 	0.0776672 	0.908156
284	46    	0.446782 	0.298148 	-0.0166667	0.908156
285	45    	0.458686 	0.252358 	0.0667224 	0.89115 
286	42    	0.460353 	0.299378 	-0.01     	0.91357 
287	46    	0.47975  	0.301693 	0.0749888 	0.91357 
288	46    	0.384454 	0.297628 	-0.015    	0.91357 
289	46    	0.459269 	0.318492 	-0.02     	0.91357 
290	48    	0.403319 	0.278867 	-0.0150003	0.903596
291	49    	0.403728 	0.282323 	0.0567499 	0.901624
292	44    	0.493769 	0.295434 	0.0528926 	0.903968
293	44    	0.486302 	0.279353 	0.081859  	0.903968
294	45    	0.486251 	0.277782 	0.0711592 	0.903968
295	49    	0.429671 	0.27021  	-0.0166637	0.895953
296	48    	0.42131  	0.252816 	-0.0159977	0.895953
297	46    	0.428036 	0.27561  	-0.016    	0.901531
298	46    	0.435468 	0.285809 	-0.0177778	0.889884
299	47    	0.458538 	0.28287  	-0.0166667	0.889884
300	47    	0.438366 	0.272533 	-0.0175   	0.853785
301	46    	0.448599 	0.256356 	-0.0166667	0.905353
302	47    	0.451927 	0.266397 	-0.0133333	0.853963
303	45    	0.437614 	0.2702   	0.0530476 	0.901417
304	47    	0.404286 	0.262111 	-0.0175   	0.833208
305	47    	0.44878  	0.260154 	-0.0171429	0.832565
306	47    	0.463769 	0.296195 	-0.0171429	0.908877
307	43    	0.424397 	0.286437 	0.064247  	0.947784
308	48    	0.399073 	0.271259 	-0.0133333	0.908877
309	47    	0.434119 	0.250491 	0.0507844 	0.903443
310	46    	0.41379  	0.274857 	-0.0133333	0.942844
311	46    	0.332562 	0.267152 	-0.02     	0.869581
312	49    	0.323274 	0.237144 	-0.0181818	0.827816
313	45    	0.438083 	0.255075 	0.0593411 	0.850538
314	47    	0.363977 	0.234078 	-0.0177778	0.850538
315	47    	0.356855 	0.310762 	-1        	0.822097
316	47    	0.451745 	0.260778 	-0.0166666	0.833074
317	45    	0.444617 	0.254151 	-0.0150001	0.822789
318	47    	0.362287 	0.222491 	0.0916288 	0.822789
319	47    	0.443621 	0.239365 	0.0777542 	0.822789
320	46    	0.415645 	0.269293 	-0.0171429	0.834666
321	46    	0.387819 	0.266401 	0.0411857 	0.876922
322	48    	0.388984 	0.24233  	0.0898934 	0.831174
323	46    	0.446951 	0.241052 	0.0516421 	0.841435
324	46    	0.455727 	0.246521 	0.0309597 	0.830947
325	47    	0.438956 	0.253881 	-0.0149998	0.844968
326	48    	0.44948  	0.243589 	0.091971  	0.844968
327	46    	0.431338 	0.249885 	-0.016    	0.833143
328	47    	0.395743 	0.257534 	-0.0133332	0.833143
329	45    	0.384254 	0.248729 	-0.0133334	0.833143
330	45    	0.459013 	0.24895  	-0.0150001	0.844044
331	44    	0.433591 	0.282632 	0.0631723 	0.887513
332	47    	0.362175 	0.287053 	-0.02     	0.890019
333	49    	0.386964 	0.268761 	-0.0160001	0.889327
334	44    	0.463743 	0.253069 	-0.0175   	0.851641
335	45    	0.406446 	0.262232 	-0.0166592	0.851641
336	47    	0.40781  	0.283259 	-0.0175   	0.905289
337	45    	0.450695 	0.285309 	-0.0171429	0.973443
338	44    	0.41245  	0.266205 	-0.016    	0.905289
339	45    	0.455901 	0.257167 	0.1155    	0.905289
340	48    	0.436096 	0.26087  	0.141393  	1.01979 
341	46    	0.450684 	0.261689 	-0.016    	0.977581
342	43    	0.445774 	0.287914 	0.100015  	0.980015
343	48    	0.452505 	0.317116 	-0.018    	0.980015
344	48    	0.410244 	0.297331 	-0.0171429	0.980015
345	46    	0.52309  	0.283529 	0.0476932 	0.980015
346	45    	0.588621 	0.297699 	0.0768417 	0.980015
347	49    	0.424883 	0.312565 	-0.016    	1.13543 
348	46    	0.388506 	0.294288 	0.0626574 	1.04646 
349	48    	0.458507 	0.303146 	-0.0166613	1.05412 
350	46    	0.522109 	0.302922 	-0.0150001	0.975097
351	47    	0.461632 	0.314139 	-0.0133333	0.948141
352	44    	0.506013 	0.293566 	0.0932601 	0.948141
353	45    	0.505438 	0.290502 	-0.0166652	0.970423
354	47    	0.475427 	0.291125 	0.112747  	0.948141
355	46    	0.46728  	0.291428 	0.137724  	1.02419 
356	47    	0.422246 	0.251839 	0.127072  	0.943262
357	46    	0.460882 	0.257484 	-0.0171428	0.938607
358	43    	0.477447 	0.276293 	0.0744034 	0.938607
359	47    	0.417678 	0.291764 	-0.02     	0.945451
360	46    	0.468095 	0.275585 	-0.0133333	0.936215
361	46    	0.470098 	0.274919 	0.102144  	0.936215
362	46    	0.410157 	0.306087 	-0.0171429	0.939625
363	47    	0.375967 	0.261838 	0.07515   	0.940702
364	44    	0.41161  	0.278183 	0.0533047 	1.02363 
365	47    	0.373071 	0.285467 	-0.0174999	0.940702
366	45    	0.450603 	0.255232 	0.139258  	0.940702
367	48    	0.460406 	0.263175 	-0.0150001	0.940702
368	46    	0.412357 	0.240216 	0.10075   	0.940702
369	46    	0.405024 	0.23784  	0.131667  	0.904797
370	45    	0.430181 	0.30173  	-1        	0.853982
371	45    	0.456882 	0.232401 	0.116367  	0.893201
372	44    	0.535464 	0.218451 	0.133682  	0.893201
373	48    	0.392063 	0.205587 	0.105801  	0.804164
374	47    	0.504065 	0.226615 	-0.016    	0.891085
375	47    	0.408211 	0.229496 	-0.016    	0.851994
376	47    	0.450593 	0.224113 	0.111979  	0.965513
377	46    	0.440201 	0.239375 	0.113302  	0.965513
378	49    	0.383712 	0.244183 	-0.02     	0.965513
379	48    	0.347704 	0.190985 	-0.0166667	0.977554
380	45    	0.432295 	0.234238 	-0.0166665	0.977554
381	46    	0.464807 	0.241524 	-0.0166667	0.977554
382	47    	0.392328 	0.264922 	-0.02     	0.977554
383	46    	0.488694 	0.255488 	0.121551  	0.977554
384	48    	0.482847 	0.265752 	0.105142  	0.922057
385	47    	0.443594 	0.279605 	-0.0177778	0.922057
386	47    	0.489996 	0.261067 	0.122341  	0.966313
387	47    	0.512325 	0.287066 	-0.0133333	0.999925
388	45    	0.413324 	0.291482 	0.13533   	1.01532 
389	47    	0.428625 	0.288598 	-0.0133333	1.01532 
390	47    	0.40824  	0.233566 	0.162307  	0.926087
391	43    	0.481417 	0.266159 	-0.016    	1.01532 
392	44    	0.507711 	0.291145 	-0.0171428	1.03035 
393	43    	0.47756  	0.362975 	-1        	1.01532 
394	46    	0.456663 	0.380056 	-1        	1.01532 
395	49    	0.428534 	0.285325 	0.115521  	1.00885 
396	47    	0.485108 	0.28195  	-0.0171429	1.00885 
397	46    	0.466246 	0.272424 	-0.015    	1.00885 
398	43    	0.471183 	0.310806 	-0.016    	1.00885 
399	45    	0.465348 	0.319261 	-0.01     	1.00885 
400	43    	0.595664 	0.308596 	0.13882   	1.00885 
401	46    	0.453087 	0.316667 	0.0576914 	1.00885 
402	49    	0.453486 	0.304126 	-0.0177778	1.03367 
403	49    	0.384728 	0.254005 	-0.015    	0.933945
404	46    	0.40809  	0.239583 	-0.0171428	0.873948
405	47    	0.452822 	0.24878  	-0.0149999	1.00885 
406	46    	0.460721 	0.259349 	-0.016    	1.00885 
407	45    	0.501399 	0.293657 	0.0810926 	0.924749
408	47    	0.397905 	0.27965  	-0.02     	0.924749
409	49    	0.451199 	0.255384 	-0.0150001	0.867757
410	48    	0.497528 	0.255403 	0.0630525 	0.87005 
411	46    	0.442296 	0.263746 	0.105629  	0.87005 
412	46    	0.4733   	0.258861 	-0.0228572	0.885102
413	35    	0.535491 	0.261619 	-0.0150003	0.885102
414	45    	0.453478 	0.258106 	0.159909  	0.916468
415	45    	0.445141 	0.275867 	-0.015    	0.945841
416	46    	0.431191 	0.269084 	0.108988  	0.945841
417	43    	0.430701 	0.292589 	-0.0177778	0.948794
418	45    	0.393951 	0.293018 	-0.016    	0.948794
419	44    	0.367905 	0.280228 	0.102777  	0.948794
420	47    	0.382961 	0.284235 	-0.0177778	0.953423
421	45    	0.438601 	0.277971 	0.106495  	0.975493
422	47    	0.461848 	0.272174 	0.153181  	0.975493
423	46    	0.461859 	0.261089 	0.125057  	0.976907
424	46    	0.355829 	0.24554  	-0.0166667	0.976907
425	47    	0.396853 	0.236916 	0.11694   	0.902988
426	49    	0.403417 	0.274316 	0.0619297 	0.975493
427	45    	0.439919 	0.352234 	-1        	1.04155 
428	43    	0.480291 	0.323699 	0.0916443 	1.042   
429	44    	0.494581 	0.326436 	0.0812061 	1.042   
430	45    	0.527121 	0.356715 	-0.016    	1.17213 
431	44    	0.568104 	0.34191  	-0.0181818	1.17213 
432	47    	0.386442 	0.289492 	0.0761762 	1.17213 
433	47    	0.521428 	0.339031 	-1        	1.03715 
434	46    	0.487907 	0.283988 	0.117496  	0.984006
435	46    	0.560626 	0.305411 	-0.016    	1.12665 
436	46    	0.514753 	0.321333 	0.0922628 	1.10264 
437	42    	0.504415 	0.335748 	0.0889002 	1.12561 
438	42    	0.50244  	0.413423 	-1        	1.12561 
439	46    	0.432921 	0.420607 	-1        	1.12561 
440	47    	0.537301 	0.317963 	0.0642626 	1.12301 
441	44    	0.499219 	0.383892 	-1        	1.12301 
442	48    	0.466185 	0.365819 	-1        	1.12301 
443	46    	0.447499 	0.333878 	-0.0179936	1.12301 
444	48    	0.441085 	0.369492 	-1        	1.0485  
445	46    	0.522483 	0.297139 	-0.016    	1.0485  
446	46    	0.511904 	0.301926 	-0.0166667	1.0485  
447	49    	0.469152 	0.29523  	-0.0166667	1.04033 
448	48    	0.480668 	0.316494 	-0.0159965	1.0195  
449	43    	0.5301   	0.333087 	-0.0175   	1.06057 
450	46    	0.424857 	0.29495  	0.112881  	1.04573 
451	42    	0.513897 	0.314751 	-0.0175001	1.04573 
452	47    	0.518718 	0.305315 	-0.016    	1.04573 
453	46    	0.434401 	0.307697 	-0.0166652	1.04573 
454	46    	0.433971 	0.309914 	-0.0166667	1.04982 
455	44    	0.456427 	0.344635 	-0.0171429	1.04913 
456	44    	0.487114 	0.340323 	-0.0171429	1.04913 
457	47    	0.487981 	0.31651  	0.0991939 	1.04913 
458	47    	0.531324 	0.310204 	-0.016    	1.04509 
459	45    	0.50469  	0.311396 	0.102391  	1.04626 
460	47    	0.402944 	0.325698 	0.0531959 	1.04626 
461	46    	0.421141 	0.298963 	-0.0166666	1.04626 
462	46    	0.515995 	0.318255 	0.0709783 	0.981383
463	45    	0.560263 	0.328131 	-0.01     	0.982071
464	42    	0.535196 	0.329512 	-0.0177778	0.98239 
465	44    	0.538455 	0.347367 	-0.0181818	0.98239 
466	46    	0.471393 	0.33952  	-0.0177778	1.04754 
467	41    	0.560523 	0.364113 	-0.0166666	1.04754 
468	45    	0.475366 	0.326027 	-0.016    	1.04754 
469	48    	0.388253 	0.320083 	-0.0171428	1.11356 
470	44    	0.49718  	0.330409 	0.138613  	1.11356 
471	46    	0.381537 	0.30279  	-0.0175   	1.04874 
472	45    	0.563422 	0.303319 	0.128252  	1.06277 
473	46    	0.441171 	0.325294 	-0.0150002	1.14867 
474	47    	0.415612 	0.296466 	0.0643006 	1.14867 
475	45    	0.404376 	0.330782 	0.0983338 	1.14867 
476	44    	0.412865 	0.333641 	-0.0133333	1.14867 
477	44    	0.535743 	0.333329 	0.0669166 	1.14867 
478	48    	0.340385 	0.27972  	-0.0133333	1.14867 
479	44    	0.424852 	0.284473 	-0.0174999	1.06114 
480	43    	0.424172 	0.284497 	-0.016    	1.06114 
481	45    	0.431286 	0.269509 	-0.0166573	0.980705
482	45    	0.450439 	0.311787 	-0.0166637	0.980705
483	49    	0.42038  	0.288765 	-0.01     	0.979819
484	45    	0.519931 	0.26152  	0.15146   	0.979819
485	48    	0.443755 	0.25668  	0.090687  	0.979819
486	47    	0.470945 	0.256896 	-0.0177778	0.906709
487	46    	0.454389 	0.247731 	-0.016    	0.901864
488	49    	0.375618 	0.204649 	0.0686885 	0.835367
489	42    	0.453983 	0.225223 	0.0822094 	0.847793
490	46    	0.437035 	0.217764 	-0.0133333	0.847793
491	49    	0.411362 	0.212541 	0.085737  	0.879641
492	49    	0.444995 	0.218568 	0.0860956 	0.881127
493	50    	0.391202 	0.184094 	0.117016  	0.793917
494	48    	0.450112 	0.187918 	0.0631708 	0.789498
495	46    	0.452602 	0.199415 	0.128725  	0.80269 
496	47    	0.460805 	0.186149 	0.151308  	0.80269 
497	50    	0.440166 	0.22357  	0.163186  	0.879401
498	45    	0.491616 	0.244663 	0.134486  	0.879401
499	49    	0.434138 	0.258503 	-0.015    	0.908609
500	46    	0.546676 	0.256325 	0.0500642 	0.999591
501	48    	0.426791 	0.271446 	-0.0171428	0.999591
502	48    	0.364999 	0.24556  	-0.016    	1.00155 
503	45    	0.422082 	0.246747 	-0.0149999	1.00155 
504	50    	0.45075  	0.234588 	-0.016    	0.901839
505	47    	0.404057 	0.257633 	-0.02     	0.908609
506	46    	0.437588 	0.282613 	-0.016    	0.938813
507	46    	0.364332 	0.233972 	-0.0166666	0.978605
508	49    	0.354793 	0.220955 	0.0936008 	0.978605
509	44    	0.456692 	0.292299 	-0.0133333	0.978605
510	43    	0.538888 	0.307155 	-0.015    	1.00177 
511	45    	0.461012 	0.307114 	-0.0150002	1.00177 
512	42    	0.51644  	0.332172 	0.113622  	1.05844 
513	46    	0.503999 	0.325302 	0.119823  	1.05844 
514	46    	0.467426 	0.312035 	-0.0171389	1.05844 
515	48    	0.408361 	0.258058 	0.0926304 	0.983601
516	45    	0.431481 	0.265701 	-0.0175   	0.978605
517	48    	0.507928 	0.274469 	-0.0166634	0.978605
518	49    	0.42478  	0.257834 	-0.0175   	0.964534
519	48    	0.434991 	0.232777 	0.181772  	0.994351
520	48    	0.424559 	0.240265 	-0.015    	1.01943 
521	44    	0.425286 	0.237693 	-0.0110454	0.994351
522	48    	0.488474 	0.265899 	-0.0166667	0.994351
523	44    	0.417001 	0.240629 	0.102011  	0.922184
524	46    	0.4206   	0.263236 	0.0745732 	1.00535 
525	48    	0.394862 	0.247316 	0.0853543 	0.999143
526	45    	0.431425 	0.240325 	0.11866   	1.01624 
527	46    	0.39987  	0.241897 	-0.01     	0.999143
528	43    	0.462678 	0.261114 	0.0822282 	0.999143
529	42    	0.524469 	0.296474 	0.142945  	1.01628 
530	48    	0.350633 	0.271023 	-0.0171427	1.01715 
531	47    	0.389484 	0.276796 	-0.0171428	1.01715 
532	48    	0.435309 	0.292608 	-0.016    	1.01914 
533	41    	0.496614 	0.309441 	-0.0177778	1.01914 
534	43    	0.457595 	0.296929 	0.0854535 	1.01778 
535	47    	0.388465 	0.233181 	-0.016    	1.01778 
536	48    	0.386086 	0.245905 	0.0626574 	1.01778 
537	47    	0.477654 	0.277102 	-0.01     	1.01778 
538	45    	0.456991 	0.269938 	0.0840676 	1.01715 
539	50    	0.428428 	0.238418 	-0.0133332	0.932682
540	46    	0.498206 	0.243673 	-0.016    	0.932682
541	46    	0.455101 	0.260569 	0.0856312 	0.932682
542	42    	0.519234 	0.284092 	-0.0133333	0.932682
543	47    	0.393679 	0.232061 	-0.016    	0.927578
544	43    	0.532037 	0.278414 	0.123754  	1.00595 
545	46    	0.506996 	0.27701  	0.144414  	1.00394 
546	47    	0.532378 	0.27781  	0.115122  	1.00394 
547	43    	0.476836 	0.282544 	0.135947  	0.932682
548	48    	0.456956 	0.277718 	-0.016    	1.00645 
549	49    	0.441674 	0.242864 	0.0951387 	0.933132
550	45    	0.47414  	0.254612 	-0.0166667	1.01733 
551	46    	0.471177 	0.282781 	-0.0133337	0.922496
552	45    	0.475762 	0.26222  	0.0946907 	0.994005
553	48    	0.451509 	0.250466 	0.125307  	0.991932
554	47    	0.379494 	0.229315 	-0.0133332	0.925718
555	48    	0.393322 	0.207491 	0.0851806 	0.933437
556	50    	0.371198 	0.203651 	0.0805431 	0.945141
557	47    	0.414099 	0.236802 	-0.02     	0.909584
558	45    	0.493576 	0.251844 	0.0810165 	0.925168
559	46    	0.489365 	0.261454 	0.112408  	0.912246
560	42    	0.558119 	0.294992 	-0.015    	0.967353
561	48    	0.501901 	0.27807  	-0.01     	0.96413 
562	47    	0.441052 	0.257778 	0.0881009 	0.957658
563	46    	0.473627 	0.24354  	-0.0177777	0.955371
564	46    	0.574633 	0.290139 	-0.0177778	0.994227
565	48    	0.55269  	0.24019  	0.0862314 	0.957734
566	45    	0.504155 	0.254562 	0.128624  	0.964468
567	46    	0.518013 	0.246628 	0.146933  	0.990499
568	47    	0.505003 	0.246844 	0.0658203 	0.8909  
569	47    	0.517352 	0.320339 	-1        	0.975583
570	47    	0.539586 	0.246957 	0.156685  	0.975583
571	45    	0.567532 	0.26707  	0.126     	1.00787 
572	46    	0.509994 	0.301942 	0.106674  	1.05741 
573	47    	0.443942 	0.295688 	-0.016664 	1.00823 
574	46    	0.473204 	0.278785 	-0.015    	0.975583
575	44    	0.491003 	0.315122 	-0.0175   	1.05741 
576	45    	0.397713 	0.297144 	-0.0160001	1.00823 
577	48    	0.464686 	0.29859  	0.0758943 	1.05741 
578	45    	0.491484 	0.313813 	0.0663521 	1.05741 
579	46    	0.514494 	0.329451 	-0.0166592	1.05741 
580	48    	0.453825 	0.343414 	-0.0177778	1.05741 
581	47    	0.431475 	0.283112 	-0.015    	0.974077
582	42    	0.539371 	0.290643 	0.115176  	0.974077
583	44    	0.554098 	0.316562 	0.113802  	1.07375 
584	44    	0.541729 	0.333757 	-0.0149996	1.07585 
585	45    	0.557876 	0.346471 	0.0735618 	1.07585 
586	47    	0.559544 	0.361906 	-0.0171429	1.1348  
587	47    	0.469425 	0.346524 	-0.0175   	1.06066 
588	46    	0.507944 	0.323446 	-0.01281  	1.05469 
589	48    	0.44807  	0.309587 	-0.0175   	0.99124 
590	50    	0.480449 	0.304078 	-0.018    	1.00124 
591	46    	0.548452 	0.31287  	-0.0175   	1.00451 
592	49    	0.513936 	0.283066 	0.107483  	1.00957 
593	47    	0.453084 	0.281906 	-0.02     	1.07756 
594	47    	0.452464 	0.295136 	-0.0166634	1.07756 
595	45    	0.499312 	0.338284 	-0.0199999	1.07756 
596	46    	0.452951 	0.328055 	-0.02     	1.07756 
597	45    	0.47967  	0.285519 	0.0902311 	1.00178 
598	49    	0.436149 	0.27074  	0.0683197 	0.930357
599	43    	0.476387 	0.293723 	-0.01     	1.00178 
600	40    	0.548003 	0.330654 	-0.01     	1.00178 
601	48    	0.409805 	0.31425  	-0.0180001	1.06578 
602	47    	0.462023 	0.316031 	-0.018    	1.00181 
603	45    	0.444766 	0.315313 	0.0941261 	1.00342 
604	48    	0.460127 	0.29192  	0.0976367 	1.07376 
605	45    	0.510659 	0.311973 	-0.0166667	1.07376 
606	46    	0.403903 	0.316529 	-0.0171427	1.00342 
607	45    	0.463135 	0.305947 	-0.0166667	1.00342 
608	46    	0.465063 	0.320475 	-0.0177778	1.00342 
609	47    	0.374677 	0.269192 	-0.0166666	1.00342 
610	44    	0.464717 	0.282425 	-0.0149999	1.00342 
611	45    	0.510468 	0.292682 	0.132072  	1.00342 
612	47    	0.482645 	0.289544 	0.156     	1.00342 
613	43    	0.581756 	0.296815 	0.184858  	1.00342 
614	43    	0.497796 	0.316948 	0.106971  	1.00342 
615	49    	0.374228 	0.279986 	-0.01     	1.00342 
616	45    	0.4684   	0.307463 	0.10739   	1.06804 
617	49    	0.510079 	0.317021 	-0.0180001	1.06804 
618	47    	0.451649 	0.297701 	-0.015    	1.06804 
619	46    	0.520609 	0.301115 	-0.016    	1.06804 
620	46    	0.408786 	0.263272 	-0.0177778	1.05361 
621	42    	0.543179 	0.266912 	-0.0133333	1.05361 
622	46    	0.556437 	0.331159 	-0.0171429	1.05554 
623	49    	0.511103 	0.292167 	-0.0150002	1.12286 
624	46    	0.527383 	0.331444 	0.112367  	1.12286 
625	48    	0.506686 	0.338405 	0.0944695 	1.13757 
626	46    	0.582567 	0.321146 	-0.0166666	1.13757 
627	48    	0.535497 	0.369738 	-0.0171428	1.09504 
628	46    	0.507421 	0.35304  	-0.0160001	1.07866 
629	48    	0.402342 	0.290183 	0.10621   	1.07866 
630	49    	0.369765 	0.264439 	-0.016    	0.981959
631	49    	0.413736 	0.223659 	-0.016    	0.904147
632	46    	0.487185 	0.259964 	-0.0133333	0.904147
633	47    	0.562269 	0.2636   	0.104673  	0.91526 
634	47    	0.428184 	0.286501 	-0.0166667	1.06035 
635	44    	0.475712 	0.318047 	-0.0166652	1.06035 
636	45    	0.391867 	0.290325 	-0.02     	1.06035 
637	48    	0.444174 	0.271887 	0.127852  	0.938903
638	46    	0.556009 	0.289665 	-0.015    	1.05416 
639	45    	0.464074 	0.276602 	0.154476  	1.05416 
640	45    	0.469038 	0.292108 	0.0744964 	1.05416 
641	49    	0.410474 	0.252265 	0.0757295 	0.978698
642	48    	0.464484 	0.232979 	0.109341  	0.981717
643	46    	0.43162  	0.278081 	-0.016    	0.981717
644	46    	0.512813 	0.266989 	0.115581  	1.05416 
645	42    	0.519208 	0.295732 	0.119016  	1.05416 
646	47    	0.502341 	0.268606 	0.0941151 	0.936454
647	47    	0.464885 	0.280663 	-0.0133337	0.983294
648	47    	0.398221 	0.291527 	-0.0175   	0.983294
649	44    	0.440909 	0.288657 	0.0593131 	0.983294
650	42    	0.495671 	0.317419 	-0.015    	0.975418
651	43    	0.50475  	0.336555 	-0.02     	0.983294
652	49    	0.480267 	0.326622 	0.0531983 	1.06986 
653	47    	0.471905 	0.299016 	-0.01     	1.11727 
654	47    	0.455279 	0.33679  	-0.02     	1.11727 
655	48    	0.374653 	0.304131 	-0.0133333	1.11727 
656	47    	0.404079 	0.313439 	-0.0166666	1.11727 
657	47    	0.446604 	0.300611 	-0.0166667	0.991778
658	47    	0.510307 	0.257848 	0.0992069 	0.991778
659	48    	0.507753 	0.319071 	-0.02     	1.05944 
660	46    	0.498306 	0.313178 	-0.0175001	1.06355 
661	50    	0.394689 	0.264752 	-0.01     	0.911033
662	48    	0.455428 	0.284744 	0.145798  	0.991778
663	46    	0.49128  	0.305217 	-0.0160001	0.991778
664	44    	0.569012 	0.32031  	-0.01     	1.06355 
665	43    	0.526881 	0.35932  	0.0534273 	1.06355 
666	48    	0.535574 	0.323249 	0.0849411 	1.06355 
667	46    	0.504642 	0.329731 	-0.0159954	1.06355 
668	44    	0.479233 	0.326695 	0.0982015 	1.06355 
669	45    	0.362595 	0.284357 	0.0723424 	1.06246 
670	42    	0.430262 	0.290495 	0.0647236 	1.06246 
671	46    	0.511101 	0.298989 	0.0532435 	1.06246 
672	45    	0.463719 	0.296377 	0.0637308 	1.06246 
673	44    	0.485465 	0.304896 	-0.0166666	1.05647 
674	45    	0.505494 	0.352451 	-0.0159999	1.06989 
675	47    	0.408535 	0.364008 	-0.0166667	1.06355 
676	41    	0.51151  	0.379977 	-0.0166667	1.06355 
677	45    	0.395177 	0.342025 	-0.0133333	1.06355 
678	48    	0.424362 	0.31316  	-0.0166667	1.06355 
679	45    	0.529107 	0.315854 	0.11092   	1.06355 
680	47    	0.446677 	0.336654 	-0.0159977	1.06355 
681	46    	0.413866 	0.301471 	-0.0159951	1.05647 
682	45    	0.534201 	0.346031 	-0.015    	1.06355 
683	47    	0.436109 	0.297973 	0.0667712 	1.05647 
684	43    	0.480566 	0.313348 	0.0749058 	1.05647 
685	41    	0.553547 	0.33321  	0.100506  	1.05647 
686	47    	0.41446  	0.323793 	-0.0171429	1.05647 
687	48    	0.501738 	0.310966 	0.112311  	1.05647 
688	46    	0.467047 	0.322943 	0.103329  	1.05552 
689	46    	0.455048 	0.329308 	0.0637881 	1.06431 
690	46    	0.53392  	0.339403 	0.114242  	1.06431 
691	47    	0.438077 	0.314687 	-0.0150001	1.06431 
692	44    	0.53325  	0.332081 	0.0946809 	1.06431 
693	46    	0.449408 	0.331758 	-0.0175001	1.06467 
694	45    	0.518391 	0.353379 	-0.01     	1.11983 
695	47    	0.419217 	0.324108 	-0.015    	1.06467 
696	48    	0.3542   	0.272432 	-0.0177778	0.963724
697	47    	0.434067 	0.274141 	-0.016    	0.96272 
698	48    	0.491528 	0.259419 	-0.0166667	0.908677
699	46    	0.428302 	0.284672 	0.0702461 	1.04346 
700	47    	0.561944 	0.311068 	0.109053  	1.04346 
701	46    	0.503058 	0.333803 	-0.0166668	1.04292 
702	45    	0.442002 	0.322084 	0.132976  	1.04292 
703	45    	0.479967 	0.311001 	0.083735  	1.04292 
704	47    	0.493847 	0.343399 	-0.0175   	1.12367 
705	43    	0.48548  	0.354068 	0.0982813 	1.12367 
706	49    	0.386855 	0.301188 	-0.0166666	0.98318 
707	44    	0.504638 	0.310728 	0.0661885 	0.984514
708	49    	0.453209 	0.324251 	-0.0160001	1.16205 
709	44    	0.52402  	0.302119 	0.10495   	0.967152
710	49    	0.526767 	0.294943 	0.10167   	0.988229
711	45    	0.513611 	0.323168 	-0.0175001	0.987495
712	47    	0.48169  	0.296694 	-0.0171429	1.07068 
713	46    	0.585267 	0.328813 	-0.0177778	1.07068 
714	49    	0.397482 	0.309714 	-0.0171428	0.986384
715	43    	0.512693 	0.314603 	-0.0160001	0.986384
716	42    	0.524506 	0.29982  	-0.016    	0.986384
717	47    	0.508013 	0.298108 	-0.0150003	0.91635 
718	44    	0.575988 	0.296441 	0.120514  	0.97831 
719	43    	0.459633 	0.313337 	0.0483207 	0.97831 
720	45    	0.478082 	0.308027 	-0.0166596	0.981389
721	50    	0.374043 	0.260125 	-0.0171428	0.900765
722	45    	0.506147 	0.232537 	0.0909536 	0.981389
723	47    	0.415854 	0.270878 	-0.016    	0.91635 
724	49    	0.40794  	0.242607 	-0.0171429	0.916192
725	47    	0.395173 	0.261494 	-0.0183334	0.904426
726	44    	0.446146 	0.253503 	-0.0166667	0.904426
727	47    	0.458445 	0.256297 	0.0741942 	0.904502
728	49    	0.453065 	0.29322  	-0.02     	0.896773
729	44    	0.360822 	0.285906 	-0.018    	0.896773
730	47    	0.435199 	0.299782 	0.0764943 	0.975737
731	50    	0.405326 	0.270588 	-0.0133334	0.908137
732	46    	0.417296 	0.24715  	0.0977717 	0.908137
733	44    	0.463859 	0.273224 	-0.0133333	0.912288
734	45    	0.511063 	0.273255 	0.0764851 	0.912288
735	46    	0.416761 	0.28683  	-0.0160001	0.910875
736	44    	0.450952 	0.284082 	-0.00670266	0.910875
737	47    	0.50056  	0.283989 	-0.018     	0.929623
738	50    	0.418985 	0.269926 	-0.016     	0.916195
739	44    	0.545527 	0.272519 	-0.016     	0.975642
740	46    	0.531216 	0.280185 	0.11174    	1.03679 
741	47    	0.533877 	0.300998 	0.112356   	1.04144 
742	47    	0.512034 	0.290376 	-0.0166667 	0.981565
743	48    	0.456311 	0.287743 	-0.0159967 	0.979448
744	48    	0.514471 	0.307129 	-0.0166667 	1.04933 
745	48    	0.561822 	0.291238 	0.100223   	0.979085
746	46    	0.544543 	0.277627 	0.158178   	0.982534
747	46    	0.47712  	0.300605 	-0.015     	0.982534
748	44    	0.500195 	0.30896  	-0.015     	0.982534
749	44    	0.584138 	0.294778 	0.141113   	0.982534
750	49    	0.476623 	0.293152 	-0.015     	1.06229 
751	49    	0.43718  	0.266913 	-0.016     	1.06229 
752	47    	0.454308 	0.260808 	-0.0159999 	0.913076
753	47    	0.556341 	0.254278 	0.0900486  	0.97086 
754	47    	0.502045 	0.275813 	0.126243   	0.97086 
755	45    	0.482179 	0.291526 	-0.0166667 	0.916534
756	45    	0.493234 	0.287016 	0.0578744  	0.916534
757	49    	0.472703 	0.27815  	-0.0159949 	0.99012 
758	47    	0.548544 	0.277921 	0.139462   	1.06723 
759	47    	0.513748 	0.33382  	0.127903   	1.06723 
760	47    	0.481172 	0.334539 	-0.015     	1.11862 
761	44    	0.505258 	0.318216 	0.125705   	1.11862 
762	48    	0.500114 	0.319923 	-0.016     	1.05712 
763	48    	0.497966 	0.299198 	-0.0133334 	1.04493 
764	49    	0.497739 	0.290581 	-0.016     	0.981121
765	44    	0.516492 	0.299691 	-0.0133334 	1.02699 
766	47    	0.471751 	0.310241 	-0.016     	1.04214 
767	42    	0.456403 	0.310274 	-0.0171429 	1.02699 
768	47    	0.467003 	0.282808 	-0.018     	1.04172 
769	45    	0.479434 	0.290589 	-0.0175    	1.02846 
770	50    	0.524286 	0.286532 	-0.017143  	1.04939 
771	48    	0.426107 	0.287592 	-0.0166638 	0.982459
772	48    	0.453595 	0.257719 	0.115383   	0.982459
773	43    	0.490639 	0.292109 	-0.016     	0.982459
774	46    	0.436377 	0.296813 	-0.0174999 	0.982459
775	45    	0.533599 	0.300629 	-0.016     	0.982459
776	44    	0.490018 	0.321671 	0.113377   	0.983085
777	48    	0.508766 	0.314369 	-0.0181818 	0.985773
778	47    	0.510268 	0.300462 	-0.0149999 	1.05115 
779	44    	0.546352 	0.295147 	-0.0171429 	1.05115 
780	48    	0.439318 	0.273409 	0.133781   	1.05115 
781	42    	0.546248 	0.308123 	0.0660066  	1.05115 
782	46    	0.545496 	0.323495 	0.0918675  	1.05115 
783	45    	0.559575 	0.336252 	-0.01      	1.05115 
784	45    	0.523899 	0.298494 	0.0977334  	0.985798
785	46    	0.528598 	0.29687  	0.0751549  	0.985798
786	43    	0.546207 	0.309902 	-0.0166666 	0.985798
787	49    	0.449454 	0.314285 	0.0968086  	0.982738
788	45    	0.484134 	0.287014 	0.0797729  	1.06127 
789	44    	0.511398 	0.280886 	0.118161   	1.06127 
790	47    	0.577652 	0.297711 	-0.0166652 	1.06127 
791	46    	0.461807 	0.301506 	-0.018     	1.06127 
792	47    	0.488188 	0.296094 	-0.016     	1.04837 
793	47    	0.520138 	0.278226 	-0.0133333 	1.04837 
794	45    	0.520926 	0.298515 	-0.015     	1.04837 
795	47    	0.53049  	0.318158 	-0.016     	1.12684 
796	45    	0.478064 	0.303262 	0.0588905  	1.12684 
797	47    	0.442346 	0.310934 	0.105919   	1.12684 
798	48    	0.504874 	0.305742 	0.0857926  	1.12684 
799	50    	0.453769 	0.309031 	0.069302   	1.12684 
800	44    	0.449829 	0.300567 	-0.0159967 	1.12684 
801	47    	0.443815 	0.295589 	-0.0175    	0.980756
802	44    	0.511869 	0.317936 	-0.0150001 	1.02569 
803	45    	0.494263 	0.280378 	0.125539   	1.02569 
804	45    	0.477403 	0.242156 	0.067788   	1.02569 
805	45    	0.472785 	0.267187 	0.0828688  	1.02569 
806	46    	0.506026 	0.284275 	-0.015992  	1.02569 
807	48    	0.428651 	0.348311 	-1         	1.02569 
808	46    	0.510231 	0.282227 	0.10958    	1.01669 
809	48    	0.480995 	0.349114 	-1         	1.01669 
810	49    	0.436589 	0.251408 	-0.0166666 	1.01878 
811	49    	0.437047 	0.22209  	-0.015     	0.857922
812	44    	0.487243 	0.296927 	-1         	0.915054
813	46    	0.483566 	0.316487 	-1         	1.00291 
814	45    	0.477582 	0.292461 	-0.0171428 	1.00291 
815	45    	0.528397 	0.272596 	0.108006   	0.97942 
816	47    	0.427354 	0.385365 	-1         	0.982317
817	46    	0.538856 	0.282159 	0.120097   	1.0011  
818	46    	0.537604 	0.269963 	0.149519   	1.06504 
819	46    	0.564953 	0.311817 	0.128346   	1.06504 
820	41    	0.511232 	0.337614 	0.0796151  	1.06504 
821	48    	0.474644 	0.296139 	0.15359    	1.06504 
822	47    	0.46991  	0.27863  	0.089834   	0.993873
823	47    	0.388072 	0.378734 	-1         	0.978231
824	44    	0.46497  	0.325146 	-1         	0.980939
825	47    	0.465272 	0.333737 	-1         	0.980939
826	46    	0.521608 	0.271644 	0.193765   	1.09787 
827	45    	0.447944 	0.411215 	-1         	1.09787 
828	47    	0.401571 	0.401587 	-1         	1.09787 
829	47    	0.506704 	0.285726 	0.171279   	1.10549 
830	44    	0.494917 	0.354784 	-1         	1.00327 
831	45    	0.494028 	0.363945 	-1         	1.00327 
832	47    	0.484362 	0.373856 	-1         	1.05261 
833	44    	0.482573 	0.366496 	-1         	1.05261 
834	50    	0.389985 	0.339176 	-1         	1.01081 
835	45    	0.476101 	0.351784 	-1         	1.01081 
836	46    	0.350868 	0.48115  	-1         	1.01081 
837	48    	0.543613 	0.268215 	0.15854    	1.05261 
838	48    	0.475324 	0.311091 	-1         	1.01081 
839	48    	0.431008 	0.339902 	-1         	1.05554 
840	44    	0.500323 	0.266297 	0.129137   	1.05554 
841	47    	0.389757 	0.452064 	-1         	1.05554 
842	46    	0.51885  	0.338617 	-1         	1.05554 
843	45    	0.409813 	0.443263 	-1         	1.05554 
844	47    	0.410424 	0.447069 	-1         	1.05554 
845	47    	0.470845 	0.326008 	-1         	0.944053
846	46    	0.484254 	0.437231 	-1         	1.01283 
847	45    	0.479781 	0.332525 	-1         	0.978922
848	47    	0.367608 	0.480324 	-1         	0.98682 
849	44    	0.521605 	0.255152 	0.0983338  	0.976683
850	43    	0.468905 	0.391187 	-1         	1.05293 
851	48    	0.476058 	0.404915 	-1         	1.04289 
852	45    	0.537551 	0.337065 	-1         	1.04289 
853	45    	0.465044 	0.275256 	-0.014997  	1.04289 
854	44    	0.519799 	0.305287 	0.160937   	1.07126 
855	44    	0.497671 	0.311901 	-0.0166638 	1.11827 
856	46    	0.551802 	0.330357 	-0.015     	1.11827 
857	46    	0.438218 	0.347165 	-0.018     	1.11827 
858	49    	0.449478 	0.31297  	-0.0171429 	1.11772 
859	45    	0.547536 	0.330369 	-0.016     	1.1524  
860	43    	0.492019 	0.340713 	-0.0175001 	1.1524  
861	45    	0.500479 	0.362106 	-0.0133334 	1.1524  
862	44    	0.436216 	0.343492 	-0.0175    	1.1524  
863	46    	0.471019 	0.351739 	0.100969   	1.1524  
864	47    	0.455668 	0.337751 	-0.0171429 	1.1524  
865	48    	0.446427 	0.336931 	-0.016     	1.1524  
866	48    	0.414567 	0.312107 	-0.015     	1.1524  
867	45    	0.533365 	0.360298 	0.0633648  	1.1524  
868	47    	0.450065 	0.344833 	-0.0171428 	1.1524  
869	46    	0.446414 	0.332772 	-0.0166667 	1.17628 
870	47    	0.357268 	0.277207 	-0.0177778 	1.06054 
871	49    	0.437508 	0.40586  	-1         	1.06016 
872	47    	0.444892 	0.268439 	0.0948072  	1.07141 
873	46    	0.430944 	0.289809 	-0.016     	1.07141 
874	48    	0.455181 	0.263981 	0.13265    	1.07141 
875	49    	0.395272 	0.348109 	-1         	1.1867  
876	46    	0.466678 	0.31385  	0.105333   	1.1867  
877	45    	0.4562   	0.318767 	-0.0166667 	1.1867  
878	45    	0.502454 	0.340712 	-0.0200001 	1.1867  
879	46    	0.453723 	0.338214 	-0.016     	1.1867  
880	47    	0.451895 	0.304198 	-0.02      	1.1867  
881	42    	0.519693 	0.335491 	0.0866016  	1.1867  
882	47    	0.42302  	0.355093 	0.0494582  	1.1867  
883	46    	0.364365 	0.318663 	-0.0175001 	1.1867  
884	44    	0.496329 	0.310361 	-0.0175    	1.1867  
885	47    	0.471003 	0.346025 	0.116409   	1.1867  
886	45    	0.374785 	0.28317  	-0.0150003 	1.18608 
887	49    	0.478318 	0.30413  	0.0604747  	1.18608 
888	43    	0.495143 	0.397886 	-1         	1.18608 
889	45    	0.497389 	0.339591 	-0.0171428 	1.18608 
890	44    	0.564846 	0.36831  	0.0984322  	1.18608 
891	45    	0.464539 	0.347261 	0.100055   	1.09241 
892	47    	0.416133 	0.340059 	-0.0133338 	1.09241 
893	46    	0.350304 	0.39595  	-1         	1.0285  
894	49    	0.185856 	0.609427 	-1         	1.0285  
895	49    	0.382768 	0.371056 	-1         	0.980855
896	48    	0.498291 	0.254829 	-0.015     	1.04728 
897	46    	0.499706 	0.287498 	0.0664261  	0.983391
898	49    	0.490893 	0.274483 	-0.02      	0.977272
899	49    	0.468745 	0.290314 	-0.0177778 	1.04588 
900	49    	0.465073 	0.315612 	-0.0175    	1.04892 
901	44    	0.523857 	0.31344  	0.106441   	1.04892 
902	47    	0.466247 	0.296573 	-0.0166667 	1.04892 
903	44    	0.481059 	0.308328 	-0.0183334 	1.04588 
904	46    	0.516369 	0.314691 	-0.0166667 	1.04892 
905	46    	0.522735 	0.282277 	0.165711   	0.985024
906	49    	0.504523 	0.272036 	0.0598842  	0.985024
907	49    	0.477429 	0.28458  	-0.0171428 	0.981464
908	45    	0.485426 	0.325583 	-0.015     	1.06927 
909	44    	0.561909 	0.295558 	0.0595999  	1.06927 
910	46    	0.496252 	0.302683 	-0.016     	1.06927 
911	50    	0.493911 	0.313799 	0.093337   	1.06627 
912	45    	0.528362 	0.329555 	0.0588009  	1.04671 
913	45    	0.407235 	0.322859 	-0.0171429 	1.04671 
914	44    	0.386895 	0.304342 	0.0588009  	0.981464
915	43    	0.482655 	0.300771 	-0.0166667 	0.978024
916	47    	0.4111   	0.330647 	-0.0184615 	0.978024
917	43    	0.519588 	0.311512 	-0.0177778 	0.97866 
918	48    	0.458662 	0.311331 	0.0530826  	0.981464
919	48    	0.434828 	0.300727 	-0.016     	0.983848
920	46    	0.479169 	0.312604 	-0.0171429 	0.970224
921	47    	0.448761 	0.279734 	-0.0150002 	0.970224
922	48    	0.501722 	0.266559 	0.12917    	0.970224
923	49    	0.499305 	0.277888 	0.045655   	0.981602
924	49    	0.538004 	0.279507 	-0.015     	0.989155
925	46    	0.442816 	0.288945 	0.111377   	1.01414 
926	49    	0.431294 	0.271736 	0.0662109  	1.04741 
927	44    	0.620634 	0.292567 	0.128497   	1.06164 
928	43    	0.541113 	0.35043  	0.0997768  	1.07629 
929	45    	0.507716 	0.321179 	0.122526   	1.07629 
930	45    	0.622418 	0.367378 	0.06978    	1.14881 
931	45    	0.600522 	0.357763 	0.122328   	1.14881 
932	45    	0.619922 	0.353385 	0.0533451  	1.14881 
933	46    	0.470704 	0.384069 	-0.015     	1.14881 
934	46    	0.534605 	0.369747 	-0.016     	1.14424 
935	46    	0.547762 	0.364922 	-0.0175    	1.14424 
936	46    	0.520166 	0.376709 	0.0426212  	1.14424 
937	46    	0.468924 	0.385841 	-0.0166666 	1.14424 
938	47    	0.546844 	0.380841 	0.0572432  	1.14424 
939	45    	0.392232 	0.405902 	-1         	1.14424 
940	46    	0.424148 	0.354247 	-0.0160001 	1.14424 
941	44    	0.574921 	0.396967 	-0.0166667 	1.14424 
942	48    	0.439031 	0.358402 	-0.0177778 	1.14424 
943	45    	0.515959 	0.356829 	-0.0166667 	1.14424 
944	49    	0.418352 	0.307582 	-0.0177778 	1.10749 
945	45    	0.516089 	0.303815 	0.0680547  	1.01414 
946	47    	0.464585 	0.318591 	-0.0133333 	1.13954 
947	41    	0.6104   	0.427763 	-1         	1.1929  
948	48    	0.428952 	0.314332 	0.105393   	1.09773 
949	45    	0.488065 	0.325439 	-0.01      	1.09773 
950	45    	0.466839 	0.382697 	-1         	1.09773 
951	46    	0.553968 	0.323843 	-0.0166667 	1.09773 
952	45    	0.546349 	0.359533 	-0.0175    	1.14569 
953	48    	0.409436 	0.319722 	-0.015     	1.14569 
954	46    	0.421178 	0.354826 	-1         	1.0164  
955	48    	0.395418 	0.320051 	-1         	1.0164  
956	48    	0.48056  	0.272156 	0.13398    	0.991846
957	45    	0.550331 	0.35138  	-1         	0.991846
958	46    	0.467132 	0.289687 	-0.0150003 	1.00558 
959	44    	0.533191 	0.277494 	0.16061    	0.991846
960	49    	0.420361 	0.250827 	-0.0171429 	0.925999
961	44    	0.466967 	0.322716 	-1         	0.946913
962	48    	0.403861 	0.323733 	-1         	0.932229
963	47    	0.511628 	0.241349 	0.173351   	0.932229
964	45    	0.473845 	0.329149 	-1         	0.932229
965	50    	0.489632 	0.240013 	0.0728412  	0.933063
966	44    	0.486832 	0.25897  	-0.016     	0.933063
967	48    	0.486582 	0.254057 	-0.0177778 	0.93263 
968	43    	0.517225 	0.263048 	0.184592   	0.93263 
969	46    	0.500518 	0.25089  	0.0841478  	0.956903
970	43    	0.537781 	0.25043  	0.219217   	0.956903
971	43    	0.502029 	0.276735 	0.187643   	0.956903
972	44    	0.447278 	0.407339 	-1         	0.956903
973	50    	0.427416 	0.221495 	0.16072    	0.957696
974	45    	0.391674 	0.367087 	-1         	0.957696
975	45    	0.472058 	0.342899 	-1         	0.957696
976	47    	0.421001 	0.236587 	-0.0175    	0.957696
977	45    	0.454129 	0.231666 	-0.0133333 	0.957696
978	46    	0.522222 	0.322376 	-1         	0.957696
979	45    	0.469467 	0.238723 	0.142073   	0.878855
980	49    	0.423428 	0.292192 	-1         	0.85991 
981	47    	0.423601 	0.210704 	0.04113    	0.957741
982	45    	0.470052 	0.236497 	0.114013   	0.957741
983	47    	0.485416 	0.271275 	-0.0177777 	0.95885 
984	45    	0.434648 	0.376615 	-1         	0.957741
985	47    	0.496135 	0.33138  	-1         	0.959126
986	44    	0.4934   	0.404151 	-1         	1.01391 
987	45    	0.511795 	0.333797 	-1         	0.959126
988	45    	0.533256 	0.342113 	-1         	0.959126
989	48    	0.419097 	0.425103 	-1         	0.95885 
990	46    	0.33765  	0.446392 	-1         	0.95885 
991	47    	0.277749 	0.515972 	-1         	0.95885 
992	45    	0.469833 	0.360462 	-1         	0.956726
993	43    	0.403624 	0.47199  	-1         	0.956726
994	46    	0.382448 	0.425975 	-1         	1.01323 
995	47    	0.392351 	0.36223  	-1         	0.956726
996	47    	0.327047 	0.381012 	-1         	0.907272
997	47    	0.24075  	0.495829 	-1         	1.01323 
998	47    	0.296733 	0.513671 	-1         	1.01924 
999	41    	0.457273 	0.374525 	-1         	1.01924 
1000	44    	0.412382 	0.432753 	-1         	1.02161 
Best individuals:
(1.1929002555030512,) 	-->	 /*9*/DDDDRRBFLFRBUUUUU
VMNeuronManager.autoload: Neuro classes added: Delay Light Nn PIDP PIDV SeeLight SeeLight2 S0 S1 Thr 
UserScripts.autoload: 19 user scripts added.
Simulator.load: Loading from 'eval-allcriteria.sim'
Loader.load: Comments read from file follow:
Loader.load:  Sample settings for evaluating many criteria of performance of a Framsticks creature.
Loader.load:  See the "evalcount" parameter if you want to speed the evaluation up or have a more stable result.
Loader.load:  Other important parameters are "Energy0" and "perfperiod".
Loader.load:  Put this file in the "data" subdirectory within the Framsticks distribution.
Simulator.load: Settings loaded from 'eval-allcriteria.sim'
Simulator.load: Loading from 'deterministic.sim'
Loader.load: Comments read from file follow:
Loader.load:  Parameter values that make the evaluation of a Framsticks creature deterministic.
Loader.load:  The values turn off random noise, so evaluation of the same genotype will always yield the same performance.
Loader.load:  The advantage is that you do not need to evaluate a genotype many times, and performance values are reliable.
Loader.load:  The disadvantage is that evolved creatures are "overfitting", i.e. rely entirely on the specific environment,
Loader.load:  and their behavior may be different in any other environment or (even slightly) changed conditions or parameter values,
Loader.load:  so each creature evolved using these settings must be later inspected using exactly the same setup.
Loader.load: 
Loader.load:  Before loading this file, load base settings, e.g. "eval-allcriteria.sim".
Loader.load:  Put this file in the "data" subdirectory within the Framsticks distribution.
Simulator.load: Settings loaded from 'deterministic.sim'
Simulator.load: Loading from 'sample-period-2.sim'
Loader.load: Comments read from file follow:
Loader.load:  Very low "performance sampling period" in the first population to sample performance very often during lifespan
Loader.load:  and avoid overlooking some behavior. Averaged performance of sampled values is returned as the final value.
Loader.load:  See http://www.framsticks.com/a/al_params.html#exper-perfcalc
Loader.load: 
Loader.load:  Before loading this file, load base settings, e.g. "eval-allcriteria.sim".
Loader.load:  Put this file in the "data" subdirectory within the Framsticks distribution.
Simulator.load: Loading from 'f9-mut-005.sim'
Simulator.load: Settings loaded from 'f9-mut-005.sim'
