gen	nevals	avg     	stddev	min     	max     
0  	50    	0.218369	0     	0.218369	0.218369
1  	46    	0.0728769	0.107119	-0.0160001	0.233877
2  	46    	0.0986478	0.109565	-0.016    	0.234772
3  	46    	0.100279 	0.108241	-0.0160002	0.235956
4  	46    	0.118533 	0.113576	-0.016    	0.356517
5  	43    	0.163307 	0.138078	-0.0160002	0.515766
6  	47    	0.208334 	0.122995	-0.02     	0.515662
7  	48    	0.213045 	0.15606 	-0.02     	0.580091
8  	46    	0.271362 	0.160749	-0.02     	0.647353
9  	42    	0.351679 	0.212368	-0.02     	0.647656
10 	47    	0.312631 	0.197253	-0.0150001	0.648196
11 	47    	0.352033 	0.189821	-0.0175   	0.647753
12 	49    	0.245887 	0.186054	-0.02     	0.68981 
13 	44    	0.254706 	0.193876	-0.0166667	0.727287
14 	45    	0.294464 	0.213849	-0.02     	0.81396 
15 	42    	0.335931 	0.255706	-0.02     	0.81396 
16 	45    	0.262701 	0.227945	-0.02     	0.81396 
17 	47    	0.271301 	0.196048	-0.02     	0.730872
18 	47    	0.297741 	0.20705 	-0.0175   	0.690995
19 	46    	0.313031 	0.202875	-0.02     	0.741014
20 	48    	0.356722 	0.201674	-0.016    	0.79999 
21 	43    	0.364396 	0.237387	-0.0175001	0.835484
22 	49    	0.267057 	0.215548	-0.0200001	0.835484
23 	46    	0.299593 	0.215055	-0.02     	0.835484
24 	46    	0.306768 	0.250438	-0.0175   	0.835484
25 	48    	0.285149 	0.246794	-0.02     	0.835484
26 	44    	0.326134 	0.267227	-0.02     	0.835693
27 	46    	0.372415 	0.249079	-0.02     	0.835693
28 	49    	0.333006 	0.234036	-0.0175001	0.835693
29 	46    	0.30645  	0.221192	-0.0200001	0.795646
30 	47    	0.293917 	0.24806 	-0.0171429	0.731322
31 	45    	0.306194 	0.234574	-0.0177778	0.795646
32 	46    	0.31847  	0.221073	-0.0166667	0.716323
33 	46    	0.302034 	0.207165	-0.0200001	0.716323
34 	45    	0.354583 	0.203459	-0.0175   	0.717475
35 	47    	0.308788 	0.205091	-0.0200001	0.726164
36 	44    	0.398027 	0.182248	0.16472   	0.709565
37 	45    	0.314936 	0.189923	-0.0133334	0.709565
38 	47    	0.333177 	0.210241	-0.0166667	0.757194
39 	45    	0.336305 	0.221615	-0.016    	0.80754 
40 	45    	0.386515 	0.210932	-0.0174999	0.80754 
41 	45    	0.396846 	0.222711	-0.0133333	0.834784
42 	48    	0.306677 	0.232667	-0.0166667	0.860889
43 	46    	0.366924 	0.218499	0.0744291 	0.860889
44 	45    	0.33917  	0.223947	-0.02     	0.785906
45 	47    	0.352399 	0.210565	-0.0171429	0.730031
46 	46    	0.326865 	0.230808	-0.02     	0.785545
47 	46    	0.282311 	0.192778	-0.0175   	0.730031
48 	43    	0.33381  	0.184988	-0.0175   	0.730031
49 	47    	0.258259 	0.181004	-0.02     	0.650465
50 	47    	0.304926 	0.191401	-0.0160001	0.650465
51 	47    	0.301663 	0.192935	-0.0171429	0.650465
52 	47    	0.263373 	0.196708	-0.02     	0.731421
53 	45    	0.273911 	0.21738 	-0.02     	0.731421
54 	45    	0.354142 	0.215893	-0.0177778	0.731421
55 	48    	0.301863 	0.21228 	-0.0171429	0.731421
56 	48    	0.316178 	0.190211	-0.02     	0.792253
57 	46    	0.328414 	0.23384 	-0.018    	0.843277
58 	48    	0.280042 	0.222015	-0.0175   	0.843277
59 	46    	0.267376 	0.21405 	-0.02     	0.843277
60 	45    	0.330049 	0.242576	-0.0175   	0.843277
61 	40    	0.370627 	0.248447	-0.0177777	0.84219 
62 	47    	0.247198 	0.21602 	-0.0200001	0.84009 
63 	47    	0.256514 	0.197651	-0.0175   	0.84009 
64 	46    	0.273963 	0.205799	-0.02     	0.84009 
65 	48    	0.296819 	0.185227	-0.0171429	0.726467
66 	49    	0.336492 	0.234016	-0.02     	0.831311
67 	46    	0.333982 	0.259493	-0.0200001	0.812825
68 	50    	0.262801 	0.221692	-0.0177779	0.831013
69 	43    	0.332093 	0.252294	-0.0166667	0.831013
70 	46    	0.249087 	0.220311	-0.016    	0.812083
71 	45    	0.267256 	0.212256	-0.0166667	0.812825
72 	47    	0.267649 	0.201384	-0.0166667	0.812825
73 	46    	0.248481 	0.202317	-0.0174999	0.812083
74 	46    	0.273326 	0.221028	-0.0171428	0.812083
75 	45    	0.303499 	0.247254	-0.0166667	0.812825
76 	44    	0.319156 	0.28911 	-0.0175   	0.812977
77 	46    	0.224716 	0.242949	-0.0166667	0.812825
78 	48    	0.260848 	0.274657	-0.02     	0.812977
79 	47    	0.229718 	0.235266	-0.0166667	0.812977
80 	46    	0.231569 	0.267436	-0.0171429	0.812977
81 	43    	0.239695 	0.269234	-0.0171429	0.812977
82 	46    	0.269052 	0.240426	-0.0166667	0.812977
83 	48    	0.203835 	0.196869	-0.0171429	0.812825
84 	45    	0.28068  	0.225946	-0.0177778	0.812825
85 	48    	0.257385 	0.2296  	-0.016658 	0.812825
86 	48    	0.256094 	0.226349	-0.02     	0.812083
87 	44    	0.282631 	0.242436	-0.0166667	0.818826
88 	45    	0.340573 	0.23837 	-0.02     	0.818826
89 	39    	0.360555 	0.241698	-0.0166667	0.818826
90 	43    	0.337443 	0.243465	-0.0175   	0.812083
91 	47    	0.315274 	0.228537	-0.016    	0.812118
92 	43    	0.337137 	0.237364	-0.0171427	0.818826
93 	47    	0.340854 	0.210202	-0.0166666	0.812118
94 	48    	0.328374 	0.179034	-0.0133338	0.716465
95 	45    	0.306408 	0.215113	-0.0171429	0.813708
96 	44    	0.374004 	0.270642	-0.0166667	0.818806
97 	47    	0.338942 	0.226169	-0.0166667	0.813756
98 	43    	0.310951 	0.256481	-0.0171429	0.813756
99 	50    	0.276521 	0.23098 	-0.0171429	0.813756
100	42    	0.301373 	0.261219	-0.0174999	0.818806
101	49    	0.250743 	0.199862	-0.0166667	0.813708
102	47    	0.261137 	0.214228	-0.0160001	0.813756
103	48    	0.246157 	0.194053	-0.0171429	0.813756
104	45    	0.258489 	0.194165	-0.0171429	0.813756
105	47    	0.267059 	0.197209	-0.0199998	0.813756
106	45    	0.290323 	0.217154	-0.0166668	0.813756
107	42    	0.355783 	0.238215	-0.0175   	0.813756
108	47    	0.305734 	0.20146 	-0.0175001	0.813756
109	46    	0.288706 	0.199084	-0.0171428	0.730613
110	46    	0.265926 	0.22333 	-0.018    	0.831497
111	46    	0.309588 	0.233487	-0.0171429	0.724258
112	47    	0.298567 	0.242806	-0.0200001	0.818806
113	44    	0.308153 	0.232706	-0.0175   	0.818806
114	44    	0.330986 	0.233854	-0.02     	0.818806
115	47    	0.294517 	0.245153	-0.02     	0.818806
116	45    	0.319145 	0.253425	-0.02     	0.818806
117	45    	0.329964 	0.235882	-0.016    	0.818806
118	48    	0.358593 	0.244333	-0.02     	0.81995 
119	41    	0.399623 	0.278551	-0.0166667	0.81995 
120	47    	0.357189 	0.253777	-0.0175001	0.81995 
121	44    	0.43049  	0.283395	-0.017143 	0.81995 
122	46    	0.269134 	0.263409	-0.0175   	0.81995 
123	47    	0.371627 	0.245215	-0.0175001	0.81995 
124	49    	0.297946 	0.231443	-0.0166668	0.81995 
125	48    	0.307378 	0.189499	-0.0175   	0.81995 
126	44    	0.334319 	0.242174	-0.0175   	0.81995 
127	48    	0.39713  	0.281708	-0.0171429	0.832826
128	46    	0.280244 	0.27461 	-0.0177778	0.832826
129	46    	0.267644 	0.21928 	-0.0171428	0.833485
130	47    	0.268212 	0.22926 	-0.0166667	0.833485
131	45    	0.311912 	0.268515	-0.0171429	0.833485
132	45    	0.29709  	0.233984	-0.02     	0.833485
133	47    	0.238383 	0.234429	-0.0171429	0.833485
134	46    	0.337347 	0.209476	-0.02     	0.833485
135	49    	0.319684 	0.248201	-0.0177778	0.836975
136	46    	0.297243 	0.248046	-0.0177778	0.836975
137	46    	0.213834 	0.214974	-0.02     	0.722326
138	46    	0.341937 	0.20895 	-0.0174999	0.834784
139	45    	0.364844 	0.2325  	-0.0177778	0.834784
140	42    	0.36263  	0.262551	-0.0174999	0.834784
141	43    	0.328403 	0.272623	-0.0174947	0.834784
142	45    	0.334864 	0.278532	-0.0177778	0.834784
143	47    	0.282957 	0.252642	-0.018    	0.835619
144	45    	0.32302  	0.241497	-0.0177778	0.83537 
145	47    	0.330628 	0.254324	-0.0175   	0.83537 
146	48    	0.286524 	0.256401	-0.018    	0.834784
147	46    	0.349582 	0.241847	-0.0199999	0.830524
148	42    	0.397303 	0.254297	-0.0171429	0.830524
149	49    	0.257047 	0.21889 	-0.018    	0.79047 
150	46    	0.268272 	0.207931	-0.02     	0.731273
151	49    	0.30397  	0.210171	-0.0171428	0.654898
152	47    	0.283007 	0.179496	-0.02     	0.719896
153	46    	0.294317 	0.216014	-0.0177778	0.719896
154	46    	0.336963 	0.233469	-0.0177778	0.728858
155	46    	0.309829 	0.25796 	-0.0200001	0.812083
156	47    	0.299938 	0.253694	-0.02     	0.812308
157	48    	0.31661  	0.225019	-0.0166666	0.819334
158	45    	0.266044 	0.226835	-0.0171429	0.819334
159	45    	0.320785 	0.225872	-0.0175   	0.819334
160	47    	0.313469 	0.258485	-0.0175   	0.819334
161	47    	0.319945 	0.231402	-0.0175001	0.732138
162	46    	0.380713 	0.256171	-0.02     	0.819317
163	49    	0.328376 	0.198838	-0.0175001	0.729969
164	47    	0.32095  	0.219983	-0.0166667	0.813708
165	42    	0.384392 	0.218275	-0.0166667	0.813708
166	45    	0.319335 	0.207162	-0.0199998	0.705107
167	48    	0.306577 	0.185847	-0.016    	0.813708
168	46    	0.37986  	0.236477	-0.017143 	0.819334
169	44    	0.360141 	0.234038	-0.0171428	0.727621
170	45    	0.37303  	0.23828 	-0.0171428	0.812308
171	46    	0.370313 	0.232428	-0.0171429	0.812308
172	49    	0.269546 	0.223674	-0.0166667	0.812977
173	44    	0.308714 	0.238395	-0.0166666	0.812977
174	44    	0.295665 	0.235008	-0.02     	0.812308
175	48    	0.256535 	0.218722	-0.0171429	0.812977
176	48    	0.263819 	0.217945	-0.0166667	0.813756
177	47    	0.223353 	0.210773	-0.02     	0.813756
178	45    	0.308571 	0.244449	-0.0166667	0.813756
179	48    	0.250058 	0.203514	-0.0166667	0.812083
180	46    	0.356535 	0.215856	-0.0160001	0.812825
181	42    	0.308482 	0.266456	-0.0166667	0.812308
182	42    	0.298997 	0.294528	-0.0166667	0.812977
183	46    	0.223038 	0.260945	-0.0175   	0.812977
184	49    	0.143489 	0.174149	-0.0166667	0.615129
185	48    	0.248363 	0.205741	-0.0171429	0.812977
186	49    	0.208537 	0.195298	-0.0175   	0.812825
187	50    	0.272743 	0.207158	-0.0171429	0.812083
188	45    	0.303309 	0.216743	-0.0171429	0.812825
189	47    	0.288026 	0.223536	-0.018    	0.812825
190	44    	0.28451  	0.238254	-0.0175   	0.812825
191	49    	0.276756 	0.234153	-0.0175   	0.845432
192	46    	0.333231 	0.238674	-0.02     	0.845432
193	44    	0.328587 	0.243027	-0.0177778	0.845432
194	46    	0.285784 	0.248902	-0.02     	0.845432
195	46    	0.336101 	0.247305	-0.0166667	0.818806
196	49    	0.306165 	0.231461	-0.0166667	0.818806
197	43    	0.294197 	0.251123	-0.0166667	0.818806
198	44    	0.300762 	0.283435	-0.02     	0.818806
199	49    	0.261655 	0.195175	-0.0171429	0.818806
200	46    	0.268555 	0.188168	-0.0166667	0.818806
201	43    	0.356408 	0.220466	-0.0171429	0.818806
202	44    	0.320625 	0.233236	-0.02     	0.818826
203	43    	0.336451 	0.248484	-0.016    	0.818826
204	49    	0.297917 	0.232715	-0.0166667	0.818826
205	48    	0.287478 	0.176386	-0.0171429	0.812083
206	47    	0.323324 	0.242524	-0.02     	0.819969
207	45    	0.321668 	0.237584	-0.0166667	0.819969
208	46    	0.307317 	0.224842	-0.0175   	0.819969
209	48    	0.326745 	0.253708	-0.0177778	0.812825
210	48    	0.341261 	0.240139	-0.0175   	0.811396
211	47    	0.282279 	0.251343	-0.0175   	0.818826
212	48    	0.251731 	0.186364	-0.0175   	0.811396
213	47    	0.250697 	0.182759	-0.02     	0.811396
214	43    	0.304105 	0.22608 	-0.0166666	0.812083
215	47    	0.266323 	0.214769	-0.0199999	0.811396
216	47    	0.278237 	0.192327	-0.0177778	0.811396
217	42    	0.312299 	0.223123	-0.0166666	0.819969
218	45    	0.301612 	0.261265	-0.0171428	0.819969
219	43    	0.354483 	0.255837	-0.0171429	0.819969
220	48    	0.290607 	0.232778	-0.0160001	0.819969
221	44    	0.323691 	0.226177	-0.0166666	0.819969
222	46    	0.401262 	0.242674	-0.0166667	0.819969
223	47    	0.369423 	0.244079	-0.016    	0.819969
224	46    	0.307837 	0.23266 	-0.0175   	0.819969
225	47    	0.308331 	0.24163 	-0.0166667	0.811492
226	44    	0.325492 	0.226116	-0.0175   	0.811247
227	45    	0.290375 	0.20319 	-0.0199998	0.812825
228	44    	0.318686 	0.214122	-0.02     	0.812825
229	45    	0.299432 	0.219482	-0.0166668	0.818806
230	43    	0.355477 	0.215899	-0.0175   	0.813756
231	47    	0.323954 	0.208473	-0.0160002	0.724562
232	45    	0.279376 	0.226717	-0.0175001	0.724562
233	49    	0.307289 	0.218782	-0.0175   	0.812083
234	49    	0.322087 	0.226353	-0.0175001	0.812825
235	48    	0.249837 	0.195672	-0.0199999	0.703725
236	48    	0.30135  	0.20867 	-0.02     	0.812825
237	45    	0.242605 	0.227363	-0.02     	0.724258
238	49    	0.276101 	0.220287	-0.0171429	0.732505
239	47    	0.238015 	0.203309	-0.0171429	0.813756
240	44    	0.261781 	0.248257	-0.02     	0.811396
241	45    	0.306321 	0.250719	-0.0175   	0.811396
242	49    	0.187863 	0.170319	-0.0175   	0.614796
243	46    	0.262934 	0.182413	-0.02     	0.703933
244	47    	0.265949 	0.179867	-0.0199999	0.616377
245	48    	0.282702 	0.193375	-0.02     	0.69448 
246	48    	0.264107 	0.179334	-0.016    	0.664539
247	46    	0.372794 	0.200225	-0.0171428	0.70503 
248	47    	0.335596 	0.222287	-0.0166666	0.812308
249	48    	0.290352 	0.221821	-0.02     	0.840852
250	49    	0.298851 	0.206155	-0.0175   	0.838443
251	46    	0.290137 	0.20739 	-0.0166667	0.838443
252	44    	0.362284 	0.216409	-0.0175   	0.838443
253	47    	0.347488 	0.228904	-0.0175   	0.841491
254	45    	0.336736 	0.212201	-0.0175   	0.841491
255	44    	0.380576 	0.215848	0.115913  	0.876506
256	46    	0.367206 	0.237968	-0.0199999	0.855912
257	48    	0.332093 	0.188042	0.0853551 	0.855912
258	42    	0.434048 	0.254625	-0.0150001	0.876506
259	45    	0.422039 	0.250276	-0.0166666	0.876506
260	44    	0.359082 	0.254767	0.0663279 	0.876506
261	45    	0.405881 	0.229968	0.0603417 	0.876506
262	48    	0.308199 	0.186156	-0.0160001	0.795895
263	47    	0.338411 	0.225034	-0.0166668	0.795895
264	46    	0.362511 	0.211796	-0.0150003	0.795895
265	47    	0.335795 	0.191294	0.0631322 	0.795895
266	47    	0.325588 	0.201595	-0.0160001	0.795895
267	46    	0.336285 	0.198347	-0.0133333	0.846641
268	42    	0.422503 	0.22251 	-0.0166666	0.857034
269	47    	0.321769 	0.2084  	-0.0150001	0.846641
270	46    	0.326137 	0.223509	-0.0175   	0.859883
271	49    	0.326694 	0.172204	-0.016    	0.757056
272	48    	0.318135 	0.204064	-0.02     	0.759303
273	46    	0.367224 	0.214336	-0.0177778	0.911809
274	47    	0.378196 	0.223404	-0.018    	1.00232 
275	47    	0.348418 	0.221153	-0.01     	0.918617
276	44    	0.380263 	0.232475	-0.0150003	0.918617
277	43    	0.368296 	0.215756	-0.01281  	0.918617
278	46    	0.345942 	0.227217	-0.017143 	0.918617
279	48    	0.318189 	0.169367	-0.016    	0.918617
280	50    	0.3228   	0.168868	-0.0133334	0.777621
281	43    	0.389149 	0.205288	-0.02     	0.777621
282	46    	0.37468  	0.196432	-0.00670266	0.777621
283	46    	0.38859  	0.203453	-0.02      	0.777621
284	45    	0.412988 	0.188123	0.186973   	0.777621
285	47    	0.415965 	0.183872	0.0718021  	0.846651
286	45    	0.355614 	0.194733	-0.0150001 	0.846651
287	44    	0.371209 	0.205741	-0.0171428 	0.868804
288	46    	0.402178 	0.189327	0.140391   	0.868804
289	48    	0.35745  	0.209554	-0.0175    	0.868804
290	47    	0.321124 	0.197045	-0.016     	0.868804
291	49    	0.37327  	0.164231	0.0478156  	0.856576
292	48    	0.347062 	0.186934	-0.0166667 	0.856576
293	46    	0.330855 	0.165785	-0.0133333 	0.697879
294	47    	0.34003  	0.199768	-0.015     	0.757779
295	48    	0.297556 	0.174778	0.0723151  	0.76946 
296	47    	0.328254 	0.182013	-0.0177778 	0.76946 
297	45    	0.350023 	0.179155	-0.017143  	0.700506
298	46    	0.368093 	0.165918	0.096434   	0.708473
299	48    	0.332476 	0.192898	0.098247   	0.873543
300	48    	0.345911 	0.210115	-0.0133333 	0.873543
301	47    	0.371376 	0.207277	0.0927515  	0.873794
302	49    	0.342988 	0.191647	-0.016     	0.721381
303	45    	0.363249 	0.17953 	0.0839278  	0.766956
304	45    	0.38101  	0.211244	-0.01      	0.858219
305	46    	0.303963 	0.215343	-0.018     	0.858219
306	47    	0.334768 	0.226045	-0.016     	0.861098
307	47    	0.315336 	0.207725	-0.0171429 	0.866915
308	45    	0.366828 	0.216094	-0.0175    	0.866915
309	46    	0.378645 	0.246686	-0.0166667 	0.866915
310	45    	0.399518 	0.235104	0.0832662  	0.866915
311	46    	0.357845 	0.239456	-0.0175    	0.866915
312	47    	0.360993 	0.215702	0.0238905  	0.973444
313	45    	0.398482 	0.231944	0.0634439  	0.866915
314	44    	0.347532 	0.251614	-0.018     	0.848641
315	47    	0.398375 	0.232259	-0.015     	0.899651
316	47    	0.406534 	0.222327	-0.016     	0.830759
317	49    	0.302615 	0.168439	0.059249   	0.830759
318	49    	0.320621 	0.163966	-0.018     	0.703954
319	48    	0.318283 	0.144806	-0.0133333 	0.749001
320	42    	0.372482 	0.179889	-0.0174997 	0.749001
321	45    	0.313333 	0.179642	-0.02      	0.749001
322	44    	0.345229 	0.173688	-0.015     	0.757246
323	46    	0.333165 	0.179367	-0.02      	0.75923 
324	45    	0.326164 	0.205604	-0.0166667 	0.757246
325	46    	0.371407 	0.201323	-0.0133333 	0.775342
326	47    	0.325932 	0.162916	-0.015     	0.710612
327	45    	0.37692  	0.193995	0.0996174  	0.754115
328	45    	0.343327 	0.178021	-0.01      	0.754115
329	46    	0.321629 	0.165369	-0.0150002 	0.754115
330	48    	0.309587 	0.152785	0.0646054  	0.754115
331	46    	0.329758 	0.130541	0.124873   	0.754115
332	47    	0.361224 	0.164112	0.0662617  	0.838861
333	43    	0.363804 	0.21957 	-0.01      	0.838861
334	47    	0.35487  	0.221622	-0.0181818 	0.838861
335	45    	0.374623 	0.198051	-0.01      	0.75933 
336	45    	0.366329 	0.199703	-0.018     	0.75933 
337	45    	0.351545 	0.190625	-0.015     	0.75933 
338	47    	0.398516 	0.19872 	-0.0166666 	0.75933 
339	44    	0.378235 	0.1982  	-0.0133333 	0.754115
340	46    	0.337003 	0.188775	0.0838131  	0.811396
341	47    	0.27988  	0.182607	-0.0166667 	0.811396
342	45    	0.343126 	0.212463	-0.0166666 	0.811396
343	47    	0.28407  	0.19336 	-0.0171429 	0.754115
344	46    	0.331393 	0.194993	-0.0174999 	0.767609
345	45    	0.33351  	0.201659	-0.016     	0.781834
346	47    	0.389416 	0.207307	0.0673661  	0.866442
347	47    	0.329237 	0.21013 	-0.0171428 	0.866442
348	48    	0.32732  	0.178278	-0.0166667 	0.841737
349	46    	0.292589 	0.219478	-0.0166667 	0.842984
350	46    	0.318489 	0.197027	-0.0174999 	0.842984
351	48    	0.356404 	0.207946	-0.0133334 	0.867727
352	49    	0.275837 	0.171941	-0.02      	0.67167 
353	43    	0.330093 	0.177218	-0.0175    	0.674608
354	50    	0.304729 	0.159419	-0.0175    	0.7412  
355	46    	0.342349 	0.199692	-0.0171429 	1.00748 
356	48    	0.321269 	0.17549 	-0.0150001 	0.750002
357	45    	0.3539   	0.181404	-0.0160001 	0.75722 
358	42    	0.358134 	0.214501	-0.02      	0.75722 
359	44    	0.367064 	0.209951	-0.0133334 	0.812308
360	47    	0.294096 	0.238116	-0.0166668 	0.812308
361	46    	0.199247 	0.205256	-0.0171429 	0.84337 
362	44    	0.322722 	0.236036	-0.0199999 	0.84337 
363	42    	0.338527 	0.251524	-0.0174929 	0.84337 
364	48    	0.256019 	0.19807 	-0.0177777 	0.84337 
365	46    	0.297427 	0.183247	-0.0199999 	0.84337 
366	50    	0.21283  	0.143818	-0.0199999 	0.647919
367	48    	0.307688 	0.156469	-0.0175001 	0.652609
368	46    	0.299406 	0.197477	-0.0171429 	0.652609
369	47    	0.326091 	0.214405	-0.0171429 	0.665795
370	43    	0.348539 	0.201923	-0.0171429 	0.697351
371	45    	0.314517 	0.212001	-0.02      	0.819969
372	39    	0.322121 	0.23445 	-0.0199999 	0.819969
373	46    	0.320052 	0.222905	-0.02      	0.819969
374	45    	0.329891 	0.221112	-0.0171429 	0.819969
375	44    	0.329554 	0.258721	-0.0171429 	0.819969
376	45    	0.357947 	0.269716	-0.0171429 	0.819969
377	47    	0.270227 	0.250205	-0.0166667 	0.819969
378	45    	0.349887 	0.269591	-0.0171429 	0.819969
379	46    	0.337529 	0.261012	-0.0171431 	0.819969
380	50    	0.226457 	0.204417	-0.02      	0.813756
381	43    	0.317478 	0.237233	-0.0166667 	0.813756
382	45    	0.325078 	0.257973	-0.02      	0.813756
383	46    	0.23025  	0.246786	-0.0177778 	0.813756
384	48    	0.250104 	0.21559 	-0.0171429 	0.811247
385	44    	0.18855  	0.1824  	-0.0166668 	0.514579
386	44    	0.177397 	0.21799 	-0.0166667 	0.811396
387	47    	0.247462 	0.207951	-0.017143  	0.813756
388	45    	0.266084 	0.239703	-0.02      	0.813756
389	47    	0.239988 	0.263856	-0.02      	0.813756
390	45    	0.274472 	0.269438	-0.0166667 	0.813756
391	47    	0.281727 	0.263496	-0.0171429 	0.813756
392	45    	0.264797 	0.276788	-0.0171415 	0.813756
393	43    	0.299831 	0.311164	-0.0171429 	0.813756
394	46    	0.231355 	0.25675 	-0.0166667 	0.813756
395	45    	0.245156 	0.254557	-0.0166667 	0.813756
396	46    	0.224909 	0.239561	-0.0233333 	0.813756
397	46    	0.241855 	0.241646	-0.0175    	0.813756
398	48    	0.209828 	0.233646	-0.0175    	0.811247
399	49    	0.198282 	0.225122	-0.017143  	0.811247
400	48    	0.23382  	0.212164	-0.02      	0.811396
401	45    	0.237256 	0.229097	-0.0171429 	0.811247
402	45    	0.282292 	0.241579	-0.0171429 	0.812308
403	45    	0.260182 	0.222797	-0.0166667 	0.812308
404	46    	0.281998 	0.226062	-0.0171429 	0.812308
405	44    	0.258991 	0.222599	-0.0175    	0.812977
406	46    	0.309347 	0.235213	-0.0166667 	0.812977
407	48    	0.291962 	0.248309	-0.0166668 	0.813708
408	48    	0.296954 	0.237014	-0.0171429 	0.813708
409	47    	0.227804 	0.212979	-0.02      	0.705837
410	46    	0.269044 	0.225868	-0.0171429 	0.705984
411	46    	0.308792 	0.224418	-0.0175    	0.813756
412	45    	0.340293 	0.239044	-0.0177778 	0.819334
413	49    	0.22792  	0.180219	-0.02      	0.705984
414	45    	0.224084 	0.182342	-0.02      	0.705984
415	46    	0.268175 	0.209809	-0.02      	0.813756
416	46    	0.257596 	0.193745	-0.02      	0.705984
417	49    	0.15543  	0.181156	-0.02      	0.705837
418	45    	0.225867 	0.212621	-0.02      	0.705984
419	46    	0.293515 	0.187384	-0.0171429 	0.703725
420	44    	0.276835 	0.238718	-0.0171429 	0.811247
421	47    	0.256609 	0.234613	-0.0175    	0.811247
422	43    	0.304762 	0.227852	-0.0166667 	0.812977
423	45    	0.302445 	0.254126	-0.0171428 	0.818826
424	44    	0.316312 	0.238924	-0.0171429 	0.818826
425	47    	0.288544 	0.240937	-0.0171429 	0.818826
426	46    	0.246437 	0.210477	-0.02      	0.818826
427	46    	0.311534 	0.212038	-0.0160003 	0.818826
428	46    	0.246286 	0.193752	-0.0175    	0.818826
429	47    	0.292424 	0.213669	-0.0199999 	0.818826
430	47    	0.280054 	0.209372	-0.0166667 	0.818826
431	45    	0.357687 	0.229239	-0.0171429 	0.818826
432	49    	0.279729 	0.208174	-0.0171429 	0.858002
433	47    	0.327059 	0.246397	-0.02      	0.867041
434	48    	0.29671  	0.183976	-0.0166667 	0.818826
435	44    	0.321317 	0.227939	-0.0175    	0.818826
436	49    	0.320784 	0.223153	-0.02      	0.818826
437	45    	0.358429 	0.253194	-0.0171428 	0.811247
438	45    	0.331411 	0.224157	-0.016     	0.811247
439	49    	0.362465 	0.206876	-0.0171429 	0.843203
440	47    	0.312936 	0.226892	-0.0166668 	0.859361
441	45    	0.342474 	0.207594	-0.0166667 	0.843203
442	48    	0.281764 	0.16487 	-0.016     	0.704074
443	48    	0.296492 	0.163504	-0.0166666 	0.617505
444	46    	0.295247 	0.185702	-0.0175    	0.705123
445	47    	0.28857  	0.193793	-0.0175    	0.705123
446	39    	0.397643 	0.215817	-0.0171429 	0.705123
447	47    	0.278252 	0.199327	-0.0175    	0.812083
448	38    	0.363607 	0.26735 	-0.02      	0.818826
449	47    	0.324516 	0.229786	-0.0175001 	0.811247
450	44    	0.316378 	0.254276	-0.0166667 	0.813708
451	47    	0.263701 	0.211944	-0.0175    	0.813708
452	47    	0.313024 	0.221195	-0.0166667 	0.818806
453	47    	0.28494  	0.212594	-0.0175    	0.704835
454	47    	0.352683 	0.23931 	-0.0175    	0.818826
455	46    	0.322022 	0.261006	-0.0166666 	0.818826
456	44    	0.322076 	0.219439	-0.0171428 	0.818826
457	49    	0.298895 	0.202112	-0.0175    	0.818826
458	43    	0.268565 	0.226119	-0.0175    	0.705107
459	47    	0.284355 	0.220322	-0.0175    	0.818806
460	46    	0.342602 	0.214335	-0.0175    	0.818806
461	46    	0.341967 	0.263769	-0.0175    	0.813708
462	47    	0.349512 	0.22629 	-0.0133332 	0.818806
463	45    	0.306102 	0.274802	-0.0199999 	0.81995 
464	48    	0.333335 	0.231822	-0.02      	0.81995 
465	49    	0.24118  	0.209986	-0.0171428 	0.813756
466	46    	0.340922 	0.172886	-0.0171429 	0.702212
467	47    	0.328726 	0.187027	-0.0171429 	0.702606
468	47    	0.336708 	0.183822	-0.0181817 	0.702606
469	47    	0.271948 	0.181583	-0.0166666 	0.678466
470	46    	0.383721 	0.170188	0.0987082  	0.753446
471	47    	0.355367 	0.240432	-0.02      	0.836975
472	45    	0.374952 	0.227044	-0.0177778 	0.821464
473	45    	0.331084 	0.227558	-0.02      	0.824483
474	48    	0.307827 	0.242311	-0.0177778 	0.751232
475	47    	0.343121 	0.221917	-0.02      	0.732729
476	41    	0.381312 	0.221083	-0.0171428 	0.732729
477	41    	0.375121 	0.271177	-0.02      	0.732729
478	46    	0.332679 	0.251708	-0.02      	0.733051
479	47    	0.31135  	0.24493 	-0.02      	0.862863
480	48    	0.293315 	0.202166	-0.0233333 	0.732729
481	49    	0.345414 	0.195738	-0.016     	0.81028 
482	46    	0.332776 	0.199032	-0.0166667 	0.81028 
483	48    	0.340598 	0.169975	0.0731456  	0.81028 
484	42    	0.340807 	0.207232	-0.018     	0.725889
485	44    	0.368448 	0.216567	-0.02      	0.723708
486	41    	0.381283 	0.202871	-0.015     	0.834818
487	42    	0.334017 	0.228417	-0.02      	0.752526
488	45    	0.326825 	0.219955	-0.0177778 	0.752526
489	45    	0.381839 	0.230421	-0.0175    	0.752526
490	44    	0.383244 	0.253929	-0.0180002 	0.840104
491	47    	0.323878 	0.247941	-0.018     	0.840104
492	45    	0.353814 	0.245603	-0.0175    	0.840104
493	45    	0.350869 	0.238854	-0.0177777 	0.807297
494	45    	0.343847 	0.242654	-0.02      	0.807297
495	46    	0.297685 	0.235856	-0.0200001 	0.807297
496	45    	0.325666 	0.227512	-0.02      	0.807297
497	45    	0.317837 	0.211265	-0.0175    	0.807297
498	45    	0.285204 	0.238513	-0.0175    	0.807297
499	45    	0.335539 	0.246459	-0.0174999 	0.78139 
500	49    	0.368304 	0.23083 	-0.02      	0.858177
501	46    	0.369515 	0.236022	-0.0177778 	0.857909
502	48    	0.26456  	0.195852	-0.02      	0.730732
503	46    	0.283557 	0.190092	-0.015     	0.730732
504	48    	0.315503 	0.192196	-0.02      	0.729753
505	45    	0.324053 	0.215834	-0.0171429 	0.729753
506	47    	0.292886 	0.220282	-0.0171429 	0.812977
507	46    	0.284674 	0.243999	-0.0175    	0.812977
508	48    	0.290673 	0.231229	-0.0175    	0.812977
509	43    	0.329042 	0.227921	-0.0171428 	0.812977
510	48    	0.36306  	0.249877	-0.0171429 	0.81995 
511	46    	0.288329 	0.241388	-0.0175    	0.81995 
512	45    	0.342989 	0.246343	-0.02      	0.820133
513	50    	0.336968 	0.214428	-0.0175    	0.820133
514	48    	0.248946 	0.172194	-0.0171429 	0.751105
515	45    	0.283366 	0.164507	-0.0166666 	0.751105
516	46    	0.335993 	0.160615	0.0999777  	0.751105
517	47    	0.264754 	0.133018	-0.0166667 	0.612587
518	47    	0.290828 	0.160454	-0.0175    	0.723421
519	45    	0.391711 	0.199117	-0.02      	0.812825
520	45    	0.354709 	0.185463	-0.016     	0.812825
521	45    	0.299699 	0.229413	-0.0179999 	0.812825
522	47    	0.274487 	0.198575	-0.0171429 	0.812825
523	49    	0.323728 	0.189511	-0.02      	0.812825
524	48    	0.27754  	0.189588	-0.02      	0.812977
525	46    	0.305606 	0.172725	-0.02      	0.812977
526	48    	0.307059 	0.179694	-0.0159976 	0.812977
527	45    	0.313929 	0.198982	-0.018     	0.812977
528	48    	0.296348 	0.196008	-0.018     	0.812977
529	49    	0.313858 	0.157766	0.0839553  	0.727939
530	44    	0.392335 	0.158558	0.159888   	0.732661
531	47    	0.354022 	0.209666	-0.0171429 	0.807297
532	47    	0.309672 	0.184749	-0.0200001 	0.73028 
533	44    	0.313774 	0.207328	-0.02      	0.730315
534	45    	0.379974 	0.232963	-0.02      	0.837846
535	48    	0.297477 	0.199162	-0.02      	0.837846
536	45    	0.358839 	0.196131	0.0744297  	0.837846
537	43    	0.335076 	0.219215	-0.02      	0.837846
538	48    	0.320662 	0.189423	-0.02      	0.698558
539	45    	0.356039 	0.220169	-0.0166667 	0.818806
540	44    	0.341487 	0.224381	-0.0171429 	0.812083
541	48    	0.349254 	0.219662	-0.016     	0.812825
542	48    	0.282823 	0.234912	-0.0171429 	0.819458
543	47    	0.338247 	0.268474	-0.0166667 	0.819458
544	44    	0.311795 	0.229227	-0.0166667 	0.812825
545	43    	0.353815 	0.265907	-0.0166666 	0.845432
546	48    	0.322151 	0.250217	-0.0200001 	0.812977
547	43    	0.322857 	0.265636	-0.0171428 	0.812977
548	48    	0.265213 	0.236327	-0.0166667 	0.812977
549	49    	0.202365 	0.233678	-0.0171428 	0.812977
550	46    	0.272974 	0.200711	-0.0166652 	0.72962 
551	47    	0.297744 	0.201802	-0.02      	0.732661
552	49    	0.215159 	0.168073	-0.0177778 	0.617322
553	45    	0.258814 	0.159389	-0.0160001 	0.617322
554	46    	0.285635 	0.197315	-0.0166667 	0.641332
555	46    	0.339698 	0.210577	-0.0166667 	0.705123
556	45    	0.35755  	0.242832	-0.0177779 	0.815191
557	44    	0.343566 	0.225703	-0.0171429 	0.815191
558	49    	0.310762 	0.213357	-0.0175    	0.815191
559	44    	0.261002 	0.209635	-0.0171429 	0.813756
560	37    	0.409965 	0.244202	-0.0171428 	0.81995 
561	46    	0.336408 	0.238982	-0.0166667 	0.81995 
562	47    	0.286715 	0.241598	-0.0171429 	0.81995 
563	47    	0.384634 	0.242419	-0.0174999 	0.81995 
564	45    	0.355712 	0.25489 	-0.0166667 	0.813756
565	49    	0.228402 	0.220478	-0.0175    	0.812977
566	46    	0.381754 	0.235169	-0.0175    	0.81995 
567	47    	0.261817 	0.235449	-0.0199999 	0.81995 
568	49    	0.32314  	0.247995	-0.0166667 	0.832264
569	48    	0.32199  	0.242141	-0.0200001 	0.832264
570	47    	0.315239 	0.258649	-0.02      	0.812083
571	47    	0.28352  	0.243301	-0.0175    	0.812825
572	46    	0.22294  	0.241052	-0.0175    	0.812083
573	45    	0.248884 	0.254256	-0.02      	0.812308
574	48    	0.258898 	0.268488	-0.0166667 	0.812825
575	47    	0.242913 	0.23888 	-0.02      	0.812977
576	47    	0.255758 	0.199907	-0.0166667 	0.804601
577	50    	0.265393 	0.222495	-0.0175    	0.812825
578	47    	0.258967 	0.211018	-0.02      	0.812825
579	47    	0.223435 	0.225969	-0.0171429 	0.812083
580	43    	0.274295 	0.235278	-0.0175    	0.812083
581	49    	0.285111 	0.232815	-0.0171429 	0.840104
582	47    	0.275386 	0.242909	-0.0181819 	0.840104
583	43    	0.321829 	0.26749 	-0.0175    	0.840104
584	46    	0.32295  	0.263435	-0.0200001 	0.840104
585	48    	0.314506 	0.265385	-0.02      	0.840104
586	48    	0.241076 	0.195512	-0.0177778 	0.733266
587	45    	0.305505 	0.208506	-0.02      	0.733539
588	44    	0.345533 	0.234971	-0.0171429 	0.811396
589	48    	0.200059 	0.236714	-0.02      	0.811396
590	47    	0.299342 	0.218942	-0.02      	0.811396
591	44    	0.267319 	0.250611	-0.0166667 	0.811396
592	44    	0.261189 	0.277548	-0.0166668 	0.813756
593	46    	0.247936 	0.24934 	-0.02      	0.811396
594	48    	0.245686 	0.231614	-0.0175    	0.813756
595	47    	0.257905 	0.257912	-0.017143  	0.813708
596	48    	0.236384 	0.237787	-0.02      	0.811396
597	46    	0.281365 	0.239359	-0.02      	0.811396
598	42    	0.320995 	0.258837	-0.02      	0.811247
599	46    	0.295555 	0.219885	-0.02      	0.813708
600	47    	0.281301 	0.215074	-0.0175    	0.813756
601	46    	0.274126 	0.246587	-0.0171428 	0.813756
602	48    	0.270359 	0.253363	-0.02      	0.813708
603	43    	0.259467 	0.272258	-0.0171429 	0.813708
604	43    	0.354567 	0.281508	-0.0166667 	0.829788
605	43    	0.309725 	0.268839	-0.0166667 	0.829788
606	46    	0.342172 	0.235163	-0.0166667 	0.829788
607	46    	0.287658 	0.254917	-0.0171429 	0.813756
608	48    	0.232304 	0.207615	-0.0166667 	0.811396
609	47    	0.300869 	0.193451	-0.0177778 	0.812083
610	48    	0.29365  	0.197813	-0.0166667 	0.805075
611	46    	0.330986 	0.219844	-0.0175001 	0.813756
612	46    	0.291607 	0.230221	-0.0175    	0.813756
613	45    	0.318422 	0.242363	-0.0171429 	0.813756
614	45    	0.331823 	0.23155 	-0.0174999 	0.813756
615	43    	0.334551 	0.272963	-0.0199999 	0.818826
616	45    	0.31033  	0.261578	-0.0171415 	0.818826
617	46    	0.279631 	0.215478	-0.0171429 	0.818826
618	46    	0.239712 	0.208544	-0.02      	0.818826
619	47    	0.333892 	0.218344	-0.0200001 	0.818826
620	46    	0.334033 	0.2577  	-0.0171428 	0.843203
621	48    	0.292211 	0.240588	-0.0171428 	0.818806
622	41    	0.339858 	0.255683	-0.0166666 	0.729862
623	47    	0.314276 	0.263891	-0.0177778 	0.818826
624	46    	0.32532  	0.226685	-0.0171429 	0.818826
625	46    	0.351516 	0.249795	-0.0166667 	0.818826
626	43    	0.318802 	0.263577	-0.02      	0.818826
627	46    	0.293307 	0.200809	-0.02      	0.818826
628	45    	0.359504 	0.219386	-0.0171429 	0.818826
629	45    	0.345501 	0.259794	-0.02      	0.818826
630	49    	0.237326 	0.204033	-0.0171429 	0.813708
631	48    	0.280279 	0.197516	-0.0171428 	0.706157
632	42    	0.301445 	0.257532	-0.02      	0.706157
633	43    	0.320914 	0.233568	-0.0166666 	0.812308
634	46    	0.349974 	0.230647	-0.0166667 	0.811396
635	47    	0.294557 	0.203882	-0.02      	0.811396
636	42    	0.327547 	0.231185	-0.0177778 	0.813756
637	48    	0.3479   	0.243865	-0.0180001 	0.813756
638	49    	0.227887 	0.22296 	-0.0177778 	0.718701
639	47    	0.31153  	0.156163	-0.0175    	0.645941
640	45    	0.315887 	0.201925	-0.0177777 	0.72196 
641	46    	0.288391 	0.197757	-0.0171429 	0.72196 
642	39    	0.35857  	0.221325	-0.02      	0.753446
643	45    	0.325482 	0.216744	-0.0171428 	0.768106
644	46    	0.378225 	0.227002	-0.0171429 	0.804601
645	46    	0.319922 	0.236745	-0.02      	0.812977
646	47    	0.260851 	0.202585	-0.02      	0.804601
647	46    	0.276551 	0.212032	-0.0171429 	0.753585
648	46    	0.347886 	0.19927 	-0.0175    	0.752526
649	45    	0.367714 	0.227157	-0.016     	0.752526
650	46    	0.327535 	0.226026	-0.0177778 	0.753448
651	43    	0.380684 	0.209233	-0.0160002 	0.749264
652	44    	0.326277 	0.24982 	-0.02      	0.749264
653	48    	0.295699 	0.218088	-0.0171429 	0.749264
654	48    	0.341132 	0.217693	-0.0159977 	0.752526
655	45    	0.331799 	0.227357	-0.02      	0.753585
656	43    	0.38777  	0.215945	-0.02      	0.756704
657	45    	0.369984 	0.227457	-0.0166667 	0.899695
658	44    	0.420754 	0.222236	-0.016     	0.899695
659	49    	0.35676  	0.239035	-0.02      	0.840104
660	46    	0.325349 	0.226559	-0.0177778 	0.840104
661	49    	0.309099 	0.179056	-0.02      	0.697037
662	45    	0.336214 	0.189434	-0.0160001 	0.728212
663	46    	0.313504 	0.160291	-0.0174999 	0.728212
664	44    	0.35044  	0.189331	-0.018     	0.728702
665	46    	0.324228 	0.229898	-0.02      	0.728702
666	48    	0.308009 	0.175023	-0.02      	0.728702
667	44    	0.354563 	0.179643	-0.0177778 	0.728212
668	44    	0.32946  	0.217225	-0.02      	0.750479
669	46    	0.337318 	0.216428	-0.0171428 	0.812159
670	42    	0.386688 	0.228808	-0.0175    	0.812159
671	44    	0.321493 	0.208503	-0.0175    	0.812159
672	50    	0.246947 	0.141551	-0.02      	0.542671
673	48    	0.332979 	0.15256 	-0.0171428 	0.61549 
674	47    	0.3076   	0.170571	-0.02      	0.606975
675	47    	0.331839 	0.172924	-0.0200001 	0.708387
676	49    	0.332126 	0.184907	-0.0175    	0.708387
677	47    	0.310344 	0.19249 	-0.0177778 	0.695766
678	44    	0.360236 	0.20867 	-0.02      	0.718144
679	46    	0.337778 	0.211419	-0.0175    	0.728275
680	42    	0.401192 	0.189638	-0.0175    	0.728275
681	48    	0.248433 	0.181423	-0.0166667 	0.718144
682	47    	0.295215 	0.189581	-0.0175    	0.831905
683	43    	0.329906 	0.153301	0.0857011  	0.831905
684	46    	0.341011 	0.197351	-0.02      	0.6795  
685	45    	0.344092 	0.17442 	-0.0160001 	0.6795  
686	45    	0.381168 	0.184029	0.0748606  	0.742343
687	50    	0.33625  	0.150696	0.0962244  	0.652043
688	44    	0.342406 	0.173367	0.0973882  	0.698107
689	47    	0.299443 	0.176277	-0.0159999 	0.702382
690	48    	0.323912 	0.160523	-0.0171428 	0.663758
691	43    	0.330149 	0.225755	-0.0171429 	0.785369
692	47    	0.348373 	0.1908  	-0.0171429 	0.82608 
693	44    	0.337839 	0.216835	-0.0180001 	0.82608 
694	45    	0.277072 	0.19276 	-0.0200001 	0.725338
695	43    	0.305276 	0.201355	-0.0200001 	0.812977
696	47    	0.301439 	0.205082	-0.0177778 	0.737491
697	47    	0.299118 	0.200548	-0.02      	0.82608 
698	46    	0.266764 	0.209248	-0.0171429 	0.737491
699	46    	0.328734 	0.230871	-0.02      	0.832048
700	46    	0.352264 	0.206259	-0.0177778 	0.795187
701	44    	0.358689 	0.236244	-0.0149908 	0.832048
702	46    	0.365242 	0.238337	-0.0133333 	0.832048
703	45    	0.341137 	0.219292	-0.0150001 	0.832048
704	45    	0.344984 	0.214963	-0.0225    	0.832048
705	46    	0.314836 	0.212758	-0.02      	0.832048
706	46    	0.310314 	0.195054	-0.0222222 	0.832048
707	47    	0.367437 	0.195231	-0.0166665 	0.832048
708	45    	0.342383 	0.220024	-0.0175    	0.832048
709	44    	0.353824 	0.198395	0.0807927  	0.832048
710	46    	0.325945 	0.209471	-0.02      	0.832048
711	46    	0.287398 	0.15286 	-0.0159977 	0.665857
712	45    	0.322821 	0.139131	0.0600305  	0.665857
713	50    	0.307231 	0.137891	0.0534598  	0.65424 
714	46    	0.316362 	0.141668	-0.0166667 	0.608321
715	43    	0.362381 	0.154518	0.130119   	0.791517
716	49    	0.3583   	0.188771	0.0642718  	0.731969
717	49    	0.350292 	0.176781	0.0663482  	0.807647
718	49    	0.340891 	0.169759	-0.0175    	0.774743
719	42    	0.381476 	0.165219	-0.015     	0.774743
720	45    	0.360872 	0.190103	-0.0133338 	0.84363 
721	43    	0.353846 	0.202981	-0.0150001 	0.84363 
722	47    	0.341116 	0.180614	0.0985713  	0.84363 
723	48    	0.313787 	0.177953	-0.0175    	0.700128
724	47    	0.332764 	0.165078	0.11071    	0.770832
725	45    	0.389565 	0.19572 	0.0855772  	0.874015
726	43    	0.407817 	0.209912	-0.0171383 	0.874015
727	47    	0.3418   	0.193   	-0.0181818 	0.874015
728	48    	0.330254 	0.206287	-0.0175001 	0.781479
729	49    	0.348254 	0.190966	-0.0133332 	0.77086 
730	49    	0.35776  	0.202551	-0.0171429 	0.769355
731	47    	0.329505 	0.187029	-0.0159967 	0.771293
732	46    	0.390065 	0.191447	0.0848389  	0.783443
733	50    	0.342214 	0.142991	0.0960014  	0.653357
734	49    	0.365049 	0.173521	0.0916971  	0.847756
735	46    	0.349566 	0.178128	-0.0149998 	0.747002
736	48    	0.32419  	0.179809	-0.0175    	0.752037
737	43    	0.369125 	0.150828	0.0659921  	0.698511
738	46    	0.33422  	0.180135	-0.01      	0.749347
739	48    	0.309678 	0.20859 	-0.0183333 	0.783485
740	43    	0.358561 	0.236487	-0.0171428 	0.789243
741	46    	0.365488 	0.216794	0.0589927  	0.79466 
742	46    	0.337709 	0.190592	0.0983325  	0.999059
743	45    	0.378401 	0.206903	0.0707021  	0.999059
744	45    	0.34023  	0.25085 	-0.0166639 	0.999059
745	49    	0.328016 	0.213781	-0.0177778 	1.01723 
746	43    	0.373357 	0.21682 	0.101215   	1.01723 
747	45    	0.344807 	0.25163 	0.0853762  	1.01723 
748	47    	0.326274 	0.233098	-0.0166667 	1.01723 
749	45    	0.396018 	0.195692	-0.0175    	1.01723 
750	48    	0.336171 	0.191351	0.0857203  	1.01723 
751	48    	0.338497 	0.165228	-0.0166667 	0.751386
752	49    	0.326223 	0.170026	-0.02      	0.862128
753	46    	0.334107 	0.160023	0.139485   	0.862128
754	47    	0.358635 	0.211105	-0.02      	0.862331
755	49    	0.259674 	0.166669	-0.02      	0.74758 
756	47    	0.314415 	0.202393	-0.0171429 	0.755156
757	47    	0.303854 	0.182883	-0.0175    	0.75698 
758	44    	0.343778 	0.221805	-0.0171429 	0.75698 
759	44    	0.352719 	0.1923  	-0.018     	0.75698 
760	45    	0.32988  	0.175676	0.100129   	0.75698 
761	46    	0.297174 	0.211778	-0.0175    	0.75698 
762	44    	0.313501 	0.194458	-0.0160001 	0.75698 
763	45    	0.292106 	0.178385	-0.016     	0.75698 
764	47    	0.314985 	0.164114	-0.0160001 	0.75698 
765	47    	0.274601 	0.152758	-0.018     	0.75698 
766	46    	0.293578 	0.190484	-0.0159999 	0.75698 
767	48    	0.293173 	0.158326	-0.016     	0.678871
768	44    	0.342903 	0.186707	-0.016     	0.84384 
769	46    	0.354107 	0.220122	-0.0166666 	0.856969
770	46    	0.325992 	0.218897	-0.0177778 	0.854573
771	46    	0.320562 	0.201332	-0.0175    	0.854573
772	39    	0.421426 	0.241858	0.0990402  	0.854573
773	44    	0.394221 	0.277467	-0.016     	1.01083 
774	48    	0.359727 	0.219107	0.0927187  	1.01083 
775	50    	0.263086 	0.130696	-0.0171429 	0.686837
776	46    	0.293588 	0.160362	-0.0175    	0.686837
777	44    	0.319168 	0.157577	-0.0149998 	0.687824
778	47    	0.272966 	0.183431	-0.02      	0.66085 
779	46    	0.313968 	0.191427	-0.0166666 	0.899635
780	47    	0.328975 	0.19163 	-0.02      	0.899635
781	49    	0.336499 	0.173095	0.0819958  	0.702999
782	44    	0.34872  	0.196336	-0.016     	0.702999
783	47    	0.383951 	0.18859 	-0.01      	0.844942
784	47    	0.339832 	0.206866	-0.02      	0.844942
785	44    	0.354532 	0.215283	-0.0181818 	0.844942
786	46    	0.306886 	0.18109 	-0.0133333 	0.767109
787	49    	0.31234  	0.149905	0.0730403  	0.758521
788	46    	0.328951 	0.127847	0.0862586  	0.745168
789	43    	0.355324 	0.162281	0.0957898  	0.745168
790	48    	0.298241 	0.151499	-0.0199999 	0.705223
791	48    	0.316036 	0.131587	-0.0166667 	0.706733
792	45    	0.322012 	0.168787	-0.01      	0.712714
793	44    	0.307637 	0.165917	-0.01      	0.712714
794	45    	0.331193 	0.192367	-0.02      	0.754771
795	46    	0.343878 	0.197213	-0.0171429 	0.712714
796	45    	0.371704 	0.183655	-0.0159999 	0.712714
797	50    	0.285755 	0.167379	-0.02      	0.666326
798	42    	0.336491 	0.189851	-0.02      	0.817718
799	47    	0.295423 	0.167481	-0.0150003 	0.817718
800	44    	0.277101 	0.189639	-0.02      	0.655583
801	46    	0.295144 	0.157942	-0.02      	0.581453
802	44    	0.34539  	0.169841	-0.02      	0.726876
803	48    	0.340753 	0.186169	-0.0222222 	0.805662
804	43    	0.361919 	0.206956	0.0664903  	0.805662
805	48    	0.330066 	0.207864	0.0748769  	0.89138 
806	47    	0.382907 	0.228105	-0.016     	0.89138 
807	46    	0.356074 	0.214978	-0.01      	0.810111
808	42    	0.452211 	0.218818	-0.015     	0.810111
809	45    	0.397825 	0.255169	-0.0171428 	0.810111
810	46    	0.377236 	0.239818	-0.0166667 	0.810111
811	48    	0.33955  	0.232873	-0.02      	0.898394
812	45    	0.344962 	0.21741 	0.0666646  	0.799455
813	47    	0.340456 	0.188926	-0.02      	0.799369
814	49    	0.314411 	0.2508  	-0.0159999 	0.799369
815	41    	0.353198 	0.249804	-0.0181819 	0.799369
816	48    	0.315008 	0.21677 	-0.01      	0.799369
817	47    	0.337551 	0.233256	-0.02      	0.799578
818	45    	0.343301 	0.221988	-0.0171429 	0.804201
819	44    	0.366423 	0.251022	-0.02      	0.804201
820	49    	0.278646 	0.186596	-0.0177778 	0.799369
821	46    	0.346381 	0.218593	-0.0174999 	0.906302
822	49    	0.30838  	0.194766	-0.017143  	0.704526
823	42    	0.386314 	0.215073	-0.0133333 	0.794811
824	47    	0.383873 	0.200039	0.0748247  	0.799185
825	45    	0.373988 	0.213919	-0.02      	0.811501
826	45    	0.324684 	0.212225	0.0610677  	0.799185
827	47    	0.344017 	0.202409	-0.015     	0.799185
828	45    	0.384197 	0.212163	-0.0181818 	0.799185
829	45    	0.368271 	0.207496	-0.0171428 	0.799185
830	42    	0.391585 	0.207348	0.0739076  	0.799185
831	47    	0.34337  	0.227508	-0.0177778 	0.858705
832	46    	0.323469 	0.227891	-0.02      	0.858705
833	42    	0.381866 	0.232225	-0.0133334 	0.858705
834	45    	0.395524 	0.23768 	-0.0171428 	0.859561
835	44    	0.385396 	0.22268 	-0.0166667 	0.858705
836	45    	0.377052 	0.215732	-0.02      	0.858705
837	44    	0.38303  	0.235765	-0.015     	0.858705
838	48    	0.284163 	0.23364 	-0.0166667 	0.858705
839	46    	0.391287 	0.24392 	-0.0166667 	0.813756
840	48    	0.302066 	0.25146 	-0.02      	0.813756
841	47    	0.281194 	0.223255	-0.02      	0.764337
842	48    	0.301617 	0.212452	-0.0171428 	0.764337
843	45    	0.327598 	0.223247	-0.0171429 	0.812083
844	44    	0.311585 	0.250314	-0.02      	0.812083
845	44    	0.313092 	0.228531	-0.0166667 	0.812083
846	43    	0.363275 	0.247641	-0.0166667 	0.812825
847	44    	0.364249 	0.27232 	-0.0166667 	0.812977
848	44    	0.33407  	0.278947	-0.0166666 	0.812977
849	43    	0.280999 	0.280093	-0.0166667 	0.812825
850	48    	0.266304 	0.274304	-0.0166667 	0.812825
851	45    	0.252181 	0.289248	-0.0171429 	0.812825
852	45    	0.328471 	0.266769	-0.0171429 	0.813708
853	47    	0.273979 	0.273599	-0.0171429 	0.813756
854	44    	0.335735 	0.257992	-0.0166667 	0.812977
855	48    	0.210374 	0.209464	-0.0171428 	0.812977
856	47    	0.169022 	0.172513	-0.0171429 	0.812083
857	42    	0.23481  	0.176251	-0.02      	0.812083
858	47    	0.244788 	0.205708	-0.0166666 	0.812825
859	42    	0.288509 	0.254193	-0.0171427 	0.812308
860	46    	0.276826 	0.248766	-0.0171429 	0.812308
861	45    	0.257682 	0.224865	-0.0171429 	0.812308
862	48    	0.235592 	0.198327	-0.0175    	0.812083
863	47    	0.259824 	0.222323	-0.0171429 	0.812083
864	48    	0.228793 	0.215067	-0.02      	0.812308
865	45    	0.230051 	0.222416	-0.0171429 	0.812977
866	48    	0.194744 	0.190786	-0.0166667 	0.812977
867	44    	0.245546 	0.204214	-0.02      	0.812977
868	45    	0.289194 	0.233327	-0.0160001 	0.812977
869	45    	0.249597 	0.258009	-0.018     	0.812977
870	45    	0.232237 	0.249076	-0.0166667 	0.812977
871	44    	0.305931 	0.266584	-0.0171429 	0.812977
872	47    	0.278656 	0.256938	-0.0171428 	0.812977
873	45    	0.281923 	0.266445	-0.0171428 	0.812977
874	47    	0.23384  	0.215853	-0.0175    	0.812977
875	45    	0.287103 	0.223493	-0.0199999 	0.812977
876	48    	0.220148 	0.218889	-0.0171429 	0.812977
877	45    	0.307735 	0.245995	-0.02      	0.812825
878	47    	0.269542 	0.21107 	-0.0171428 	0.703659
879	44    	0.267719 	0.186215	-0.0166667 	0.702349
880	43    	0.263091 	0.23632 	-0.0171429 	0.702732
881	45    	0.294207 	0.222305	-0.0171429 	0.812977
882	43    	0.317327 	0.233111	-0.0166668 	0.813708
883	43    	0.288162 	0.275015	-0.0166667 	0.813708
884	43    	0.296403 	0.299653	-0.0171413 	0.81995 
885	47    	0.280451 	0.231831	-0.0171429 	0.813708
886	47    	0.268874 	0.280325	-0.0166667 	0.81995 
887	48    	0.260139 	0.23106 	-0.0166667 	0.81995 
888	49    	0.267143 	0.236005	-0.02      	0.81995 
889	46    	0.296408 	0.210915	-0.0171428 	0.7262  
890	47    	0.284306 	0.207126	-0.0166667 	0.727596
891	48    	0.30841  	0.189134	-0.02      	0.698961
892	44    	0.323295 	0.190373	-0.0171429 	0.705337
893	46    	0.304165 	0.206142	-0.02      	0.702711
894	46    	0.336919 	0.23447 	-0.0171429 	0.706026
895	48    	0.232572 	0.217972	-0.02      	0.706026
896	47    	0.238134 	0.182642	-0.02      	0.706026
897	47    	0.266935 	0.233788	-0.02      	0.812977
898	47    	0.314485 	0.240759	-0.0166667 	0.812977
899	48    	0.247364 	0.223558	-0.0166667 	0.812825
900	46    	0.25865  	0.241411	-0.02      	0.812825
901	42    	0.282149 	0.255061	-0.0166667 	0.812825
902	43    	0.306151 	0.264831	-0.0166667 	0.812825
903	44    	0.330688 	0.254919	-0.02      	0.812825
904	46    	0.262655 	0.24334 	-0.0175002 	0.812825
905	46    	0.203436 	0.201883	-0.02      	0.812083
906	44    	0.235865 	0.204839	-0.0166667 	0.812308
907	48    	0.229033 	0.182143	-0.0171429 	0.813708
908	45    	0.221722 	0.16322 	-0.0160001 	0.705828
909	45    	0.271055 	0.185255	-0.0175    	0.705828
910	45    	0.253371 	0.226729	-0.02      	0.812083
911	47    	0.227139 	0.210776	-0.0200001 	0.812825
912	48    	0.245206 	0.193192	-0.0166667 	0.813708
913	44    	0.30894  	0.219786	-0.0166667 	0.813708
914	47    	0.223855 	0.230187	-0.0171429 	0.846461
915	44    	0.297371 	0.251669	-0.0166666 	0.846461
916	48    	0.254517 	0.213746	-0.0199999 	0.846461
917	46    	0.297296 	0.19919 	-0.0149997 	0.846461
918	43    	0.278528 	0.225808	-0.02      	0.750992
919	43    	0.433848 	0.224677	-0.0171429 	0.819458
920	44    	0.394192 	0.233304	0.0861663  	0.819458
921	44    	0.344723 	0.250396	-0.0166666 	0.819458
922	47    	0.302396 	0.239431	-0.0171428 	0.813756
923	43    	0.302264 	0.224539	-0.018     	0.813756
924	48    	0.217763 	0.217593	-0.02      	0.812083
925	46    	0.33049  	0.235883	-0.0171429 	0.812825
926	45    	0.360949 	0.27374 	-0.0175    	0.812977
927	46    	0.309804 	0.268809	-0.0171429 	0.812977
928	46    	0.283268 	0.255571	-0.0177778 	0.812977
929	49    	0.246224 	0.224289	-0.0171428 	0.812977
930	46    	0.296294 	0.232125	-0.0199999 	0.812825
931	47    	0.248549 	0.216403	-0.02      	0.812825
932	49    	0.287219 	0.203908	-0.0171428 	0.812825
933	48    	0.255726 	0.191701	-0.0166668 	0.812825
934	42    	0.348589 	0.245055	-0.02      	0.812825
935	46    	0.361872 	0.262857	-0.0160001 	0.812825
936	42    	0.368518 	0.284234	-0.0177778 	0.812825
937	42    	0.340374 	0.299308	-0.0166667 	0.812825
938	47    	0.217905 	0.252541	-0.02      	0.812825
939	48    	0.311662 	0.243205	-0.017143  	0.812825
940	46    	0.305564 	0.255928	-0.0175    	0.812977
941	43    	0.317141 	0.268394	-0.02      	0.812977
942	48    	0.235389 	0.232542	-0.0171429 	0.812825
943	45    	0.334488 	0.251559	-0.0171429 	0.812977
944	48    	0.285881 	0.213646	-0.0171429 	0.812977
945	47    	0.285232 	0.192736	-0.02      	0.812308
946	45    	0.322972 	0.225337	-0.0199999 	0.812308
947	46    	0.327932 	0.231027	-0.0166666 	0.812977
948	44    	0.330436 	0.25046 	-0.02      	0.819403
949	47    	0.29457  	0.215189	-0.0175    	0.819403
950	45    	0.287924 	0.218694	-0.0166666 	0.812977
951	45    	0.298666 	0.252555	-0.0166667 	0.812977
952	45    	0.246134 	0.267243	-0.0166667 	0.819403
953	46    	0.293292 	0.25487 	-0.0171429 	0.819403
954	44    	0.355093 	0.293386	-0.0171428 	0.819403
955	44    	0.346565 	0.277078	-0.0166667 	0.819403
956	46    	0.356015 	0.246417	-0.0160001 	0.819403
957	44    	0.339425 	0.267616	-0.02      	0.819403
958	48    	0.279599 	0.241443	-0.0175001 	0.813756
959	47    	0.301158 	0.219555	-0.0175    	0.813756
960	43    	0.355182 	0.26947 	-0.02      	0.813756
961	47    	0.246859 	0.234094	-0.0175    	0.813708
962	44    	0.314316 	0.226017	-0.0171429 	0.73237 
963	46    	0.369068 	0.232452	-0.0150001 	0.812977
964	46    	0.307362 	0.276848	-0.0175    	0.812308
965	48    	0.254568 	0.225381	-0.0166665 	0.812308
966	45    	0.283681 	0.229709	-0.0199999 	0.812977
967	47    	0.280105 	0.23389 	-0.0171429 	0.804176
968	44    	0.39894  	0.220955	-0.0166667 	0.805021
969	46    	0.315895 	0.248282	-0.02      	0.805021
970	48    	0.297442 	0.219881	-0.02      	0.805245
971	48    	0.244189 	0.223972	-0.02      	0.805245
972	47    	0.266332 	0.241878	-0.0175    	0.812083
973	46    	0.311818 	0.231244	-0.02      	0.812083
974	46    	0.322312 	0.219596	-0.0200001 	0.808247
975	45    	0.322575 	0.224334	-0.02      	0.808247
976	45    	0.291948 	0.235766	-0.02      	0.808247
977	46    	0.327641 	0.215377	-0.02      	0.706014
978	45    	0.340195 	0.211852	-0.0199999 	0.70864 
979	47    	0.259175 	0.252448	-0.0175    	0.812825
980	48    	0.326244 	0.237081	-0.0175    	0.813879
981	47    	0.297126 	0.244734	-0.02      	0.813879
982	44    	0.324035 	0.231375	-0.0171429 	0.813879
983	45    	0.314639 	0.221737	-0.0166667 	0.813879
984	45    	0.36561  	0.245619	-0.02      	0.813879
985	47    	0.353387 	0.212365	-0.018     	0.813879
986	44    	0.337087 	0.228502	-0.0177778 	0.813879
987	42    	0.318191 	0.244212	-0.0175    	0.813879
988	48    	0.27017  	0.178344	-0.018     	0.753444
989	49    	0.304834 	0.191764	-0.018     	0.751821
990	48    	0.286235 	0.208705	-0.0175    	0.751821
991	49    	0.31341  	0.226527	-0.0166667 	0.754907
992	45    	0.315583 	0.256218	-0.02      	0.820204
993	43    	0.37535  	0.275719	-0.018     	0.820204
994	47    	0.286377 	0.231602	-0.0177777 	0.831774
995	49    	0.282826 	0.222114	-0.0179999 	0.807109
996	47    	0.320068 	0.218113	-0.02      	0.753444
997	43    	0.346004 	0.227666	-0.0177777 	0.753444
998	46    	0.383113 	0.216413	-0.0166667 	0.832048
999	46    	0.303889 	0.250046	-0.0175    	0.832048
1000	49    	0.287584 	0.164249	-0.0175    	0.718805
