gen	nevals	avg     	stddev	min     	max     
0  	50    	0.218369	0     	0.218369	0.218369
1  	47    	0.0540147	0.107284	-0.0150001	0.356517
2  	46    	0.101611 	0.141137	-0.0160001	0.514579
3  	46    	0.15466  	0.169837	-0.02     	0.514579
4  	49    	0.232411 	0.206099	-0.0171429	0.811396
5  	45    	0.273557 	0.209282	-0.0166668	0.811396
6  	47    	0.206846 	0.19834 	-0.017143 	0.811247
7  	46    	0.214413 	0.210079	-0.02     	0.811247
8  	46    	0.226935 	0.216473	-0.0166667	0.813708
9  	49    	0.214679 	0.197406	-0.02     	0.581321
10 	44    	0.248639 	0.19719 	-0.0166666	0.581238
11 	48    	0.190423 	0.193871	-0.0166667	0.813708
12 	48    	0.218399 	0.217561	-0.0166667	0.813708
13 	45    	0.284442 	0.259416	-0.0177781	0.813708
14 	49    	0.256429 	0.242526	-0.0166667	0.813708
15 	49    	0.236212 	0.232471	-0.0166667	0.812825
16 	44    	0.316385 	0.259044	-0.0166667	0.812825
17 	48    	0.190001 	0.222579	-0.02     	0.812977
18 	45    	0.285085 	0.231718	-0.0171431	0.812977
19 	44    	0.287597 	0.266422	-0.02     	0.812977
20 	44    	0.316854 	0.282339	-0.0171429	0.813708
21 	50    	0.266743 	0.246123	-0.02     	0.813756
22 	47    	0.29913  	0.243313	-0.02     	0.813708
23 	45    	0.26859  	0.256478	-0.0171429	0.813708
24 	47    	0.316692 	0.2303  	-0.0171429	0.813708
25 	45    	0.305682 	0.267448	-0.018    	0.813708
26 	45    	0.333146 	0.271458	-0.0171429	0.813708
27 	45    	0.345633 	0.281625	-0.0166666	0.813756
28 	44    	0.253894 	0.29974 	-0.02     	0.813756
29 	44    	0.261576 	0.294734	-0.02     	0.813756
30 	48    	0.233894 	0.246392	-0.0175   	0.813708
31 	47    	0.222482 	0.214683	-0.0166667	0.813756
32 	42    	0.303608 	0.253625	-0.0175   	0.813756
33 	45    	0.339727 	0.268979	-0.0171429	0.813756
34 	43    	0.340417 	0.314301	-0.0175   	0.813756
35 	48    	0.258993 	0.252077	-0.0166667	0.813756
36 	48    	0.276161 	0.258093	-0.0166667	0.813756
37 	44    	0.215646 	0.248266	-0.0171428	0.813756
38 	46    	0.260832 	0.219828	-0.0171429	0.813756
39 	45    	0.274912 	0.242199	-0.0171429	0.811396
40 	49    	0.25542  	0.227703	-0.0171429	0.813708
41 	46    	0.265113 	0.237912	-0.0166668	0.813708
42 	47    	0.279423 	0.275413	-0.0171428	0.813756
43 	45    	0.292879 	0.276084	-0.0171429	0.813708
44 	48    	0.287364 	0.246491	-0.0166667	0.813756
45 	45    	0.290796 	0.264832	-0.02     	0.813756
46 	43    	0.293934 	0.274512	-0.0171429	0.813756
47 	46    	0.252184 	0.255357	-0.0171429	0.813708
48 	45    	0.304542 	0.257027	-0.0175   	0.813756
49 	47    	0.242001 	0.219223	-0.0160001	0.813756
50 	43    	0.322952 	0.26711 	-0.0166667	0.813756
51 	47    	0.226618 	0.243981	-0.0171428	0.819317
52 	46    	0.362207 	0.251338	-0.0171429	0.813756
53 	41    	0.350872 	0.310833	-0.0166667	0.819458
54 	45    	0.291751 	0.29237 	-0.0174999	0.819458
55 	45    	0.322428 	0.231992	-0.0166667	0.819458
56 	45    	0.369547 	0.263904	-0.0175   	0.819458
57 	47    	0.375361 	0.253839	-0.016    	0.819458
58 	45    	0.324069 	0.260168	-0.0199999	0.819458
59 	48    	0.415101 	0.271285	-0.0133334	0.819458
60 	48    	0.323822 	0.270912	-0.0166666	0.819458
61 	46    	0.364945 	0.271253	-0.0171429	0.819458
62 	44    	0.35992  	0.281928	-0.0171429	0.845432
63 	48    	0.331738 	0.25748 	-0.0171429	0.819458
64 	45    	0.349099 	0.246025	-0.0175001	0.819458
65 	43    	0.363023 	0.263039	-0.0166667	0.819458
66 	45    	0.335507 	0.273626	-0.0171429	0.819458
67 	46    	0.320095 	0.256118	-0.0171428	0.819458
68 	47    	0.335291 	0.232112	-0.02     	0.85608 
69 	46    	0.382341 	0.220598	-0.0150001	0.85608 
70 	47    	0.347949 	0.242438	-0.0175   	0.85608 
71 	43    	0.361346 	0.263525	-0.0171429	0.85608 
72 	48    	0.35621  	0.240804	-0.0171429	0.85608 
73 	42    	0.381171 	0.250055	-0.0166667	0.812977
74 	48    	0.350591 	0.244156	-0.0171428	0.819458
75 	47    	0.334351 	0.243061	-0.0175   	0.812977
76 	46    	0.308237 	0.221517	-0.02     	0.704954
77 	46    	0.324727 	0.235733	-0.0171429	0.732661
78 	49    	0.326885 	0.224409	-0.02     	0.733716
79 	46    	0.31971  	0.233219	-0.0171429	0.727243
80 	46    	0.328128 	0.241932	-0.0171429	0.812977
81 	49    	0.296579 	0.249772	-0.0175001	0.730941
82 	47    	0.348897 	0.227593	-0.0160001	0.84275 
83 	47    	0.287253 	0.173172	-0.0171429	0.714643
84 	45    	0.338787 	0.20044 	-0.0166667	0.817352
85 	47    	0.338436 	0.18808 	-0.016    	0.715283
86 	48    	0.367103 	0.165108	-0.016    	0.716745
87 	45    	0.386391 	0.177129	-0.015    	0.77355 
88 	45    	0.413844 	0.173374	-0.0133336	0.704691
89 	47    	0.405006 	0.183023	0.109665  	0.726437
90 	48    	0.394478 	0.209556	-0.016    	0.77355 
91 	43    	0.440432 	0.233897	-0.016    	0.907177
92 	44    	0.444042 	0.270979	-0.01     	0.907177
93 	48    	0.394557 	0.273217	0.0658764 	1.03793 
94 	45    	0.409491 	0.283855	0.0912487 	1.03793 
95 	49    	0.437322 	0.283863	0.0856611 	1.03793 
96 	42    	0.469625 	0.311608	0.0672167 	1.03793 
97 	43    	0.398879 	0.310856	-0.00671136	1.03793 
98 	45    	0.509363 	0.32362 	-0.0150001 	1.03793 
99 	47    	0.430173 	0.304218	-0.0166666 	1.03793 
100	45    	0.400209 	0.309751	-0.0166667 	1.03793 
101	43    	0.47641  	0.334991	-0.0171429 	1.03793 
102	44    	0.460602 	0.357065	-0.0177778 	1.03793 
103	43    	0.534075 	0.341275	0.0729603  	1.03793 
104	48    	0.372174 	0.28535 	-0.0133333 	1.03793 
105	46    	0.469834 	0.296539	-0.0166668 	1.03793 
106	47    	0.4551   	0.307317	-0.0166667 	1.03793 
107	46    	0.456015 	0.302264	-0.015     	0.936664
108	47    	0.461463 	0.27699 	-0.0150001 	1.03793 
109	48    	0.412496 	0.284374	-0.02      	1.03793 
110	47    	0.433547 	0.258649	-0.0166583 	0.93468 
111	46    	0.44248  	0.251216	0.0755815  	0.890472
112	47    	0.404528 	0.253468	-0.02      	0.93468 
113	48    	0.419914 	0.253964	-0.0166667 	0.93468 
114	46    	0.420311 	0.266993	-0.0171429 	0.93468 
115	47    	0.454564 	0.233355	-0.01      	0.861537
116	47    	0.43704  	0.246621	0.0758447  	0.866645
117	42    	0.442404 	0.276463	0.0747013  	0.866645
118	43    	0.43423  	0.277908	-0.0171428 	0.871862
119	46    	0.470171 	0.262645	0.131676   	0.866645
120	44    	0.491441 	0.263985	-0.0150003 	0.868051
121	44    	0.484141 	0.277548	0.08632    	1.04092 
122	45    	0.457956 	0.316069	0.0663809  	0.956516
123	42    	0.485628 	0.311294	-0.0166667 	0.956516
124	48    	0.436501 	0.308973	-0.0166666 	0.98469 
125	44    	0.553033 	0.303673	0.0663809  	0.98469 
126	45    	0.441303 	0.326233	-0.0177778 	0.98469 
127	47    	0.484408 	0.297701	0.0746766  	0.989154
128	48    	0.454632 	0.28992 	-0.01      	1.06903 
129	47    	0.479924 	0.268257	0.0729311  	0.979297
130	46    	0.466408 	0.266297	0.101949   	0.978992
131	44    	0.509113 	0.284766	0.141079   	0.981881
132	43    	0.519044 	0.3257  	0.0589592  	0.981881
133	46    	0.496579 	0.289133	0.0661047  	0.986906
134	43    	0.466188 	0.323793	-0.016     	0.986906
135	47    	0.52762  	0.297394	-0.015     	0.981881
136	46    	0.461528 	0.272917	-0.0171429 	0.978992
137	45    	0.456389 	0.290841	0.0925229  	0.978992
138	47    	0.418387 	0.261934	0.0469796  	0.978992
139	47    	0.3952   	0.232889	0.0872842  	0.886529
140	45    	0.375142 	0.237608	-0.0166667 	0.889268
141	44    	0.43041  	0.233011	-0.0160001 	0.889268
142	48    	0.45017  	0.215622	0.0806603  	0.862182
143	42    	0.483686 	0.236921	0.0823008  	0.867815
144	43    	0.415668 	0.240751	0.0833599  	0.867815
145	45    	0.442505 	0.23894 	-0.02      	0.824017
146	47    	0.451222 	0.219262	0.0846561  	0.891041
147	45    	0.454905 	0.235926	-0.016     	0.891041
148	45    	0.456273 	0.227664	-0.0171429 	0.96474 
149	45    	0.439395 	0.240298	0.0803916  	0.96474 
150	48    	0.509947 	0.257859	0.116503   	0.96474 
151	47    	0.449388 	0.239408	0.128396   	0.96474 
152	49    	0.460035 	0.265726	-0.02      	0.96133 
153	45    	0.471287 	0.292381	-0.0177778 	1.06634 
154	45    	0.490936 	0.284658	-0.016     	1.06634 
155	43    	0.479308 	0.311005	-0.0175    	1.06634 
156	42    	0.472223 	0.304229	-0.015     	1.06634 
157	43    	0.529995 	0.304893	-0.0177778 	1.06634 
158	45    	0.538497 	0.363446	-0.016     	1.06976 
159	46    	0.483033 	0.305223	0.103938   	1.06976 
160	48    	0.397745 	0.273777	-0.0175    	0.902448
161	50    	0.447891 	0.23054 	-0.02      	0.876369
162	45    	0.47855  	0.244861	0.127389   	0.906684
163	45    	0.525512 	0.234316	-0.0166568 	0.906684
164	46    	0.474246 	0.258792	0.0977584  	0.906684
165	49    	0.405499 	0.264563	-0.015     	0.912092
166	45    	0.431596 	0.280538	-0.0199999 	0.915497
167	45    	0.488111 	0.294366	-0.0159999 	0.971154
168	45    	0.431019 	0.296149	-0.0133333 	0.971154
169	48    	0.476113 	0.289616	-0.016     	0.976456
170	48    	0.386932 	0.262314	-0.0166667 	0.971154
171	42    	0.536804 	0.283287	0.106521   	1.04809 
172	44    	0.443305 	0.288071	-0.0183334 	1.04809 
173	49    	0.427215 	0.252782	-0.0171429 	0.907309
174	47    	0.457837 	0.269273	-0.0150001 	0.907309
175	49    	0.446843 	0.245492	0.098097   	1.06641 
176	42    	0.548379 	0.295097	0.107029   	1.1261  
177	48    	0.382438 	0.265636	-0.0150003 	1.06641 
178	46    	0.423262 	0.247811	0.129666   	1.06641 
179	46    	0.452857 	0.264874	-0.0177778 	1.02572 
180	44    	0.428379 	0.275525	-0.0166667 	1.02572 
181	43    	0.451353 	0.277067	0.110318   	1.02572 
182	47    	0.458157 	0.28497 	0.0996832  	1.02572 
183	43    	0.478486 	0.301581	0.1368     	1.04855 
184	49    	0.431069 	0.27405 	-0.0171428 	1.04855 
185	45    	0.509323 	0.308154	-0.0166666 	1.04194 
186	48    	0.446371 	0.266119	0.116787   	1.02572 
187	46    	0.511608 	0.290987	0.0834672  	1.00528 
188	45    	0.505466 	0.292209	-0.0179999 	1.00528 
189	43    	0.580006 	0.290834	0.12112    	1.04402 
190	46    	0.482783 	0.281736	-0.0175    	1.00528 
191	46    	0.454618 	0.280645	0.100294   	1.03579 
192	48    	0.449168 	0.273199	0.126788   	1.04855 
193	46    	0.436389 	0.292056	-0.0175    	1.04855 
194	47    	0.48831  	0.27613 	0.159817   	1.11252 
195	46    	0.440444 	0.287052	-0.0183333 	1.04043 
196	46    	0.500668 	0.250609	0.155313   	1.04043 
197	46    	0.52272  	0.280634	-0.0171429 	1.04043 
198	48    	0.492145 	0.258889	0.099957   	0.98082 
199	48    	0.462743 	0.238442	0.0997174  	0.98082 
200	50    	0.391818 	0.222953	-0.0166667 	0.910467
201	46    	0.459095 	0.249115	0.095408   	0.982018
202	43    	0.503132 	0.251484	0.180619   	1.04378 
203	48    	0.493177 	0.265479	0.121734   	1.07653 
204	47    	0.402321 	0.248731	-0.0186667 	1.07653 
205	47    	0.407724 	0.22434 	0.120553   	1.07653 
206	47    	0.45892  	0.246608	0.188217   	1.07653 
207	49    	0.420269 	0.222758	0.155125   	1.07653 
208	49    	0.393537 	0.206296	-0.0166666 	0.98041 
209	47    	0.45503  	0.222452	0.158708   	0.98041 
210	48    	0.405325 	0.222041	0.0444299  	0.979741
211	46    	0.499632 	0.219271	0.11334    	0.979741
212	46    	0.461279 	0.235402	0.143013   	0.979741
213	48    	0.410044 	0.257114	-0.0133333 	1.03644 
214	48    	0.406618 	0.318583	-1         	1.03644 
215	45    	0.527632 	0.27391 	0.0672919  	1.03644 
216	44    	0.505217 	0.293395	0.153735   	1.11519 
217	39    	0.550921 	0.332594	0.0977717  	1.11519 
218	45    	0.505129 	0.329177	-0.0177778 	1.11519 
219	45    	0.47783  	0.385688	-1         	1.11519 
220	42    	0.549784 	0.301139	-0.0133333 	1.11519 
221	48    	0.481015 	0.3642  	-1         	1.10518 
222	42    	0.531088 	0.320001	0.101655   	1.10518 
223	44    	0.459374 	0.279257	-0.015     	1.10518 
224	49    	0.415815 	0.241387	0.0461708  	0.99608 
225	46    	0.453421 	0.220511	0.151739   	0.99608 
226	46    	0.438091 	0.225448	0.0898337  	0.99608 
227	44    	0.478439 	0.258143	-0.0171429 	0.99608 
228	48    	0.484567 	0.25531 	0.129923   	0.99608 
229	47    	0.449185 	0.347887	-1         	0.99608 
230	44    	0.514041 	0.279573	-0.01      	0.99608 
231	46    	0.463071 	0.270665	-0.015     	0.99608 
232	47    	0.443868 	0.251761	0.12033    	0.99608 
233	47    	0.500633 	0.290538	-0.0166667 	0.99608 
234	46    	0.493417 	0.267243	0.133837   	1.00184 
235	46    	0.411504 	0.25324 	-0.016     	1.00184 
236	44    	0.461525 	0.249348	-0.018     	0.998177
237	49    	0.466937 	0.240488	0.122789   	0.966605
238	45    	0.433085 	0.260661	0.156375   	0.966605
239	46    	0.474148 	0.242652	0.116439   	0.942421
240	46    	0.277191 	0.393984	-1         	0.938514
241	43    	0.467009 	0.334937	-1         	0.960298
242	48    	0.469564 	0.227848	0.16556    	0.938514
243	49    	0.315617 	0.443099	-1         	1.00184 
244	44    	0.466115 	0.245441	-0.0199998 	1.0055  
245	46    	0.502122 	0.236105	0.108614   	1.1205  
246	46    	0.471079 	0.330142	-1         	1.1205  
247	42    	0.47364  	0.279305	0.116452   	1.1205  
248	46    	0.463099 	0.254159	0.185335   	1.1205  
249	49    	0.365934 	0.327849	-1         	1.00952 
250	42    	0.418763 	0.279369	-0.0183334 	0.998002
251	47    	0.449492 	0.231704	0.158998   	0.948237
252	42    	0.531918 	0.287281	0.139392   	1.01106 
253	44    	0.487785 	0.305478	-0.016     	1.01106 
254	44    	0.524136 	0.365197	-1         	1.05685 
255	46    	0.505407 	0.273644	0.163049   	1.01106 
256	43    	0.493013 	0.279463	0.129742   	1.00464 
257	46    	0.409661 	0.238655	-0.0174999 	1.05272 
258	47    	0.512618 	0.232983	0.184352   	1.06194 
259	44    	0.491874 	0.288411	0.112952   	1.06194 
260	46    	0.453878 	0.270517	-0.0133333 	1.06194 
261	46    	0.45472  	0.24206 	0.101768   	1.06194 
262	47    	0.376589 	0.376503	-1         	1.06194 
263	42    	0.518837 	0.429699	-1         	1.06194 
264	48    	0.444449 	0.280105	-0.0177778 	1.06194 
265	45    	0.472321 	0.273768	0.111136   	1.06194 
266	45    	0.439336 	0.328676	-1         	1.06194 
267	44    	0.399243 	0.307014	-1         	1.08427 
268	47    	0.384734 	0.283459	-1         	0.972084
269	46    	0.4048   	0.293581	-1         	0.972084
270	49    	0.320833 	0.451814	-1         	1.04449 
271	47    	0.442473 	0.345139	-1         	1.05204 
272	48    	0.353802 	0.298163	-1         	1.04449 
273	50    	0.30579  	0.319621	-1         	0.839625
274	46    	0.426936 	0.200994	-0.01      	0.855686
275	50    	0.396665 	0.188761	0.0915903  	0.79157 
276	44    	0.408907 	0.229884	-0.0171429 	0.855686
277	46    	0.405806 	0.243808	0.0892662  	0.855686
278	45    	0.425841 	0.224368	-0.0177778 	0.855686
279	44    	0.47678  	0.23793 	0.0833554  	0.855686
280	48    	0.405796 	0.219294	-0.0171428 	0.851312
281	45    	0.41174  	0.21742 	0.0756949  	0.939785
282	47    	0.370975 	0.226808	-0.0177778 	0.854412
283	45    	0.421418 	0.238272	0.0664182  	0.9306  
284	43    	0.44366  	0.27507 	-0.0186667 	0.89676 
285	47    	0.4125   	0.24065 	-0.0166666 	0.89676 
286	45    	0.424439 	0.241196	0.0842928  	0.855082
287	45    	0.430859 	0.211754	0.113875   	0.908185
288	48    	0.421287 	0.221233	0.113481   	0.875582
289	47    	0.422827 	0.205282	0.143244   	0.863606
290	46    	0.400859 	0.2262  	0.108114   	0.863606
291	47    	0.367198 	0.23934 	-0.016     	1.0084  
292	48    	0.39711  	0.242568	-0.0133333 	0.938575
293	46    	0.367698 	0.226078	-0.0171429 	0.877511
294	46    	0.431214 	0.233763	-0.0177777 	0.877511
295	48    	0.416749 	0.234228	-0.0166652 	0.970573
296	45    	0.415235 	0.271171	-0.0159998 	0.971623
297	44    	0.389833 	0.2466  	-0.0166666 	0.902879
298	47    	0.419933 	0.252459	-0.02      	0.877417
299	45    	0.433195 	0.248983	0.0860305  	0.877417
300	47    	0.385205 	0.22805 	0.0467386  	0.877417
301	41    	0.400328 	0.273149	-0.0160001 	0.877417
302	46    	0.36623  	0.1945  	-0.0166668 	0.877417
303	43    	0.412589 	0.246953	0.0701954  	0.877417
304	43    	0.476427 	0.271871	0.0611561  	0.907189
305	46    	0.422459 	0.25229 	0.0956229  	0.907189
306	47    	0.380448 	0.239754	0.0486015  	0.910293
307	46    	0.397665 	0.257878	0.0667813  	0.922737
308	45    	0.440103 	0.275499	0.075823   	0.951843
309	46    	0.417041 	0.246026	-0.0166667 	0.951843
310	45    	0.393074 	0.247203	-0.01      	0.912562
311	45    	0.437914 	0.258623	-0.0133333 	0.912562
312	46    	0.426756 	0.258416	0.0981334  	0.912562
313	45    	0.400886 	0.263612	-0.016664  	0.912562
314	46    	0.444387 	0.264205	-0.02      	0.912562
315	46    	0.375212 	0.254563	0.067546   	0.895853
316	47    	0.40029  	0.244656	-0.0171432 	0.936704
317	49    	0.453153 	0.261947	0.0993019  	0.941214
318	45    	0.422689 	0.282638	-0.0166667 	0.941214
319	47    	0.422384 	0.226774	0.135497   	0.914427
320	45    	0.393408 	0.251651	-0.0166667 	0.936343
321	48    	0.388275 	0.278753	0.0626493  	0.914427
322	47    	0.436804 	0.252304	-0.0133337 	0.914427
323	48    	0.393427 	0.235148	-0.0175    	0.831192
324	45    	0.401472 	0.230925	-0.016     	0.831192
325	46    	0.38271  	0.20014 	0.0748771  	0.831192
326	50    	0.356757 	0.216115	-0.0171429 	0.780482
327	43    	0.426267 	0.21216 	-0.0175001 	0.847838
328	46    	0.440529 	0.219405	0.127794   	0.847838
329	45    	0.335117 	0.246223	-0.0133334 	0.858101
330	46    	0.432504 	0.222501	-0.0175    	0.858101
331	43    	0.41908  	0.233479	0.119915   	0.858101
332	44    	0.43383  	0.259544	-0.0166666 	0.961394
333	48    	0.394658 	0.236884	-0.0159999 	0.961394
334	41    	0.478893 	0.277563	-0.0159967 	0.961394
335	45    	0.472863 	0.307714	-0.0150001 	0.977288
336	46    	0.399344 	0.274815	-0.016     	0.977288
337	45    	0.457703 	0.296397	-0.0171429 	0.985752
338	46    	0.446015 	0.29578 	-0.0160001 	0.972344
339	46    	0.417515 	0.266266	-0.0177778 	0.938535
340	48    	0.4399   	0.28499 	-0.0171428 	0.985752
341	45    	0.387218 	0.274521	0.0743037  	0.985752
342	47    	0.431463 	0.272136	0.0544722  	0.985752
343	45    	0.453227 	0.287031	-0.02      	0.985752
344	47    	0.34869  	0.247853	-0.015     	0.979108
345	48    	0.388004 	0.264734	-0.0159967 	0.979108
346	46    	0.371542 	0.255033	-0.0133332 	0.979108
347	42    	0.440844 	0.275871	-0.018     	0.979108
348	48    	0.390521 	0.281898	-0.018     	0.887095
349	43    	0.429985 	0.276399	-0.0180001 	0.906361
350	47    	0.369551 	0.278367	-0.018     	0.887095
351	48    	0.337508 	0.233689	-0.018     	0.859501
352	49    	0.37245  	0.25345 	-0.02      	0.859501
353	47    	0.417174 	0.232213	-0.016     	0.812119
354	46    	0.401594 	0.255628	-0.0175    	0.873361
355	48    	0.386662 	0.240366	-0.0150002 	0.873229
356	49    	0.34215  	0.239099	-0.016     	0.873229
357	45    	0.424934 	0.225164	-0.0133333 	0.805152
358	44    	0.485103 	0.238146	0.0732824  	0.868666
359	44    	0.508456 	0.268322	-0.0160001 	0.945661
360	43    	0.544523 	0.265602	-0.0171429 	0.950162
361	46    	0.407722 	0.288831	-0.02      	0.954834
362	45    	0.443925 	0.28047 	-0.0177778 	0.954834
363	46    	0.413446 	0.263302	-0.0183333 	0.954834
364	48    	0.401224 	0.255893	-0.0166667 	0.954834
365	45    	0.422859 	0.266069	-0.0177778 	0.954834
366	47    	0.400084 	0.251943	-0.0199999 	0.954824
367	46    	0.434467 	0.249198	-0.0166666 	0.954824
368	46    	0.43699  	0.232547	-0.016     	0.841436
369	45    	0.450171 	0.252008	-0.015     	0.841436
370	47    	0.369001 	0.260916	-0.02      	0.85618 
371	48    	0.419515 	0.246873	-0.016     	0.86175 
372	44    	0.36523  	0.258676	-0.0166667 	0.861051
373	46    	0.392676 	0.245737	-0.015     	0.780984
374	42    	0.398495 	0.250152	-0.0171428 	0.780984
375	47    	0.371759 	0.244158	-0.0175    	0.854185
376	46    	0.373941 	0.233263	-0.0177778 	0.854731
377	44    	0.446739 	0.255229	-0.02      	0.854731
378	45    	0.455992 	0.266714	-0.0133333 	0.879239
379	45    	0.437506 	0.267747	-0.0166667 	0.88309 
380	47    	0.36897  	0.254314	-0.0175    	0.88309 
381	47    	0.412442 	0.24579 	-0.02      	0.88309 
382	45    	0.386494 	0.256518	-0.0133333 	0.899899
383	45    	0.385449 	0.271481	-0.02      	0.899899
384	50    	0.348037 	0.273839	-0.0150001 	0.888956
385	48    	0.351954 	0.260495	-0.0166666 	0.906302
386	46    	0.453902 	0.268975	0.0464161  	0.906302
387	45    	0.451274 	0.261615	-0.015     	0.906302
388	45    	0.458257 	0.273996	-0.018     	0.906302
389	48    	0.435491 	0.270602	-0.0150001 	0.906302
390	45    	0.47969  	0.288854	-0.0171428 	0.906302
391	48    	0.441741 	0.242471	0.0663745  	0.906302
392	46    	0.460284 	0.27503 	0.0516988  	0.906302
393	45    	0.415396 	0.273719	-0.0171429 	0.902185
394	47    	0.500613 	0.268624	-0.0171428 	0.906302
395	48    	0.463907 	0.271646	-0.015     	0.906302
396	48    	0.371113 	0.257709	-0.0175    	0.827372
397	46    	0.410554 	0.238803	0.0660415  	0.827372
398	48    	0.438963 	0.268333	-0.0166667 	0.906378
399	44    	0.418914 	0.290567	-0.015     	0.906378
400	45    	0.462893 	0.272272	-0.018     	0.906302
401	47    	0.463094 	0.283853	-0.0177777 	0.906302
402	47    	0.491361 	0.299691	-0.02      	0.906302
403	50    	0.398408 	0.280069	-0.0175    	0.897471
404	47    	0.432683 	0.269369	-0.0175    	0.898959
405	46    	0.469482 	0.278596	-0.018     	0.89876 
406	47    	0.518199 	0.296413	0.066061   	0.971807
407	41    	0.560442 	0.29974 	0.0670167  	0.938249
408	45    	0.443311 	0.292082	-0.00506809	0.938249
409	46    	0.429712 	0.296008	-0.0160001 	0.938249
410	45    	0.459072 	0.274317	-0.0171429 	0.90368 
411	46    	0.415451 	0.274938	-0.0166666 	0.995043
412	45    	0.452367 	0.307618	-0.0133333 	0.995043
413	48    	0.459005 	0.289925	-0.0133334 	0.888105
414	49    	0.422582 	0.251739	-0.0175    	0.806388
415	46    	0.453146 	0.262926	-0.0175    	0.995046
416	44    	0.461332 	0.283633	0.0812222  	0.995046
417	47    	0.45355  	0.248425	0.0947371  	0.995046
418	44    	0.433672 	0.278421	-0.0133333 	0.995046
419	49    	0.493909 	0.272369	0.087761   	1.15003 
420	48    	0.41508  	0.286034	-0.0166666 	0.936   
421	47    	0.44668  	0.292217	-0.0159999 	1.15003 
422	43    	0.471485 	0.302878	-0.0133333 	1.15003 
423	47    	0.463989 	0.282277	-0.015     	1.15003 
424	45    	0.445658 	0.254908	-0.01      	0.927693
425	46    	0.428782 	0.263108	0.0736157  	0.878691
426	45    	0.474995 	0.267938	0.0492902  	0.878691
427	45    	0.467258 	0.25929 	-0.018     	0.984851
428	47    	0.395135 	0.242634	-0.0199999 	0.984851
429	47    	0.364474 	0.261824	-0.02      	0.878691
430	46    	0.40706  	0.242265	-0.0133337 	0.863827
431	49    	0.412958 	0.269945	-0.0159999 	0.984851
432	42    	0.411555 	0.299766	-0.0150003 	0.984851
433	46    	0.390333 	0.271229	-0.0175    	0.984851
434	48    	0.395407 	0.261101	-0.0175    	0.969162
435	48    	0.466558 	0.25081 	0.0733806  	0.987436
436	46    	0.549063 	0.249744	0.104916   	0.987436
437	46    	0.474618 	0.301627	0.0741293  	0.987436
438	46    	0.50244  	0.304212	0.0849475  	1.11566 
439	46    	0.449009 	0.320733	-0.0175    	1.02206 
440	47    	0.445842 	0.295529	0.109304   	1.02206 
441	49    	0.423115 	0.279475	-0.02      	1.02206 
442	44    	0.428282 	0.269996	0.071457   	1.02206 
443	43    	0.518316 	0.294822	0.0652153  	1.02206 
444	48    	0.449324 	0.275312	0.075834   	1.11566 
445	48    	0.403792 	0.302302	-0.0166667 	1.11566 
446	48    	0.452102 	0.29886 	0.0756048  	1.02206 
447	45    	0.461878 	0.268307	0.14164    	1.02206 
448	47    	0.446834 	0.294625	-0.01      	1.02206 
449	44    	0.490991 	0.300985	-0.02      	1.02206 
450	43    	0.465503 	0.317525	-0.02      	1.02206 
451	45    	0.477899 	0.283   	0.111774   	0.984138
452	49    	0.505583 	0.279003	-0.015     	0.973766
453	48    	0.382432 	0.272882	-0.0150001 	0.9603  
454	49    	0.427694 	0.267709	-0.0175    	0.9145  
455	45    	0.445956 	0.26207 	-0.0159977 	0.9145  
456	49    	0.503072 	0.257748	-0.0166668 	0.9145  
457	50    	0.448031 	0.249622	-0.0166568 	0.881452
458	45    	0.431456 	0.217626	-0.015     	0.85025 
459	42    	0.481643 	0.216854	0.119935   	0.85025 
460	46    	0.464042 	0.235131	0.135397   	0.986912
461	46    	0.532754 	0.25059 	0.0713325  	0.987436
462	45    	0.411396 	0.307744	-0.015     	0.987436
463	48    	0.376078 	0.25972 	-0.02      	0.89827 
464	40    	0.525547 	0.276288	-0.0166667 	0.89827 
465	47    	0.509011 	0.24062 	0.0687371  	0.906229
466	47    	0.434455 	0.278661	-0.0133338 	0.907546
467	45    	0.479496 	0.248509	0.0665472  	0.89827 
468	48    	0.35284  	0.266052	-0.0133333 	0.906381
469	46    	0.341456 	0.226405	-0.015     	0.827526
470	45    	0.419352 	0.266366	-0.0166667 	0.891441
471	43    	0.480759 	0.292578	-0.02      	0.912347
472	47    	0.424583 	0.284767	-0.0159999 	0.994848
473	47    	0.439451 	0.282645	-0.015     	0.906229
474	43    	0.442825 	0.277923	-0.022     	0.89827 
475	49    	0.412006 	0.279702	-0.0171429 	0.884066
476	47    	0.440667 	0.263906	-0.0150001 	0.94952 
477	45    	0.46992  	0.26599 	0.066191   	0.977249
478	44    	0.437225 	0.280901	-0.015     	0.977249
479	48    	0.351899 	0.255138	-0.02      	1.06476 
480	45    	0.408208 	0.264972	-0.0150001 	1.06476 
481	49    	0.400493 	0.280106	-0.02      	0.984728
482	43    	0.472826 	0.29731 	-0.0159999 	1.1135  
483	47    	0.410997 	0.278644	0.0751578  	1.05942 
484	47    	0.458604 	0.265716	-0.0150001 	0.962383
485	43    	0.459694 	0.286349	-0.015     	0.971262
486	46    	0.423333 	0.284377	-0.0159976 	1.06016 
487	49    	0.355237 	0.210456	0.0660238  	0.897324
488	46    	0.415762 	0.226207	0.131918   	0.897324
489	48    	0.391211 	0.223409	-0.0159966 	0.978799
490	44    	0.439523 	0.217776	-0.0166666 	0.801494
491	46    	0.451102 	0.234913	0.098976   	0.899523
492	44    	0.548623 	0.227898	0.0994003  	0.905884
493	44    	0.439802 	0.321102	-1         	0.905884
494	42    	0.478259 	0.272676	-0.02      	0.905884
495	45    	0.465913 	0.244639	-0.02      	0.905884
496	45    	0.442789 	0.37105 	-1         	0.905884
497	47    	0.542181 	0.244734	-0.0166667 	0.960388
498	49    	0.484926 	0.222821	0.155535   	0.905884
499	47    	0.466553 	0.296482	-1         	0.905884
500	43    	0.506131 	0.298403	-1         	0.905884
501	47    	0.482297 	0.208185	0.137057   	0.905884
502	46    	0.498228 	0.198479	0.193592   	0.905884
503	44    	0.493628 	0.210595	0.106137   	0.895278
504	47    	0.5294   	0.18607 	0.246098   	0.895278
505	46    	0.503013 	0.201372	0.10649    	0.895278
506	44    	0.457458 	0.369528	-1         	0.895278
507	49    	0.439358 	0.344283	-1         	0.854624
508	45    	0.422534 	0.362442	-1         	0.893572
509	46    	0.483612 	0.190815	0.225876   	0.885408
510	45    	0.413759 	0.338161	-1         	0.885408
511	48    	0.391478 	0.171809	0.149354   	0.849406
512	50    	0.355801 	0.246511	-1         	0.75787 
513	48    	0.295976 	0.409491	-1         	0.720856
514	46    	0.344236 	0.312985	-1         	0.720856
515	45    	0.38127  	0.264582	-1         	0.759975
516	48    	0.42399  	0.172848	0.118133   	0.754962
517	45    	0.412691 	0.17208 	0.136955   	0.858787
518	48    	0.432983 	0.178337	0.153304   	0.890547
519	46    	0.417412 	0.344012	-1         	0.927897
520	45    	0.43604  	0.20333 	-0.01      	0.927897
521	44    	0.466061 	0.194366	0.139681   	0.927897
522	44    	0.447163 	0.195452	-0.02      	0.87145 
523	42    	0.458739 	0.198452	0.105025   	0.87145 
524	45    	0.494234 	0.191491	0.226886   	0.87145 
525	49    	0.416954 	0.173366	0.170302   	0.87145 
526	49    	0.363044 	0.244075	-1         	0.795919
527	48    	0.369463 	0.152961	0.180778   	0.795919
528	48    	0.265814 	0.414091	-1         	0.799292
529	46    	0.347312 	0.322435	-1         	0.809692
530	44    	0.453304 	0.183457	0.181437   	0.809943
531	44    	0.424675 	0.297992	-1         	0.927613
532	47    	0.422535 	0.196497	0.117256   	0.902116
533	45    	0.385828 	0.186539	-0.0166667 	0.809943
534	48    	0.3558   	0.318584	-1         	0.809943
535	48    	0.32792  	0.328525	-1         	0.885694
536	46    	0.441106 	0.212812	0.147047   	0.894416
537	44    	0.406912 	0.28246 	-1         	0.895196
538	45    	0.418809 	0.212265	-0.0166667 	0.895196
539	48    	0.400553 	0.202295	0.106857   	0.908804
540	47    	0.373694 	0.253842	-1         	0.867007
541	44    	0.39542  	0.272274	-1         	0.867007
542	45    	0.412403 	0.288228	-1         	0.867007
543	45    	0.41585  	0.27451 	-1         	0.867007
544	47    	0.365838 	0.260645	-1         	0.867007
545	47    	0.413829 	0.28039 	-1         	0.880597
546	47    	0.365364 	0.275284	-1         	0.880597
547	47    	0.34949  	0.267724	-1         	0.86525 
548	43    	0.393849 	0.193743	0.132954   	0.86525 
549	46    	0.310293 	0.334575	-1         	0.803361
550	49    	0.311558 	0.251733	-1         	0.768154
551	43    	0.449044 	0.167812	0.151154   	0.768154
552	44    	0.328629 	0.433916	-1         	0.790623
553	45    	0.485908 	0.187965	0.0497097  	0.780622
554	46    	0.445187 	0.201666	0.161099   	0.9469  
555	47    	0.443272 	0.177909	-0.0175    	0.780578
556	48    	0.286052 	0.31843 	-1         	0.780578
557	44    	0.416402 	0.214484	-0.0177777 	0.840037
558	46    	0.410742 	0.365145	-1         	0.890378
559	45    	0.462785 	0.198287	0.14117    	0.87406 
560	46    	0.383395 	0.284536	-1         	0.87406 
561	45    	0.353389 	0.331216	-1         	0.87406 
562	47    	0.338332 	0.333411	-1         	0.87406 
563	47    	0.317365 	0.375035	-1         	0.87406 
564	46    	0.42399  	0.265129	-1         	0.793803
565	47    	0.382256 	0.248293	-1         	0.793803
566	48    	0.43439  	0.172682	-0.0171429 	0.779155
567	45    	0.442644 	0.191206	0.0995525  	0.825987
568	45    	0.459966 	0.284318	-1         	0.961003
569	41    	0.462671 	0.321507	-1         	1.04198 
570	47    	0.467985 	0.250768	-0.015     	0.961003
571	45    	0.464145 	0.272774	-0.0150003 	0.961003
572	46    	0.425128 	0.277189	-0.01      	0.939181
573	44    	0.430379 	0.275098	-0.0166666 	0.982969
574	48    	0.426076 	0.286927	-0.01      	0.982969
575	45    	0.37875  	0.260822	0.0664928  	0.982969
576	49    	0.344746 	0.264161	-0.0166666 	0.947617
577	47    	0.378123 	0.219243	-0.01      	0.871118
578	42    	0.466015 	0.255031	-0.0133333 	0.871118
579	46    	0.376546 	0.254468	-0.0166667 	0.944717
580	47    	0.403992 	0.247154	-0.0160001 	0.944717
581	47    	0.417706 	0.250151	0.115008   	0.935166
582	47    	0.408084 	0.265903	-0.0133334 	1.0692  
583	46    	0.420559 	0.231762	-0.016     	0.900272
584	42    	0.464543 	0.266949	-0.015     	1.0692  
585	44    	0.442442 	0.25659 	0.0730149  	1.0692  
586	49    	0.395539 	0.221248	-0.0166665 	0.811396
587	49    	0.368319 	0.239922	-0.0175    	0.895423
588	50    	0.377944 	0.209065	-0.0166666 	0.82736 
589	47    	0.419557 	0.234747	-0.0166667 	0.813756
590	44    	0.420102 	0.231277	-0.0166666 	0.915423
591	48    	0.380548 	0.266915	-0.0166667 	0.915423
592	48    	0.435677 	0.221334	0.0623199  	0.896616
593	44    	0.470291 	0.252412	-0.0133334 	0.896616
594	47    	0.492548 	0.247652	0.0553598  	0.896616
595	44    	0.460904 	0.277404	-0.01      	0.914675
596	48    	0.410095 	0.227116	-0.0175    	0.906993
597	48    	0.347135 	0.189123	0.0961947  	0.862577
598	46    	0.383617 	0.22333 	-0.016     	0.869135
599	49    	0.419526 	0.246737	-0.016     	0.869135
600	46    	0.412876 	0.255291	-0.0133333 	0.869135
601	49    	0.439176 	0.222287	0.0967593  	0.814178
602	47    	0.411448 	0.22913 	-0.0171429 	0.790082
603	46    	0.442784 	0.236065	-0.0166638 	0.861037
604	47    	0.417907 	0.22242 	-0.015     	0.862869
605	46    	0.425175 	0.214856	-0.015     	0.794307
606	48    	0.381344 	0.219129	-0.0133333 	0.794307
607	47    	0.394604 	0.208886	-0.0166666 	0.781528
608	47    	0.412952 	0.205794	-0.0133334 	0.780318
609	49    	0.385562 	0.210114	-0.0175    	0.776272
610	45    	0.411266 	0.214241	-0.016     	0.801028
611	48    	0.417767 	0.187516	0.107588   	0.802511
612	48    	0.412496 	0.203636	-0.02      	0.802511
613	44    	0.450924 	0.227007	-0.0175    	0.802511
614	46    	0.40412  	0.227763	0.094077   	0.994638
615	48    	0.328105 	0.161509	-0.016     	0.701684
616	45    	0.395929 	0.174316	-0.02      	0.701684
617	48    	0.371139 	0.199023	-0.0133334 	0.720613
618	43    	0.44776  	0.199982	0.0853031  	0.851504
619	49    	0.426221 	0.230735	-0.02      	0.796312
620	45    	0.431139 	0.240655	-0.0133334 	0.861812
621	48    	0.465056 	0.274899	-0.0179999 	0.93852 
622	42    	0.383431 	0.276382	-0.016     	0.93852 
623	46    	0.389809 	0.243621	0.102615   	0.93852 
624	49    	0.436596 	0.24477 	0.083406   	0.866786
625	43    	0.477442 	0.262325	0.0989975  	0.871621
626	43    	0.4063   	0.274682	-0.0160001 	0.89042 
627	49    	0.447215 	0.269513	-0.0149999 	0.970587
628	47    	0.414898 	0.276639	-0.015     	0.970587
629	49    	0.416758 	0.233459	0.105133   	1.02217 
630	46    	0.345838 	0.231115	-0.01      	0.970587
631	47    	0.415951 	0.203658	0.095144   	0.815609
632	48    	0.396578 	0.225642	-0.0166666 	0.870363
633	44    	0.435152 	0.209442	-0.0177778 	0.870363
634	47    	0.405885 	0.227986	-0.0159999 	0.870363
635	44    	0.397976 	0.239877	-0.0150003 	0.852244
636	45    	0.409206 	0.250685	-0.0150001 	0.852244
637	48    	0.355876 	0.223386	-0.015     	0.780977
638	45    	0.404002 	0.224899	-0.02      	0.8832  
639	44    	0.427974 	0.255108	-0.01      	0.8832  
640	46    	0.445979 	0.22697 	-0.0171429 	0.8832  
641	44    	0.463214 	0.236989	0.0930922  	0.917351
642	45    	0.502487 	0.241763	0.116387   	0.917351
643	46    	0.460736 	0.259451	-0.0181818 	1.0206  
644	46    	0.527589 	0.24427 	0.1579     	1.0206  
645	47    	0.486076 	0.261876	0.0689797  	0.994171
646	44    	0.392978 	0.257582	0.0615458  	0.994171
647	46    	0.387161 	0.265954	-0.02      	0.994171
648	48    	0.341544 	0.226804	-0.0181818 	0.862388
649	47    	0.377954 	0.209477	-0.0171429 	0.788702
650	46    	0.447438 	0.229223	-0.0149999 	0.893405
651	48    	0.413332 	0.218465	-0.02      	0.821444
652	49    	0.449698 	0.213908	0.0991558  	0.818005
653	41    	0.50179  	0.209627	-0.0150001 	0.876519
654	47    	0.43755  	0.240185	-0.018     	0.885617
655	46    	0.401234 	0.242756	-0.0166652 	0.88591 
656	50    	0.378886 	0.280149	-1         	0.95058 
657	47    	0.439301 	0.226081	-0.0133334 	0.886811
658	47    	0.447343 	0.196516	0.15185    	0.886811
659	48    	0.420652 	0.203263	0.0780881  	0.845874
660	47    	0.402839 	0.215223	0.0587966  	0.845874
661	47    	0.424181 	0.22852 	-0.016     	0.885294
662	46    	0.371998 	0.222941	-0.0175    	0.845874
663	47    	0.459699 	0.218754	0.132031   	0.878763
664	47    	0.430263 	0.240935	-0.018     	0.882929
665	50    	0.379039 	0.238732	-0.017143  	0.918022
666	46    	0.430101 	0.253881	0.0868538  	0.990468
667	45    	0.444107 	0.274319	-0.0166666 	0.990468
668	47    	0.463091 	0.259884	0.101277   	0.990468
669	46    	0.420131 	0.254204	-0.016     	0.990468
670	46    	0.41436  	0.237367	0.0702108  	0.874185
671	45    	0.408308 	0.226697	0.0915483  	0.874185
672	47    	0.373298 	0.249452	-0.0166667 	0.865374
673	45    	0.466588 	0.232303	0.125902   	0.807133
674	49    	0.437157 	0.250258	0.0842041  	0.876603
675	47    	0.482941 	0.203731	0.128924   	0.875569
676	47    	0.403857 	0.254937	-0.0177778 	0.876603
677	42    	0.398473 	0.25195 	-0.0166666 	0.876603
678	46    	0.348816 	0.268589	-0.02      	0.876603
679	44    	0.377912 	0.243935	-0.0166667 	0.876603
680	48    	0.442954 	0.232549	-0.0166667 	0.846903
681	47    	0.351626 	0.211047	0.0858576  	0.846903
682	48    	0.356086 	0.203415	0.109139   	0.774801
683	45    	0.424868 	0.220623	-0.0133334 	0.787319
684	47    	0.373286 	0.215513	-0.0177776 	0.704497
685	43    	0.384169 	0.214482	0.0756746  	0.781099
686	45    	0.416944 	0.214728	0.0671945  	0.781099
687	47    	0.332272 	0.220503	-0.0166666 	0.781099
688	48    	0.41708  	0.237227	-0.018     	0.785406
689	47    	0.383815 	0.219655	-0.0166638 	0.85644 
690	47    	0.415958 	0.228958	-0.0175    	0.846871
691	47    	0.375986 	0.233497	-0.018     	0.856422
692	46    	0.388193 	0.237453	-0.0133332 	0.855887
693	47    	0.40983  	0.268599	-0.0166638 	0.971617
694	46    	0.389776 	0.247609	-0.016     	0.930124
695	45    	0.458435 	0.258192	0.0917964  	0.930124
696	46    	0.364535 	0.240221	-0.02      	0.930124
697	46    	0.397295 	0.227648	-0.0171428 	0.839645
698	47    	0.341102 	0.241013	-0.0166667 	0.915343
699	48    	0.37055  	0.217068	-0.0150001 	0.915343
700	45    	0.470232 	0.249368	-0.0166667 	0.937164
701	45    	0.388065 	0.218342	-0.0159965 	0.937164
702	48    	0.388241 	0.189867	0.144733   	0.863618
703	44    	0.440085 	0.215263	-0.02      	0.863618
704	49    	0.407489 	0.218309	0.141494   	0.853896
705	44    	0.405544 	0.257496	-0.016     	0.853896
706	44    	0.453896 	0.250354	-0.015     	0.85982 
707	45    	0.370056 	0.25268 	-0.016     	0.856446
708	49    	0.340248 	0.231547	0.0626615  	0.856446
709	42    	0.474772 	0.250515	-0.02      	0.856446
710	48    	0.338749 	0.243979	-0.02      	0.776078
711	45    	0.409095 	0.222124	-0.0166667 	0.776078
712	49    	0.343504 	0.185322	0.092613   	0.842852
713	44    	0.436372 	0.225004	0.065571   	0.842852
714	45    	0.438219 	0.244078	-0.0171429 	0.842852
715	41    	0.478227 	0.260488	0.0670772  	0.842852
716	48    	0.421643 	0.247133	0.0995547  	0.857073
717	48    	0.426676 	0.239713	0.0989697  	0.864064
718	47    	0.42275  	0.226095	0.105836   	0.864064
719	46    	0.408774 	0.246674	-0.016     	0.853671
720	46    	0.502206 	0.229506	0.157136   	0.853671
721	46    	0.438279 	0.226648	0.0747355  	0.856223
722	47    	0.350007 	0.225747	-0.016     	0.853671
723	46    	0.384661 	0.201666	-0.01      	0.766466
724	44    	0.466666 	0.236776	0.108539   	0.784096
725	48    	0.38177  	0.220694	-0.0166638 	0.837855
726	48    	0.396699 	0.215222	0.0748376  	0.867234
727	46    	0.383459 	0.240498	-0.015     	0.856223
728	47    	0.404256 	0.219533	0.125502   	0.856223
729	48    	0.351581 	0.224142	0.0591666  	0.856223
730	48    	0.338485 	0.216455	-0.0171429 	0.776549
731	44    	0.437658 	0.229344	0.0748376  	0.863913
732	46    	0.398737 	0.25247 	-0.02      	0.863913
733	46    	0.373017 	0.219587	-0.0166666 	0.863913
734	44    	0.37452  	0.225231	-0.0133333 	0.863913
735	49    	0.39385  	0.227941	-0.015     	0.784249
736	43    	0.420934 	0.211833	-0.01      	0.784249
737	45    	0.354078 	0.242378	-0.0171428 	0.788184
738	46    	0.411083 	0.242789	-0.01      	0.778011
739	44    	0.411647 	0.249862	-0.0184615 	0.855745
740	49    	0.438739 	0.226466	0.0856243  	0.876761
741	44    	0.404709 	0.220261	0.133918   	0.876761
742	42    	0.442249 	0.236875	-0.0171429 	0.876761
743	46    	0.431201 	0.247048	0.0991219  	0.855745
744	45    	0.360149 	0.252372	0.0857348  	0.876761
745	47    	0.39538  	0.230716	-0.0133336 	0.778011
746	47    	0.37623  	0.242709	-0.0171429 	0.774883
747	43    	0.428825 	0.224081	-0.0166667 	0.774883
748	46    	0.417209 	0.23074 	-0.0171429 	0.85652 
749	45    	0.410189 	0.242478	-0.0160001 	0.85652 
750	46    	0.390324 	0.244816	0.0748376  	0.915246
751	42    	0.440809 	0.257242	-0.016     	0.857086
752	45    	0.37374  	0.226431	-0.016     	0.857086
753	44    	0.468134 	0.240554	0.173426   	0.995952
754	45    	0.423809 	0.246066	-0.0150001 	0.887135
755	49    	0.381214 	0.205691	0.156533   	0.947113
756	48    	0.373096 	0.20482 	-0.0133333 	0.857651
757	47    	0.403357 	0.226752	-0.016     	0.857651
758	46    	0.443963 	0.231142	-0.0133333 	0.863584
759	44    	0.392962 	0.250599	-0.01      	0.863584
760	46    	0.415536 	0.233296	0.116212   	0.887135
761	45    	0.441209 	0.249319	-0.016     	0.863584
762	47    	0.432914 	0.227889	0.130422   	0.887135
763	43    	0.491665 	0.259957	-0.015     	0.889572
764	48    	0.368242 	0.254612	-0.02      	0.889572
765	47    	0.390237 	0.248347	-0.0150001 	0.889572
766	45    	0.389183 	0.235664	-0.0166666 	0.889572
767	46    	0.41692  	0.238603	-0.01      	0.887135
768	48    	0.423627 	0.240067	-0.0150003 	0.887135
769	45    	0.489125 	0.219066	0.123289   	0.888284
770	48    	0.370544 	0.238402	-0.0166667 	0.857651
771	45    	0.39203  	0.243064	-0.016     	0.857651
772	47    	0.357722 	0.202567	-0.0171429 	0.857651
773	46    	0.372736 	0.215926	-0.0166667 	0.857651
774	47    	0.431479 	0.213133	-0.0166667 	0.857651
775	45    	0.399092 	0.220866	-0.0133333 	0.857651
776	48    	0.402315 	0.224443	-0.0177778 	0.857651
777	42    	0.486364 	0.26411 	0.10023    	0.949356
778	47    	0.428581 	0.263548	0.119457   	0.887135
779	47    	0.46526  	0.248013	0.0855673  	0.851797
780	46    	0.412164 	0.206311	0.0785162  	0.834039
781	49    	0.376118 	0.211908	-0.015     	0.98538 
782	45    	0.340031 	0.225099	0.0758662  	0.98538 
783	46    	0.367246 	0.257004	-0.02      	0.98538 
784	44    	0.42204  	0.280655	0.072784   	0.98538 
785	47    	0.394431 	0.275582	-0.0133333 	0.98538 
786	46    	0.442846 	0.276462	-0.015     	0.98538 
787	48    	0.390614 	0.245494	-0.015     	0.887135
788	49    	0.353195 	0.22472 	-0.016     	0.887135
789	45    	0.409792 	0.236793	-0.02      	0.887135
790	46    	0.407811 	0.253465	-0.0175    	0.821999
791	49    	0.405272 	0.227095	-0.0166667 	0.803945
792	48    	0.390482 	0.225377	-0.0166667 	0.779146
793	44    	0.432888 	0.220708	-0.0171429 	0.845565
794	47    	0.372281 	0.215235	-0.016     	0.880632
795	47    	0.444061 	0.202206	0.142777   	0.839365
796	47    	0.403543 	0.235593	0.0727931  	0.908409
797	46    	0.413395 	0.309044	-1         	0.908409
798	48    	0.310351 	0.191844	0.0740196  	0.908409
799	47    	0.318239 	0.266913	-1         	0.908409
800	49    	0.354537 	0.17145 	-0.0175    	0.908409
801	47    	0.399225 	0.196328	-0.015     	0.908409
802	46    	0.402031 	0.192539	-0.02      	0.908409
803	47    	0.429659 	0.184877	0.0921405  	0.797224
804	50    	0.348138 	0.32776 	-1         	0.760149
805	45    	0.431138 	0.286472	-1         	0.778401
806	45    	0.466283 	0.304063	-1         	0.781985
807	47    	0.42444  	0.301297	-1         	0.876438
808	46    	0.433795 	0.231262	0.0979635  	0.876438
809	47    	0.353884 	0.226923	-0.02      	0.920803
810	48    	0.464441 	0.23632 	0.0282317  	0.931272
811	46    	0.441466 	0.31454 	-1         	0.931272
812	48    	0.400621 	0.232549	0.133269   	0.866332
813	46    	0.470676 	0.223214	0.114298   	0.886658
814	46    	0.387568 	0.225657	-0.016     	0.821135
815	45    	0.380768 	0.293653	-1         	0.826153
816	46    	0.409635 	0.210124	-0.0133337 	0.826086
817	42    	0.462801 	0.291531	-1         	0.930959
818	45    	0.36525  	0.346088	-1         	0.828784
819	45    	0.412947 	0.290677	-1         	0.828784
820	47    	0.275782 	0.440152	-1         	0.828784
821	47    	0.394788 	0.20513 	0.0882591  	0.826274
822	44    	0.432645 	0.21514 	0.107928   	0.831161
823	48    	0.440848 	0.348979	-1         	0.831161
824	47    	0.416847 	0.201394	-0.0160001 	0.857035
825	45    	0.435046 	0.28182 	-1         	0.831161
826	43    	0.512292 	0.23352 	0.135224   	0.915804
827	46    	0.405248 	0.367948	-1         	0.915804
828	45    	0.457014 	0.319848	-1         	0.950591
829	45    	0.421047 	0.374323	-1         	0.950591
830	47    	0.299419 	0.403587	-1         	1.01941 
831	47    	0.4324   	0.26353 	0.0681332  	1.0055  
832	48    	0.4006   	0.23301 	-0.0166666 	1.00977 
833	45    	0.422614 	0.383763	-1         	1.06813 
834	47    	0.411595 	0.330441	-1         	1.07088 
835	41    	0.481547 	0.274576	0.17614    	1.07088 
836	48    	0.413783 	0.377007	-1         	1.06813 
837	47    	0.346804 	0.357714	-1         	0.945142
838	48    	0.436523 	0.215785	-0.015     	0.909562
839	45    	0.405358 	0.301727	-1         	0.909562
840	48    	0.405785 	0.362195	-1         	0.876846
841	46    	0.437511 	0.295858	-1         	0.870368
842	45    	0.371704 	0.349038	-1         	0.958856
843	44    	0.399545 	0.428382	-1         	0.958856
844	45    	0.449729 	0.3816  	-1         	0.958856
845	48    	0.39337  	0.364487	-1         	0.958856
846	49    	0.414987 	0.293022	-1         	0.847936
847	46    	0.419466 	0.354482	-1         	0.818635
848	42    	0.546013 	0.199136	0.175396   	0.866518
849	48    	0.432812 	0.353786	-1         	0.854322
850	42    	0.462678 	0.374363	-1         	0.895797
851	46    	0.398017 	0.362201	-1         	0.895797
852	46    	0.433016 	0.294456	-1         	0.845917
853	45    	0.408332 	0.354949	-1         	0.845917
854	49    	0.347066 	0.445621	-1         	0.888744
855	50    	0.392457 	0.332004	-1         	0.841486
856	50    	0.278602 	0.430922	-1         	0.912756
857	48    	0.350811 	0.441698	-1         	0.970227
858	46    	0.400721 	0.204047	-0.0175    	0.970227
859	42    	0.435642 	0.287918	-1         	0.990612
860	44    	0.274435 	0.450735	-1         	0.990612
861	45    	0.457725 	0.281829	-0.00884219	0.994158
862	49    	0.355733 	0.238934	-0.0160001 	0.994158
863	45    	0.4249   	0.22037 	0.128148   	0.994158
864	45    	0.380043 	0.314264	-1         	0.994158
865	47    	0.390808 	0.226183	0.112252   	0.853864
866	45    	0.42463  	0.225688	0.107898   	0.916167
867	44    	0.384277 	0.254075	-0.015     	0.921556
868	45    	0.479166 	0.247038	-0.0133333 	0.922152
869	47    	0.399976 	0.220702	0.0997249  	0.922152
870	45    	0.430129 	0.243716	0.12731    	0.921556
871	47    	0.475836 	0.215761	0.158003   	0.921556
872	45    	0.399555 	0.207971	0.168119   	0.921556
873	48    	0.435335 	0.241036	0.0751674  	0.990869
874	46    	0.39977  	0.227255	-0.016     	0.990869
875	47    	0.376926 	0.19793 	0.0816131  	0.914185
876	47    	0.400081 	0.188318	0.125457   	0.987582
877	48    	0.44552  	0.23065 	0.0888956  	0.987582
878	44    	0.392154 	0.235158	0.0850098  	0.895265
879	45    	0.431609 	0.229157	-0.0166667 	0.895265
880	42    	0.470031 	0.245062	0.0758673  	0.895265
881	47    	0.437051 	0.249426	0.0831709  	0.911104
882	45    	0.38167  	0.222751	0.0445571  	0.90006 
883	45    	0.428772 	0.22435 	0.137609   	0.90006 
884	45    	0.447556 	0.232625	0.12596    	0.895121
885	47    	0.46944  	0.231267	0.159925   	0.93663 
886	45    	0.483621 	0.242239	0.109907   	0.943379
887	44    	0.495654 	0.249789	0.15867    	0.943379
888	47    	0.385437 	0.270119	-0.018     	0.927189
889	47    	0.401133 	0.209186	0.00818434 	0.846372
890	47    	0.399709 	0.190537	0.170082   	0.905061
891	41    	0.428787 	0.248913	-0.0171429 	0.905061
892	48    	0.392245 	0.247614	-0.0177777 	0.905061
893	47    	0.451457 	0.235199	0.0932283  	0.905185
894	43    	0.494693 	0.240857	0.0355937  	0.905185
895	47    	0.471164 	0.240742	0.134329   	0.903551
896	49    	0.457493 	0.189232	0.172736   	0.893028
897	47    	0.420341 	0.223066	0.0962558  	0.993186
898	44    	0.450074 	0.236152	0.15573    	0.993186
899	46    	0.533753 	0.239522	0.063547   	0.959327
900	48    	0.43499  	0.240009	0.0960162  	0.908554
901	44    	0.465934 	0.283837	-0.0166652 	0.912767
902	46    	0.465696 	0.242759	-0.0175    	0.989633
903	48    	0.418101 	0.235252	0.0864785  	1.00488 
904	49    	0.373233 	0.230176	-0.015     	1.00483 
905	45    	0.471968 	0.231419	0.133177   	0.947517
906	48    	0.417956 	0.221475	0.120782   	0.921395
907	46    	0.482086 	0.311577	-1         	0.951745
908	45    	0.472527 	0.244601	-0.0133334 	0.951745
909	47    	0.441559 	0.258668	-0.0159905 	0.951745
910	49    	0.397834 	0.202978	0.15891    	0.853802
911	46    	0.435545 	0.222596	0.159508   	0.989717
912	49    	0.425402 	0.217796	-0.0177778 	0.972576
913	44    	0.443928 	0.271209	-0.0166666 	0.975751
914	45    	0.469201 	0.26044 	0.146706   	0.998805
915	50    	0.367801 	0.225044	-0.0160001 	1.00145 
916	44    	0.432955 	0.245552	0.0622046  	1.00145 
917	48    	0.392805 	0.211072	0.103318   	0.956654
918	47    	0.462338 	0.227812	0.138691   	0.938561
919	48    	0.443009 	0.23748 	0.141113   	0.984309
920	48    	0.391176 	0.245604	-0.02      	0.965534
921	42    	0.482122 	0.277211	0.117929   	0.971755
922	43    	0.457876 	0.289511	-0.0171347 	0.965534
923	48    	0.369592 	0.326876	-1         	1.03219 
924	41    	0.456645 	0.265252	0.100699   	0.964233
925	47    	0.413928 	0.308091	-1         	0.94704 
926	47    	0.344039 	0.281229	-1         	0.925308
927	47    	0.415794 	0.224144	-0.0171429 	0.908719
928	44    	0.471016 	0.244162	0.123376   	0.908719
929	44    	0.442359 	0.321134	-1         	0.908719
930	50    	0.411278 	0.304563	-1         	0.968244
931	45    	0.438827 	0.239767	0.0760751  	0.916871
932	42    	0.491973 	0.25608 	0.156872   	0.922178
933	44    	0.516013 	0.242207	0.14104    	0.922178
934	45    	0.448604 	0.246335	0.154088   	0.916871
935	48    	0.366755 	0.171739	0.148091   	0.836638
936	47    	0.439885 	0.184484	-0.0199999 	0.916871
937	46    	0.391799 	0.198643	-0.0171429 	0.916871
938	43    	0.461404 	0.253882	-0.016     	0.923743
939	43    	0.458797 	0.278987	-0.0166667 	0.923743
940	44    	0.480595 	0.269091	0.163235   	0.923743
941	48    	0.463166 	0.239841	-0.0177778 	0.923743
942	48    	0.444102 	0.217679	0.128716   	0.910924
943	44    	0.425323 	0.267051	-0.0120008 	0.956208
944	49    	0.42226  	0.248807	0.0549835  	0.971435
945	46    	0.417871 	0.234402	0.0985839  	0.971435
946	49    	0.382925 	0.213138	-0.0175    	1.00159 
947	43    	0.464896 	0.239417	0.113212   	1.00159 
948	44    	0.446993 	0.254853	0.0957819  	0.997596
949	47    	0.464459 	0.300325	-0.0149999 	0.997596
950	45    	0.46952  	0.296332	0.145719   	1.13537 
951	48    	0.451533 	0.297702	0.118479   	1.14465 
952	44    	0.476569 	0.287601	0.156333   	1.00645 
953	48    	0.42514  	0.285494	0.162451   	1.06313 
954	48    	0.480681 	0.288211	-0.0177778 	1.06697 
955	44    	0.456527 	0.316227	-0.0166667 	1.06697 
956	45    	0.449865 	0.300101	-0.0133333 	1.00382 
957	40    	0.498072 	0.316194	0.0832271  	1.06697 
958	48    	0.438189 	0.263563	0.0647445  	1.00382 
959	46    	0.451462 	0.275481	0.142886   	1.00382 
960	47    	0.447814 	0.243264	-0.0159965 	0.931645
961	43    	0.48251  	0.262857	-0.0133333 	0.973539
962	45    	0.514292 	0.257452	0.132159   	1.01359 
963	48    	0.432444 	0.277793	-0.0139766 	0.982809
964	50    	0.493057 	0.261292	0.125635   	0.974947
965	44    	0.529692 	0.266304	0.111974   	0.971821
966	45    	0.43643  	0.260494	-0.0150001 	0.910693
967	45    	0.474703 	0.289633	-0.015     	1.06031 
968	43    	0.522548 	0.294299	0.0621184  	1.07019 
969	48    	0.482103 	0.278606	0.135354   	1.00384 
970	44    	0.527873 	0.307869	-0.015     	1.01186 
971	47    	0.457515 	0.291307	-0.0171428 	0.999169
972	46    	0.424432 	0.291513	-0.0166665 	0.999169
973	46    	0.469721 	0.277241	0.115801   	1.06574 
974	46    	0.449635 	0.265173	0.0879736  	1.06574 
975	43    	0.487105 	0.315902	-0.0199999 	1.07534 
976	47    	0.410733 	0.306691	-0.0166667 	1.07534 
977	46    	0.457567 	0.309878	-0.02      	1.06574 
978	44    	0.437856 	0.315298	-0.016     	1.06574 
979	46    	0.378564 	0.289543	-0.0171429 	1.06574 
980	45    	0.521927 	0.258016	0.0659535  	0.950584
981	48    	0.466808 	0.253313	0.109114   	0.973479
982	45    	0.476661 	0.289926	-0.0177778 	0.973479
983	45    	0.498085 	0.295814	-0.0133334 	0.916192
984	43    	0.490286 	0.284537	0.0407047  	0.935382
985	48    	0.448374 	0.290256	-0.0177778 	1.0707  
986	46    	0.446696 	0.298952	0.0675024  	1.0707  
987	47    	0.477162 	0.263687	0.0743063  	0.982356
988	44    	0.408161 	0.276545	0.0740651  	1.11974 
989	44    	0.402393 	0.306863	-0.0166666 	1.02458 
990	46    	0.490257 	0.308622	-0.0171413 	1.11974 
991	47    	0.438272 	0.281832	0.0959751  	1.11974 
992	47    	0.41607  	0.27614 	0.0623282  	0.896943
993	45    	0.453976 	0.261399	0.117      	0.971647
994	46    	0.456503 	0.276359	0.136984   	0.983608
995	48    	0.396151 	0.262234	-0.016     	0.971647
996	45    	0.393205 	0.272168	-0.0171429 	0.971647
997	48    	0.40146  	0.239647	-0.016     	0.971647
998	45    	0.419588 	0.243117	-0.0171429 	0.971647
999	48    	0.432035 	0.248002	0.0694144  	0.918879
1000	46    	0.513288 	0.241022	0.1098     	0.918879
