gen	nevals	avg     	stddev	min     	max     
0  	50    	0.218369	0     	0.218369	0.218369
1  	46    	0.0902855	0.110722	-0.0166667	0.281771
2  	46    	0.104121 	0.110666	-0.0166667	0.34171 
3  	48    	0.122193 	0.116109	-0.02     	0.413205
4  	46    	0.214125 	0.112625	-0.02     	0.413245
5  	46    	0.246564 	0.125539	-0.02     	0.576518
6  	47    	0.275532 	0.1349  	-0.02     	0.582995
7  	43    	0.313647 	0.162065	-0.02     	0.583947
8  	44    	0.344326 	0.176405	-0.016    	0.592146
9  	47    	0.296664 	0.178747	-0.0171428	0.58128 
10 	46    	0.28409  	0.201103	-0.0171428	0.58128 
11 	47    	0.272624 	0.206991	-0.0166667	0.695373
12 	45    	0.33349  	0.220933	-0.0166667	0.812977
13 	45    	0.248617 	0.252824	-0.0171429	0.812977
14 	47    	0.361611 	0.251432	-0.02     	0.812977
15 	45    	0.296709 	0.242752	-0.0166667	0.812825
16 	48    	0.322795 	0.252485	-0.02     	0.812825
17 	48    	0.207588 	0.254901	-0.0171429	0.812977
18 	48    	0.28123  	0.232623	-0.017143 	0.812825
19 	45    	0.339497 	0.263873	-0.0171429	0.812308
20 	45    	0.278289 	0.268689	-0.0171429	0.812977
21 	44    	0.279245 	0.266505	-0.0166667	0.812977
22 	47    	0.296535 	0.259992	-0.0171429	0.812825
23 	45    	0.335675 	0.275129	-0.0175   	0.812977
24 	47    	0.276272 	0.249196	-0.0166667	0.812825
25 	47    	0.319652 	0.258494	-0.0160001	0.812825
26 	47    	0.305782 	0.239574	-0.0171428	0.812825
27 	50    	0.226296 	0.220045	-0.0166667	0.812977
28 	46    	0.308154 	0.223743	-0.0171412	0.812977
29 	47    	0.293698 	0.261819	-0.0175001	0.819403
30 	46    	0.325875 	0.244688	-0.0166667	0.819403
31 	47    	0.386185 	0.258927	-0.0171429	0.819334
32 	48    	0.357853 	0.269003	-0.0166667	0.819334
33 	46    	0.407314 	0.253235	-0.02     	0.842636
34 	43    	0.408886 	0.295577	-0.0166667	0.842636
35 	47    	0.282835 	0.259741	-0.0166666	0.842636
36 	45    	0.332912 	0.275338	-0.0171429	0.842636
37 	43    	0.395815 	0.264551	-0.0166667	0.842636
38 	45    	0.36759  	0.245421	-0.0171428	0.842636
39 	39    	0.419982 	0.278377	-0.02     	0.842636
40 	49    	0.332615 	0.237612	-0.0160001	0.842636
41 	47    	0.321823 	0.217445	-0.017143 	0.702995
42 	47    	0.332998 	0.201739	-0.0171429	0.705828
43 	45    	0.383183 	0.276359	-0.02     	0.813708
44 	43    	0.400666 	0.248247	-0.0171429	0.813708
45 	44    	0.408569 	0.272535	-0.0171429	0.831993
46 	46    	0.395336 	0.272787	-0.0166667	0.831993
47 	46    	0.40085  	0.267741	-0.02     	0.832264
48 	49    	0.382906 	0.280693	-0.0199999	0.831993
49 	46    	0.398891 	0.253816	-0.0133333	0.831993
50 	48    	0.428664 	0.279533	-0.0166666	0.831993
51 	45    	0.361538 	0.286116	-0.0171429	0.831993
52 	46    	0.328484 	0.262209	-0.0199999	0.831993
53 	48    	0.30981  	0.258945	-0.0200001	0.831993
54 	47    	0.421675 	0.293718	-0.0199999	0.840021
55 	46    	0.370679 	0.282805	-0.0177778	0.840021
56 	45    	0.375857 	0.304842	-0.0177778	0.840354
57 	48    	0.33132  	0.298765	-0.02     	0.840021
58 	47    	0.339152 	0.26913 	-0.0177778	0.832323
59 	47    	0.431492 	0.245185	-0.0199999	0.832323
60 	47    	0.37194  	0.272195	-0.0160003	0.840354
61 	43    	0.350709 	0.27728 	-0.0171429	0.840354
62 	45    	0.386044 	0.27211 	-0.02     	0.841119
63 	44    	0.461411 	0.277178	-0.0149999	0.841119
64 	47    	0.351758 	0.306083	-0.02     	0.840468
65 	47    	0.395093 	0.318522	-0.0177778	0.840468
66 	48    	0.343606 	0.298354	-0.0177778	0.840468
67 	46    	0.310128 	0.283248	-0.0177778	0.840468
68 	43    	0.411683 	0.27796 	-0.0171429	0.840468
69 	45    	0.37137  	0.302471	-0.02     	0.840468
70 	44    	0.420893 	0.314404	-0.0177778	0.840468
71 	48    	0.335317 	0.277291	-0.0171429	0.840468
72 	46    	0.338017 	0.266547	-0.02     	0.840104
73 	47    	0.313615 	0.291876	-0.0177778	0.840468
74 	47    	0.399514 	0.27788 	-0.0199999	0.840468
75 	45    	0.410217 	0.283846	-0.0200001	0.831993
76 	45    	0.321366 	0.262868	-0.02     	0.831993
77 	44    	0.417813 	0.267971	-0.0177777	0.831993
78 	46    	0.416133 	0.255126	-0.02     	0.831993
79 	45    	0.389008 	0.297476	-0.0199999	0.831993
80 	50    	0.339457 	0.225029	-0.02     	0.729753
81 	47    	0.411077 	0.225105	-0.0199999	0.838568
82 	39    	0.434748 	0.243888	-0.0175   	0.838568
83 	46    	0.438025 	0.247454	-0.02     	0.838568
84 	45    	0.475336 	0.275185	-0.02     	0.854493
85 	46    	0.379    	0.251942	-0.02     	0.838568
86 	46    	0.418799 	0.239209	0.0907841 	0.853367
87 	44    	0.452497 	0.237807	-0.015    	0.853367
88 	47    	0.414575 	0.251583	-0.0175001	0.841527
89 	44    	0.451203 	0.24288 	0.0795744 	0.841527
90 	45    	0.41716  	0.279865	-0.0159966	0.86769 
91 	47    	0.417233 	0.248148	-0.0166667	0.867395
92 	49    	0.48906  	0.277573	-0.016    	0.86769 
93 	46    	0.341108 	0.24954 	-0.015    	0.86769 
94 	45    	0.423309 	0.270755	-0.0160001	0.86769 
95 	43    	0.496046 	0.2708  	-0.0160001	0.86769 
96 	48    	0.443408 	0.273028	-0.0171429	0.86769 
97 	45    	0.428169 	0.270904	-0.0166667	0.873553
98 	45    	0.46889  	0.274499	0.0784657 	0.873553
99 	50    	0.371482 	0.227941	0.0758686 	0.86769 
100	46    	0.458927 	0.255006	-0.0133333	0.86769 
101	43    	0.430408 	0.283033	-0.0166667	0.867851
102	48    	0.527845 	0.266132	-0.016    	0.872121
103	46    	0.424945 	0.274083	-0.0149973	0.872121
104	45    	0.463578 	0.243771	0.0995296 	0.872121
105	49    	0.430952 	0.227316	-0.0160001	0.872121
106	48    	0.446096 	0.216417	-0.0174999	0.872121
107	43    	0.482882 	0.241057	-0.0171413	0.872121
108	48    	0.429806 	0.222709	-0.0171429	0.868485
109	47    	0.427797 	0.214598	0.0996838 	0.868485
110	48    	0.414662 	0.224643	-0.0166572	0.868485
111	47    	0.426012 	0.243427	-0.0150001	0.868485
112	44    	0.428434 	0.232364	0.0663414 	0.868485
113	44    	0.401495 	0.219571	0.126201  	0.868485
114	47    	0.461706 	0.226567	0.116452  	0.868485
115	47    	0.462429 	0.244041	-0.02     	0.999067
116	46    	0.41729  	0.256867	-0.0177778	0.999067
117	42    	0.465299 	0.239191	-0.016    	0.860285
118	48    	0.445283 	0.276638	-0.02     	0.967751
119	46    	0.508768 	0.247706	0.101703  	0.866931
120	45    	0.452445 	0.279405	-0.0175001	0.866931
121	45    	0.462131 	0.262286	-0.0171406	0.866931
122	42    	0.533863 	0.270429	-0.0159976	0.872094
123	46    	0.459412 	0.281099	-0.0171429	0.929199
124	48    	0.406886 	0.260558	0.0896667 	1.02288 
125	44    	0.472973 	0.269343	-0.01     	1.02288 
126	44    	0.469476 	0.297594	0.115911  	0.943019
127	46    	0.511699 	0.271668	0.0690415 	0.929199
128	47    	0.405209 	0.263272	-0.0177778	0.882548
129	46    	0.507725 	0.258169	0.136673  	1.02288 
130	46    	0.459208 	0.285351	-0.017777 	1.02288 
131	47    	0.476323 	0.301098	-0.0133333	1.02288 
132	41    	0.553988 	0.307158	-0.0166665	1.02288 
133	47    	0.546574 	0.306671	-0.0171429	1.02288 
134	46    	0.440508 	0.297549	-0.0166667	1.02288 
135	48    	0.468554 	0.313397	0.0531636 	1.02288 
136	48    	0.444485 	0.279222	-0.01     	1.02288 
137	43    	0.567797 	0.277704	0.128722  	1.02288 
138	45    	0.484821 	0.331619	-0.0171429	1.02288 
139	43    	0.503188 	0.3242  	0.135577  	1.02288 
140	48    	0.548017 	0.289186	0.127087  	1.00024 
141	45    	0.538729 	0.293826	0.0854587 	1.00024 
142	48    	0.443008 	0.307743	-0.0133333	1.02288 
143	43    	0.425098 	0.26315 	-0.01     	0.943622
144	49    	0.47956  	0.250102	-0.0133333	0.943461
145	47    	0.486549 	0.325372	-1        	0.943461
146	46    	0.456262 	0.322798	-1        	0.959611
147	48    	0.507973 	0.319967	-1        	0.921487
148	43    	0.520675 	0.404483	-1        	0.962126
149	48    	0.399666 	0.324599	-1        	0.962126
150	47    	0.462668 	0.25672 	-0.0166582	0.962126
151	42    	0.550213 	0.276439	0.0985961 	0.962126
152	47    	0.434653 	0.29127 	-0.0133334	0.962126
153	42    	0.460415 	0.286867	-0.0166667	0.962126
154	47    	0.441152 	0.274651	-0.02     	0.962126
155	45    	0.470658 	0.265117	0.0856097 	0.962126
156	47    	0.491525 	0.271362	0.0825066 	0.962126
157	44    	0.428784 	0.292597	-0.0150001	0.943622
158	46    	0.459325 	0.308602	-0.0171428	1.00024 
159	48    	0.402232 	0.313401	-0.0171429	1.03772 
160	48    	0.471465 	0.286988	-0.0133333	0.937774
161	48    	0.492485 	0.280492	0.0631343 	0.945233
162	47    	0.416241 	0.293075	-0.0159976	0.945233
163	48    	0.431565 	0.280612	-0.0175001	0.876532
164	43    	0.459886 	0.285983	-0.01     	0.945233
165	46    	0.419747 	0.29863 	0.0460356 	0.945233
166	48    	0.415683 	0.298911	-0.0133333	0.946188
167	50    	0.473812 	0.308907	-0.01     	1.04166 
168	45    	0.417725 	0.298487	0.0574964 	1.04166 
169	47    	0.451367 	0.302888	-0.02     	1.04166 
170	47    	0.454267 	0.301797	-0.015    	1.04166 
171	47    	0.43601  	0.31921 	-0.0171428	1.04166 
172	47    	0.51493  	0.312797	-0.0171428	0.993295
173	46    	0.486479 	0.277459	0.167045  	0.966235
174	43    	0.499591 	0.311638	0.129191  	0.974159
175	46    	0.417616 	0.258151	0.117079  	0.974159
176	46    	0.434286 	0.247616	0.148779  	0.974159
177	44    	0.445532 	0.274181	0.0626133 	0.974159
178	46    	0.451322 	0.268483	-0.01     	0.97416 
179	46    	0.475326 	0.280179	0.108173  	0.984423
180	50    	0.371768 	0.241785	-0.02     	0.904783
181	44    	0.457336 	0.275768	-0.0159976	0.989857
182	46    	0.402932 	0.264421	0.0987535 	0.996707
183	45    	0.479976 	0.27351 	-0.0150001	0.993519
184	45    	0.490379 	0.302611	0.0415244 	0.993519
185	48    	0.492158 	0.309771	-0.0199999	0.996707
186	43    	0.547646 	0.326485	-0.0174999	0.996707
187	47    	0.400667 	0.266717	0.0566751 	0.996707
188	49    	0.437629 	0.264403	-0.0171415	0.987143
189	47    	0.391123 	0.23151 	0.0886503 	0.987143
190	44    	0.477295 	0.26833 	0.0665845 	0.987143
191	48    	0.378847 	0.242656	-0.0166667	0.987143
192	46    	0.481147 	0.258904	0.14355   	0.987143
193	50    	0.447075 	0.269793	-0.0171332	0.987143
194	45    	0.474588 	0.292889	0.0710123 	0.987143
195	47    	0.389575 	0.251844	-0.0166652	0.98616 
196	48    	0.420871 	0.245614	0.125244  	0.918788
197	43    	0.43422  	0.279857	-0.0166667	0.918788
198	44    	0.449953 	0.23795 	0.116374  	0.918788
199	46    	0.440427 	0.281832	-0.0199999	0.992939
200	46    	0.47902  	0.291034	0.141134  	0.992939
201	48    	0.420256 	0.266098	-0.0171413	0.992939
202	48    	0.47233  	0.257278	0.092686  	0.992939
203	48    	0.426632 	0.292691	-0.015    	0.992939
204	45    	0.497776 	0.31277 	0.0832206 	0.992939
205	47    	0.500237 	0.318214	-0.0166667	0.993519
206	45    	0.474818 	0.285921	-0.0171429	0.993052
207	50    	0.418417 	0.267057	-0.0166665	0.996707
208	46    	0.434615 	0.286835	-0.016    	0.996707
209	47    	0.51053  	0.277503	0.0803666 	0.989857
210	47    	0.558679 	0.28382 	0.0925431 	1.04166 
211	47    	0.463065 	0.323881	-0.0171415	1.12673 
212	43    	0.518832 	0.328344	-0.0171429	1.12673 
213	47    	0.502514 	0.33787 	-0.0175   	1.12673 
214	43    	0.499746 	0.368076	-0.0181818	1.12673 
215	44    	0.478235 	0.356075	-0.0150001	1.12673 
216	45    	0.484341 	0.36859 	-0.018    	1.12673 
217	47    	0.41703  	0.341058	-0.0177779	1.12673 
218	45    	0.45518  	0.338194	-0.0175   	1.06026 
219	45    	0.468782 	0.353662	-0.0166667	1.12673 
220	47    	0.394947 	0.305099	-0.0171428	1.0417  
221	45    	0.511717 	0.299763	-0.0166667	1.04166 
222	47    	0.481028 	0.30283 	-0.0166592	1.04166 
223	48    	0.467854 	0.290284	-0.02     	0.988168
224	44    	0.544902 	0.292185	0.102401  	0.988168
225	45    	0.596069 	0.34276 	-0.015    	1.04092 
226	47    	0.513943 	0.351594	-0.01     	1.16094 
227	47    	0.434618 	0.28184 	-0.0133334	1.16094 
228	46    	0.40722  	0.356053	-1        	1.0045  
229	46    	0.42341  	0.501297	-1        	1.02135 
230	48    	0.427637 	0.351538	-1        	1.0045  
231	48    	0.574205 	0.286668	0.190916  	0.96755 
232	46    	0.375011 	0.438354	-1        	0.96755 
233	48    	0.430127 	0.379108	-1        	0.977687
234	48    	0.452345 	0.327496	-1        	0.997578
235	45    	0.500553 	0.344584	-1        	0.998894
236	44    	0.559    	0.345553	-1        	0.998894
237	44    	0.415006 	0.398417	-1        	0.9892  
238	48    	0.474817 	0.341105	-1        	0.993388
239	46    	0.496992 	0.343311	-1        	0.993388
240	47    	0.340289 	0.512614	-1        	0.993388
241	47    	0.448963 	0.411598	-1        	0.993388
242	48    	0.350615 	0.552637	-1        	0.991432
243	47    	0.417631 	0.406535	-1        	1.02532 
244	48    	0.391222 	0.396247	-1        	0.943538
245	49    	0.185993 	0.678195	-1        	0.991432
246	43    	0.436749 	0.513452	-1        	0.986714
247	48    	0.33433  	0.481695	-1        	1.0039  
248	47    	0.306639 	0.603142	-1        	1.0039  
249	48    	0.347636 	0.479486	-1        	1.00701 
250	45    	0.24521  	0.674332	-1        	1.03713 
251	44    	0.370923 	0.550162	-1        	1.03713 
252	48    	0.294026 	0.402915	-1        	1.03713 
253	45    	0.373719 	0.482696	-1        	0.945276
254	46    	0.491794 	0.36933 	-1        	0.950263
255	45    	0.374564 	0.454554	-1        	0.997451
256	49    	0.258168 	0.479943	-1        	0.944192
257	49    	0.44202  	0.384236	-1        	0.99056 
258	47    	0.489078 	0.362261	-1        	1.13808 
259	44    	0.381583 	0.45317 	-1        	1.06994 
260	48    	0.333074 	0.354385	-1        	0.993195
261	45    	0.421614 	0.387404	-1        	0.958416
262	46    	0.453457 	0.415747	-1        	0.964528
263	46    	0.379449 	0.461526	-1        	1.05398 
264	47    	0.387251 	0.433742	-1        	0.964528
265	44    	0.463608 	0.33909 	-1        	0.964528
266	47    	0.428228 	0.331667	-1        	1.00639 
267	43    	0.405461 	0.388178	-1        	1.00639 
268	46    	0.422299 	0.462935	-1        	0.964528
269	42    	0.564861 	0.449003	-1        	1.0114  
270	46    	0.444948 	0.432898	-1        	1.09555 
271	46    	0.490136 	0.38509 	-1        	1.14938 
272	46    	0.502182 	0.308449	0.201825  	1.14775 
273	45    	0.452799 	0.366067	-1        	1.14775 
274	46    	0.408002 	0.401581	-1        	1.14468 
275	44    	0.388433 	0.551715	-1        	1.14468 
276	48    	0.456856 	0.412903	-1        	1.15107 
277	47    	0.416543 	0.45513 	-1        	1.12669 
278	44    	0.494043 	0.366263	-1        	1.13948 
279	47    	0.527758 	0.321969	0.140755  	1.14752 
280	44    	0.375059 	0.547383	-1        	1.14465 
281	46    	0.496376 	0.516806	-1        	1.14465 
282	44    	0.503848 	0.537105	-1        	1.14844 
283	44    	0.442475 	0.509549	-1        	1.14913 
284	46    	0.508683 	0.335546	0.126908  	1.14844 
285	46    	0.417127 	0.435133	-1        	1.14844 
286	44    	0.400658 	0.530685	-1        	1.15017 
287	47    	0.389733 	0.529886	-1        	1.16601 
288	46    	0.389902 	0.489855	-1        	1.16601 
289	49    	0.415164 	0.496094	-1        	1.18948 
290	45    	0.447675 	0.463302	-1        	1.16601 
291	46    	0.333402 	0.633262	-1        	1.16601 
292	46    	0.390028 	0.479201	-1        	1.16601 
293	47    	0.425249 	0.423835	-1        	1.1637  
294	46    	0.353998 	0.503588	-1        	1.1637  
295	46    	0.46329  	0.43762 	-1        	1.1637  
296	47    	0.432925 	0.378143	-1        	1.1637  
297	47    	0.315741 	0.534064	-1        	1.1637  
298	48    	0.487403 	0.290427	0.208762  	1.1637  
299	44    	0.450028 	0.54849 	-1        	1.1637  
300	43    	0.528329 	0.479004	-1        	1.1637  
301	43    	0.5321   	0.353756	0.179746  	1.1637  
302	44    	0.498486 	0.424081	-1        	1.1637  
303	45    	0.468236 	0.392439	-1        	1.1637  
304	49    	0.456543 	0.436462	-1        	1.14473 
305	47    	0.409356 	0.356423	-1        	1.11821 
306	43    	0.532665 	0.398657	-1        	1.1668  
307	45    	0.402451 	0.532802	-1        	1.1668  
308	47    	0.482645 	0.470727	-1        	1.1571  
309	46    	0.426375 	0.503216	-1        	1.16038 
310	49    	0.362758 	0.502792	-1        	1.16038 
311	48    	0.356974 	0.534905	-1        	1.1191  
312	48    	0.365658 	0.378811	-1        	1.0938  
313	48    	0.372551 	0.385289	-1        	1.06069 
314	50    	0.539816 	0.263385	-0.012511 	1.04651 
315	47    	0.461567 	0.356599	-1        	1.13105 
316	46    	0.390591 	0.380109	-1        	1.13105 
317	45    	0.369522 	0.434912	-1        	1.13105 
318	47    	0.367836 	0.443442	-1        	1.13337 
319	46    	0.431254 	0.417291	-1        	1.13337 
320	47    	0.394569 	0.397651	-1        	1.07976 
321	45    	0.409504 	0.461664	-1        	1.07976 
322	49    	0.454829 	0.368682	-1        	1.07976 
323	48    	0.392103 	0.409942	-1        	1.06986 
324	46    	0.313082 	0.554625	-1        	1.06986 
325	47    	0.370356 	0.443039	-1        	1.10121 
326	45    	0.494272 	0.441244	-1        	1.10121 
327	42    	0.495439 	0.398156	-1        	1.10121 
328	47    	0.451888 	0.442101	-1        	1.10121 
329	45    	0.396446 	0.458455	-1        	1.10121 
330	49    	0.406225 	0.523119	-1        	1.10121 
331	46    	0.502234 	0.502836	-1        	1.0827  
332	45    	0.419367 	0.290548	0.150312  	1.10462 
333	46    	0.406546 	0.466209	-1        	1.07095 
334	44    	0.395422 	0.518591	-1        	1.07238 
335	45    	0.417606 	0.530375	-1        	1.09206 
336	48    	0.442822 	0.437519	-1        	1.07095 
337	48    	0.361321 	0.496282	-1        	1.0749  
338	48    	0.41575  	0.512815	-1        	1.09422 
339	45    	0.311331 	0.655685	-1        	1.08831 
340	45    	0.427596 	0.533973	-1        	1.07591 
341	45    	0.425226 	0.534089	-1        	1.07756 
342	46    	0.484642 	0.486023	-1        	1.0801  
343	48    	0.459047 	0.277131	0.15425   	1.07869 
344	45    	0.494576 	0.420528	-1        	1.10235 
345	44    	0.496318 	0.43746 	-1        	1.10235 
346	44    	0.486116 	0.377908	-1        	1.08033 
347	46    	0.387531 	0.440078	-1        	1.07869 
348	47    	0.250779 	0.56288 	-1        	1.07756 
349	46    	0.428807 	0.453138	-1        	1.07756 
350	48    	0.269113 	0.581922	-1        	1.07756 
351	48    	0.341298 	0.46538 	-1        	1.07756 
352	45    	0.437804 	0.341333	-1        	1.07756 
353	44    	0.427754 	0.477658	-1        	1.07756 
354	49    	0.314447 	0.55193 	-1        	1.10022 
355	42    	0.39277  	0.465607	-1        	1.10022 
356	47    	0.240083 	0.474358	-1        	1.10022 
357	44    	0.332895 	0.519228	-1        	1.10022 
358	47    	0.451249 	0.419264	-1        	1.10022 
359	49    	0.346362 	0.422008	-1        	1.08833 
360	47    	0.422651 	0.471156	-1        	1.05678 
361	43    	0.407034 	0.529514	-1        	1.08671 
362	44    	0.46044  	0.379676	-1        	1.18765 
363	42    	0.500203 	0.497122	-1        	1.09311 
364	47    	0.378602 	0.433574	-1        	1.11044 
365	46    	0.261587 	0.64458 	-1        	1.11044 
366	45    	0.36315  	0.56441 	-1        	1.06046 
367	46    	0.302084 	0.544511	-1        	1.11338 
368	46    	0.490355 	0.508892	-1        	1.15926 
369	44    	0.488549 	0.554379	-1        	1.15926 
370	42    	0.343918 	0.64432 	-1        	1.15926 
371	47    	0.308643 	0.427169	-1        	1.15926 
372	48    	0.394199 	0.407788	-1        	1.04126 
373	44    	0.480595 	0.422937	-1        	1.04126 
374	42    	0.467844 	0.42943 	-1        	1.04126 
375	46    	0.4136   	0.462751	-1        	1.03292 
376	48    	0.399523 	0.490167	-1        	1.03292 
377	45    	0.483133 	0.483455	-1        	1.05527 
378	47    	0.305042 	0.629171	-1        	1.05527 
379	46    	0.492109 	0.363117	-1        	1.0423  
380	48    	0.358295 	0.483067	-1        	1.05732 
381	47    	0.502732 	0.287363	0.173747  	1.05732 
382	44    	0.373614 	0.541529	-1        	1.05732 
383	46    	0.547518 	0.372609	-1        	1.08518 
384	44    	0.410054 	0.499786	-1        	1.08518 
385	46    	0.490855 	0.418173	-1        	1.06118 
386	48    	0.354979 	0.538938	-1        	1.09595 
387	45    	0.320432 	0.609283	-1        	1.05826 
388	44    	0.581248 	0.380662	-1        	1.06118 
389	46    	0.332734 	0.610163	-1        	1.06118 
390	45    	0.373447 	0.551852	-1        	1.06118 
391	45    	0.448738 	0.568452	-1        	1.06118 
392	47    	0.503339 	0.295995	-0.016    	1.06118 
393	49    	0.220965 	0.549681	-1        	1.05826 
394	47    	0.456992 	0.4078  	-1        	1.06118 
395	49    	0.304821 	0.500474	-1        	1.02842 
396	48    	0.425116 	0.502454	-1        	1.06118 
397	46    	0.464662 	0.347864	-1        	1.06542 
398	48    	0.465947 	0.402963	-1        	1.0143  
399	43    	0.499779 	0.379539	-1        	1.08308 
400	43    	0.486665 	0.431277	-1        	1.08308 
401	44    	0.412679 	0.407089	-1        	1.07372 
402	46    	0.512598 	0.487227	-1        	1.06542 
403	42    	0.412389 	0.59833 	-1        	1.13169 
404	46    	0.292951 	0.570739	-1        	1.13169 
405	46    	0.357749 	0.503552	-1        	1.13169 
406	49    	0.470539 	0.435422	-1        	1.08864 
407	46    	0.419848 	0.470129	-1        	1.06715 
408	47    	0.470802 	0.372145	-1        	1.06715 
409	41    	0.570939 	0.452704	-1        	1.06715 
410	45    	0.480722 	0.364064	-1        	1.06715 
411	46    	0.428596 	0.466699	-1        	1.06715 
412	48    	0.297035 	0.502507	-1        	1.06715 
413	44    	0.33778  	0.517087	-1        	1.06715 
414	45    	0.317662 	0.598623	-1        	1.06715 
415	47    	0.343304 	0.470349	-1        	1.03755 
416	47    	0.42017  	0.448919	-1        	1.11216 
417	48    	0.36452  	0.422635	-1        	1.01652 
418	45    	0.474314 	0.399855	-1        	1.01652 
419	47    	0.329552 	0.566336	-1        	1.0362  
420	47    	0.399441 	0.405624	-1        	1.02648 
421	47    	0.300411 	0.511325	-1        	1.00819 
422	46    	0.337407 	0.46918 	-1        	0.962033
423	42    	0.404209 	0.496451	-1        	0.964997
424	44    	0.305575 	0.587811	-1        	0.963477
425	44    	0.51009  	0.357089	-1        	0.963477
426	44    	0.433768 	0.454697	-1        	0.969198
427	45    	0.444464 	0.458741	-1        	1.01497 
428	46    	0.3904   	0.58693 	-1        	1.03037 
429	48    	0.47822  	0.425749	-1        	1.08656 
430	48    	0.442793 	0.419378	-1        	1.01497 
431	43    	0.414041 	0.562243	-1        	1.05347 
432	47    	0.396093 	0.495609	-1        	1.0115  
433	45    	0.428588 	0.408607	-1        	1.05773 
434	46    	0.381013 	0.385929	-1        	1.05773 
435	49    	0.300174 	0.42395 	-1        	1.07551 
436	48    	0.341344 	0.380735	-1        	1.07551 
437	44    	0.366451 	0.497016	-1        	1.08675 
438	47    	0.351716 	0.613157	-1        	1.05347 
439	46    	0.47148  	0.487832	-1        	1.09975 
440	46    	0.426792 	0.410832	-1        	1.05347 
441	43    	0.548964 	0.461292	-1        	1.05347 
442	47    	0.358659 	0.592378	-1        	1.0547  
443	45    	0.403549 	0.59788 	-1        	1.05878 
444	42    	0.404713 	0.565114	-1        	1.05878 
445	44    	0.335391 	0.572555	-1        	1.07031 
446	47    	0.390745 	0.49246 	-1        	1.05878 
447	44    	0.416396 	0.554104	-1        	1.07031 
448	46    	0.517565 	0.493695	-1        	1.07031 
449	48    	0.271313 	0.545844	-1        	1.08897 
450	46    	0.420728 	0.460933	-1        	1.08897 
451	44    	0.545867 	0.503245	-1        	1.15077 
452	48    	0.471179 	0.581892	-1        	1.15077 
453	47    	0.350859 	0.628267	-1        	1.21761 
454	45    	0.535827 	0.615463	-1        	1.21761 
455	46    	0.446105 	0.559284	-1        	1.18056 
456	45    	0.349736 	0.55361 	-1        	1.13658 
457	45    	0.342926 	0.625004	-1        	1.20075 
458	45    	0.535148 	0.466412	-1        	1.14986 
459	47    	0.465845 	0.433056	-1        	1.14986 
460	46    	0.382283 	0.562709	-1        	1.12998 
461	46    	0.527188 	0.523554	-1        	1.17236 
462	44    	0.646743 	0.346993	0.173999  	1.13752 
463	45    	0.504858 	0.548703	-1        	1.13752 
464	48    	0.459655 	0.525076	-1        	1.12998 
465	44    	0.568784 	0.466587	-1        	1.12998 
466	44    	0.637256 	0.48621 	-1        	1.12998 
467	46    	0.456301 	0.540718	-1        	1.12998 
468	48    	0.479075 	0.486248	-1        	1.12998 
469	48    	0.471798 	0.484899	-1        	1.12839 
470	49    	0.0871748	0.648028	-1        	1.08221 
471	46    	0.521358 	0.420573	-1        	1.16464 
472	46    	0.395615 	0.444486	-1        	1.16464 
473	44    	0.530404 	0.400962	-1        	1.1044  
474	47    	0.518362 	0.498961	-1        	1.13412 
475	48    	0.355    	0.66334 	-1        	1.06899 
476	43    	0.540886 	0.551174	-1        	1.09078 
477	49    	0.313884 	0.689039	-1        	1.0783  
478	46    	0.365641 	0.548078	-1        	1.0783  
479	44    	0.543219 	0.387381	-1        	1.0783  
480	46    	0.410582 	0.460315	-1        	1.12315 
481	46    	0.517878 	0.480953	-1        	1.0783  
482	42    	0.521503 	0.511807	-1        	1.11163 
483	45    	0.496009 	0.441426	-1        	1.15731 
484	41    	0.419149 	0.65317 	-1        	1.14878 
485	45    	0.468644 	0.473681	-1        	1.14993 
486	45    	0.597454 	0.56758 	-1        	1.15037 
487	44    	0.50421  	0.563138	-1        	1.15037 
488	45    	0.583776 	0.481443	-1        	1.15037 
489	42    	0.64461  	0.49592 	-1        	1.15037 
490	43    	0.589495 	0.482678	-1        	1.15037 
491	49    	0.354672 	0.598541	-1        	1.14993 
492	47    	0.409463 	0.611047	-1        	1.14993 
493	46    	0.563966 	0.503884	-1        	1.08456 
494	43    	0.592868 	0.419472	-1        	1.14898 
495	46    	0.327517 	0.583849	-1        	1.14898 
496	44    	0.54399  	0.50775 	-1        	1.14993 
497	50    	0.43623  	0.487029	-1        	1.09856 
498	46    	0.266578 	0.634996	-1        	1.14898 
499	48    	0.499566 	0.491214	-1        	1.12601 
500	44    	0.38736  	0.608054	-1        	1.13206 
501	49    	0.354481 	0.58494 	-1        	1.12802 
502	47    	0.51458  	0.492851	-1        	1.12802 
503	47    	0.456368 	0.476706	-1        	1.12802 
504	47    	0.500889 	0.49867 	-1        	1.13469 
505	48    	0.342022 	0.527497	-1        	1.12802 
506	43    	0.481933 	0.493474	-1        	1.15046 
507	46    	0.532186 	0.455557	-1        	1.15046 
508	48    	0.407547 	0.355998	-1        	1.08588 
509	44    	0.588018 	0.379466	-1        	1.13469 
510	44    	0.50521  	0.556856	-1        	1.15012 
511	46    	0.605197 	0.484893	-1        	1.15024 
512	49    	0.413494 	0.571498	-1        	1.13051 
513	49    	0.451639 	0.483968	-1        	1.0711  
514	43    	0.527347 	0.459457	-1        	1.08336 
515	47    	0.486245 	0.46145 	-1        	1.08336 
516	46    	0.46098  	0.570381	-1        	1.09288 
517	48    	0.401188 	0.573832	-1        	1.13613 
518	44    	0.619262 	0.349467	0.162667  	1.13613 
519	43    	0.52878  	0.558466	-1        	1.13613 
520	47    	0.280774 	0.626498	-1        	1.13613 
521	47    	0.313368 	0.591456	-1        	1.13613 
522	47    	0.484744 	0.399407	-1        	1.13613 
523	48    	0.156885 	0.718739	-1        	1.11927 
524	46    	0.382616 	0.603984	-1        	1.14681 
525	45    	0.467143 	0.593354	-1        	1.14681 
526	39    	0.638988 	0.484982	-1        	1.14681 
527	46    	0.529572 	0.47454 	-1        	1.11927 
528	42    	0.537695 	0.483233	-1        	1.14681 
529	46    	0.476981 	0.518206	-1        	1.14681 
530	48    	0.363711 	0.592673	-1        	1.13688 
531	48    	0.388604 	0.605638	-1        	1.14681 
532	47    	0.274547 	0.576073	-1        	1.14681 
533	49    	0.458829 	0.462996	-1        	1.11927 
534	45    	0.519395 	0.495636	-1        	1.07148 
535	48    	0.525396 	0.497771	-1        	1.08705 
536	45    	0.431528 	0.617229	-1        	1.09249 
537	44    	0.422577 	0.532394	-1        	1.0998  
538	49    	0.476798 	0.446355	-1        	1.12288 
539	48    	0.50941  	0.50641 	-1        	1.12288 
540	49    	0.488261 	0.500422	-1        	1.15971 
541	46    	0.518161 	0.504344	-1        	1.06075 
542	47    	0.429838 	0.657282	-1        	1.10924 
543	48    	0.357848 	0.545368	-1        	1.0712  
544	44    	0.335411 	0.558872	-1        	1.03415 
545	46    	0.33723  	0.545932	-1        	1.06074 
546	46    	0.391993 	0.52699 	-1        	1.01623 
547	45    	0.527085 	0.403647	-1        	1.02873 
548	45    	0.417077 	0.54768 	-1        	1.02873 
549	45    	0.571379 	0.386043	-1        	1.06856 
550	46    	0.369946 	0.593535	-1        	1.06499 
551	47    	0.332941 	0.611687	-1        	1.07218 
552	47    	0.520257 	0.454783	-1        	1.07218 
553	48    	0.531612 	0.430924	-1        	1.07218 
554	47    	0.513501 	0.42965 	-1        	1.05197 
555	48    	0.472921 	0.581338	-1        	1.05197 
556	46    	0.441528 	0.43851 	-1        	1.05691 
557	46    	0.463863 	0.378556	-1        	1.05197 
558	47    	0.542938 	0.457288	-1        	1.04883 
559	47    	0.442217 	0.393371	-1        	1.03292 
560	49    	0.316359 	0.614174	-1        	1.01178 
561	47    	0.386764 	0.498855	-1        	0.979399
562	45    	0.260997 	0.657731	-1        	0.979399
563	44    	0.499206 	0.388764	-1        	1.00398 
564	42    	0.475291 	0.537877	-1        	1.05602 
565	47    	0.296041 	0.599912	-1        	1.05602 
566	46    	0.423737 	0.426136	-1        	1.05602 
567	48    	0.446168 	0.419071	-1        	1.00772 
568	47    	0.288658 	0.600313	-1        	1.05602 
569	41    	0.503546 	0.454113	-1        	1.05602 
570	47    	0.258168 	0.692709	-1        	1.08926 
571	42    	0.615989 	0.400622	-1        	1.06669 
572	48    	0.218941 	0.640291	-1        	1.0815  
573	45    	0.409155 	0.484442	-1        	1.0815  
574	47    	0.289308 	0.522975	-1        	1.08022 
575	43    	0.427741 	0.473442	-1        	1.03879 
576	48    	0.402404 	0.510332	-1        	1.08841 
577	44    	0.375805 	0.503819	-1        	1.08841 
578	47    	0.258989 	0.579658	-1        	1.08841 
579	48    	0.227387 	0.607727	-1        	1.08818 
580	48    	0.347851 	0.491746	-1        	1.08818 
581	48    	0.351257 	0.581871	-1        	1.08818 
582	45    	0.4863   	0.504547	-1        	1.08841 
583	47    	0.36321  	0.552902	-1        	1.08182 
584	48    	0.425365 	0.474179	-1        	1.08405 
585	48    	0.351524 	0.624339	-1        	1.08405 
586	45    	0.373569 	0.631443	-1        	1.08405 
587	45    	0.528493 	0.452945	-1        	1.13    
588	46    	0.36853  	0.600628	-1        	1.14771 
589	48    	0.513132 	0.557838	-1        	1.18826 
590	43    	0.400304 	0.65139 	-1        	1.13    
591	45    	0.523635 	0.597967	-1        	1.13    
592	44    	0.268495 	0.67168 	-1        	1.25906 
593	47    	0.41386  	0.571997	-1        	1.12388 
594	49    	0.321759 	0.641842	-1        	1.12996 
595	50    	0.298371 	0.597379	-1        	1.14775 
596	45    	0.443812 	0.573896	-1        	1.14775 
597	45    	0.453988 	0.658205	-1        	1.14775 
598	45    	0.416547 	0.585115	-1        	1.14775 
599	45    	0.415535 	0.57526 	-1        	1.09225 
600	48    	0.400067 	0.5235  	-1        	1.14775 
601	47    	0.425398 	0.555574	-1        	1.11512 
602	43    	0.487933 	0.500945	-1        	1.09225 
603	42    	0.494811 	0.542708	-1        	1.16747 
604	46    	0.493107 	0.502942	-1        	1.16747 
605	48    	0.518858 	0.486924	-1        	1.10081 
606	46    	0.456839 	0.582135	-1        	1.10081 
607	46    	0.31451  	0.689779	-1        	1.10081 
608	41    	0.535378 	0.556191	-1        	1.08885 
609	43    	0.594692 	0.401627	-1        	1.08885 
610	49    	0.207259 	0.664213	-1        	1.11718 
611	47    	0.542406 	0.475427	-1        	1.06578 
612	45    	0.394452 	0.554392	-1        	1.06384 
613	46    	0.588948 	0.506998	-1        	1.16638 
614	47    	0.303285 	0.686438	-1        	1.06982 
615	48    	0.36932  	0.595013	-1        	1.08107 
616	48    	0.325551 	0.577152	-1        	1.07834 
617	48    	0.303943 	0.673974	-1        	1.07834 
618	48    	0.389738 	0.594949	-1        	1.01376 
619	48    	0.475194 	0.610327	-1        	1.0815  
620	49    	0.404507 	0.59992 	-1        	1.07335 
621	47    	0.397581 	0.60007 	-1        	1.07335 
622	46    	0.432663 	0.532953	-1        	1.07335 
623	45    	0.441784 	0.514769	-1        	1.07335 
624	43    	0.478514 	0.537393	-1        	1.07335 
625	47    	0.463508 	0.575587	-1        	1.1118  
626	48    	0.539233 	0.451822	-1        	1.08922 
627	46    	0.374092 	0.674713	-1        	1.08922 
628	50    	0.168217 	0.645377	-1        	1.0973  
629	47    	0.186209 	0.685586	-1        	1.05077 
630	45    	0.168329 	0.70538 	-1        	1.05077 
631	44    	0.292949 	0.631196	-1        	1.05077 
632	47    	0.504001 	0.487712	-1        	1.07699 
633	43    	0.450232 	0.567787	-1        	1.07699 
634	43    	0.317198 	0.652574	-1        	1.07699 
635	46    	0.359977 	0.664697	-1        	1.07948 
636	46    	0.464127 	0.57383 	-1        	1.07948 
637	46    	0.320996 	0.6889  	-1        	1.08098 
638	47    	0.237537 	0.652023	-1        	1.11254 
639	43    	0.467324 	0.496736	-1        	1.11549 
640	49    	0.324319 	0.662841	-1        	1.11254 
641	49    	0.337908 	0.504299	-1        	1.06578 
642	45    	0.494604 	0.477327	-1        	1.06578 
643	46    	0.434978 	0.570037	-1        	1.07001 
644	46    	0.449337 	0.442391	-1        	1.07001 
645	44    	0.454532 	0.484895	-1        	1.03962 
646	47    	0.38033  	0.569977	-1        	1.03682 
647	44    	0.523628 	0.374823	-1        	1.03811 
648	47    	0.433493 	0.451021	-1        	1.03682 
649	47    	0.280776 	0.575394	-1        	1.06457 
650	45    	0.428463 	0.445198	-1        	1.06457 
651	43    	0.486941 	0.516992	-1        	1.06457 
652	50    	0.436025 	0.361952	-1        	1.09031 
653	42    	0.328738 	0.603277	-1        	1.09031 
654	44    	0.421085 	0.487674	-1        	1.09031 
655	46    	0.381072 	0.579315	-1        	1.10376 
656	44    	0.42484  	0.621613	-1        	1.10376 
657	44    	0.348643 	0.562316	-1        	1.10376 
658	48    	0.228651 	0.611941	-1        	1.05844 
659	46    	0.371674 	0.591189	-1        	1.09829 
660	45    	0.431738 	0.489094	-1        	1.09829 
661	49    	0.36941  	0.587506	-1        	1.12303 
662	44    	0.153335 	0.644321	-1        	1.09829 
663	46    	0.479386 	0.507082	-1        	1.09829 
664	46    	0.417583 	0.609019	-1        	1.09829 
665	44    	0.438164 	0.490603	-1        	1.09829 
666	47    	0.318553 	0.721862	-1        	1.09829 
667	46    	0.359571 	0.655011	-1        	1.09829 
668	46    	0.385633 	0.446937	-1        	1.09829 
669	46    	0.403106 	0.494939	-1        	1.09829 
670	46    	0.48845  	0.352673	-1        	1.09829 
671	44    	0.385024 	0.591608	-1        	1.09829 
672	47    	0.415858 	0.458713	-1        	1.09829 
673	47    	0.247454 	0.645757	-1        	1.09829 
674	48    	0.437569 	0.482032	-1        	1.12303 
675	47    	0.452426 	0.442267	-1        	1.12303 
676	45    	0.372155 	0.592524	-1        	1.12303 
677	47    	0.38007  	0.467739	-1        	1.1149  
678	44    	0.449563 	0.585595	-1        	1.1149  
679	50    	0.380884 	0.505483	-1        	1.09366 
680	44    	0.41316  	0.655131	-1        	1.1149  
681	49    	0.294409 	0.517632	-1        	1.1149  
682	48    	0.439904 	0.517501	-1        	1.06462 
683	46    	0.405789 	0.562739	-1        	1.01827 
684	48    	0.175963 	0.711691	-1        	1.04728 
685	40    	0.421365 	0.559392	-1        	1.04836 
686	49    	0.182659 	0.68364 	-1        	1.07198 
687	47    	0.357242 	0.569448	-1        	1.0298  
688	47    	0.40453  	0.38179 	-1        	0.976697
689	45    	0.313248 	0.625882	-1        	1.03849 
690	48    	0.264868 	0.615832	-1        	1.01004 
691	44    	0.376197 	0.578848	-1        	1.01004 
692	43    	0.473562 	0.466107	-1        	1.01004 
693	46    	0.403251 	0.583608	-1        	1.03849 
694	47    	0.29899  	0.580573	-1        	1.02489 
695	49    	0.298466 	0.620229	-1        	0.950591
696	45    	0.254109 	0.672151	-1        	0.985335
697	47    	0.299824 	0.581437	-1        	0.939248
698	41    	0.465541 	0.557516	-1        	0.980927
699	45    	0.518372 	0.356661	-1        	1.00707 
700	48    	0.471658 	0.345836	-1        	0.984027
701	46    	0.53113  	0.425555	-1        	1.03963 
702	44    	0.55026  	0.32359 	0.085531  	1.04687 
703	43    	0.477377 	0.49303 	-1        	1.04687 
704	43    	0.476229 	0.44886 	-1        	1.04687 
705	44    	0.464597 	0.36873 	-1        	1.04687 
706	48    	0.527319 	0.316745	-0.0177778	1.04811 
707	44    	0.463964 	0.373113	-1        	0.993568
708	45    	0.561458 	0.372187	-1        	1.02537 
709	47    	0.44736  	0.422393	-1        	1.02537 
710	48    	0.446963 	0.337471	-1        	1.01299 
711	49    	0.434431 	0.239542	0.181307  	0.928397
712	46    	0.443109 	0.325855	-1        	0.928397
713	44    	0.533085 	0.342548	-1        	0.928397
714	47    	0.491945 	0.275722	0.0833279 	0.928397
715	47    	0.476261 	0.333047	-1        	0.979281
716	45    	0.422552 	0.437212	-1        	0.979281
717	45    	0.527024 	0.262942	0.106721  	0.90551 
718	47    	0.5063   	0.248625	0.109559  	0.871221
719	47    	0.497041 	0.233317	0.171451  	0.871221
720	43    	0.554898 	0.252776	0.169106  	0.929919
721	49    	0.52274  	0.2532  	0.169106  	0.973555
722	42    	0.514919 	0.233014	0.139354  	0.870809
723	44    	0.479398 	0.387123	-1        	0.870809
724	47    	0.537911 	0.30154 	-1        	0.94539 
725	46    	0.441836 	0.315531	-1        	0.94539 
726	44    	0.487999 	0.220227	0.23347   	0.867869
727	45    	0.400991 	0.359325	-1        	0.867869
728	45    	0.551346 	0.227266	0.212452  	0.906314
729	45    	0.562841 	0.214239	0.226968  	0.93455 
730	48    	0.430278 	0.224694	-0.0133333	0.93455 
731	45    	0.500566 	0.223442	0.141982  	0.93455 
732	44    	0.450749 	0.294645	-1        	0.93455 
733	46    	0.429276 	0.462176	-1        	0.88249 
734	48    	0.280371 	0.551753	-1        	0.812437
735	46    	0.526748 	0.294187	-1        	0.852587
736	46    	0.421029 	0.469387	-1        	0.930157
737	43    	0.328223 	0.497386	-1        	0.930157
738	47    	0.487613 	0.315924	-1        	0.852587
739	47    	0.416909 	0.46797 	-1        	0.824512
740	45    	0.442794 	0.433002	-1        	0.824512
741	46    	0.496484 	0.320264	-1        	0.847169
742	41    	0.437075 	0.527848	-1        	1.0201  
743	46    	0.491711 	0.361659	-1        	1.0201  
744	43    	0.58928  	0.298357	0.0944397 	0.924037
745	47    	0.429997 	0.345215	-1        	0.975   
746	46    	0.444195 	0.346812	-1        	0.919559
747	42    	0.552404 	0.296763	0.137641  	0.924409
748	43    	0.512067 	0.377795	-1        	0.925285
749	48    	0.49058  	0.281922	0.0647704 	0.981466
750	46    	0.422634 	0.350183	-1        	1.02423 
751	44    	0.550722 	0.291803	0.118601  	1.02423 
752	48    	0.541839 	0.312143	0.0724882 	0.996545
753	44    	0.467873 	0.346358	-1        	0.987364
754	46    	0.438332 	0.49797 	-1        	1.04702 
755	47    	0.557412 	0.376433	-1        	1.05106 
756	43    	0.517599 	0.549509	-1        	1.05106 
757	44    	0.501365 	0.431674	-1        	1.05106 
758	47    	0.401921 	0.450201	-1        	1.05106 
759	42    	0.5029   	0.385438	-1        	1.05106 
760	46    	0.304921 	0.547756	-1        	1.05106 
761	46    	0.461704 	0.334052	-1        	1.05106 
762	48    	0.403422 	0.448419	-1        	1.05106 
763	48    	0.411122 	0.3876  	-1        	1.00023 
764	44    	0.43318  	0.445421	-1        	1.00023 
765	47    	0.432919 	0.5029  	-1        	1.00023 
766	46    	0.595153 	0.364797	-1        	1.00566 
767	44    	0.566898 	0.398264	-1        	1.00566 
768	47    	0.41616  	0.403601	-1        	1.00023 
769	47    	0.447875 	0.504451	-1        	1.00023 
770	47    	0.562864 	0.357543	-1        	1.00023 
771	49    	0.426585 	0.410649	-1        	1.00023 
772	48    	0.435868 	0.462165	-1        	1.03627 
773	47    	0.417208 	0.419627	-1        	0.998569
774	47    	0.308861 	0.445314	-1        	0.998569
775	47    	0.422086 	0.488093	-1        	0.998569
776	44    	0.542878 	0.324003	-0.0177778	0.998522
777	45    	0.463908 	0.389417	-1        	0.998569
778	44    	0.503931 	0.412587	-1        	0.998569
779	49    	0.473931 	0.402453	-1        	0.998569
780	47    	0.450578 	0.390144	-1        	1.03339 
781	45    	0.476087 	0.334193	0.102822  	0.998522
782	45    	0.459018 	0.435922	-1        	0.992208
783	46    	0.527622 	0.417063	-1        	1.04117 
784	46    	0.500643 	0.345655	-0.0159999	1.08143 
785	47    	0.389867 	0.425853	-1        	1.08143 
786	44    	0.516001 	0.551469	-1        	1.20457 
787	46    	0.528188 	0.358863	0.133277  	1.20457 
788	47    	0.584224 	0.372403	0.0777679 	1.20457 
789	48    	0.506614 	0.434943	-1        	1.11338 
790	44    	0.414987 	0.40488 	-1        	1.11338 
791	46    	0.38215  	0.428685	-1        	1.11338 
792	49    	0.352805 	0.310605	-1        	1.05169 
793	45    	0.443065 	0.333565	-1        	1.00205 
794	46    	0.579534 	0.366906	-1        	1.05149 
795	48    	0.325049 	0.573101	-1        	1.0465  
796	48    	0.393029 	0.449006	-1        	1.04806 
797	45    	0.358849 	0.542826	-1        	1.04806 
798	49    	0.431853 	0.476262	-1        	1.0169  
799	45    	0.452439 	0.472811	-1        	1.0169  
800	47    	0.430559 	0.40941 	-1        	1.12756 
801	47    	0.466621 	0.425407	-1        	1.12756 
802	48    	0.397064 	0.328565	-1        	1.08717 
803	44    	0.441792 	0.459051	-1        	1.08717 
804	45    	0.390966 	0.4476  	-1        	0.970762
805	48    	0.423742 	0.448586	-1        	1.00474 
806	48    	0.430636 	0.447003	-1        	0.918488
807	41    	0.522816 	0.451377	-1        	0.999865
808	44    	0.61513  	0.357401	-1        	1.00474 
809	48    	0.508632 	0.356607	-1        	1.00474 
810	47    	0.470404 	0.482216	-1        	0.999865
811	50    	0.504403 	0.464608	-1        	0.997585
812	47    	0.418952 	0.331143	-1        	0.997338
813	44    	0.486826 	0.426659	-1        	1.01295 
814	47    	0.439571 	0.366719	-1        	1.01295 
815	49    	0.480269 	0.291028	0.133649  	1.01295 
816	45    	0.389152 	0.455686	-1        	1.01295 
817	44    	0.468591 	0.377446	-1        	1.01295 
818	44    	0.509968 	0.317369	0.169139  	1.00117 
819	48    	0.413395 	0.297454	-0.0166666	1.00117 
820	46    	0.503355 	0.332468	-0.0171429	0.990506
821	44    	0.437298 	0.425881	-1        	0.982191
822	47    	0.363177 	0.495735	-1        	1.00117 
823	47    	0.326458 	0.434694	-1        	1.00117 
824	46    	0.463305 	0.357187	-1        	1.00117 
825	44    	0.479461 	0.381791	-1        	1.00117 
826	43    	0.456862 	0.474802	-1        	1.00117 
827	47    	0.5245   	0.454319	-1        	1.00117 
828	47    	0.43194  	0.423543	-1        	1.00117 
829	49    	0.372241 	0.454423	-1        	1.00117 
830	47    	0.448509 	0.424042	-1        	0.979064
831	43    	0.608187 	0.31531 	-0.0149999	0.997166
832	46    	0.530613 	0.372543	-1        	0.999186
833	45    	0.483311 	0.475369	-1        	0.999186
834	44    	0.513005 	0.297278	0.162291  	0.999186
835	47    	0.452992 	0.359673	-1        	0.996881
836	45    	0.482372 	0.416311	-1        	0.993003
837	49    	0.425673 	0.261762	0.110954  	1.00299 
838	43    	0.494351 	0.254716	0.133414  	1.00299 
839	45    	0.463922 	0.361945	-1        	1.00299 
840	43    	0.602131 	0.298737	0.117336  	0.949244
841	43    	0.566075 	0.290911	0.158721  	1.00942 
842	48    	0.470154 	0.314465	-1        	0.948597
843	44    	0.485067 	0.384698	-1        	1.12974 
844	46    	0.55441  	0.258506	0.162721  	1.01173 
845	47    	0.425191 	0.382419	-1        	1.06747 
846	48    	0.425305 	0.328112	-1        	1.00299 
847	47    	0.496978 	0.456173	-1        	1.00299 
848	46    	0.516208 	0.374974	-1        	1.00299 
849	49    	0.469967 	0.361759	-1        	1.00299 
850	49    	0.326441 	0.458584	-1        	0.946199
851	46    	0.497122 	0.259849	0.127278  	0.946199
852	43    	0.468163 	0.350273	-1        	0.946199
853	46    	0.489211 	0.353287	-1        	1.00503 
854	45    	0.474211 	0.366079	-1        	1.01037 
855	47    	0.441537 	0.235755	0.149255  	0.999651
856	44    	0.498903 	0.372257	-1        	0.999651
857	48    	0.488421 	0.361152	-1        	1.00938 
858	48    	0.403851 	0.319777	-1        	1.00938 
859	46    	0.486897 	0.419584	-1        	1.00938 
860	46    	0.423796 	0.425156	-1        	0.987983
861	50    	0.434596 	0.405206	-1        	0.98152 
862	49    	0.437721 	0.339144	-1        	0.993135
863	48    	0.370423 	0.434348	-1        	0.942879
864	47    	0.525845 	0.287014	0.0857696 	0.983496
865	48    	0.463114 	0.343378	-1        	0.983496
866	45    	0.453199 	0.395192	-1        	0.951845
867	44    	0.478541 	0.328582	-1        	0.98357 
868	47    	0.384791 	0.36083 	-1        	1.04258 
869	47    	0.432622 	0.323921	-1        	0.951845
870	47    	0.424683 	0.445922	-1        	1.00938 
871	46    	0.398329 	0.492677	-1        	1.00218 
872	44    	0.509738 	0.302937	0.105972  	1.00753 
873	45    	0.462478 	0.305897	-0.0175   	1.00753 
874	47    	0.430589 	0.363125	-1        	1.00218 
875	48    	0.315746 	0.470828	-1        	0.959732
876	48    	0.413313 	0.337149	-1        	0.984832
877	49    	0.441728 	0.340551	-1        	0.981821
878	48    	0.538634 	0.266113	0.145355  	0.999317
879	42    	0.527197 	0.282518	0.143419  	0.981821
880	46    	0.50897  	0.365496	-1        	0.999317
881	41    	0.638672 	0.376106	-1        	0.999317
882	47    	0.577469 	0.290931	0.168989  	1.01404 
883	46    	0.516814 	0.418998	-1        	0.997928
884	45    	0.529751 	0.426313	-1        	1.01404 
885	46    	0.537566 	0.381053	-1        	0.997928
886	48    	0.507776 	0.421591	-1        	0.997928
887	47    	0.546991 	0.283373	0.22419   	0.999317
888	48    	0.579589 	0.308677	0.0830865 	1.01544 
889	45    	0.518323 	0.38655 	-1        	1.01544 
890	44    	0.50894  	0.48655 	-1        	1.01544 
891	45    	0.55765  	0.324948	0.174654  	1.04556 
892	46    	0.393649 	0.507661	-1        	1.04648 
893	46    	0.432515 	0.475431	-1        	1.01544 
894	45    	0.442463 	0.431432	-1        	1.01544 
895	46    	0.412902 	0.470344	-1        	1.01544 
896	46    	0.448419 	0.393974	-1        	1.01544 
897	47    	0.443625 	0.569095	-1        	1.05522 
898	46    	0.547008 	0.404307	-1        	1.09416 
899	48    	0.375666 	0.628004	-1        	1.09416 
900	47    	0.425648 	0.420115	-1        	1.05151 
901	45    	0.404608 	0.33976 	-1        	1.01714 
902	45    	0.377507 	0.480553	-1        	1.01394 
903	48    	0.446262 	0.471999	-1        	1.09742 
904	46    	0.341143 	0.581633	-1        	1.09742 
905	46    	0.378961 	0.513613	-1        	1.01029 
906	47    	0.290126 	0.509859	-1        	1.05194 
907	44    	0.523713 	0.445151	-1        	1.14207 
908	46    	0.371771 	0.516113	-1        	1.05194 
909	44    	0.545331 	0.319091	0.100116  	1.05194 
910	42    	0.53944  	0.40035 	-1        	1.05194 
911	44    	0.456059 	0.43406 	-1        	1.05386 
912	43    	0.479201 	0.50222 	-1        	1.05386 
913	45    	0.545364 	0.410141	-1        	1.05194 
914	47    	0.499581 	0.442929	-1        	1.04889 
915	48    	0.469595 	0.487168	-1        	1.04889 
916	48    	0.501576 	0.338811	-0.0160001	1.04651 
917	45    	0.422863 	0.509417	-1        	1.01026 
918	47    	0.449145 	0.471071	-1        	1.03755 
919	47    	0.371858 	0.525373	-1        	0.998199
920	45    	0.522602 	0.41453 	-1        	0.989715
921	44    	0.444379 	0.518172	-1        	1.03956 
922	50    	0.340155 	0.558322	-1        	1.03458 
923	46    	0.52231  	0.473859	-1        	1.00223 
924	48    	0.588431 	0.291252	-0.016    	1.03689 
925	43    	0.488992 	0.52682 	-1        	1.04799 
926	48    	0.434187 	0.532355	-1        	1.03689 
927	46    	0.491333 	0.481487	-1        	1.03689 
928	47    	0.344193 	0.534401	-1        	1.00416 
929	46    	0.42187  	0.446426	-1        	1.00416 
930	44    	0.394342 	0.630667	-1        	1.00416 
931	43    	0.467851 	0.480101	-1        	1.039   
932	48    	0.548082 	0.440682	-1        	1.039   
933	47    	0.40863  	0.476715	-1        	1.04855 
934	50    	0.317196 	0.563508	-1        	1.09626 
935	48    	0.569212 	0.441567	-1        	1.05495 
936	44    	0.509716 	0.539799	-1        	1.05495 
937	46    	0.457411 	0.516241	-1        	1.05495 
938	45    	0.523978 	0.363741	-1        	1.05495 
939	47    	0.474524 	0.415229	-1        	1.05495 
940	45    	0.343263 	0.504244	-1        	0.997336
941	45    	0.452484 	0.504202	-1        	1.0606  
942	46    	0.375154 	0.520721	-1        	0.997336
943	44    	0.507776 	0.323639	-1        	0.997336
944	47    	0.44419  	0.444375	-1        	1.02103 
945	45    	0.530313 	0.34219 	-1        	1.09433 
946	47    	0.379067 	0.481121	-1        	1.06056 
947	44    	0.551776 	0.364503	-1        	1.00611 
948	46    	0.552436 	0.379459	-1        	0.997206
949	46    	0.578446 	0.363663	-1        	1.05239 
950	48    	0.360296 	0.476156	-1        	1.00611 
951	48    	0.282445 	0.525036	-1        	0.921802
952	44    	0.482039 	0.402038	-1        	0.972647
953	50    	0.508877 	0.418261	-1        	1.06311 
954	49    	0.41412  	0.411974	-1        	1.06311 
955	45    	0.529115 	0.485256	-1        	1.07442 
956	48    	0.43406  	0.526594	-1        	1.05235 
957	47    	0.535121 	0.37246 	-1        	1.055   
958	45    	0.349759 	0.624951	-1        	1.055   
959	41    	0.532762 	0.513393	-1        	1.055   
960	44    	0.386996 	0.612188	-1        	1.08539 
961	48    	0.606079 	0.392243	-1        	1.15251 
962	44    	0.496906 	0.557513	-1        	1.15251 
963	48    	0.441879 	0.542746	-1        	1.0585  
964	45    	0.502182 	0.496813	-1        	1.0585  
965	46    	0.428788 	0.575236	-1        	1.0585  
966	44    	0.373298 	0.64629 	-1        	1.0585  
967	46    	0.612412 	0.457186	-1        	1.06907 
968	46    	0.544285 	0.506301	-1        	1.09041 
969	44    	0.660996 	0.389853	-1        	1.09041 
970	47    	0.537211 	0.546519	-1        	1.09041 
971	48    	0.455759 	0.586154	-1        	1.1491  
972	45    	0.467266 	0.505853	-1        	1.1491  
973	45    	0.547785 	0.393279	-1        	1.1491  
974	47    	0.461614 	0.39905 	-1        	1.1491  
975	49    	0.292068 	0.488037	-1        	1.01368 
976	46    	0.463545 	0.483154	-1        	1.01277 
977	49    	0.414108 	0.517926	-1        	1.08604 
978	48    	0.300662 	0.552718	-1        	0.996741
979	45    	0.563265 	0.494081	-1        	1.05781 
980	45    	0.480715 	0.540628	-1        	1.04722 
981	46    	0.512974 	0.383267	-1        	1.05632 
982	44    	0.453271 	0.493318	-1        	1.05632 
983	48    	0.356746 	0.544066	-1        	1.05632 
984	47    	0.526014 	0.3005  	0.177715  	1.04004 
985	45    	0.508301 	0.434203	-1        	1.04004 
986	45    	0.346625 	0.551113	-1        	1.04004 
987	48    	0.466958 	0.359451	-1        	1.04004 
988	47    	0.456069 	0.516172	-1        	1.04004 
989	46    	0.26397  	0.569422	-1        	1.04004 
990	47    	0.424007 	0.382396	-1        	0.928759
991	44    	0.568062 	0.318845	-1        	0.928759
992	46    	0.536633 	0.33556 	-1        	0.959186
993	44    	0.575377 	0.469347	-1        	1.03914 
994	47    	0.404507 	0.53318 	-1        	0.961539
995	46    	0.49984  	0.458453	-1        	0.94896 
996	48    	0.530233 	0.404574	-1        	0.94896 
997	38    	0.608588 	0.418048	-1        	0.94896 
998	48    	0.54595  	0.418472	-1        	0.948281
999	43    	0.555396 	0.525578	-1        	0.949381
1000	48    	0.500367 	0.469988	-1        	0.949381