Argument values: path=C:\Users\1625203\Downloads\Framsticks50rc22\Framsticks50rc22, lib=None, sim=eval-allcriteria.sim;deterministic.sim;sample-period-2.sim;f9-mut-0.sim, genformat=None, initialgenotype=/*9*/BLU, opt=vertpos, popsize=50, generations=1000, tournament=10, pmut=0.9, pxov=0.2, hof_size=1, hof_savefile=None, max_numparts=30, max_numjoints=None, max_numneurons=None, max_numconnections=None, max_numgenochars=50
Using Framsticks version: 5.0rc22
Home (writable) dir     : C:\Users\1625203\Downloads\Framsticks50rc22\Framsticks50rc22\data
Resources dir           : C:\Users\1625203\Downloads\Framsticks50rc22\Framsticks50rc22\data

Available objects: ['CheckpointEvent', 'Collision', 'CrCollision', 'Creature', 'CreatureSettings', 'CreatureSignals', 'CreatureSnapshot', 'Dictionary', 'ExpProperties', 'ExpState', 'ExtValue', 'File', 'FunctionReference', 'GenMan', 'GenManStats', 'GenePool', 'GenePools', 'Geno', 'Genotype', 'Interface', 'Joint', 'Loader', 'Math', 'MechJoint', 'MechPart', 'MessageCatcher', 'Model', 'ModelGeometry', 'ModelSymmetry', 'Neuro', 'NeuroClass', 'NeuroClassLibrary', 'NeuroDef', 'NeuroSignals', 'NeuronsSimEnabled', 'ODE', 'Orient', 'Part', 'Population', 'Populations', 'Ref', 'Signal', 'SignalView', 'SimilMeasure', 'SimilMeasureDistribution', 'SimilMeasureGreedy', 'SimilMeasureHungarian', 'Simulator', 'SlaveSimulators', 'StopEvent', 'String', 'UserScripts', 'Vector', 'WireframeAppearance', 'World', 'WorldMap', 'WorldSignals', 'XYZ', '__builtins__', '__cached__', '__doc__', '__file__', '__loader__', '__name__', '__package__', '__spec__', 'c_api', 'ctypes', 'home_dir', 'init', 'os', 're', 'res_dir', 'sim_params', 'stats', 'sys']

Performing a basic test 1/2... OK.
Performing a basic test 2/2... OK.
Using settings: ['eval-allcriteria.sim', 'deterministic.sim', 'sample-period-2.sim', 'f9-mut-0.sim']
gen	nevals	avg     	stddev	min     	max     
0  	50    	0.218369	0     	0.218369	0.218369
1  	45    	0.104932	0.125115	-0.0166667	0.356517
2  	45    	0.161851	0.148505	-0.0160001	0.581352
3  	44    	0.202374	0.193176	-0.02     	0.594973
4  	44    	0.276675	0.21158 	-0.0166667	0.596788
5  	48    	0.286137	0.192175	-0.02     	0.593813
6  	46    	0.311116	0.201514	-0.0166668	0.593839
7  	41    	0.360457	0.223066	-0.0171429	0.812825
8  	45    	0.314714	0.212627	-0.0166668	0.646063
9  	43    	0.333028	0.238569	-0.0171429	0.64607 
10 	44    	0.358381	0.251519	-0.0200001	0.832288
11 	48    	0.316874	0.23825 	-0.0175   	0.832435
12 	46    	0.384637	0.280401	-0.0200001	0.840104
13 	41    	0.375341	0.296961	-0.02     	0.840104
14 	44    	0.377885	0.310333	-0.02     	0.832435
15 	45    	0.364431	0.298249	-0.0200001	0.840468
16 	46    	0.344721	0.3072  	-0.0200001	0.832435
17 	48    	0.35291 	0.281804	-0.02     	0.840104
18 	46    	0.415364	0.264888	-0.0177778	0.832435
19 	49    	0.331906	0.289805	-0.02     	0.840468
20 	47    	0.2568  	0.286767	-0.0200001	0.840468
21 	42    	0.372655	0.257034	-0.02     	0.840468
22 	45    	0.380873	0.303404	-0.0177778	0.840468
23 	47    	0.390896	0.312422	-0.0177778	0.840468
24 	48    	0.286997	0.266829	-0.0177778	0.840354
25 	43    	0.358339	0.290464	-0.0199999	0.840354
26 	45    	0.355536	0.279376	-0.0171428	0.840468
27 	46    	0.339051	0.275041	-0.02     	0.840468
28 	47    	0.337754	0.267719	-0.0177778	0.840468
29 	46    	0.313248	0.283188	-0.02     	0.832435
30 	46    	0.393054	0.252087	0.0739374 	0.832435
31 	49    	0.373302	0.279847	-0.0175   	0.840468
32 	46    	0.397147	0.255067	0.0533451 	0.840468
33 	47    	0.409143	0.288227	-0.02     	0.840468
34 	46    	0.377589	0.263052	-0.0160001	0.840468
35 	44    	0.395296	0.288773	-0.0177778	0.840468
36 	46    	0.330379	0.271949	-0.0200001	0.838736
37 	45    	0.416737	0.269722	-0.0177778	0.83951 
38 	47    	0.388781	0.257315	-0.0174999	0.856651
39 	47    	0.456198	0.25749 	-0.0171429	0.857352
40 	44    	0.497642	0.28467 	0.0951273 	0.973048
41 	45    	0.492878	0.246916	0.137413  	0.857775
42 	48    	0.466854	0.263818	0.084374  	0.857775
43 	47    	0.453291	0.241956	0.0879736 	0.857352
44 	47    	0.469195	0.243857	0.0741275 	0.857775
45 	47    	0.471831	0.25862 	-0.0133333	0.857775
46 	47    	0.429467	0.244078	-0.0133333	0.857775
47 	43    	0.49019 	0.253089	0.130501  	0.857775
48 	49    	0.508387	0.247831	0.0795601 	0.942319
49 	44    	0.534789	0.275569	0.0935533 	0.942319
50 	48    	0.45204 	0.272036	-0.0166667	0.943871
51 	43    	0.489883	0.291157	-0.0150001	0.943871
52 	47    	0.585851	0.290909	0.141393  	0.942319
53 	42    	0.636496	0.27823 	0.139639  	0.971454
54 	47    	0.563805	0.304276	-0.0150002	1.05935 
55 	48    	0.491165	0.300518	-0.0171428	0.972406
56 	47    	0.489504	0.298904	-0.0133333	1.03689 
57 	48    	0.381207	0.298053	-0.0171429	1.03689 
58 	44    	0.487561	0.29591 	-0.0177778	1.05997 
59 	44    	0.486637	0.312241	0.0539034 	1.05997 
60 	48    	0.410855	0.286438	-0.0133333	0.970327
61 	47    	0.40769 	0.285301	-0.0166667	0.970327
62 	48    	0.476325	0.288339	-0.0175   	0.970327
63 	44    	0.4428  	0.298399	0.0404153 	0.970327
64 	48    	0.449153	0.291677	-0.0171429	0.971635
65 	47    	0.453622	0.299772	-0.0171428	0.939942
66 	46    	0.407654	0.298038	-0.018    	0.961776
67 	48    	0.439313	0.25736 	-0.0175001	0.939942
68 	45    	0.399974	0.25809 	-0.0175   	0.872578
69 	46    	0.471116	0.224176	0.0854361 	0.881833
70 	46    	0.446512	0.257776	-0.0199999	0.86071 
71 	46    	0.480718	0.263201	0.0663329 	0.891086
72 	49    	0.410994	0.298414	-0.0171429	0.994844
73 	45    	0.495493	0.311664	-0.0149963	0.994844
74 	43    	0.509931	0.32571 	-0.0200001	0.994844
75 	49    	0.534154	0.32457 	-0.02     	1.11566 
76 	44    	0.500841	0.320027	-0.0133337	1.11566 
77 	46    	0.402768	0.359632	-0.016    	1.16106 
78 	45    	0.450814	0.354579	-0.0175   	1.16106 
79 	42    	0.520331	0.358237	0.128618  	1.16106 
80 	44    	0.52813 	0.388659	-0.016    	1.16106 
81 	47    	0.349643	0.354395	-0.0175   	1.16106 
82 	46    	0.41515 	0.330272	-0.0177778	1.16106 
83 	47    	0.481041	0.301943	-0.0171429	0.994844
84 	47    	0.498918	0.296413	-0.0179999	0.994851
85 	48    	0.416973	0.28171 	0.0898989 	1.11707 
86 	45    	0.5048  	0.30853 	0.0760218 	1.11707 
87 	46    	0.428404	0.315412	0.0866077 	1.11707 
88 	41    	0.538042	0.344523	-0.0149999	1.11707 
89 	48    	0.32799 	0.302077	-0.016    	1.11707 
90 	47    	0.389354	0.314864	-0.016    	1.11707 
91 	45    	0.417115	0.324987	-0.02     	1.11707 
92 	43    	0.513342	0.369598	-0.015    	1.11707 
93 	43    	0.466705	0.373778	0.112679  	1.11707 
94 	47    	0.434166	0.382761	-0.015    	1.16106 
95 	46    	0.396667	0.381257	0.0725679 	1.16106 
96 	45    	0.441433	0.373351	-0.01     	1.16106 
97 	45    	0.465367	0.385679	-0.0166594	1.16106 
98 	46    	0.452157	0.367427	-0.0166665	1.16106 
99 	49    	0.464298	0.369617	-0.0150002	1.16106 
100	46    	0.425474	0.36561 	-0.016    	1.16106 
101	43    	0.478997	0.351714	0.0725679 	1.12973 
102	46    	0.434647	0.339319	-0.016    	1.12973 
103	48    	0.373861	0.33121 	-0.016    	1.12973 
104	47    	0.399273	0.32902 	-0.0199999	1.02616 
105	47    	0.454624	0.338065	-0.0166667	1.11707 
106	47    	0.542239	0.351252	-0.0175   	1.11707 
107	42    	0.582297	0.338385	-0.0133333	1.11707 
108	45    	0.470283	0.35648 	-0.016    	1.06995 
109	47    	0.536068	0.333164	0.105026  	1.11707 
110	47    	0.49535 	0.327208	0.0944806 	1.11707 
111	46    	0.40254 	0.315559	-0.0175   	1.06992 
112	46    	0.509049	0.313781	0.0728846 	1.06992 
113	48    	0.472627	0.304737	0.0983338 	0.98093 
114	46    	0.529957	0.315729	-0.0160001	0.98093 
115	46    	0.537389	0.330966	-0.015992 	0.98093 
116	49    	0.552393	0.31421 	0.0939312 	1.07012 
117	48    	0.512455	0.32406 	-0.0133334	1.07012 
118	49    	0.574675	0.315073	0.0814442 	1.06992 
119	46    	0.569174	0.32142 	-0.0166666	0.973589
120	47    	0.527852	0.296771	0.128238  	1.00592 
121	45    	0.651561	0.25535 	0.167243  	1.05248 
122	47    	0.526788	0.293643	0.107279  	1.04673 
123	43    	0.565246	0.290256	0.128127  	1.04673 
124	44    	0.548375	0.332326	-0.0166667	1.10784 
125	47    	0.517409	0.325118	-0.0171429	1.05248 
126	50    	0.529985	0.325823	0.127192  	1.10878 
127	47    	0.414272	0.340244	-0.0166666	1.11235 
128	48    	0.398458	0.293829	-0.0159963	1.1238  
129	45    	0.541069	0.323597	-0.0183333	1.1238  
130	41    	0.63183 	0.368097	0.149233  	1.1238  
131	46    	0.460651	0.3551  	-0.0177779	1.1238  
132	46    	0.498847	0.354235	-0.0166666	1.1238  
133	45    	0.51958 	0.346221	0.1408    	1.1238  
134	46    	0.497902	0.320358	0.0999081 	1.1238  
135	45    	0.535456	0.36735 	-0.0183334	1.12378 
136	45    	0.506359	0.34866 	0.10689   	1.12378 
137	48    	0.566561	0.358831	-0.0171428	1.12378 
138	43    	0.548074	0.363926	-0.0133333	1.12378 
139	45    	0.558663	0.345969	-0.0177779	1.12378 
140	44    	0.512095	0.344779	-0.0174999	1.12378 
141	46    	0.542167	0.342897	0.149116  	1.05679 
142	44    	0.544722	0.325228	-0.0133333	1.05679 
143	46    	0.51229 	0.314979	0.159127  	1.05679 
144	48    	0.489971	0.322535	-0.0166634	1.1151  
145	45    	0.592916	0.332165	0.130292  	1.11836 
146	48    	0.42193 	0.357616	-1        	1.05503 
147	46    	0.522111	0.437829	-1        	1.12317 
148	45    	0.590341	0.375704	-0.0181818	1.1824  
149	47    	0.511594	0.405539	-1        	1.1824  
150	45    	0.602436	0.374545	-0.0174999	1.1824  
151	47    	0.563613	0.33586 	-0.0166667	1.1824  
152	45    	0.552215	0.330838	-0.0166667	1.1824  
153	45    	0.481263	0.322687	-0.0166667	1.05722 
154	45    	0.587206	0.323586	0.164332  	1.0902  
155	48    	0.58625 	0.327135	-0.016    	1.10185 
156	46    	0.520696	0.399132	-1        	1.12089 
157	44    	0.501986	0.460951	-1        	1.12089 
158	45    	0.501743	0.340977	-0.0183333	1.12089 
159	45    	0.565973	0.334757	-0.0181776	1.10185 
160	48    	0.492073	0.443206	-1        	1.17986 
161	45    	0.536847	0.434482	-1        	1.17986 
162	46    	0.637045	0.353794	-0.015    	1.11558 
163	47    	0.581558	0.402973	-1        	1.11744 
164	47    	0.678545	0.345541	-0.0159999	1.11744 
165	47    	0.502084	0.338669	0.128229  	1.11685 
166	45    	0.539785	0.418944	-1        	1.11685 
167	46    	0.568199	0.341827	-0.0171431	1.11384 
168	46    	0.593648	0.343803	0.0588706 	1.11384 
169	46    	0.630238	0.325564	0.151681  	1.11744 
170	43    	0.559407	0.381313	-0.0166667	1.11744 
171	47    	0.652452	0.356484	0.18052   	1.11753 
172	46    	0.552064	0.374007	-0.01     	1.11744 
173	42    	0.679552	0.371875	0.12014   	1.11744 
174	46    	0.653735	0.384808	-0.02     	1.11753 
175	49    	0.601949	0.349211	-0.0150001	1.14588 
176	49    	0.603305	0.352951	0.12896   	1.14588 
177	45    	0.516719	0.421932	-1        	1.14588 
178	47    	0.487286	0.350045	-0.0133333	1.11103 
179	47    	0.61312 	0.328117	0.181661  	1.18567 
180	44    	0.623288	0.456892	-1        	1.19278 
181	48    	0.52783 	0.372339	-0.0177777	1.19278 
182	44    	0.561094	0.392811	0.141859  	1.19278 
183	46    	0.524389	0.403585	-1        	1.19278 
184	43    	0.630863	0.34371 	0.142176  	1.19278 
185	47    	0.572849	0.35931 	-0.0177778	1.19278 
186	48    	0.597689	0.354527	-0.0160001	1.18567 
187	47    	0.637307	0.34438 	0.162314  	1.18567 
188	46    	0.555339	0.416759	-1        	1.11763 
189	48    	0.602038	0.342029	0.0457897 	1.11763 
190	44    	0.722655	0.375113	-0.0166667	1.17073 
191	48    	0.541562	0.370197	-0.0171429	1.11465 
192	45    	0.609979	0.520026	-1        	1.11763 
193	45    	0.553263	0.538323	-1        	1.11763 
194	46    	0.653396	0.436652	-1        	1.17845 
195	44    	0.606873	0.541563	-1        	1.17845 
196	45    	0.76524 	0.398381	-1        	1.11903 
197	46    	0.622849	0.36687 	-0.0166667	1.11574 
198	47    	0.707924	0.408613	-1        	1.17793 
199	48    	0.504848	0.56046 	-1        	1.11967 
200	48    	0.663313	0.453302	-1        	1.11483 
201	47    	0.667982	0.346547	-0.0159999	1.11483 
202	46    	0.677759	0.402602	-1        	1.18677 
203	45    	0.766095	0.343397	-0.0175   	1.18677 
204	45    	0.706625	0.424823	-1        	1.18677 
205	49    	0.547391	0.471684	-1        	1.18648 
206	43    	0.621777	0.426313	-1        	1.0878  
207	46    	0.717297	0.341326	0.143428  	1.18746 
208	45    	0.526361	0.478745	-1        	1.18746 
209	49    	0.573793	0.36982 	0.0880271 	1.18725 
210	48    	0.549485	0.372816	-0.0166667	1.16059 
211	45    	0.681377	0.364229	0.175255  	1.18877 
212	48    	0.652819	0.456701	-1        	1.18877 
213	46    	0.523109	0.482793	-1        	1.18877 
214	45    	0.681643	0.373606	-0.0133333	1.18877 
215	47    	0.551876	0.489902	-1        	1.18877 
216	44    	0.739549	0.389074	0.133029  	1.18877 
217	45    	0.593253	0.512815	-1        	1.18877 
218	47    	0.554265	0.395098	-0.0175   	1.18877 
219	49    	0.407179	0.512681	-1        	1.18877 
220	45    	0.5123  	0.45433 	-1        	1.18877 
221	41    	0.521261	0.455919	-1        	1.18877 
222	44    	0.575581	0.562619	-1        	1.18877 
223	46    	0.491757	0.485827	-1        	1.18877 
224	49    	0.564101	0.371143	0.158637  	1.18877 
225	44    	0.491771	0.480352	-1        	1.18844 
226	47    	0.523543	0.470294	-1        	1.18278 
227	50    	0.48587 	0.459823	-1        	1.19103 
228	45    	0.54074 	0.404492	-1        	1.19103 
229	45    	0.510921	0.463812	-1        	1.19103 
230	46    	0.383149	0.431854	-1        	1.19103 
231	49    	0.55186 	0.33191 	-0.0166665	1.19103 
232	47    	0.519686	0.400885	-1        	1.19103 
233	47    	0.526303	0.320964	-0.0166667	1.19103 
234	47    	0.582366	0.338251	0.111863  	1.19103 
235	45    	0.55831 	0.358213	0.153901  	1.19103 
236	48    	0.506764	0.335396	-0.0200001	1.19103 
237	46    	0.543402	0.401783	-1        	1.19103 
238	47    	0.57751 	0.33724 	-0.0166667	1.18385 
239	45    	0.588047	0.319332	0.182997  	1.18385 
240	49    	0.481834	0.342712	-0.0171385	1.14092 
241	43    	0.554874	0.3356  	0.127597  	1.14092 
242	47    	0.539736	0.33555 	-0.0159999	1.19103 
243	50    	0.460797	0.397916	-1        	1.13982 
244	48    	0.434416	0.34355 	-1        	1.10444 
245	44    	0.54951 	0.392685	-1        	1.16895 
246	44    	0.448343	0.343582	-1        	1.16895 
247	49    	0.447352	0.303738	-0.0171429	1.10897 
248	45    	0.545424	0.317251	0.0476673 	1.16895 
249	44    	0.659688	0.312699	0.153425  	1.16895 
250	45    	0.61866 	0.346601	0.0662341 	1.16895 
251	47    	0.604909	0.331183	0.0846014 	1.16895 
252	45    	0.568606	0.364738	0.0902625 	1.11909 
253	46    	0.587912	0.41275 	-1        	1.18998 
254	44    	0.449153	0.50882 	-1        	1.18998 
255	49    	0.548626	0.344717	0.0930684 	1.18998 
256	47    	0.49752 	0.332387	-0.0177778	1.18972 
257	46    	0.501038	0.329237	-0.0171429	1.18972 
258	45    	0.606363	0.369329	-0.016    	1.18972 
259	45    	0.445205	0.392857	-1        	1.18167 
260	47    	0.479968	0.387338	-1        	1.18167 
261	49    	0.536381	0.383767	-1        	1.18167 
262	45    	0.61117 	0.34724 	0.180982  	1.18167 
263	45    	0.677303	0.359229	-0.00670266	1.1919  
264	44    	0.702662	0.353405	0.171801   	1.1919  
265	46    	0.559352	0.428802	-1         	1.1919  
266	43    	0.612262	0.373438	0.186565   	1.1919  
267	45    	0.582756	0.389618	-0.0177778 	1.1919  
268	47    	0.548939	0.406676	-1         	1.19191 
269	46    	0.565   	0.354188	-0.0175    	1.1919  
270	48    	0.504094	0.351958	-0.0166667 	1.1919  
271	49    	0.513562	0.343499	-0.0133333 	1.1798  
272	44    	0.528336	0.325941	-0.0171428 	1.11943 
273	44    	0.672568	0.340477	0.212513   	1.11943 
274	45    	0.703766	0.340378	0.168416   	1.11947 
275	48    	0.530897	0.402513	-1         	1.11943 
276	44    	0.56816 	0.400673	-1         	1.11943 
277	49    	0.494643	0.315032	-0.016     	1.06012 
278	46    	0.640378	0.307181	-0.0133333 	1.09793 
279	44    	0.535638	0.331305	0.0985795  	1.09793 
280	44    	0.675838	0.316835	0.172464   	1.19039 
281	40    	0.621904	0.332459	0.0856668  	1.11003 
282	44    	0.57406 	0.352913	-0.0200001 	1.12447 
283	47    	0.566927	0.320447	0.15815    	1.12447 
284	48    	0.635487	0.332916	0.110744   	1.12447 
285	48    	0.62417 	0.331168	0.17263    	1.12447 
286	46    	0.553699	0.353012	-0.0183334 	1.20123 
287	45    	0.55269 	0.322056	0.153308   	1.20123 
288	45    	0.638884	0.35347 	-0.0177778 	1.12447 
289	45    	0.484512	0.461053	-1         	1.12447 
290	48    	0.546432	0.353963	-0.0150001 	1.12447 
291	49    	0.541053	0.318082	-0.0171427 	1.12446 
292	47    	0.476005	0.298971	-0.016     	1.12446 
293	46    	0.515089	0.374821	-1         	1.18084 
294	48    	0.622686	0.300255	0.139733   	1.18084 
295	47    	0.617535	0.427733	-1         	1.18863 
296	45    	0.63446 	0.3926  	0.0348668  	1.19066 
297	48    	0.604906	0.393655	-0.0177778 	1.19133 
298	43    	0.66574 	0.366105	0.163715   	1.1909  
299	44    	0.661064	0.39457 	0.135024   	1.19133 
300	45    	0.521052	0.378968	-0.016     	1.17761 
301	46    	0.585921	0.346137	0.16923    	1.17761 
302	47    	0.560765	0.355757	-0.0181818 	1.17761 
303	46    	0.563741	0.380212	-0.0177779 	1.17761 
304	45    	0.564996	0.373702	-0.016     	1.19075 
305	47    	0.457097	0.359777	-0.0175    	1.17761 
306	46    	0.544592	0.365469	-0.01      	1.11606 
307	48    	0.605435	0.36217 	0.0513583  	1.17761 
308	48    	0.552644	0.335976	0.130203   	1.1155  
309	47    	0.556244	0.349768	-0.02      	1.17761 
310	46    	0.583369	0.346993	0.120686   	1.1155  
311	47    	0.522713	0.361972	-0.0181818 	1.1155  
312	42    	0.6474  	0.395471	-0.0177778 	1.17291 
313	44    	0.55298 	0.396507	-0.0133333 	1.11926 
314	47    	0.507634	0.373923	-0.015     	1.19075 
315	45    	0.571315	0.382971	0.0759039  	1.19075 
316	48    	0.538973	0.395884	-0.0159977 	1.19075 
317	41    	0.564286	0.414444	-0.0171411 	1.19075 
318	46    	0.541358	0.431479	-0.0177778 	1.19063 
319	47    	0.588318	0.370535	-0.0171429 	1.19075 
320	49    	0.442441	0.337745	-0.01      	1.19063 
321	47    	0.628614	0.344438	0.159497   	1.11704 
322	45    	0.592896	0.373211	0.109699   	1.19063 
323	44    	0.499631	0.374086	-0.018     	1.19063 
324	48    	0.611341	0.387971	-0.016     	1.11116 
325	47    	0.552192	0.382284	-0.0175    	1.10869 
326	46    	0.495333	0.369155	-0.0160001 	1.12406 
327	46    	0.593754	0.370943	0.0882814  	1.12406 
328	47    	0.536419	0.360269	-0.018     	1.13279 
329	44    	0.623528	0.38717 	-0.02      	1.13279 
330	46    	0.55731 	0.371029	-0.0166667 	1.11359 
331	47    	0.469051	0.330518	-0.018     	1.09967 
332	48    	0.566745	0.322358	-0.01      	1.07474 
333	49    	0.553729	0.344507	-0.0166667 	1.18746 
334	46    	0.55996 	0.369458	-0.015     	1.19014 
335	47    	0.583661	0.393639	0.0633534  	1.15154 
336	45    	0.572818	0.366482	0.0622598  	1.17291 
337	44    	0.544916	0.396424	-0.0133332 	1.17291 
338	43    	0.559998	0.4071  	-0.0171429 	1.17291 
339	46    	0.457947	0.384597	-0.0177778 	1.15154 
340	48    	0.553773	0.338286	0.112271   	1.15154 
341	45    	0.496975	0.339792	0.0774743  	1.15174 
342	47    	0.589804	0.352566	-0.016     	1.15174 
343	47    	0.62123 	0.372566	-0.0133334 	1.15174 
344	47    	0.492577	0.374676	0.127869   	1.15174 
345	48    	0.486442	0.357879	-0.016     	1.15157 
346	49    	0.440045	0.37109 	-0.0171429 	1.15157 
347	46    	0.438013	0.342288	-0.016     	1.15157 
348	44    	0.574207	0.369131	-0.015     	1.15157 
349	46    	0.536276	0.373025	-0.0175    	1.15157 
350	48    	0.531901	0.350365	-0.016     	1.14373 
351	44    	0.547703	0.339555	0.0564594  	1.14373 
352	45    	0.613336	0.337919	0.12798    	1.14373 
353	48    	0.497268	0.4148  	-1         	1.16411 
354	43    	0.580701	0.388925	-0.0174998 	1.16411 
355	45    	0.49744 	0.395956	-0.0177778 	1.14333 
356	47    	0.577236	0.342597	-0.016     	1.07146 
357	48    	0.585627	0.311221	0.0665223  	1.06688 
358	44    	0.488553	0.459997	-1         	1.06858 
359	45    	0.564656	0.3473  	0.0938735  	1.07146 
360	46    	0.491442	0.344551	-0.0166667 	1.07146 
361	46    	0.497339	0.355272	-0.0171429 	1.07146 
362	48    	0.575939	0.321722	0.0839072  	1.07146 
363	48    	0.518639	0.34177 	-0.0200001 	1.07146 
364	48    	0.632342	0.289967	0.151885   	1.06401 
365	45    	0.684682	0.313234	0.156078   	1.07146 
366	46    	0.494164	0.311292	0.147783   	1.07146 
367	46    	0.5303  	0.383408	-1         	1.14333 
368	47    	0.531546	0.346072	0.128227   	1.14333 
369	45    	0.543728	0.479926	-1         	1.14373 
370	47    	0.639276	0.359127	0.151734   	1.15174 
371	46    	0.549206	0.436566	-1         	1.15174 
372	42    	0.571703	0.388126	0.141078   	1.15174 
373	47    	0.592722	0.378598	-0.0181818 	1.15174 
374	46    	0.57027 	0.419436	-1         	1.15174 
375	49    	0.517622	0.332697	0.131735   	1.13295 
376	49    	0.631249	0.327686	0.129644   	1.1225  
377	43    	0.649835	0.336497	0.146313   	1.1225  
378	48    	0.437621	0.449153	-1         	1.0674  
379	46    	0.631734	0.326234	0.160427   	1.1225  
380	49    	0.559655	0.344449	-0.0177777 	1.06628 
381	45    	0.596723	0.314638	0.169482   	1.06644 
382	47    	0.599105	0.305931	0.116671   	1.1225  
383	45    	0.527114	0.405967	-1         	1.1225  
384	45    	0.544469	0.351401	-0.0166666 	1.1225  
385	47    	0.561398	0.357449	-0.0133333 	1.1225  
386	42    	0.712561	0.356234	0.155819   	1.12483 
387	47    	0.682879	0.362194	0.163073   	1.1225  
388	47    	0.674465	0.353569	-0.0175001 	1.07139 
389	44    	0.63241 	0.342457	0.104045   	1.16315 
390	45    	0.635558	0.346337	-0.0160001 	1.04641 
391	46    	0.709517	0.325397	0.18037    	1.12247 
392	41    	0.671342	0.384501	0.162968   	1.12287 
393	46    	0.624127	0.35438 	0.161243   	1.12293 
394	46    	0.612158	0.365983	-0.0171429 	1.12445 
395	45    	0.553456	0.378946	-0.015     	1.12445 
396	47    	0.579002	0.350771	0.105963   	1.12483 
397	48    	0.62981 	0.346769	-0.0166666 	1.12483 
398	46    	0.619346	0.3747  	-0.0150003 	1.12483 
399	45    	0.70949 	0.347748	0.143587   	1.12483 
400	46    	0.653504	0.438042	-1         	1.12483 
401	42    	0.685324	0.463316	-1         	1.12483 
402	48    	0.622192	0.385666	-0.0171428 	1.12483 
403	49    	0.514041	0.446482	-1         	1.12483 
404	49    	0.538197	0.368232	-0.0150002 	1.12483 
405	46    	0.572193	0.464018	-1         	1.12483 
406	45    	0.588965	0.43758 	-1         	1.12483 
407	45    	0.625311	0.492837	-1         	1.12438 
408	47    	0.666954	0.357802	0.0889098  	1.12483 
409	46    	0.591467	0.359951	0.0983462  	1.12295 
410	44    	0.626121	0.347424	0.164965   	1.12295 
411	42    	0.655739	0.40489 	-1         	1.12295 
412	49    	0.622461	0.328265	0.144799   	1.11577 
413	45    	0.579715	0.339554	-0.0171428 	1.11577 
414	45    	0.544482	0.333047	-0.018     	1.04407 
415	46    	0.661461	0.307964	0.175255   	1.0373  
416	44    	0.633969	0.323441	-0.01      	1.16126 
417	48    	0.555042	0.460078	-1         	1.05542 
418	47    	0.567683	0.437928	-1         	1.17268 
419	45    	0.576934	0.320035	-0.016     	1.05542 
420	48    	0.550591	0.362913	-1         	1.05404 
421	47    	0.521247	0.298574	-0.0174999 	1.02405 
422	44    	0.557681	0.449085	-1         	1.02405 
423	49    	0.486012	0.367323	-1         	1.02405 
424	45    	0.60935 	0.266625	0.145652   	1.02405 
425	47    	0.618585	0.28098 	-0.0150003 	0.992136
426	47    	0.522999	0.297939	-0.0177778 	0.979483
427	47    	0.483927	0.366503	-1         	0.991684
428	48    	0.511476	0.35011 	-1         	0.983112
429	46    	0.501204	0.297963	-0.0149992 	1.04872 
430	46    	0.451221	0.283298	-0.0177778 	1.04872 
431	48    	0.500877	0.273231	-0.016     	1.04671 
432	46    	0.557553	0.312198	0.0592965  	1.04671 
433	44    	0.483867	0.328794	-0.015     	1.04628 
434	46    	0.478661	0.332329	0.108149   	1.12119 
435	45    	0.51196 	0.351645	-0.016     	1.12119 
436	48    	0.463613	0.342951	-0.015     	1.12119 
437	47    	0.623297	0.321283	-0.0133333 	1.12119 
438	48    	0.618682	0.323706	0.117091   	1.12051 
439	49    	0.53587 	0.359132	-0.0166666 	1.12119 
440	46    	0.564761	0.362624	-0.0166598 	1.12147 
441	47    	0.55376 	0.350019	0.112306   	1.12147 
442	41    	0.604036	0.358831	0.112914   	1.12147 
443	47    	0.585613	0.353786	0.084513   	1.12147 
444	45    	0.629906	0.350843	0.116905   	1.12147 
445	44    	0.586371	0.385898	0.0457203  	1.12147 
446	48    	0.529225	0.364037	-0.0166666 	1.12147 
447	47    	0.558181	0.362421	0.0535303  	1.12147 
448	47    	0.476253	0.359631	-0.0183334 	1.12147 
449	46    	0.614028	0.352374	-0.0171429 	1.03442 
450	44    	0.621256	0.391143	-1         	1.10239 
451	42    	0.646296	0.359279	-0.0177777 	1.10239 
452	49    	0.466114	0.348103	-0.0171429 	1.04861 
453	48    	0.540482	0.320402	0.116751   	1.12081 
454	48    	0.530806	0.319256	0.113483   	1.12702 
455	47    	0.508451	0.411877	-1         	1.12557 
456	47    	0.583611	0.360555	0.0907444  	1.13689 
457	47    	0.526776	0.35254 	0.0849281  	1.12032 
458	49    	0.495859	0.345764	-0.015     	1.04756 
459	47    	0.506643	0.341576	0.105259   	1.04756 
460	48    	0.650592	0.338867	-0.0149998 	1.12032 
461	47    	0.554278	0.383596	-0.0160001 	1.12032 
462	49    	0.570259	0.356069	-0.0166667 	1.12032 
463	39    	0.628937	0.369425	0.140501   	1.12032 
464	46    	0.544094	0.373731	-0.0133332 	1.12032 
465	48    	0.537688	0.34934 	0.0779743  	1.12032 
466	49    	0.532453	0.355263	-0.0175    	1.03583 
467	48    	0.542685	0.349713	-0.0160001 	1.12115 
468	45    	0.532988	0.381315	-0.0171428 	1.12032 
469	43    	0.572649	0.357737	0.105249   	1.06907 
470	46    	0.529557	0.34474 	-0.016     	1.06907 
471	47    	0.518665	0.351766	0.1114     	1.06907 
472	46    	0.482957	0.332154	-0.018     	1.06907 
473	47    	0.577879	0.33165 	-0.0166667 	1.06907 
474	45    	0.446854	0.334387	0.114567   	1.06907 
475	48    	0.484707	0.31957 	-0.0171428 	1.06907 
476	47    	0.481758	0.323549	-0.0177777 	1.06907 
477	47    	0.594996	0.349707	-0.018     	1.0691  
478	47    	0.528739	0.351792	-0.0200001 	1.06953 
479	46    	0.564125	0.348562	-0.0166584 	1.0691  
480	49    	0.446064	0.326819	-0.0171429 	1.06903 
481	46    	0.504292	0.359023	-0.0166667 	1.0691  
482	46    	0.570339	0.347568	-0.015     	1.06267 
483	48    	0.492617	0.341663	-0.015     	1.0691  
484	42    	0.54762 	0.360805	0.125142   	1.0691  
485	44    	0.575368	0.36778 	-0.0171428 	1.0691  
486	41    	0.766473	0.299571	0.139335   	1.0691  
487	44    	0.539722	0.376171	-0.0175    	1.0691  
488	45    	0.577536	0.363394	-0.0159912 	1.0691  
489	44    	0.583491	0.339609	0.109068   	1.0691  
490	44    	0.644323	0.348494	-0.018     	1.06953 
491	45    	0.587965	0.34922 	0.140465   	1.0691  
492	48    	0.577671	0.368496	-0.0171428 	1.0691  
493	47    	0.59341 	0.330966	0.117423   	1.0691  
494	49    	0.55971 	0.346689	-0.0166667 	1.11878 
495	45    	0.434745	0.392075	-1         	1.11878 
496	45    	0.531705	0.328713	-0.015     	1.04839 
497	47    	0.512988	0.3165  	0.107015   	0.990119
498	45    	0.435668	0.491885	-1         	1.06519 
499	49    	0.513695	0.332086	-0.0200001 	1.06466 
500	48    	0.551832	0.332442	0.12782    	1.11376 
501	44    	0.507343	0.348119	-0.016     	1.06888 
502	45    	0.576779	0.350543	-0.0166645 	1.06948 
503	45    	0.54455 	0.357708	-0.0171428 	1.06948 
504	45    	0.543407	0.355683	-0.016     	1.04855 
505	44    	0.518674	0.357797	-0.0175    	1.06365 
506	46    	0.506716	0.352666	-0.0175    	1.04488 
507	45    	0.385341	0.328046	-0.0166666 	1.04488 
508	47    	0.52643 	0.332909	-0.015992  	1.06365 
509	48    	0.374064	0.310142	-0.02      	1.04375 
510	44    	0.528057	0.319747	0.152619   	1.04375 
511	48    	0.383257	0.306804	-0.0175    	1.06238 
512	44    	0.494749	0.356648	-0.018     	1.11826 
513	47    	0.484822	0.346714	0.110904   	1.11826 
514	44    	0.608522	0.358623	0.112177   	1.11826 
515	44    	0.563765	0.37154 	-0.02      	1.11826 
516	44    	0.510581	0.386052	-0.0166667 	1.11826 
517	49    	0.469105	0.325926	-0.0150001 	1.11826 
518	45    	0.555506	0.343091	-0.0177778 	1.11826 
519	46    	0.555178	0.331593	-0.0177778 	1.11826 
520	49    	0.442344	0.328426	-0.0171348 	1.04368 
521	48    	0.558235	0.314603	-0.0166667 	1.11826 
522	47    	0.527567	0.327983	-0.0171429 	1.12103 
523	48    	0.453234	0.320454	-0.0200001 	1.12103 
524	50    	0.486129	0.303214	-0.0184615 	0.987486
525	44    	0.585744	0.313556	-0.0166666 	1.02843 
526	44    	0.617287	0.330917	-0.015     	1.04286 
527	44    	0.540529	0.326327	0.0667549  	0.987486
528	44    	0.602826	0.318696	0.140069   	1.06023 
529	44    	0.585464	0.350488	-0.0183333 	1.06023 
530	47    	0.54342 	0.338987	0.104573   	1.12103 
531	47    	0.547817	0.346013	-0.0171428 	1.12103 
532	48    	0.416826	0.344856	-0.0174999 	1.11727 
533	47    	0.41248 	0.374354	-1         	1.0767  
534	45    	0.486678	0.395802	-1         	1.11727 
535	50    	0.4793  	0.354038	-0.016     	1.11727 
536	48    	0.40397 	0.436002	-1         	1.0478  
537	50    	0.390627	0.298026	-0.0133333 	1.03029 
538	47    	0.407729	0.363293	-1         	1.06436 
539	41    	0.522304	0.39962 	-1         	1.06436 
540	46    	0.402062	0.320088	-0.0199999 	1.00507 
541	49    	0.483613	0.308717	0.12993    	1.08733 
542	47    	0.444831	0.449948	-1         	1.08733 
543	47    	0.441461	0.379106	-1         	1.06981 
544	48    	0.428895	0.354424	-1         	1.04854 
545	48    	0.354562	0.330224	-1         	0.972094
546	47    	0.524618	0.251576	-0.0166667 	0.967713
547	44    	0.567151	0.295906	-0.0181818 	0.968661
548	44    	0.590775	0.296563	-0.0177778 	0.977985
549	49    	0.552326	0.292844	0.130361   	0.967713
550	44    	0.512438	0.421796	-1         	0.977314
551	45    	0.534119	0.304412	-0.0133338 	0.977314
552	49    	0.620636	0.268029	0.14427    	1.02077 
553	47    	0.676995	0.282293	-0.0183333 	0.97669 
554	48    	0.607579	0.276745	-0.016     	0.964196
555	45    	0.563739	0.321019	-0.0171429 	0.966446
556	49    	0.505454	0.321189	-0.0184615 	0.97218 
557	43    	0.542676	0.338881	-0.02      	0.97218 
558	50    	0.528219	0.392552	-1         	0.985629
559	45    	0.557453	0.319728	0.120284   	1.02033 
560	48    	0.568386	0.336062	-0.0175001 	1.0177  
561	49    	0.508848	0.327095	0.128169   	1.05608 
562	46    	0.460849	0.392628	-1         	1.0167  
563	45    	0.453388	0.394716	-1         	1.0167  
564	46    	0.512989	0.392743	-1         	1.07474 
565	45    	0.48931 	0.318423	-0.0171413 	1.10081 
566	48    	0.553493	0.3223  	0.169373   	1.10081 
567	44    	0.521131	0.348569	0.109487   	1.10081 
568	48    	0.429762	0.316002	-0.0171428 	1.07347 
569	45    	0.424714	0.360576	-1         	1.0429  
570	46    	0.49115 	0.368159	-1         	1.0429  
571	44    	0.559871	0.436593	-1         	1.09233 
572	48    	0.399305	0.411455	-1         	1.10081 
573	45    	0.524384	0.44045 	-1         	1.10081 
574	43    	0.53185 	0.402303	-1         	1.10081 
575	45    	0.505831	0.327247	-0.02      	1.10081 
576	48    	0.47257 	0.367785	-1         	1.11314 
577	47    	0.578611	0.318622	0.126098   	1.09205 
578	48    	0.469389	0.290408	0.152979   	1.07115 
579	46    	0.561236	0.321198	-0.0171429 	1.01349 
580	47    	0.549495	0.316185	0.164547   	1.11709 
581	48    	0.518289	0.325054	-0.02      	1.11628 
582	48    	0.46845 	0.335011	0.117441   	1.11709 
583	48    	0.436901	0.368416	-1         	1.11709 
584	46    	0.447173	0.316092	0.0729164  	1.11709 
585	47    	0.503816	0.402123	-1         	1.11709 
586	47    	0.423388	0.293588	0.114355   	1.11709 
587	47    	0.434225	0.363681	-1         	1.11709 
588	48    	0.526436	0.343126	-0.0171412 	1.11709 
589	46    	0.450794	0.330612	0.0921983  	1.11709 
590	46    	0.468387	0.391528	-1         	1.11709 
591	41    	0.586804	0.411238	-1         	1.11709 
592	43    	0.508103	0.367895	-0.0199999 	1.11709 
593	45    	0.322871	0.447664	-1         	1.06298 
594	45    	0.540099	0.328885	0.0926335  	1.06298 
595	45    	0.548865	0.342864	0.161546   	1.06298 
596	46    	0.539251	0.337485	-0.0171428 	1.06298 
597	44    	0.451582	0.384583	-1         	1.06646 
598	44    	0.545855	0.398233	-1         	1.07317 
599	45    	0.565572	0.33986 	-0.0175001 	1.11342 
600	47    	0.394667	0.284565	-0.0171413 	1.11342 
601	48    	0.523954	0.296761	-0.0160001 	1.07952 
602	48    	0.445274	0.250539	0.0532175  	1.07952 
603	45    	0.432703	0.337718	-1         	1.03623 
604	46    	0.544342	0.28271 	0.148972   	1.04637 
605	43    	0.459874	0.343876	-1         	0.961114
606	46    	0.574546	0.31417 	-0.0133333 	1.07952 
607	44    	0.556889	0.308511	-0.0175    	1.07952 
608	42    	0.616497	0.297267	0.160447   	1.07952 
609	47    	0.516018	0.292243	0.164429   	1.01796 
610	45    	0.562101	0.29468 	0.145982   	1.04975 
611	41    	0.610417	0.25824 	0.225429   	1.01796 
612	47    	0.500429	0.431106	-1         	1.02297 
613	46    	0.511671	0.315793	-0.0171429 	1.05396 
614	46    	0.593654	0.313592	0.0833213  	1.04975 
615	45    	0.477867	0.287056	0.151397   	1.03034 
616	47    	0.472726	0.28355 	-0.0180005 	1.10819 
617	46    	0.509202	0.32576 	0.0421614  	1.11907 
618	44    	0.521221	0.300084	-0.016     	1.03771 
619	44    	0.471634	0.340502	-1         	1.05338 
620	48    	0.407929	0.391651	-1         	1.11907 
621	45    	0.592334	0.303719	-0.02      	1.11907 
622	46    	0.508474	0.288074	0.1339     	1.11907 
623	44    	0.418538	0.413168	-1         	1.11907 
624	45    	0.543488	0.420845	-1         	1.11907 
625	48    	0.497762	0.331032	0.122546   	1.05833 
626	46    	0.605134	0.350253	-0.0150002 	1.08896 
627	45    	0.534324	0.465693	-1         	1.10222 
628	48    	0.540304	0.339647	0.140617   	1.13868 
629	45    	0.512025	0.423829	-1         	1.13868 
630	43    	0.548766	0.340887	0.146297   	1.13868 
631	43    	0.465544	0.367984	-1         	1.13868 
632	47    	0.501177	0.316418	-0.0133333 	1.13868 
633	48    	0.443053	0.32964 	-0.0174999 	1.13868 
634	48    	0.464218	0.304586	-0.0166667 	1.09386 
635	46    	0.47929 	0.382799	-1         	1.09873 
636	44    	0.526093	0.376225	-1         	1.10688 
637	46    	0.389815	0.391157	-1         	1.09873 
638	47    	0.471416	0.342291	-1         	1.00133 
639	45    	0.443927	0.358931	-1         	1.00133 
640	46    	0.434601	0.27067 	-0.0149998 	1.00087 
641	46    	0.438665	0.51035 	-1         	1.06628 
642	44    	0.565208	0.307194	-0.0133333 	1.06628 
643	49    	0.372303	0.433734	-1         	1.06628 
644	47    	0.445494	0.399214	-1         	1.06628 
645	49    	0.526057	0.33859 	-1         	0.99283 
646	45    	0.630382	0.335461	-1         	1.12005 
647	49    	0.551916	0.34326 	-1         	1.01696 
648	47    	0.55678 	0.292912	0.0882085  	1.05319 
649	47    	0.548232	0.308555	0.122842   	1.08475 
650	47    	0.496866	0.410006	-1         	1.08475 
651	45    	0.659486	0.393693	-1         	1.08475 
652	40    	0.656301	0.351439	-0.0171429 	1.10672 
653	50    	0.511708	0.430883	-1         	1.08447 
654	45    	0.487794	0.431285	-1         	1.08447 
655	46    	0.530977	0.369932	-1         	1.03126 
656	44    	0.541957	0.414826	-1         	1.03126 
657	44    	0.576976	0.358749	-1         	1.05359 
658	46    	0.516018	0.366496	-1         	1.03126 
659	48    	0.441428	0.468221	-1         	1.08319 
660	46    	0.58441 	0.432059	-1         	1.03126 
661	47    	0.513744	0.363275	-1         	1.03126 
662	45    	0.430896	0.50659 	-1         	1.03437 
663	47    	0.412518	0.442244	-1         	1.03126 
664	45    	0.491797	0.528834	-1         	1.02878 
665	44    	0.534076	0.48439 	-1         	1.02878 
666	48    	0.457514	0.513841	-1         	1.02878 
667	44    	0.487478	0.425294	-1         	1.02878 
668	47    	0.611116	0.301643	-0.0171325 	1.03413 
669	46    	0.510077	0.430086	-1         	1.03413 
670	47    	0.392872	0.449557	-1         	1.03413 
671	46    	0.484733	0.425645	-1         	1.09824 
672	44    	0.578375	0.389403	-1         	1.09824 
673	46    	0.378602	0.473607	-1         	1.17293 
674	45    	0.477814	0.537938	-1         	1.17293 
675	43    	0.586631	0.400275	-1         	1.12544 
676	44    	0.62301 	0.386019	-1         	1.12544 
677	47    	0.465811	0.431817	-1         	1.11295 
678	48    	0.568637	0.383232	-1         	1.11295 
679	47    	0.533236	0.439601	-1         	1.11295 
680	49    	0.476889	0.355689	-1         	1.08437 
681	42    	0.53057 	0.360625	-1         	1.08437 
682	47    	0.361387	0.478288	-1         	1.05161 
683	49    	0.549418	0.342726	-1         	1.04421 
684	46    	0.522306	0.321413	-1         	1.04421 
685	46    	0.477714	0.468344	-1         	1.04421 
686	46    	0.40361 	0.587004	-1         	1.06304 
687	45    	0.567873	0.387244	-1         	1.08911 
688	48    	0.588583	0.296365	0.19232    	1.08911 
689	46    	0.474528	0.489785	-1         	1.08911 
690	48    	0.444995	0.498704	-1         	1.08085 
691	44    	0.553583	0.282435	0.140499   	1.08085 
692	50    	0.491355	0.264879	-0.0166666 	1.08911 
693	47    	0.57032 	0.362847	-1         	1.08085 
694	45    	0.534823	0.500012	-1         	1.08085 
695	48    	0.404747	0.564972	-1         	1.08085 
696	46    	0.477512	0.545406	-1         	1.08085 
697	47    	0.389708	0.500757	-1         	1.08085 
698	46    	0.654032	0.267024	0.207611   	1.08085 
699	46    	0.451362	0.517198	-1         	1.08085 
700	47    	0.632836	0.374924	-1         	1.08085 
701	45    	0.577177	0.295679	-0.016     	1.08085 
702	47    	0.636119	0.349308	-1         	1.08085 
703	48    	0.473004	0.404213	-1         	1.08085 
704	44    	0.517691	0.457847	-1         	1.08085 
705	45    	0.491555	0.408112	-1         	1.04068 
706	44    	0.501424	0.422857	-1         	1.04068 
707	47    	0.581935	0.272441	-0.0175001 	0.989061
708	45    	0.709925	0.230385	0.220583   	1.08085 
709	48    	0.473809	0.56308 	-1         	1.08085 
710	44    	0.563387	0.477757	-1         	1.08085 
711	44    	0.598168	0.494471	-1         	1.08085 
712	46    	0.469144	0.411316	-1         	1.08085 
713	45    	0.61669 	0.354866	-1         	1.08085 
714	46    	0.419373	0.5926  	-1         	1.08085 
715	46    	0.468747	0.420678	-1         	1.08113 
716	44    	0.467644	0.460002	-1         	1.08113 
717	49    	0.492598	0.470242	-1         	1.05064 
718	46    	0.559739	0.417345	-1         	0.99029 
719	47    	0.371783	0.573634	-1         	1.02542 
720	43    	0.513924	0.471483	-1         	1.02542 
721	45    	0.536697	0.282397	0.128734   	1.0324  
722	44    	0.586343	0.283827	0.112221   	1.0324  
723	48    	0.522173	0.419692	-1         	1.00145 
724	45    	0.541411	0.429996	-1         	1.02262 
725	46    	0.675353	0.272068	0.264854   	1.08194 
726	50    	0.561899	0.355406	-1         	1.05005 
727	48    	0.603294	0.291323	-0.0175    	1.14992 
728	48    	0.550565	0.507556	-1         	1.14992 
729	46    	0.580573	0.38791 	-1         	1.05657 
730	47    	0.553286	0.495962	-1         	1.14992 
731	48    	0.508857	0.477923	-1         	1.05809 
732	48    	0.515266	0.449107	-1         	1.10422 
733	48    	0.434501	0.529225	-1         	1.09083 
734	45    	0.635955	0.390753	-1         	1.10419 
735	45    	0.542361	0.513901	-1         	1.10419 
736	47    	0.388694	0.521347	-1         	1.04908 
737	47    	0.482359	0.447456	-1         	1.1089  
738	44    	0.567785	0.448799	-1         	1.1089  
739	48    	0.613472	0.3896  	-1         	1.1089  
740	49    	0.481579	0.535928	-1         	1.17927 
741	43    	0.645898	0.450094	-1         	1.17927 
742	46    	0.655368	0.329416	0.200848   	1.17927 
743	43    	0.522746	0.611283	-1         	1.11437 
744	46    	0.613992	0.463142	-1         	1.11437 
745	46    	0.655965	0.356849	-0.0199999 	1.11785 
746	44    	0.66833 	0.430393	-1         	1.11141 
747	43    	0.599915	0.475001	-1         	1.11141 
748	44    	0.570584	0.438912	-1         	1.11141 
749	43    	0.532743	0.411313	-1         	1.11141 
750	45    	0.612313	0.346836	0.14896    	1.11618 
751	45    	0.579841	0.465368	-1         	1.11618 
752	45    	0.50358 	0.429565	-1         	1.11618 
753	46    	0.475691	0.449606	-1         	1.11618 
754	44    	0.538755	0.424911	-1         	1.11618 
755	49    	0.533046	0.392851	-1         	1.11628 
756	46    	0.467207	0.444755	-1         	1.11628 
757	48    	0.470269	0.499956	-1         	1.05658 
758	47    	0.606928	0.395673	-1         	1.06441 
759	46    	0.513252	0.39678 	-1         	1.05375 
760	44    	0.573509	0.314314	0.072275   	1.05375 
761	46    	0.486487	0.383959	-1         	1.11517 
762	49    	0.576145	0.444943	-1         	1.18067 
763	48    	0.524375	0.372595	-0.015     	1.18622 
764	46    	0.429139	0.413232	-1         	1.18622 
765	47    	0.471596	0.339624	-0.016     	1.18509 
766	47    	0.530891	0.309103	0.0738653  	1.02409 
767	47    	0.544495	0.395612	-1         	1.18067 
768	47    	0.532942	0.334029	-0.016     	1.07717 
769	49    	0.526125	0.340662	0.0903556  	1.11526 
770	48    	0.554628	0.327348	0.180955   	1.11526 
771	47    	0.48394 	0.316473	-0.0177778 	1.06979 
772	45    	0.604925	0.310372	0.0978166  	1.06979 
773	47    	0.473968	0.288617	0.0749383  	1.06979 
774	48    	0.544221	0.284175	0.157061   	1.01571 
775	46    	0.606886	0.438994	-1         	1.04191 
776	44    	0.57768 	0.333851	0.0935217  	1.08814 
777	48    	0.576398	0.387424	-1         	1.05357 
778	45    	0.644207	0.441608	-1         	1.09534 
779	44    	0.624818	0.41231 	-1         	1.17514 
780	48    	0.638082	0.374193	-0.01      	1.17513 
781	46    	0.547048	0.526227	-1         	1.17513 
782	44    	0.795474	0.301243	0.215532   	1.17513 
783	46    	0.693855	0.378448	0.14304    	1.17534 
784	46    	0.538291	0.435514	-1         	1.17534 
785	50    	0.507137	0.377394	-1         	1.07232 
786	46    	0.580385	0.394523	-1         	1.07232 
787	42    	0.735172	0.395556	-1         	1.11811 
788	47    	0.655664	0.415975	-1         	1.12895 
789	48    	0.564994	0.40015 	-1         	1.1056  
790	46    	0.646754	0.393039	-1         	1.1056  
791	45    	0.627587	0.411872	-1         	1.11699 
792	49    	0.512662	0.390447	-1         	1.10644 
793	45    	0.550308	0.301439	0.176041   	1.10644 
794	45    	0.539965	0.363075	-1         	1.10259 
795	45    	0.532975	0.498136	-1         	1.10259 
796	44    	0.402446	0.481885	-1         	1.10259 
797	48    	0.445167	0.536737	-1         	1.10259 
798	47    	0.582071	0.455974	-1         	1.10259 
799	49    	0.40409 	0.51606 	-1         	1.06571 
800	45    	0.725989	0.269374	0.228514   	1.12412 
801	45    	0.533595	0.443557	-1         	1.07235 
802	47    	0.535799	0.432216	-1         	1.06912 
803	44    	0.595472	0.387347	-1         	1.06912 
804	44    	0.664386	0.402747	-1         	1.12435 
805	48    	0.60355 	0.402891	-1         	1.14277 
806	47    	0.47921 	0.499358	-1         	1.11525 
807	46    	0.616502	0.552519	-1         	1.18215 
808	43    	0.507943	0.509883	-1         	1.18215 
809	45    	0.584961	0.522476	-1         	1.17514 
810	45    	0.574923	0.464989	-1         	1.17514 
811	47    	0.540771	0.497038	-1         	1.12808 
812	46    	0.631005	0.460299	-1         	1.12808 
813	47    	0.722514	0.310138	0.185143   	1.12795 
814	46    	0.605628	0.506656	-1         	1.1319  
815	46    	0.719211	0.448863	-1         	1.11882 
816	48    	0.603226	0.504934	-1         	1.12581 
817	45    	0.657224	0.521994	-1         	1.1467  
818	41    	0.479965	0.678999	-1         	1.1467  
819	49    	0.453126	0.670971	-1         	1.11612 
820	46    	0.326638	0.772578	-1         	1.11299 
821	43    	0.547299	0.610947	-1         	1.11528 
822	50    	0.443338	0.569275	-1         	1.16802 
823	47    	0.607803	0.452822	-1         	1.16802 
824	47    	0.577828	0.514   	-1         	1.21142 
825	39    	0.667214	0.369127	0.184763   	1.21142 
826	46    	0.424127	0.556905	-1         	1.21142 
827	49    	0.357467	0.550116	-1         	1.23244 
828	47    	0.479832	0.485611	-1         	1.16783 
829	48    	0.40973 	0.515407	-1         	1.16783 
830	48    	0.38021 	0.589493	-1         	1.16783 
831	48    	0.424722	0.565138	-1         	1.20426 
832	46    	0.527418	0.548829	-1         	1.20426 
833	43    	0.5671  	0.606615	-1         	1.20426 
834	45    	0.570899	0.527685	-1         	1.20426 
835	43    	0.228323	0.762809	-1         	1.20426 
836	44    	0.478594	0.694751	-1         	1.20426 
837	48    	0.352933	0.677347	-1         	1.20426 
838	44    	0.610784	0.516398	-1         	1.20932 
839	43    	0.609783	0.412351	-1         	1.20932 
840	49    	0.448164	0.576077	-1         	1.12028 
841	48    	0.466121	0.583633	-1         	1.0746  
842	42    	0.628886	0.500849	-1         	1.07763 
843	45    	0.534274	0.538666	-1         	1.1197  
844	44    	0.426353	0.617327	-1         	1.1197  
845	46    	0.467232	0.535631	-1         	1.12261 
846	44    	0.617633	0.560009	-1         	1.12261 
847	48    	0.39314 	0.634308	-1         	1.1185  
848	45    	0.36169 	0.700023	-1         	1.1185  
849	47    	0.386672	0.553393	-1         	1.13341 
850	49    	0.45232 	0.58111 	-1         	1.13341 
851	47    	0.370902	0.530014	-1         	1.0141  
852	46    	0.410548	0.556046	-1         	1.05862 
853	48    	0.32826 	0.692583	-1         	1.10452 
854	46    	0.493995	0.531175	-1         	1.06086 
855	42    	0.598691	0.466512	-1         	1.06099 
856	46    	0.601503	0.460031	-1         	1.11459 
857	46    	0.516343	0.639422	-1         	1.11459 
858	45    	0.637359	0.382425	-1         	1.05553 
859	47    	0.495137	0.623169	-1         	1.10695 
860	46    	0.505738	0.541441	-1         	1.11097 
861	47    	0.330421	0.567927	-1         	1.11097 
862	46    	0.355703	0.629139	-1         	1.10695 
863	46    	0.482939	0.530228	-1         	1.10695 
864	46    	0.520202	0.487234	-1         	1.10978 
865	46    	0.468472	0.593756	-1         	1.1105  
866	40    	0.546025	0.562896	-1         	1.1105  
867	46    	0.52941 	0.555988	-1         	1.11044 
868	50    	0.435415	0.560972	-1         	1.11181 
869	46    	0.430221	0.658683	-1         	1.11181 
870	46    	0.355194	0.733761	-1         	1.11181 
871	44    	0.520421	0.454671	-1         	1.11181 
872	47    	0.487017	0.615476	-1         	1.11181 
873	45    	0.497796	0.59201 	-1         	1.11181 
874	44    	0.560356	0.553109	-1         	1.11044 
875	45    	0.497554	0.592476	-1         	1.0974  
876	44    	0.371685	0.70682 	-1         	1.0974  
877	46    	0.290507	0.713327	-1         	1.10154 
878	43    	0.420975	0.646356	-1         	1.10154 
879	46    	0.422707	0.552094	-1         	1.11247 
880	45    	0.514986	0.54722 	-1         	1.10154 
881	43    	0.317533	0.625275	-1         	1.10154 
882	45    	0.39662 	0.673224	-1         	1.10154 
883	39    	0.609317	0.556322	-1         	1.10154 
884	47    	0.428319	0.521492	-1         	1.10371 
885	45    	0.530572	0.380032	-1         	1.10154 
886	48    	0.551053	0.478666	-1         	1.10154 
887	48    	0.272452	0.69252 	-1         	1.0488  
888	47    	0.319001	0.709778	-1         	1.05574 
889	46    	0.507929	0.569772	-1         	1.10154 
890	48    	0.356848	0.60714 	-1         	1.10154 
891	44    	0.231845	0.744869	-1         	1.10154 
892	47    	0.310618	0.640778	-1         	1.10154 
893	47    	0.399459	0.603274	-1         	1.10801 
894	47    	0.358737	0.542704	-1         	1.10801 
895	46    	0.301975	0.597943	-1         	1.10801 
896	45    	0.299942	0.647053	-1         	1.10801 
897	44    	0.314585	0.713591	-1         	1.10801 
898	46    	0.380599	0.597627	-1         	1.10801 
899	41    	0.505018	0.557353	-1         	1.10801 
900	43    	0.634623	0.397315	-1         	1.10801 
901	45    	0.282712	0.678192	-1         	1.10801 
902	45    	0.490373	0.58704 	-1         	1.10801 
903	47    	0.262931	0.694551	-1         	1.10883 
904	45    	0.576161	0.451016	-1         	1.10883 
905	49    	0.358144	0.533543	-1         	1.10834 
906	46    	0.364375	0.632016	-1         	1.10834 
907	49    	0.424787	0.54331 	-1         	1.04609 
908	45    	0.348061	0.674419	-1         	1.10673 
909	47    	0.309462	0.679242	-1         	1.10673 
910	46    	0.519299	0.595954	-1         	1.10834 
911	45    	0.467654	0.55738 	-1         	1.11048 
912	46    	0.462148	0.531673	-1         	1.10784 
913	48    	0.469839	0.619956	-1         	1.10784 
914	45    	0.383956	0.6911  	-1         	1.10834 
915	49    	0.468892	0.358262	-1         	1.10784 
916	45    	0.4933  	0.467383	-1         	1.10923 
917	48    	0.60076 	0.430672	-1         	1.1145  
918	47    	0.449582	0.460676	-1         	1.06101 
919	47    	0.386467	0.575535	-1         	1.06102 
920	46    	0.51274 	0.625953	-1         	1.06102 
921	47    	0.441777	0.599779	-1         	1.05583 
922	43    	0.373677	0.672171	-1         	1.05923 
923	44    	0.558054	0.44596 	-1         	1.05923 
924	44    	0.61779 	0.438217	-1         	1.05923 
925	42    	0.455203	0.575742	-1         	1.05923 
926	48    	0.40497 	0.463886	-1         	1.05923 
927	47    	0.44071 	0.455058	-1         	1.06472 
928	49    	0.353627	0.61257 	-1         	1.03754 
929	49    	0.518137	0.48922 	-1         	1.09533 
930	42    	0.558827	0.507374	-1         	1.09533 
931	47    	0.459915	0.38851 	-1         	1.05971 
932	45    	0.531462	0.461538	-1         	1.05971 
933	45    	0.486806	0.335382	-1         	1.05971 
934	47    	0.388402	0.577491	-1         	1.00559 
935	46    	0.532509	0.52334 	-1         	1.0485  
936	46    	0.59141 	0.345013	-1         	1.00233 
937	46    	0.494357	0.601627	-1         	1.00726 
938	46    	0.539776	0.515515	-1         	1.03872 
939	48    	0.486828	0.570869	-1         	1.03406 
940	47    	0.61446 	0.480866	-1         	1.09989 
941	45    	0.425002	0.509745	-1         	1.11222 
942	45    	0.361744	0.617645	-1         	1.11222 
943	45    	0.605058	0.495332	-1         	1.11222 
944	45    	0.585069	0.316881	0.128015   	1.11222 
945	44    	0.620665	0.297717	0.15606    	1.11239 
946	46    	0.436026	0.478138	-1         	1.11239 
947	47    	0.417762	0.507487	-1         	1.11239 
948	49    	0.389186	0.4385  	-1         	1.11239 
949	47    	0.448401	0.515405	-1         	1.07223 
950	48    	0.530792	0.506361	-1         	0.998519
951	49    	0.429665	0.508744	-1         	1.05007 
952	46    	0.509   	0.520797	-1         	1.10257 
953	47    	0.519674	0.47295 	-1         	1.04963 
954	48    	0.489371	0.526733	-1         	1.17392 
955	47    	0.61254 	0.59501 	-1         	1.13672 
956	48    	0.527525	0.429829	-1         	1.06715 
957	47    	0.423323	0.603606	-1         	1.06715 
958	45    	0.38806 	0.600703	-1         	1.13672 
959	48    	0.427179	0.571479	-1         	1.17184 
960	45    	0.462665	0.620582	-1         	1.17184 
961	49    	0.480281	0.528418	-1         	1.17184 
962	44    	0.433539	0.650354	-1         	1.17184 
963	46    	0.598212	0.436927	-1         	1.17377 
964	45    	0.425029	0.61323 	-1         	1.17184 
965	46    	0.508645	0.623778	-1         	1.17184 
966	47    	0.373089	0.608982	-1         	1.15101 
967	47    	0.488429	0.479552	-1         	1.13649 
968	49    	0.37155 	0.652433	-1         	1.04405 
969	46    	0.621663	0.341305	-1         	1.04152 
970	46    	0.560171	0.519431	-1         	1.04271 
971	48    	0.57275 	0.520888	-1         	1.04152 
972	45    	0.655798	0.262769	0.200482   	1.04152 
973	49    	0.36298 	0.570612	-1         	0.99714 
974	47    	0.54352 	0.46314 	-1         	1.04977 
975	45    	0.561037	0.415161	-1         	1.04977 
976	44    	0.51878 	0.531796	-1         	1.04977 
977	44    	0.459755	0.604453	-1         	1.02387 
978	44    	0.519853	0.561174	-1         	1.02713 
979	43    	0.621287	0.363553	-1         	1.02713 
980	48    	0.365447	0.578038	-1         	1.04575 
981	47    	0.584155	0.434342	-1         	1.07164 
982	42    	0.666841	0.318587	0.175855   	1.09311 
983	43    	0.658066	0.39863 	-1         	1.09311 
984	45    	0.562428	0.494567	-1         	1.09311 
985	43    	0.557389	0.541415	-1         	1.09311 
986	44    	0.621874	0.328848	0.204665   	1.10594 
987	46    	0.640276	0.327749	0.143936   	1.10676 
988	45    	0.442962	0.659364	-1         	1.10676 
989	46    	0.526762	0.454281	-1         	1.10886 
990	44    	0.570382	0.417597	-1         	1.21219 
991	47    	0.491158	0.550844	-1         	1.11076 
992	44    	0.528621	0.502114	-1         	1.11076 
993	45    	0.59497 	0.542181	-1         	1.10676 
994	46    	0.476846	0.538099	-1         	1.10676 
995	45    	0.521104	0.49953 	-1         	1.10676 
996	47    	0.481149	0.524655	-1         	1.21219 
997	47    	0.463898	0.52533 	-1         	1.05688 
998	43    	0.524385	0.555382	-1         	1.05688 
999	47    	0.424642	0.501191	-1         	1.05178 
1000	47    	0.499363	0.464287	-1         	1.05048 
Best individuals:
(1.2324353712784215,) 	-->	 /*9*/UDDDDDRLBFFBFBLRRLBRLLFRBBLRFRLFRBBLFBFUUUUUU
VMNeuronManager.autoload: Neuro classes added: Delay Light Nn PIDP PIDV SeeLight SeeLight2 S0 S1 Thr 
UserScripts.autoload: 19 user scripts added.
Simulator.load: Loading from 'eval-allcriteria.sim'
Loader.load: Comments read from file follow:
Loader.load:  Sample settings for evaluating many criteria of performance of a Framsticks creature.
Loader.load:  See the "evalcount" parameter if you want to speed the evaluation up or have a more stable result.
Loader.load:  Other important parameters are "Energy0" and "perfperiod".
Loader.load:  Put this file in the "data" subdirectory within the Framsticks distribution.
Simulator.load: Settings loaded from 'eval-allcriteria.sim'
Simulator.load: Loading from 'deterministic.sim'
Loader.load: Comments read from file follow:
Loader.load:  Parameter values that make the evaluation of a Framsticks creature deterministic.
Loader.load:  The values turn off random noise, so evaluation of the same genotype will always yield the same performance.
Loader.load:  The advantage is that you do not need to evaluate a genotype many times, and performance values are reliable.
Loader.load:  The disadvantage is that evolved creatures are "overfitting", i.e. rely entirely on the specific environment,
Loader.load:  and their behavior may be different in any other environment or (even slightly) changed conditions or parameter values,
Loader.load:  so each creature evolved using these settings must be later inspected using exactly the same setup.
Loader.load: 
Loader.load:  Before loading this file, load base settings, e.g. "eval-allcriteria.sim".
Loader.load:  Put this file in the "data" subdirectory within the Framsticks distribution.
Simulator.load: Settings loaded from 'deterministic.sim'
Simulator.load: Loading from 'sample-period-2.sim'
Loader.load: Comments read from file follow:
Loader.load:  Very low "performance sampling period" in the first population to sample performance very often during lifespan
Loader.load:  and avoid overlooking some behavior. Averaged performance of sampled values is returned as the final value.
Loader.load:  See http://www.framsticks.com/a/al_params.html#exper-perfcalc
Loader.load: 
Loader.load:  Before loading this file, load base settings, e.g. "eval-allcriteria.sim".
Loader.load:  Put this file in the "data" subdirectory within the Framsticks distribution.
Simulator.load: Loading from 'f9-mut-0.sim'
Simulator.load: Settings loaded from 'f9-mut-0.sim'
