Argument values: path=C:\Users\1625203\Downloads\Framsticks50rc22\Framsticks50rc22, lib=None, sim=eval-allcriteria.sim;deterministic.sim;sample-period-2.sim;f9-mut-010.sim, genformat=None, initialgenotype=/*9*/BLU, opt=vertpos, popsize=50, generations=1000, tournament=10, pmut=0.9, pxov=0.2, hof_size=1, hof_savefile=None, max_numparts=30, max_numjoints=None, max_numneurons=None, max_numconnections=None, max_numgenochars=50
Using Framsticks version: 5.0rc22
Home (writable) dir     : C:\Users\1625203\Downloads\Framsticks50rc22\Framsticks50rc22\data
Resources dir           : C:\Users\1625203\Downloads\Framsticks50rc22\Framsticks50rc22\data

Available objects: ['CheckpointEvent', 'Collision', 'CrCollision', 'Creature', 'CreatureSettings', 'CreatureSignals', 'CreatureSnapshot', 'Dictionary', 'ExpProperties', 'ExpState', 'ExtValue', 'File', 'FunctionReference', 'GenMan', 'GenManStats', 'GenePool', 'GenePools', 'Geno', 'Genotype', 'Interface', 'Joint', 'Loader', 'Math', 'MechJoint', 'MechPart', 'MessageCatcher', 'Model', 'ModelGeometry', 'ModelSymmetry', 'Neuro', 'NeuroClass', 'NeuroClassLibrary', 'NeuroDef', 'NeuroSignals', 'NeuronsSimEnabled', 'ODE', 'Orient', 'Part', 'Population', 'Populations', 'Ref', 'Signal', 'SignalView', 'SimilMeasure', 'SimilMeasureDistribution', 'SimilMeasureGreedy', 'SimilMeasureHungarian', 'Simulator', 'SlaveSimulators', 'StopEvent', 'String', 'UserScripts', 'Vector', 'WireframeAppearance', 'World', 'WorldMap', 'WorldSignals', 'XYZ', '__builtins__', '__cached__', '__doc__', '__file__', '__loader__', '__name__', '__package__', '__spec__', 'c_api', 'ctypes', 'home_dir', 'init', 'os', 're', 'res_dir', 'sim_params', 'stats', 'sys']

Performing a basic test 1/2... OK.
Performing a basic test 2/2... OK.
Using settings: ['eval-allcriteria.sim', 'deterministic.sim', 'sample-period-2.sim', 'f9-mut-010.sim']
gen	nevals	avg     	stddev	min     	max     
0  	50    	0.218369	0     	0.218369	0.218369
1  	45    	0.0947009	0.111379	-0.0150001	0.306792
2  	47    	0.105918 	0.132297	-0.0166667	0.441226
3  	47    	0.12574  	0.123474	-0.02     	0.356517
4  	47    	0.16589  	0.135232	-0.0171428	0.51442 
5  	46    	0.154264 	0.145808	-0.0166667	0.51442 
6  	46    	0.227774 	0.119494	-0.0160001	0.546377
7  	45    	0.292892 	0.139852	-0.015    	0.5593  
8  	44    	0.318102 	0.158581	-0.02     	0.617696
9  	43    	0.304299 	0.1692  	-0.02     	0.598665
10 	45    	0.320556 	0.195216	-0.02     	0.804169
11 	46    	0.32346  	0.17977 	-0.0199998	0.598759
12 	44    	0.293707 	0.198528	-0.018    	0.617722
13 	45    	0.300633 	0.202524	-0.02     	0.617722
14 	44    	0.312858 	0.167192	-0.02     	0.613765
15 	44    	0.294127 	0.18997 	-0.02     	0.613765
16 	47    	0.289871 	0.183316	-0.0200001	0.617722
17 	47    	0.273675 	0.194412	-0.02     	0.644159
18 	49    	0.276763 	0.205704	-0.0171429	0.64416 
19 	49    	0.263284 	0.19114 	-0.0200001	0.598759
20 	47    	0.304149 	0.172921	-0.02     	0.644327
21 	45    	0.288526 	0.242303	-0.02     	0.805654
22 	46    	0.33666  	0.242084	-0.0166668	0.813756
23 	45    	0.317791 	0.239729	-0.02     	0.813756
24 	46    	0.275761 	0.274289	-0.02     	0.813756
25 	44    	0.370283 	0.249481	-0.018    	0.813756
26 	48    	0.389695 	0.23768 	-0.0171429	0.813756
27 	46    	0.290259 	0.264204	-0.0199998	0.813756
28 	47    	0.259958 	0.228795	-0.02     	0.813756
29 	41    	0.296136 	0.219596	-0.02     	0.813756
30 	49    	0.328355 	0.233038	-0.0177777	0.812083
31 	44    	0.310591 	0.236989	-0.017143 	0.734484
32 	48    	0.331889 	0.25177 	-0.0166667	0.813708
33 	45    	0.365395 	0.241092	-0.0166667	0.813756
34 	46    	0.294596 	0.258294	-0.0166667	0.813756
35 	48    	0.275764 	0.246299	-0.0175   	0.813756
36 	48    	0.249535 	0.251985	-0.02     	0.813756
37 	49    	0.320969 	0.217645	-0.0160001	0.819458
38 	47    	0.308795 	0.248302	-0.0171428	0.819458
39 	45    	0.31231  	0.215512	-0.0171429	0.819458
40 	43    	0.412411 	0.233501	-0.0177777	0.819458
41 	48    	0.329736 	0.251428	-0.0175   	0.819458
42 	45    	0.370103 	0.259007	-0.02     	0.819458
43 	48    	0.30152  	0.252899	-0.0199999	0.819458
44 	48    	0.309408 	0.223861	-0.0166667	0.813708
45 	46    	0.317175 	0.24014 	-0.0166667	0.813708
46 	49    	0.288347 	0.275805	-0.0171428	0.819403
47 	43    	0.342823 	0.257307	-0.017143 	0.813756
48 	47    	0.278651 	0.264709	-0.02     	0.813708
49 	46    	0.327009 	0.273795	-0.0166667	0.860592
50 	46    	0.282616 	0.264934	-0.02     	0.813708
51 	50    	0.334023 	0.236475	-0.0177778	0.813708
52 	46    	0.271798 	0.215578	-0.0171429	0.811396
53 	50    	0.249941 	0.206728	-0.0166667	0.811396
54 	45    	0.31604  	0.209698	-0.0200001	0.812308
55 	47    	0.257503 	0.247676	-0.0175   	0.813708
56 	46    	0.328378 	0.261034	-0.02     	0.819334
57 	45    	0.298986 	0.259982	-0.0166667	0.813708
58 	46    	0.280445 	0.254801	-0.0166667	0.812977
59 	44    	0.311584 	0.261599	-0.02     	0.812977
60 	46    	0.290057 	0.251802	-0.0166667	0.812977
61 	44    	0.297773 	0.259354	-0.02     	0.812977
62 	43    	0.28567  	0.253547	-0.0175   	0.812977
63 	46    	0.249674 	0.228247	-0.0171429	0.812977
64 	44    	0.220725 	0.252366	-0.02     	0.812977
65 	44    	0.25367  	0.223694	-0.02     	0.812977
66 	45    	0.28871  	0.231823	-0.0171429	0.812977
67 	49    	0.240411 	0.210245	-0.0171429	0.812825
68 	42    	0.271029 	0.25069 	-0.018    	0.812825
69 	47    	0.308443 	0.255688	-0.0171429	0.813756
70 	46    	0.36881  	0.257239	-0.0171429	0.813756
71 	44    	0.292213 	0.286673	-0.0166667	0.813756
72 	49    	0.289851 	0.284876	-0.0175   	0.813756
73 	46    	0.265854 	0.282911	-0.0166667	0.813756
74 	47    	0.223921 	0.257075	-0.0166667	0.813756
75 	45    	0.331435 	0.237364	-0.0160001	0.813756
76 	45    	0.254341 	0.242246	-0.0175   	0.813756
77 	46    	0.319879 	0.25842 	-0.0166667	0.813756
78 	49    	0.265061 	0.215364	-0.02     	0.740524
79 	47    	0.37075  	0.202681	-0.02     	0.740524
80 	46    	0.368208 	0.215771	-0.02     	0.765378
81 	44    	0.414651 	0.204288	0.108834  	0.765378
82 	47    	0.400579 	0.217307	-0.0133333	0.765378
83 	46    	0.445479 	0.20206 	-0.01     	0.881025
84 	43    	0.411411 	0.212723	0.0722472 	0.854006
85 	48    	0.397208 	0.219405	-0.0177778	0.842347
86 	48    	0.362064 	0.189033	0.116743  	0.842347
87 	45    	0.364092 	0.17983 	-0.0175   	0.693633
88 	43    	0.401933 	0.182278	-0.0133333	0.693633
89 	44    	0.365614 	0.202675	0.0933104 	0.773334
90 	48    	0.392372 	0.227228	-0.0166667	0.854906
91 	46    	0.412443 	0.205403	-0.0166667	0.854906
92 	43    	0.431242 	0.202589	0.115552  	0.907349
93 	46    	0.433519 	0.208376	-0.016    	0.866672
94 	46    	0.409815 	0.216134	-0.0166667	0.8637  
95 	48    	0.438041 	0.226792	0.0690982 	0.876862
96 	49    	0.397952 	0.234137	-0.0166666	0.870967
97 	45    	0.452846 	0.235634	-0.0159966	0.871468
98 	43    	0.417733 	0.240168	0.0991127 	0.873609
99 	44    	0.456623 	0.249509	-0.016    	0.873609
100	47    	0.409618 	0.250494	-0.0175   	0.856441
101	44    	0.371271 	0.253036	-0.0166667	0.869956
102	47    	0.402799 	0.245823	-0.01     	0.869956
103	47    	0.368005 	0.218465	-0.0150001	0.869956
104	46    	0.358264 	0.238946	-0.0133334	0.869956
105	46    	0.365794 	0.242314	-0.0166667	0.869956
106	48    	0.379145 	0.222391	0.075458  	0.87355 
107	44    	0.463822 	0.267975	0.0740183 	0.87355 
108	48    	0.367702 	0.244227	-0.0171415	0.860782
109	44    	0.410436 	0.220785	0.150509  	0.860782
110	48    	0.358706 	0.191497	-0.0200001	0.777008
111	49    	0.390142 	0.252903	-0.0160002	0.863528
112	49    	0.368597 	0.216082	-0.0175   	0.856409
113	47    	0.387203 	0.202654	-0.0133333	0.771523
114	46    	0.429364 	0.208476	0.108938  	0.852602
115	46    	0.397586 	0.225262	0.0964437 	0.849116
116	49    	0.370323 	0.217222	0.0859295 	0.858689
117	49    	0.384967 	0.216987	0.0650094 	0.862533
118	46    	0.386869 	0.240817	-0.0166666	0.862533
119	48    	0.44262  	0.246885	-0.016    	0.862533
120	44    	0.471568 	0.288883	-0.0171429	0.86553 
121	46    	0.40788  	0.273189	-0.0133333	0.862533
122	47    	0.440309 	0.264392	-0.02     	0.862533
123	49    	0.451595 	0.254373	-0.0149999	0.863778
124	43    	0.413649 	0.264632	-0.0166666	0.867194
125	44    	0.42931  	0.243548	0.0999547 	0.868143
126	45    	0.415833 	0.266972	-0.0171429	0.90695 
127	40    	0.457526 	0.289917	-0.0171428	0.90695 
128	47    	0.429324 	0.250172	-0.0133332	0.868143
129	48    	0.383101 	0.223946	-0.01     	0.868143
130	47    	0.459192 	0.257786	-0.0150001	0.875941
131	44    	0.447062 	0.244185	-0.0133333	0.879307
132	44    	0.3944   	0.279725	-0.0177778	0.867194
133	45    	0.44301  	0.24524 	0.0710861 	0.867194
134	47    	0.390297 	0.238532	-0.0171429	0.868143
135	46    	0.413161 	0.253974	-0.0171428	0.868997
136	46    	0.439081 	0.25426 	-0.0200001	0.868997
137	43    	0.415612 	0.257663	-0.0177777	0.868997
138	45    	0.492865 	0.274087	-0.0159976	0.868143
139	48    	0.400271 	0.248362	-0.015    	0.876691
140	45    	0.387034 	0.262154	-0.0160001	0.996747
141	46    	0.426255 	0.271245	0.106619  	1.122   
142	48    	0.379932 	0.218878	0.064091  	0.996747
143	47    	0.418488 	0.254229	-0.0166667	0.996747
144	46    	0.389185 	0.25588 	-0.01     	0.996747
145	50    	0.333874 	0.157657	0.128925  	0.861524
146	49    	0.36636  	0.223579	0.0801559 	1.04126 
147	48    	0.382142 	0.276559	-0.02     	1.05714 
148	45    	0.362738 	0.276973	-0.0175   	0.940357
149	44    	0.472377 	0.293199	0.0561211 	0.985256
150	47    	0.451067 	0.296968	-0.0177777	0.991886
151	45    	0.500458 	0.300125	-0.015    	0.997678
152	44    	0.474998 	0.318698	-0.015    	1.00853 
153	47    	0.461351 	0.293986	-0.0150001	1.01066 
154	44    	0.472438 	0.316052	-0.016    	1.01066 
155	47    	0.413963 	0.302905	-0.0171429	1.01755 
156	45    	0.438406 	0.299631	-0.0175001	1.01353 
157	46    	0.400895 	0.298472	-0.01     	1.01353 
158	48    	0.373573 	0.257097	-0.0166666	1.01353 
159	47    	0.392169 	0.243304	0.0835333 	1.00261 
160	44    	0.414273 	0.248892	0.120124  	1.00261 
161	47    	0.411889 	0.260419	-0.018    	1.00261 
162	46    	0.398584 	0.22285 	0.053953  	1.00261 
163	42    	0.408603 	0.251886	0.116377  	1.05335 
164	46    	0.366583 	0.23026 	0.0570996 	1.05335 
165	47    	0.407886 	0.29349 	-0.0171429	1.00483 
166	44    	0.400773 	0.278894	-0.0177778	1.00483 
167	46    	0.381827 	0.266508	0.0780988 	1.00625 
168	44    	0.439118 	0.262193	-0.018    	1.00625 
169	43    	0.477468 	0.312158	-0.0166667	1.00625 
170	46    	0.487859 	0.300048	0.148552  	1.00625 
171	45    	0.472721 	0.280078	-0.0150003	1.00625 
172	46    	0.428605 	0.27627 	0.116743  	1.00483 
173	48    	0.425384 	0.263323	-0.0133333	1.05215 
174	48    	0.373219 	0.223455	-0.018    	1.00483 
175	47    	0.389253 	0.192078	0.142528  	0.858263
176	47    	0.408777 	0.223127	-0.0150001	0.858263
177	44    	0.463791 	0.245431	-0.0166667	0.904939
178	45    	0.426525 	0.251121	-0.0166667	0.983012
179	47    	0.373452 	0.205756	0.106971  	0.799311
180	45    	0.422726 	0.236108	-0.0159999	0.799311
181	49    	0.347216 	0.178207	-0.0171429	0.789326
182	47    	0.344889 	0.163842	0.103838  	0.789326
183	45    	0.38371  	0.19504 	-0.016    	0.789326
184	44    	0.460634 	0.223935	-0.016    	0.789326
185	49    	0.41408  	0.206615	0.102459  	0.896387
186	47    	0.428509 	0.206983	0.112923  	0.904486
187	45    	0.404207 	0.203941	0.0985134 	0.904486
188	44    	0.398181 	0.229609	-0.02     	0.904486
189	44    	0.449101 	0.256405	-0.0166666	0.904486
190	45    	0.38641  	0.241657	0.137278  	0.947061
191	44    	0.372222 	0.319595	-1        	0.921277
192	46    	0.406966 	0.235008	-0.0133334	0.921277
193	43    	0.441929 	0.245473	0.140524  	0.927025
194	44    	0.445133 	0.256858	0.149107  	0.982356
195	43    	0.395895 	0.343207	-1        	0.927025
196	47    	0.429653 	0.236899	0.115903  	1.01878 
197	46    	0.357379 	0.195275	-0.01     	0.927025
198	45    	0.391278 	0.236026	-0.0166667	0.95095 
199	47    	0.392993 	0.215805	-0.01     	0.927025
200	47    	0.411563 	0.211917	0.171824  	0.969424
201	47    	0.38431  	0.215028	-0.016    	0.969424
202	46    	0.391191 	0.214128	0.148596  	0.969424
203	46    	0.436763 	0.226859	0.11381   	0.969424
204	42    	0.45869  	0.247611	0.119802  	0.969424
205	45    	0.454429 	0.274386	-0.0166668	0.981038
206	43    	0.436822 	0.269968	0.109947  	1.0129  
207	44    	0.451824 	0.262212	-0.00889147	0.981038
208	46    	0.443444 	0.237705	-0.0171413 	0.978974
209	48    	0.396985 	0.196704	0.0645423  	0.852907
210	47    	0.385937 	0.176413	-0.0133337 	0.706079
211	47    	0.369202 	0.181643	-0.0133334 	0.709928
212	48    	0.391004 	0.182973	0.0880251  	0.840031
213	44    	0.455023 	0.223396	-0.0166666 	0.874131
214	45    	0.412681 	0.231846	0.0863519  	0.874131
215	45    	0.417657 	0.26367 	-0.0177778 	0.874131
216	45    	0.405809 	0.264608	0.0763636  	1.01514 
217	45    	0.396233 	0.255558	-0.015     	1.01514 
218	47    	0.374663 	0.26179 	-0.015     	1.01514 
219	46    	0.346836 	0.213635	-0.0133333 	1.01514 
220	43    	0.391292 	0.229967	-0.0150003 	0.924117
221	49    	0.35727  	0.212867	0.0669874  	0.809065
222	45    	0.371014 	0.199425	0.0985153  	0.785027
223	49    	0.393914 	0.220377	-0.0166666 	0.790195
224	46    	0.375498 	0.201124	0.113362   	0.785027
225	45    	0.436268 	0.227437	-0.015     	0.791264
226	50    	0.346194 	0.198568	0.0750256  	0.793925
227	48    	0.38578  	0.220714	-0.0171428 	0.877523
228	46    	0.3838   	0.22681 	0.0687612  	0.855587
229	47    	0.386031 	0.227378	-0.0166664 	0.855587
230	47    	0.371616 	0.204939	-0.015     	0.855587
231	48    	0.399154 	0.239682	-0.015     	0.862958
232	46    	0.376581 	0.206043	0.0790722  	0.862958
233	46    	0.384072 	0.227297	-0.0150003 	0.862958
234	46    	0.359483 	0.220912	-0.0177778 	0.867792
235	47    	0.441328 	0.247965	0.0868504  	0.879303
236	45    	0.374967 	0.254205	-0.0159922 	0.867792
237	44    	0.449986 	0.244095	-0.0159977 	0.867792
238	47    	0.37557  	0.245738	-0.0166666 	0.867792
239	45    	0.363398 	0.249591	-0.0166666 	0.867792
240	46    	0.364682 	0.250284	-0.0166665 	0.867792
241	48    	0.357554 	0.230176	-0.0166667 	0.886284
242	45    	0.433642 	0.22831 	-0.01      	0.886284
243	42    	0.419096 	0.25486 	0.0580183  	0.886284
244	43    	0.471947 	0.268258	-0.0166666 	0.910005
245	48    	0.392189 	0.220852	0.0737392  	0.910005
246	49    	0.327663 	0.197126	-0.0175001 	0.833202
247	43    	0.425541 	0.224216	0.0811121  	0.833202
248	46    	0.37058  	0.220886	-0.016     	0.833202
249	47    	0.380373 	0.217383	0.0992496  	0.866178
250	46    	0.406624 	0.220601	0.111885   	0.866288
251	47    	0.370381 	0.235548	-0.0177778 	0.866288
252	47    	0.348333 	0.21424 	-0.0171428 	0.866288
253	47    	0.364496 	0.203928	-0.02      	0.879058
254	47    	0.38482  	0.218073	-0.0166667 	0.863485
255	46    	0.363926 	0.216106	-0.0177778 	0.863485
256	44    	0.389661 	0.220227	-0.01      	0.863485
257	48    	0.340792 	0.250017	-0.0171429 	0.863485
258	46    	0.392764 	0.202661	0.0811937  	0.874977
259	46    	0.373614 	0.200153	-0.0177778 	0.874977
260	45    	0.391532 	0.181187	-0.0171429 	0.770026
261	45    	0.449918 	0.226213	-0.0133334 	0.877853
262	47    	0.410703 	0.202457	0.093879   	0.877853
263	47    	0.378434 	0.200765	0.119269   	0.853893
264	46    	0.362841 	0.204239	-0.0171428 	0.866134
265	47    	0.386194 	0.22668 	-0.02      	0.864618
266	45    	0.366635 	0.214076	-0.02      	0.864618
267	43    	0.384103 	0.247514	-0.02      	0.864618
268	48    	0.340082 	0.239625	-0.0180001 	0.864618
269	47    	0.455447 	0.227538	-0.0166666 	0.869831
270	43    	0.423311 	0.213857	0.147278   	0.864618
271	44    	0.45754  	0.243607	0.0909858  	0.867587
272	45    	0.439019 	0.23961 	-0.0159977 	0.864618
273	49    	0.335719 	0.216225	-0.0166667 	0.866871
274	47    	0.321791 	0.200203	-0.02      	0.847223
275	49    	0.305697 	0.176967	-0.0175    	0.770991
276	46    	0.370923 	0.179629	0.0959529  	0.770991
277	44    	0.363737 	0.208109	-0.02      	0.77291 
278	47    	0.320486 	0.176948	0.0754771  	0.850967
279	45    	0.363594 	0.196289	-0.0150001 	0.850967
280	49    	0.359631 	0.176225	-0.0166666 	0.763582
281	45    	0.37714  	0.173724	0.0724639  	0.774439
282	46    	0.333101 	0.187579	-0.016     	0.763582
283	43    	0.348268 	0.225341	-0.0175    	0.763975
284	47    	0.342092 	0.200145	-0.015     	0.763582
285	47    	0.369247 	0.207793	-0.01      	0.857754
286	44    	0.415618 	0.243659	-0.02      	0.86744 
287	44    	0.350486 	0.242412	0.0748204  	0.86744 
288	49    	0.344486 	0.22052 	-0.0174973 	0.86744 
289	49    	0.304049 	0.211241	-0.015     	0.86744 
290	41    	0.418099 	0.226264	0.0993843  	0.86744 
291	43    	0.422313 	0.243057	-0.02      	0.86744 
292	47    	0.359195 	0.226103	-0.0166667 	0.86744 
293	48    	0.31796  	0.224704	-0.0175    	0.86744 
294	47    	0.342818 	0.218941	-0.0174999 	0.812825
295	45    	0.301778 	0.210509	-0.0166667 	0.812825
296	45    	0.369828 	0.2175  	-0.0174999 	0.812977
297	46    	0.236409 	0.221179	-0.0171429 	0.763582
298	48    	0.318255 	0.194506	-0.0171428 	0.857754
299	47    	0.339554 	0.165982	-0.0166667 	0.646996
300	45    	0.348756 	0.216083	-0.02      	0.850366
301	42    	0.399502 	0.220008	-0.0181818 	0.850366
302	48    	0.386161 	0.195256	0.0891264  	0.781373
303	46    	0.40414  	0.212016	0.0900429  	0.808915
304	46    	0.400631 	0.22411 	-0.016     	0.808915
305	48    	0.356644 	0.176992	0.11676    	0.731154
306	46    	0.397071 	0.212187	-0.0171428 	0.731154
307	47    	0.380988 	0.229852	-0.02      	0.825783
308	50    	0.3478   	0.205674	-0.0171427 	0.865672
309	46    	0.340236 	0.199485	-0.02      	0.732974
310	47    	0.357602 	0.199463	-0.0199999 	0.732974
311	44    	0.345267 	0.241569	-0.0199999 	0.732974
312	45    	0.33585  	0.254386	-0.0171428 	0.840468
313	48    	0.310345 	0.239297	-0.02      	0.832264
314	47    	0.39876  	0.24296 	-0.0171428 	0.832264
315	49    	0.303956 	0.236084	-0.0175    	0.812083
316	48    	0.278557 	0.229226	-0.02      	0.804176
317	43    	0.375987 	0.264205	-0.0200001 	0.840104
318	48    	0.287961 	0.238745	-0.0199998 	0.804176
319	46    	0.321866 	0.243711	-0.02      	0.805021
320	46    	0.310812 	0.21095 	-0.0171428 	0.805742
321	45    	0.342968 	0.199225	-0.02      	0.805742
322	48    	0.291661 	0.202677	-0.0171428 	0.733539
323	46    	0.338436 	0.17009 	-0.0177778 	0.733539
324	47    	0.341993 	0.205698	-0.0175    	0.840468
325	43    	0.328431 	0.231093	-0.0177778 	0.840468
326	45    	0.333276 	0.246021	-0.0175    	0.840468
327	50    	0.299215 	0.235775	-0.0177778 	0.832264
328	47    	0.404902 	0.254489	-0.0199999 	0.835693
329	44    	0.383281 	0.261094	-0.0200001 	0.835693
330	47    	0.312726 	0.259112	-0.02      	0.835693
331	49    	0.299463 	0.238275	-0.02      	0.835693
332	45    	0.323381 	0.230333	-0.02      	0.835693
333	49    	0.297859 	0.228878	-0.0199999 	0.835494
334	43    	0.414667 	0.263908	-0.0175    	0.836975
335	45    	0.359247 	0.277681	-0.02      	0.835693
336	47    	0.34986  	0.258324	-0.0177778 	0.833485
337	44    	0.443051 	0.234569	-0.00866202	0.833485
338	45    	0.347275 	0.269087	-0.0200001 	0.833493
339	49    	0.352038 	0.237553	-0.0177778 	0.832826
340	47    	0.353436 	0.247416	-0.02      	0.835494
341	47    	0.288007 	0.243771	-0.02      	0.733716
342	47    	0.315558 	0.21904 	-0.02      	0.74931 
343	45    	0.334578 	0.252404	-0.0177778 	0.834818
344	47    	0.251331 	0.203513	-0.02      	0.834818
345	45    	0.324332 	0.212528	-0.0177777 	0.834818
346	47    	0.294862 	0.246053	-0.0177777 	0.834818
347	45    	0.343321 	0.248919	-0.0177778 	0.834818
348	48    	0.405653 	0.237582	0.0750567  	0.842719
349	46    	0.332458 	0.259813	-0.018     	0.842719
350	44    	0.325049 	0.232454	-0.0177778 	0.842719
351	44    	0.39455  	0.246859	-0.0175    	0.842719
352	47    	0.313278 	0.253602	-0.0166667 	0.842719
353	44    	0.337914 	0.291816	-0.0177778 	0.842719
354	45    	0.289279 	0.251706	-0.02      	0.842719
355	42    	0.29859  	0.250777	-0.02      	0.842719
356	47    	0.278196 	0.256152	-0.02      	0.84413 
357	44    	0.35376  	0.257606	-0.0180001 	0.849117
358	42    	0.369894 	0.310984	-0.0175    	0.849117
359	48    	0.327128 	0.266614	-0.0177778 	0.849117
360	44    	0.381238 	0.290134	-0.0175    	0.849117
361	50    	0.318836 	0.272356	-0.018     	0.831251
362	46    	0.353811 	0.278481	-0.0228572 	0.84219 
363	48    	0.398775 	0.242672	-0.02      	0.831251
364	46    	0.370654 	0.271578	-0.0177778 	0.831251
365	46    	0.369694 	0.258818	-0.02      	0.84219 
366	43    	0.357322 	0.244926	-0.018     	0.842719
367	44    	0.34106  	0.284112	-0.0183333 	0.81361 
368	48    	0.28782  	0.230945	-0.02      	0.81361 
369	50    	0.344475 	0.220674	-0.0171428 	0.792075
370	46    	0.385555 	0.22765 	-0.0159999 	0.84884 
371	47    	0.332545 	0.226163	-0.02      	0.759435
372	39    	0.402004 	0.299599	-1         	0.759435
373	47    	0.333957 	0.221654	-0.0171429 	0.759435
374	45    	0.397461 	0.242869	-0.0171429 	0.835734
375	46    	0.392867 	0.25496 	-0.016     	0.91075 
376	44    	0.434154 	0.28758 	-0.0166667 	0.916798
377	49    	0.359399 	0.230347	0.0663287  	0.873374
378	50    	0.344006 	0.211691	-0.015     	0.796899
379	47    	0.411613 	0.209689	0.0777057  	0.796899
380	47    	0.369575 	0.215987	-0.0225    	0.778387
381	45    	0.392514 	0.247147	-0.0177777 	0.778387
382	47    	0.421113 	0.229755	0.0684736  	0.901523
383	49    	0.369027 	0.225915	-0.0166666 	0.802978
384	47    	0.426217 	0.224392	-0.0177778 	0.814092
385	41    	0.447976 	0.250321	0.0768708  	0.819324
386	43    	0.461495 	0.254721	-0.0171429 	0.901313
387	46    	0.45621  	0.252694	0.114555   	0.964348
388	46    	0.341892 	0.24115 	-0.0175    	0.964348
389	48    	0.382961 	0.222109	-0.016     	0.807242
390	47    	0.424654 	0.222485	0.125583   	0.965274
391	40    	0.450132 	0.253742	0.0625222  	0.965274
392	46    	0.399731 	0.251771	-0.0166666 	0.965274
393	46    	0.385057 	0.256254	-0.015     	0.965274
394	46    	0.361763 	0.264487	0.0614276  	0.965274
395	46    	0.417188 	0.265493	0.0831178  	0.965274
396	49    	0.346608 	0.275232	-0.0175    	0.890112
397	46    	0.362162 	0.252775	-0.02      	0.890112
398	48    	0.351202 	0.233882	-0.0166667 	0.842749
399	45    	0.414154 	0.22168 	0.112743   	0.776159
400	45    	0.380285 	0.239916	0.0730473  	0.831427
401	47    	0.413577 	0.234394	-0.0175001 	0.780828
402	47    	0.354964 	0.233073	-0.0174999 	0.780828
403	48    	0.306914 	0.215843	-0.02      	0.757462
404	47    	0.409774 	0.191896	0.0731578  	0.836849
405	45    	0.377812 	0.191276	0.0771848  	0.747723
406	41    	0.404766 	0.223676	0.0574755  	0.84234 
407	45    	0.36946  	0.246584	-0.018     	0.84234 
408	46    	0.393027 	0.266349	-0.0177779 	0.84234 
409	45    	0.378086 	0.265264	-0.02      	0.84234 
410	47    	0.389086 	0.260333	-0.0177777 	0.842912
411	47    	0.385907 	0.224977	-0.0166666 	0.824489
412	47    	0.342937 	0.245312	-0.0222222 	0.824489
413	47    	0.428638 	0.244036	-0.0177778 	0.891928
414	45    	0.413174 	0.271314	-0.0175001 	0.891928
415	44    	0.377868 	0.264039	-0.00670266	0.891928
416	46    	0.379836 	0.261672	-0.0171429 	0.891928
417	48    	0.363303 	0.24158 	-0.016     	0.891928
418	47    	0.347536 	0.255994	-0.0171429 	0.891928
419	48    	0.316695 	0.2328  	-0.02      	0.903966
420	44    	0.430714 	0.249492	-0.0166667 	0.903966
421	46    	0.303832 	0.222258	-0.0177778 	0.854307
422	46    	0.305213 	0.198193	-0.00856121	0.854307
423	48    	0.322563 	0.170022	-0.0133333 	0.65499 
424	47    	0.362674 	0.202438	-0.02      	0.666315
425	45    	0.403327 	0.196973	-0.0160001 	0.793554
426	45    	0.365569 	0.184533	-0.02      	0.74178 
427	44    	0.449486 	0.224762	-0.0166666 	0.879051
428	41    	0.471883 	0.249112	-0.0171428 	0.879051
429	48    	0.401394 	0.285096	-0.02      	0.879051
430	47    	0.397588 	0.26715 	-0.0166667 	0.890008
431	41    	0.528556 	0.258105	-0.02      	1.06758 
432	44    	0.476582 	0.2999  	-0.0133333 	1.06758 
433	46    	0.562763 	0.292458	0.114022   	1.06758 
434	45    	0.432082 	0.306224	-0.0171428 	1.06758 
435	42    	0.537886 	0.281667	0.128139   	1.06758 
436	44    	0.45989  	0.298925	-0.016     	1.06758 
437	43    	0.563557 	0.284198	0.0983862  	1.06758 
438	44    	0.515879 	0.303498	-0.0175    	1.06758 
439	46    	0.454669 	0.285285	-0.015     	1.06758 
440	45    	0.486673 	0.269339	-0.0160001 	1.06758 
441	48    	0.426205 	0.246955	0.122517   	1.06758 
442	47    	0.44775  	0.246614	-0.015     	0.959098
443	45    	0.458496 	0.22941 	0.0719564  	0.959098
444	49    	0.422055 	0.223516	0.0739411  	0.959098
445	45    	0.411508 	0.211843	-0.0133333 	0.959098
446	47    	0.403859 	0.212411	-0.0179993 	0.902619
447	42    	0.452074 	0.253467	-0.016     	0.902619
448	43    	0.471694 	0.243453	0.0861367  	0.920695
449	47    	0.461252 	0.228425	0.0990716  	0.855943
450	46    	0.451236 	0.26773 	0.145596   	0.950548
451	47    	0.389457 	0.244336	0.0984188  	0.946244
452	47    	0.404573 	0.251246	0.059477   	0.985821
453	44    	0.440975 	0.278867	-0.0166666 	0.985821
454	46    	0.395428 	0.245779	0.0709352  	0.985821
455	44    	0.410636 	0.253753	0.0761103  	0.985821
456	47    	0.454749 	0.221668	-0.02      	0.855685
457	45    	0.44986  	0.230822	-0.016     	0.827405
458	46    	0.394656 	0.248228	-0.0133333 	0.905792
459	45    	0.50623  	0.239762	0.0728333  	0.910168
460	48    	0.444031 	0.255657	-0.0177778 	0.981554
461	42    	0.484879 	0.278781	0.104676   	0.931952
462	44    	0.425283 	0.258427	-0.0150001 	0.931952
463	44    	0.471067 	0.252224	-0.0171429 	0.931952
464	48    	0.473838 	0.255699	-0.0166578 	0.970403
465	46    	0.483442 	0.243834	0.115585   	0.970403
466	47    	0.467137 	0.275877	0.0902053  	0.970403
467	46    	0.458571 	0.280309	-0.0199999 	0.970403
468	47    	0.415676 	0.273137	-0.02      	0.984247
469	42    	0.419929 	0.277042	-0.018     	0.984247
470	47    	0.442534 	0.25816 	-0.0133334 	0.913805
471	48    	0.368239 	0.243695	-0.015     	0.913617
472	46    	0.478    	0.221753	-0.0171427 	0.920697
473	44    	0.429848 	0.234575	-0.0171429 	0.920697
474	44    	0.395798 	0.243044	-0.016     	0.800725
475	43    	0.497598 	0.249244	-0.0166666 	0.907005
476	45    	0.449483 	0.24446 	0.0398672  	0.907005
477	47    	0.39547  	0.267659	-0.0171428 	0.870899
478	47    	0.403743 	0.280642	-0.0171429 	0.990428
479	45    	0.438804 	0.269483	0.0457662  	0.990428
480	48    	0.375294 	0.229761	-0.0133332 	0.895611
481	44    	0.448736 	0.255682	-0.0177778 	0.895611
482	44    	0.405056 	0.271484	0.0593921  	0.895611
483	47    	0.377324 	0.257544	-0.02      	0.899797
484	45    	0.403542 	0.254273	-0.0175    	0.899797
485	44    	0.430128 	0.25634 	-0.015     	0.899797
486	46    	0.441018 	0.258992	0.0723469  	0.899797
487	49    	0.387644 	0.250457	-0.018     	0.899797
488	45    	0.450283 	0.284972	-0.0175    	0.985735
489	48    	0.396295 	0.254393	0.0813844  	0.900236
490	43    	0.515139 	0.238745	0.0920311  	0.900236
491	46    	0.420293 	0.244953	-0.0177779 	0.978451
492	46    	0.511902 	0.225708	0.13772    	0.827179
493	45    	0.434621 	0.27711 	-0.0177778 	0.968254
494	47    	0.374815 	0.254106	-0.02      	0.827179
495	46    	0.39919  	0.246815	-0.0166667 	0.889765
496	45    	0.411989 	0.274625	-0.0171428 	0.900236
497	47    	0.386238 	0.251119	-0.0150001 	0.904139
498	49    	0.47418  	0.263933	-0.0150001 	1.06924 
499	42    	0.515435 	0.295748	0.0897046  	1.06924 
500	46    	0.437184 	0.287939	0.0904735  	1.06924 
501	47    	0.442208 	0.316195	-0.0175    	1.03212 
502	44    	0.556077 	0.319935	0.0729664  	1.03212 
503	46    	0.471824 	0.318756	-0.0133334 	1.0536  
504	49    	0.350495 	0.272015	-0.0171429 	1.0536  
505	45    	0.482288 	0.321473	-0.0171429 	1.06991 
506	46    	0.47144  	0.277094	0.082673   	0.985407
507	46    	0.47284  	0.320336	-0.0181818 	0.985407
508	49    	0.446136 	0.267186	0.0603986  	0.985407
509	44    	0.490509 	0.278838	-0.016     	0.907672
510	47    	0.507885 	0.241315	0.150803   	0.91459 
511	45    	0.553355 	0.279242	-0.0133334 	1.0557  
512	43    	0.535199 	0.29945 	-0.0166668 	1.0557  
513	47    	0.523984 	0.308613	0.0464093  	1.0557  
514	48    	0.481066 	0.298973	0.0983495  	1.0557  
515	44    	0.423141 	0.281959	-0.0166667 	1.0445  
516	47    	0.434652 	0.259336	0.0752074  	0.991581
517	48    	0.464055 	0.279283	-0.0174989 	1.06573 
518	46    	0.514059 	0.290976	-0.0177778 	1.06573 
519	47    	0.520993 	0.313636	-0.0183333 	1.1522  
520	46    	0.47714  	0.319776	-0.01      	1.1522  
521	47    	0.460507 	0.292698	-0.0150001 	1.1522  
522	45    	0.445108 	0.274737	0.0754106  	1.1522  
523	48    	0.484989 	0.23321 	0.0884836  	0.904509
524	47    	0.415157 	0.199783	0.0957511  	0.894748
525	48    	0.410832 	0.212033	-0.0175    	0.884255
526	45    	0.442681 	0.202556	0.144746   	0.880841
527	44    	0.486449 	0.238122	0.0830208  	1.00174 
528	44    	0.482521 	0.23628 	0.157889   	1.00174 
529	48    	0.43728  	0.244448	-0.0133334 	0.942804
530	44    	0.577137 	0.2399  	0.0989989  	0.983054
531	48    	0.51552  	0.285   	0.116472   	0.984984
532	48    	0.439148 	0.265665	-0.0175    	0.983054
533	41    	0.438808 	0.284795	-0.01      	1.07926 
534	46    	0.489297 	0.273053	0.0857701  	1.06777 
535	46    	0.49801  	0.281566	0.0770109  	0.984809
536	47    	0.59196  	0.256133	-0.02      	1.05281 
537	45    	0.486254 	0.274464	-0.0159977 	0.922494
538	47    	0.456063 	0.265876	-0.00503074	0.922494
539	48    	0.441308 	0.237002	-0.0171429 	0.91975 
540	46    	0.456796 	0.276646	-0.0166666 	0.937572
541	46    	0.422323 	0.245777	0.150617   	0.937572
542	45    	0.488422 	0.255034	0.137464   	0.992519
543	44    	0.460103 	0.30745 	-0.0171428 	1.10499 
544	47    	0.455961 	0.256277	0.168846   	0.940412
545	47    	0.465094 	0.257574	0.131511   	0.967191
546	46    	0.421261 	0.25369 	-0.016     	0.967191
547	48    	0.473566 	0.254545	-0.0159977 	0.967191
548	45    	0.496807 	0.252824	0.126845   	0.967191
549	45    	0.476843 	0.263411	0.095761   	0.967191
550	47    	0.460562 	0.251049	0.103415   	0.967191
551	47    	0.419316 	0.238354	-0.02      	0.9302  
552	46    	0.453269 	0.269094	0.0298879  	0.9302  
553	45    	0.489403 	0.275271	-0.016     	0.931131
554	45    	0.49588  	0.264949	0.0469962  	0.93027 
555	50    	0.388495 	0.201506	0.0903738  	0.930281
556	47    	0.423343 	0.247938	-0.0177778 	0.933323
557	47    	0.488218 	0.246195	0.102693   	0.977499
558	44    	0.495913 	0.293006	0.152213   	1.08591 
559	47    	0.480235 	0.30208 	-0.0171427 	1.08591 
560	47    	0.425117 	0.273252	0.0484267  	1.08591 
561	46    	0.472436 	0.277482	0.113285   	1.08591 
562	47    	0.386376 	0.262917	-0.01      	1.02526 
563	45    	0.469213 	0.25807 	0.118606   	1.02526 
564	48    	0.429387 	0.238492	0.0592257  	1.02526 
565	43    	0.519242 	0.267853	-0.015     	1.02526 
566	45    	0.427781 	0.270466	0.105095   	1.02526 
567	47    	0.427407 	0.259695	0.067795   	1.02526 
568	43    	0.483959 	0.259976	0.11214    	1.058   
569	46    	0.470605 	0.27351 	-0.02      	1.02526 
570	42    	0.493531 	0.299724	-0.0181818 	1.02526 
571	46    	0.435921 	0.295048	-0.015     	1.02526 
572	46    	0.456931 	0.286958	-0.016     	1.02526 
573	43    	0.579387 	0.284913	-0.0166667 	1.02526 
574	47    	0.51492  	0.293791	0.0790878  	1.02526 
575	45    	0.45384  	0.294598	-0.02      	1.02526 
576	48    	0.44472  	0.286709	-0.0149999 	0.971181
577	46    	0.406312 	0.270655	0.0749402  	0.919377
578	49    	0.37914  	0.219163	-0.016     	0.96366 
579	50    	0.469891 	0.245657	-0.015     	0.907644
580	47    	0.402719 	0.300568	-1         	0.870789
581	46    	0.481004 	0.228616	0.125724   	0.936304
582	48    	0.438355 	0.249455	-0.016     	0.9358  
583	45    	0.491264 	0.233701	0.104278   	0.873876
584	47    	0.488225 	0.261667	-0.0166667 	0.953405
585	45    	0.490659 	0.25939 	-0.016     	0.953405
586	47    	0.437277 	0.262985	-0.0171428 	0.953405
587	48    	0.47643  	0.260938	0.0858533  	0.953405
588	46    	0.483425 	0.256089	-0.015     	0.953405
589	45    	0.498649 	0.279724	0.117169   	0.953405
590	47    	0.505474 	0.270701	-0.0133336 	0.948999
591	48    	0.510356 	0.252746	-0.0171428 	0.948999
592	47    	0.49565  	0.226002	0.126666   	0.948999
593	46    	0.470624 	0.261757	-0.0133334 	0.948999
594	45    	0.47756  	0.286231	-0.016     	0.953405
595	46    	0.488792 	0.239212	0.122715   	0.953405
596	46    	0.43424  	0.264302	-0.015     	0.948999
597	49    	0.459995 	0.222556	0.11603    	0.872257
598	49    	0.472564 	0.241779	-0.01      	0.945114
599	45    	0.469095 	0.238342	-0.016     	0.86148 
600	47    	0.393421 	0.216595	-0.0133334 	0.863975
601	43    	0.489639 	0.230172	0.0985839  	0.909098
602	46    	0.476496 	0.248713	0.0667353  	0.909098
603	48    	0.41639  	0.246193	-0.016     	0.912638
604	46    	0.493469 	0.231645	0.125517   	0.966171
605	47    	0.430839 	0.230929	0.116749   	0.966171
606	46    	0.436734 	0.251664	-0.0177777 	0.966171
607	45    	0.480702 	0.272833	-0.0149999 	0.970913
608	46    	0.456461 	0.283766	0.120619   	0.973091
609	45    	0.555202 	0.292572	0.0920507  	0.982046
610	42    	0.584218 	0.291743	0.110486   	0.984199
611	44    	0.461139 	0.328641	-0.0177778 	0.982046
612	49    	0.388367 	0.235852	-0.015     	0.824842
613	44    	0.483379 	0.226273	0.0907191  	0.901086
614	45    	0.470726 	0.251278	0.0622289  	0.982046
615	46    	0.536065 	0.266768	0.155144   	0.982046
616	48    	0.421787 	0.284585	-0.0171428 	0.912176
617	47    	0.513883 	0.263724	0.0960444  	0.910597
618	45    	0.491078 	0.283586	-0.0166666 	0.910597
619	47    	0.495716 	0.266189	-0.0177778 	0.988314
620	43    	0.531645 	0.278234	0.0995228  	1.06432 
621	48    	0.421888 	0.298612	-0.0175    	1.06432 
622	49    	0.514979 	0.248639	0.153949   	1.06432 
623	45    	0.525294 	0.271785	0.0911078  	0.947962
624	45    	0.499842 	0.285356	-0.0133333 	0.947962
625	48    	0.497814 	0.253849	0.119305   	0.881279
626	44    	0.487816 	0.280848	-0.0133333 	0.977099
627	45    	0.42807  	0.277961	-0.0150002 	0.977099
628	47    	0.411879 	0.241354	0.106161   	0.914427
629	46    	0.448445 	0.251421	-0.0133333 	0.905911
630	44    	0.454039 	0.268675	-0.015     	0.905911
631	48    	0.415743 	0.264074	-0.016     	0.979348
632	47    	0.402805 	0.242373	0.0577011  	0.979348
633	44    	0.40354  	0.236114	0.0771807  	0.979348
634	47    	0.376718 	0.249272	-0.015     	0.979348
635	48    	0.335345 	0.184355	0.109344   	0.889959
636	43    	0.415564 	0.218244	0.090392   	0.813236
637	48    	0.40742  	0.218406	-0.016     	0.859829
638	47    	0.462612 	0.223129	-0.0160001 	0.859904
639	46    	0.395605 	0.227751	-0.0166667 	0.859904
640	46    	0.443964 	0.202514	0.117766   	0.854247
641	45    	0.475086 	0.255933	-0.0166666 	0.86787 
642	46    	0.459428 	0.249777	0.0838899  	0.86787 
643	47    	0.38633  	0.262709	-0.0171429 	0.858583
644	46    	0.383236 	0.235015	-0.0199999 	0.856671
645	43    	0.40681  	0.249138	-0.018     	0.856671
646	44    	0.47795  	0.255608	-0.015     	0.954541
647	47    	0.446938 	0.258712	0.135619   	0.954541
648	46    	0.488917 	0.267792	0.0983379  	0.954541
649	45    	0.468304 	0.282379	0.0666568  	0.954541
650	48    	0.390746 	0.297572	-0.0166667 	0.954541
651	48    	0.337088 	0.250242	-0.0166667 	1.03756 
652	44    	0.432451 	0.265452	-0.0171429 	1.03756 
653	46    	0.398588 	0.2704  	0.0814932  	1.03756 
654	48    	0.445773 	0.254735	-0.018     	0.970591
655	46    	0.450372 	0.261401	-0.0133333 	0.970591
656	47    	0.52252  	0.251463	0.0859449  	0.973612
657	48    	0.437109 	0.260611	0.0754305  	0.977164
658	46    	0.435754 	0.276295	0.0744144  	0.977164
659	43    	0.478163 	0.259462	0.145335   	0.977164
660	48    	0.462512 	0.27487 	-0.0177778 	0.981727
661	41    	0.520043 	0.268505	0.134811   	0.981727
662	47    	0.444161 	0.285456	-0.0166667 	0.977164
663	47    	0.450405 	0.279678	0.0534645  	0.942301
664	49    	0.399108 	0.25774 	-0.0177778 	0.942301
665	44    	0.398235 	0.263522	-0.015     	0.947351
666	43    	0.434437 	0.270725	0.0669455  	0.947351
667	43    	0.460444 	0.299065	0.0744291  	0.942301
668	45    	0.434109 	0.286198	-0.0150003 	0.942301
669	46    	0.414155 	0.272381	0.0781715  	0.947246
670	43    	0.446734 	0.277335	0.090966   	0.947246
671	46    	0.42285  	0.256016	0.102571   	0.869557
672	43    	0.418716 	0.258494	-0.0133334 	0.869557
673	45    	0.461624 	0.282978	-0.0171429 	0.961398
674	41    	0.496715 	0.297691	-0.0159976 	0.961398
675	45    	0.385095 	0.272548	-0.0160001 	0.913813
676	43    	0.413624 	0.269069	0.116903   	0.913813
677	48    	0.402467 	0.254896	-0.015     	0.913813
678	46    	0.412813 	0.25993 	-0.0171428 	0.913813
679	48    	0.368423 	0.194833	-0.0133332 	0.913813
680	46    	0.419357 	0.217211	-0.01      	0.913813
681	44    	0.378783 	0.236285	-0.01      	0.913813
682	47    	0.440722 	0.247066	-0.0171429 	0.871878
683	46    	0.302973 	0.223425	-0.0166667 	0.871878
684	43    	0.356936 	0.21817 	-0.0133333 	0.871878
685	46    	0.399018 	0.21113 	-0.01      	0.871878
686	43    	0.385978 	0.241812	-0.0166667 	0.867976
687	43    	0.38446  	0.228681	0.0684779  	0.874962
688	47    	0.361948 	0.21506 	-0.0166666 	0.873039
689	47    	0.365439 	0.197234	-0.0160001 	0.765983
690	46    	0.404308 	0.205746	0.0660664  	0.782277
691	47    	0.366792 	0.211806	0.0757893  	0.856403
692	46    	0.339299 	0.203357	-0.0171429 	0.856403
693	46    	0.340062 	0.221492	-0.0171429 	0.848471
694	47    	0.393567 	0.204652	0.0993439  	0.848471
695	46    	0.414067 	0.222826	-0.015     	0.860376
696	45    	0.345466 	0.205272	0.0576051  	0.860376
697	48    	0.376655 	0.202879	-0.0166667 	0.860376
698	44    	0.413431 	0.223674	0.0660412  	0.860376
699	45    	0.425609 	0.231321	-0.0159999 	0.862619
700	47    	0.366384 	0.211053	0.0861975  	0.860376
701	48    	0.388737 	0.205043	0.0809779  	0.859153
702	45    	0.434589 	0.207709	0.102428   	0.859153
703	45    	0.43923  	0.238894	0.0570668  	0.860138
704	45    	0.421858 	0.230736	-0.016     	0.859153
705	47    	0.420332 	0.223701	0.0814868  	0.859153
706	47    	0.415553 	0.219499	0.129049   	0.857979
707	44    	0.474662 	0.23262 	0.129499   	0.95922 
708	44    	0.443373 	0.25914 	-0.0166666 	0.919307
709	45    	0.452828 	0.259578	-0.0166666 	0.919307
710	46    	0.434459 	0.242228	0.114749   	0.925748
711	46    	0.506745 	0.2369  	0.182543   	0.954104
712	46    	0.454531 	0.248508	0.108266   	0.940155
713	47    	0.489645 	0.24573 	-0.0133333 	0.940155
714	44    	0.463182 	0.253106	0.112854   	0.940155
715	44    	0.431466 	0.264958	-0.016     	0.940155
716	48    	0.424674 	0.261235	0.0747169  	0.938263
717	46    	0.454751 	0.290239	0.0620838  	0.971929
718	47    	0.416026 	0.311531	-0.0181818 	1.04057 
719	47    	0.526293 	0.270209	0.102665   	0.938263
720	48    	0.408471 	0.252374	-0.0175    	0.912422
721	45    	0.432896 	0.234487	-0.02      	0.906886
722	42    	0.489547 	0.27589 	-0.02      	0.947896
723	48    	0.45309  	0.279119	-0.0175001 	1.03189 
724	44    	0.48074  	0.278773	0.0631575  	0.898029
725	47    	0.436411 	0.255788	0.0919859  	0.903701
726	42    	0.503373 	0.239516	0.0907727  	0.904379
727	46    	0.447661 	0.261915	0.163367   	0.963229
728	46    	0.477022 	0.256435	0.164654   	1.00094 
729	47    	0.480602 	0.261933	0.126737   	1.00094 
730	47    	0.452914 	0.27821 	-0.02      	1.00094 
731	48    	0.467538 	0.259181	-0.0133334 	0.979955
732	48    	0.369745 	0.219862	-0.016     	1.05484 
733	47    	0.447337 	0.220225	0.166708   	0.980929
734	45    	0.384346 	0.220479	-0.01      	0.980929
735	47    	0.393302 	0.221794	-0.016     	0.980929
736	43    	0.425406 	0.330012	-1         	0.980929
737	48    	0.386578 	0.231542	0.11441    	0.980929
738	47    	0.451521 	0.235783	0.150986   	0.994066
739	47    	0.419107 	0.209887	0.143139   	0.90934 
740	46    	0.436298 	0.238137	-0.015     	0.974308
741	46    	0.480762 	0.243511	0.131034   	0.974308
742	46    	0.44383  	0.250059	0.144736   	0.974308
743	50    	0.386093 	0.215373	0.0983314  	0.944123
744	45    	0.345196 	0.370732	-1         	0.944123
745	44    	0.428617 	0.365635	-1         	0.944123
746	44    	0.349665 	0.360436	-1         	0.944123
747	48    	0.385344 	0.362074	-1         	0.944123
748	48    	0.355905 	0.291102	-1         	0.944123
749	47    	0.378423 	0.309295	-1         	0.944123
750	48    	0.377973 	0.290617	-1         	0.944123
751	45    	0.452642 	0.24013 	0.133576   	0.873202
752	46    	0.430776 	0.239437	0.154005   	0.910371
753	47    	0.351955 	0.210102	0.118259   	0.87665 
754	45    	0.378347 	0.209621	-0.0175    	0.873202
755	45    	0.412655 	0.243031	0.0718506  	0.920619
756	47    	0.365891 	0.211025	0.115892   	0.920619
757	48    	0.381315 	0.212193	0.101619   	0.859491
758	44    	0.390606 	0.223776	0.11165    	0.859491
759	50    	0.387875 	0.29532 	-1         	0.911086
760	46    	0.40436  	0.267557	-0.02      	0.911086
761	46    	0.445668 	0.266782	0.108132   	0.949022
762	48    	0.388162 	0.242567	-0.0150001 	0.917027
763	46    	0.404506 	0.253576	-0.0166666 	0.887277
764	47    	0.387248 	0.22963 	-0.02      	0.887277
765	47    	0.325276 	0.210682	-0.0171429 	0.864787
766	44    	0.432606 	0.219901	0.168471   	0.93976 
767	46    	0.42164  	0.257802	-0.0171428 	0.904672
768	45    	0.427058 	0.25275 	-0.016     	0.911968
769	47    	0.473996 	0.241868	-0.0171428 	0.864787
770	45    	0.452715 	0.256074	-0.0133333 	0.864787
771	50    	0.42023  	0.240254	0.109905   	0.938509
772	44    	0.462741 	0.28033 	-0.0181817 	0.938509
773	50    	0.456687 	0.271096	0.0534582  	0.898634
774	44    	0.390804 	0.260368	0.0742615  	0.898634
775	47    	0.489665 	0.267904	0.0833665  	0.912899
776	47    	0.388528 	0.290792	-0.0180001 	1.02469 
777	41    	0.492889 	0.281284	-0.0166667 	1.03791 
778	43    	0.458447 	0.290151	0.0694485  	1.04938 
779	45    	0.504841 	0.317937	0.0949014  	1.04938 
780	42    	0.428577 	0.328753	-0.016     	1.04938 
781	47    	0.409059 	0.312168	-0.016     	1.1558  
782	47    	0.414188 	0.332185	-0.0150003 	1.1558  
783	46    	0.444556 	0.34622 	-0.0199999 	1.1558  
784	46    	0.455842 	0.322776	-0.0171428 	1.1558  
785	45    	0.440227 	0.315628	0.0485814  	1.1558  
786	45    	0.461974 	0.295651	0.0737464  	0.978588
787	45    	0.52821  	0.300821	-0.0181818 	0.978588
788	46    	0.429325 	0.274388	0.0746055  	0.980593
789	48    	0.427763 	0.265053	-0.0175    	0.978588
790	48    	0.476466 	0.266461	0.0574602  	0.978588
791	45    	0.47693  	0.28922 	-0.0166667 	0.978588
792	48    	0.429547 	0.267112	0.109466   	0.978588
793	47    	0.408066 	0.2751  	-0.0177778 	0.978588
794	49    	0.432776 	0.253337	-0.0171428 	0.906792
795	49    	0.461092 	0.231875	0.0191536  	0.908218
796	48    	0.402719 	0.266267	-0.018     	0.855851
797	49    	0.468928 	0.227812	0.0924881  	0.848385
798	43    	0.500487 	0.207551	0.115373   	0.848385
799	44    	0.492283 	0.244462	0.139201   	0.978836
800	48    	0.505998 	0.272341	-0.017143  	0.982941
801	45    	0.592827 	0.277212	0.0755027  	1.03294 
802	48    	0.493357 	0.316482	-0.02      	1.13794 
803	43    	0.482504 	0.32628 	-0.0177778 	1.12857 
804	46    	0.443919 	0.332632	0.0397232  	1.06713 
805	49    	0.355493 	0.271276	-0.02      	1.06713 
806	46    	0.47986  	0.252702	0.106836   	1.12857 
807	40    	0.506721 	0.303775	0.0633809  	1.12857 
808	44    	0.451667 	0.307996	-0.0133338 	1.12857 
809	45    	0.493142 	0.283904	0.120213   	1.12857 
810	47    	0.416025 	0.265066	-0.0133333 	1.12857 
811	46    	0.402925 	0.255525	-0.0133334 	1.03294 
812	47    	0.455169 	0.250542	0.159185   	1.0595  
813	49    	0.378344 	0.268906	-0.0181819 	1.0595  
814	42    	0.47811  	0.301934	0.112624   	1.0595  
815	45    	0.44762  	0.316962	0.0783992  	1.0595  
816	47    	0.359917 	0.278916	-0.0199999 	1.0595  
817	44    	0.505615 	0.319818	-0.0177777 	0.998608
818	45    	0.445751 	0.293566	0.0411791  	1.00283 
819	45    	0.404468 	0.295808	-0.017143  	1.07475 
820	44    	0.511242 	0.313654	-0.015     	0.998608
821	46    	0.442264 	0.303216	-0.0175    	1.05948 
822	49    	0.327583 	0.234536	-0.0177778 	0.959524
823	48    	0.334241 	0.350965	-1         	0.92445 
824	50    	0.396004 	0.19807 	0.10593    	0.987098
825	48    	0.432801 	0.212986	0.106659   	0.972631
826	45    	0.431764 	0.247505	0.107599   	0.972631
827	44    	0.432646 	0.262825	0.129424   	0.972631
828	43    	0.459994 	0.273966	0.0590089  	0.972631
829	43    	0.436291 	0.299379	-0.0133337 	0.972631
830	46    	0.379483 	0.257105	-0.0181818 	0.972631
831	45    	0.447292 	0.263009	-0.0133338 	0.972631
832	48    	0.410049 	0.21223 	-0.02      	0.907644
833	49    	0.410337 	0.202546	-0.0171428 	0.882765
834	50    	0.364878 	0.201446	-0.016     	0.779472
835	49    	0.410808 	0.187314	0.0664286  	0.829073
836	45    	0.460143 	0.213382	-0.018     	0.829716
837	48    	0.428322 	0.21383 	-0.015     	0.843176
838	45    	0.488147 	0.248168	-0.0110212 	0.904734
839	44    	0.482237 	0.270473	-0.018     	1.04561 
840	44    	0.516684 	0.297518	0.0647668  	1.04561 
841	45    	0.4588   	0.294837	-0.0150001 	0.975868
842	43    	0.459548 	0.261879	0.12004    	0.975868
843	49    	0.400357 	0.235437	-0.0133333 	0.904734
844	46    	0.460939 	0.221525	0.139524   	1.04561 
845	48    	0.442283 	0.23729 	-0.0133333 	0.881909
846	44    	0.433446 	0.217689	0.0631322  	0.881909
847	50    	0.408656 	0.280559	-1         	0.969506
848	48    	0.383165 	0.239735	-0.016657  	1.07535 
849	48    	0.436514 	0.242663	0.0968869  	0.980954
850	46    	0.451721 	0.262837	-0.0166666 	0.991968
851	46    	0.391977 	0.224911	-0.0166667 	0.935068
852	44    	0.493621 	0.225405	-0.0175    	0.97762 
853	43    	0.451786 	0.253322	-0.0160001 	0.992945
854	45    	0.467214 	0.27862 	0.127266   	1.01737 
855	46    	0.478904 	0.295636	-0.0160001 	1.01737 
856	45    	0.426833 	0.285885	-0.0166668 	1.01737 
857	44    	0.446872 	0.312092	-0.016     	1.01737 
858	50    	0.318102 	0.190264	-0.0160001 	0.869812
859	47    	0.4077   	0.225055	-0.0133333 	0.910868
860	41    	0.384324 	0.22379 	0.0787358  	0.944565
861	48    	0.380856 	0.19804 	0.0803371  	0.891539
862	43    	0.382753 	0.20018 	-0.015     	0.891539
863	48    	0.390779 	0.201938	0.0743546  	0.891539
864	45    	0.388827 	0.222461	-0.0166667 	0.891539
865	46    	0.389044 	0.225649	-0.0166667 	1.01737 
866	45    	0.360431 	0.239128	-0.0166666 	1.01737 
867	43    	0.502678 	0.277098	0.106426   	1.01737 
868	47    	0.40014  	0.292334	-0.0171428 	1.01737 
869	46    	0.450027 	0.269194	-0.0133332 	0.994054
870	48    	0.339186 	0.247683	-0.0177778 	0.973596
871	46    	0.421505 	0.216274	0.112407   	0.860233
872	49    	0.425107 	0.219105	-0.0160001 	0.948284
873	42    	0.4329   	0.261649	-0.02      	0.948284
874	43    	0.526512 	0.279337	-0.0159966 	0.948284
875	46    	0.463606 	0.275666	0.12862    	0.948284
876	47    	0.440032 	0.263164	-0.016     	0.941742
877	47    	0.449781 	0.261841	0.0837232  	0.941742
878	44    	0.434576 	0.248917	0.0898025  	0.941742
879	46    	0.460587 	0.259004	-0.0177778 	0.965824
880	47    	0.465403 	0.237874	0.112855   	0.93771 
881	46    	0.46853  	0.290208	-0.0159999 	0.976772
882	44    	0.471689 	0.28055 	-0.0171428 	1.04133 
883	46    	0.444388 	0.300012	-0.016     	0.981284
884	45    	0.473437 	0.301483	-0.02      	0.981284
885	49    	0.418318 	0.28942 	0.0514705  	0.984501
886	47    	0.482734 	0.26739 	0.0564135  	0.987999
887	47    	0.375982 	0.241441	-0.0175    	0.938599
888	45    	0.414505 	0.241854	0.132293   	0.938599
889	47    	0.422884 	0.262716	-0.0133333 	0.938599
890	48    	0.430605 	0.2872  	-0.0171428 	1.04133 
891	45    	0.428934 	0.335043	-1         	0.940244
892	44    	0.400641 	0.252981	-0.016     	0.940244
893	48    	0.329192 	0.286046	-1         	0.949463
894	46    	0.382277 	0.302871	-1         	0.987584
895	47    	0.288058 	0.330321	-1         	0.987584
896	48    	0.351943 	0.290943	-1         	0.987584
897	46    	0.372936 	0.278814	-1         	0.987584
898	44    	0.345803 	0.34478 	-1         	0.850279
899	47    	0.389504 	0.181152	0.114556   	0.787711
900	47    	0.362944 	0.185314	-0.0133338 	0.787711
901	46    	0.35971  	0.337149	-1         	0.787711
902	46    	0.37158  	0.177092	0.158668   	0.787711
903	46    	0.380982 	0.155222	0.190574   	0.787711
904	46    	0.346674 	0.257462	-1         	0.891386
905	46    	0.371212 	0.191374	0.146038   	0.891386
906	47    	0.333482 	0.170763	0.134552   	0.891386
907	43    	0.431279 	0.226594	0.191258   	0.891386
908	46    	0.323312 	0.190772	-0.01      	0.891386
909	47    	0.353807 	0.159456	0.187037   	0.891386
910	47    	0.329788 	0.139894	-0.0166667 	0.700332
911	42    	0.371374 	0.13624 	0.169432   	0.700332
912	47    	0.375302 	0.178477	-0.0166667 	0.776593
913	48    	0.368669 	0.169222	-0.0166667 	0.776593
914	46    	0.368392 	0.167554	0.127801   	0.776593
915	46    	0.343427 	0.176405	-0.0171428 	0.752941
916	45    	0.37087  	0.175002	-0.0133333 	0.761363
917	45    	0.377177 	0.18022 	0.103694   	0.803953
918	48    	0.357113 	0.175557	0.076977   	0.803953
919	46    	0.38842  	0.184403	-0.0133334 	0.820884
920	47    	0.387135 	0.198112	-0.0160001 	0.820884
921	46    	0.406381 	0.196434	0.109432   	0.820884
922	48    	0.363394 	0.192006	0.0994201  	0.828126
923	47    	0.368209 	0.257387	-1         	0.76355 
924	44    	0.41791  	0.192374	-0.015     	0.76355 
925	46    	0.440752 	0.171732	0.106329   	0.728498
926	46    	0.419884 	0.197308	0.121176   	0.76832 
927	44    	0.422328 	0.21909 	-0.0133333 	0.845795
928	43    	0.460178 	0.223516	0.0468158  	0.845795
929	45    	0.403497 	0.21348 	0.0301473  	0.820497
930	45    	0.397399 	0.200811	-0.0166665 	0.783318
931	48    	0.338893 	0.196872	-0.0174998 	0.833627
932	49    	0.334518 	0.167947	0.0583908  	0.764913
933	46    	0.4093   	0.150811	0.127184   	0.739946
934	45    	0.3757   	0.2788  	-1         	0.763266
935	46    	0.31629  	0.264188	-1         	0.763266
936	43    	0.404912 	0.200032	0.131299   	0.831514
937	45    	0.394168 	0.225582	0.0664125  	0.831514
938	48    	0.347106 	0.211116	0.0748642  	0.831514
939	49    	0.346876 	0.283879	-1         	0.817713
940	47    	0.350247 	0.183246	-0.0150001 	0.796836
941	45    	0.376868 	0.202976	-0.02      	0.817147
942	45    	0.345197 	0.204241	-0.0177778 	0.817147
943	47    	0.373335 	0.221687	-0.0175    	0.817147
944	45    	0.464763 	0.249642	-0.015     	0.817147
945	49    	0.389784 	0.237504	0.0590523  	0.902574
946	46    	0.412691 	0.255037	-0.02      	0.902574
947	46    	0.394003 	0.261984	-0.0181818 	0.975725
948	45    	0.449182 	0.273834	-0.0171429 	0.975725
949	46    	0.336868 	0.245407	-0.0181818 	0.975725
950	48    	0.367407 	0.199868	-0.0175    	0.805942
951	42    	0.426962 	0.227223	-0.0200001 	0.874647
952	46    	0.386898 	0.219191	0.0898454  	0.874647
953	47    	0.415111 	0.240853	0.0750627  	0.979932
954	47    	0.454941 	0.292398	-0.0181819 	1.02316 
955	49    	0.41043  	0.304273	-0.018     	1.02112 
956	43    	0.410977 	0.325419	-0.0133333 	1.04012 
957	46    	0.463343 	0.289481	-0.016     	1.02112 
958	45    	0.449505 	0.269681	-0.0175    	0.974583
959	41    	0.444443 	0.26369 	0.0625102  	0.974583
960	45    	0.470925 	0.242849	0.148569   	0.974583
961	45    	0.466771 	0.251397	0.108038   	1.03863 
962	47    	0.483535 	0.276727	0.0614878  	1.03863 
963	45    	0.454976 	0.303341	0.0865746  	1.03863 
964	43    	0.471176 	0.31292 	-0.0177778 	1.10724 
965	47    	0.435852 	0.279373	0.126233   	1.10724 
966	50    	0.527727 	0.261404	0.181951   	1.08137 
967	48    	0.427784 	0.253399	0.119007   	1.02112 
968	42    	0.474397 	0.292726	0.100237   	1.02112 
969	44    	0.577412 	0.305272	0.0599364  	1.02144 
970	45    	0.510563 	0.318724	-0.02      	1.02144 
971	45    	0.433554 	0.263265	0.0749187  	1.02112 
972	48    	0.436585 	0.233953	-0.0133332 	1.02112 
973	44    	0.476018 	0.284824	0.0852703  	1.10724 
974	48    	0.450104 	0.312478	-0.0175    	1.10503 
975	47    	0.465113 	0.303664	0.0861917  	1.10382 
976	46    	0.441634 	0.307129	-0.016     	1.02216 
977	44    	0.510954 	0.308103	-0.0133332 	1.02216 
978	43    	0.478222 	0.317448	0.0549494  	1.02216 
979	47    	0.487642 	0.311822	0.0630091  	1.02216 
980	46    	0.464495 	0.293766	0.100824   	1.02216 
981	47    	0.417448 	0.316432	-0.0166666 	1.02216 
982	46    	0.352354 	0.243188	-0.0166667 	0.966428
983	48    	0.354008 	0.213252	0.0854588  	0.90378 
984	45    	0.363675 	0.220912	0.0895458  	0.90378 
985	45    	0.410054 	0.260151	0.0782709  	0.90378 
986	43    	0.40602  	0.290773	-0.0166666 	0.980992
987	43    	0.496982 	0.265243	-0.016     	0.980992
988	46    	0.506923 	0.283848	0.110978   	0.980992
989	46    	0.412618 	0.271202	-0.0171429 	0.974045
990	46    	0.454336 	0.283861	0.105507   	0.945812
991	47    	0.44633  	0.252681	0.108567   	0.905466
992	45    	0.497565 	0.26819 	0.10754    	0.969945
993	47    	0.480313 	0.250058	0.162743   	0.969945
994	49    	0.43491  	0.225362	0.128555   	0.899114
995	48    	0.386767 	0.187151	0.105728   	0.830679
996	46    	0.445024 	0.182231	0.0463946  	0.742386
997	47    	0.38014  	0.250136	-1         	0.755563
998	49    	0.381993 	0.192692	-0.015     	0.860241
999	47    	0.435279 	0.209913	0.0996017  	0.844588
1000	46    	0.400929 	0.228168	0.0991385  	0.860241
Best individuals:
(1.1558024906858773,) 	-->	 /*9*/DDDLRLFBRFLUUUU
VMNeuronManager.autoload: Neuro classes added: Delay Light Nn PIDP PIDV SeeLight SeeLight2 S0 S1 Thr 
UserScripts.autoload: 19 user scripts added.
Simulator.load: Loading from 'eval-allcriteria.sim'
Loader.load: Comments read from file follow:
Loader.load:  Sample settings for evaluating many criteria of performance of a Framsticks creature.
Loader.load:  See the "evalcount" parameter if you want to speed the evaluation up or have a more stable result.
Loader.load:  Other important parameters are "Energy0" and "perfperiod".
Loader.load:  Put this file in the "data" subdirectory within the Framsticks distribution.
Simulator.load: Settings loaded from 'eval-allcriteria.sim'
Simulator.load: Loading from 'deterministic.sim'
Loader.load: Comments read from file follow:
Loader.load:  Parameter values that make the evaluation of a Framsticks creature deterministic.
Loader.load:  The values turn off random noise, so evaluation of the same genotype will always yield the same performance.
Loader.load:  The advantage is that you do not need to evaluate a genotype many times, and performance values are reliable.
Loader.load:  The disadvantage is that evolved creatures are "overfitting", i.e. rely entirely on the specific environment,
Loader.load:  and their behavior may be different in any other environment or (even slightly) changed conditions or parameter values,
Loader.load:  so each creature evolved using these settings must be later inspected using exactly the same setup.
Loader.load: 
Loader.load:  Before loading this file, load base settings, e.g. "eval-allcriteria.sim".
Loader.load:  Put this file in the "data" subdirectory within the Framsticks distribution.
Simulator.load: Settings loaded from 'deterministic.sim'
Simulator.load: Loading from 'sample-period-2.sim'
Loader.load: Comments read from file follow:
Loader.load:  Very low "performance sampling period" in the first population to sample performance very often during lifespan
Loader.load:  and avoid overlooking some behavior. Averaged performance of sampled values is returned as the final value.
Loader.load:  See http://www.framsticks.com/a/al_params.html#exper-perfcalc
Loader.load: 
Loader.load:  Before loading this file, load base settings, e.g. "eval-allcriteria.sim".
Loader.load:  Put this file in the "data" subdirectory within the Framsticks distribution.
Simulator.load: Loading from 'f9-mut-010.sim'
Simulator.load: Settings loaded from 'f9-mut-010.sim'
