gen	nevals	avg     	stddev	min     	max     
0  	50    	0.218369	0     	0.218369	0.218369
1  	46    	0.0329874	0.0895654	-0.0150001	0.306831
2  	48    	0.0767873	0.122962 	-0.0166667	0.514444
3  	46    	0.108335 	0.132654 	-0.02     	0.427762
4  	49    	0.112815 	0.135028 	-0.02     	0.441289
5  	45    	0.181017 	0.178572 	-0.0171429	0.812825
6  	45    	0.190828 	0.1599   	-0.02     	0.514348
7  	48    	0.179271 	0.169203 	-0.02     	0.705984
8  	50    	0.212191 	0.157141 	-0.0166667	0.812308
9  	45    	0.193597 	0.158051 	-0.02     	0.591787
10 	44    	0.230706 	0.193411 	-0.02     	0.591787
11 	47    	0.216011 	0.184161 	-0.0171429	0.591787
12 	49    	0.206804 	0.15724  	-0.0175   	0.591787
13 	47    	0.255462 	0.121042 	-0.0166663	0.583187
14 	45    	0.270688 	0.15123  	-0.016    	0.583187
15 	46    	0.255724 	0.178076 	-0.02     	0.583187
16 	49    	0.217562 	0.162293 	-0.0175001	0.574942
17 	47    	0.218005 	0.17104  	-0.02     	0.812308
18 	45    	0.234165 	0.13889  	-0.0174999	0.516455
19 	49    	0.227798 	0.144008 	-0.02     	0.574686
20 	48    	0.197692 	0.153711 	-0.02     	0.581238
21 	47    	0.211184 	0.138135 	-0.02     	0.532187
22 	45    	0.240367 	0.11205  	-0.0175001	0.532187
23 	44    	0.255056 	0.139362 	-0.02     	0.532187
24 	47    	0.217873 	0.150075 	-0.02     	0.532187
25 	49    	0.233366 	0.136915 	-0.02     	0.511638
26 	47    	0.260421 	0.127856 	-0.02     	0.624068
27 	47    	0.250005 	0.130153 	-0.0171429	0.614518
28 	48    	0.265707 	0.150297 	-0.02     	0.687824
29 	46    	0.264202 	0.190378 	-0.02     	0.687824
30 	46    	0.261487 	0.176529 	-0.0199999	0.730095
31 	43    	0.26299  	0.191117 	-0.02     	0.687824
32 	42    	0.285972 	0.174647 	-0.02     	0.614355
33 	47    	0.289398 	0.168074 	-0.0171428	0.703401
34 	47    	0.223471 	0.152897 	-0.0177778	0.646119
35 	48    	0.250267 	0.1727   	-0.0177775	0.646119
36 	44    	0.262958 	0.161299 	-0.02     	0.646119
37 	46    	0.242916 	0.17649  	-0.0199999	0.804601
38 	47    	0.255354 	0.162571 	-0.02     	0.804601
39 	45    	0.279371 	0.180531 	-0.0166667	0.811396
40 	49    	0.227045 	0.172658 	-0.02     	0.551611
41 	42    	0.268075 	0.142734 	-0.0160002	0.56102 
42 	45    	0.260843 	0.161872 	-0.0199998	0.719032
43 	46    	0.26593  	0.173295 	-0.0166667	0.719032
44 	48    	0.26921  	0.148815 	-0.0175   	0.698182
45 	49    	0.219814 	0.128602 	-0.02     	0.47391 
46 	47    	0.256753 	0.10083  	-0.0171428	0.431538
47 	45    	0.237345 	0.120989 	-0.0166667	0.435829
48 	44    	0.227281 	0.12773  	-0.0199999	0.431538
49 	48    	0.232431 	0.128688 	-0.0174999	0.555863
50 	45    	0.265751 	0.131687 	-0.0199999	0.555863
51 	40    	0.288166 	0.155979 	-0.018    	0.617722
52 	46    	0.250296 	0.153911 	-0.0200001	0.617722
53 	50    	0.229438 	0.124347 	-0.02     	0.585587
54 	47    	0.301589 	0.159503 	-0.02     	0.653486
55 	46    	0.209285 	0.16583  	-0.02     	0.576518
56 	48    	0.256775 	0.152643 	-0.02     	0.581364
57 	42    	0.27709  	0.175628 	-0.02     	0.692801
58 	46    	0.260982 	0.16357  	-0.02     	0.595055
59 	48    	0.213816 	0.147614 	-0.02     	0.595055
60 	41    	0.227368 	0.167814 	-0.02     	0.583187
61 	48    	0.216266 	0.181473 	-0.02     	0.583036
62 	46    	0.184694 	0.176409 	-0.0166667	0.583036
63 	46    	0.21481  	0.172997 	-0.0171428	0.581352
64 	46    	0.164932 	0.15861  	-0.0177778	0.581352
65 	46    	0.201158 	0.146685 	-0.0171429	0.581352
66 	44    	0.197218 	0.16487  	-0.02     	0.581352
67 	45    	0.223434 	0.179947 	-0.02     	0.59681 
68 	43    	0.254243 	0.20906  	-0.02     	0.813708
69 	48    	0.166421 	0.189677 	-0.02     	0.813708
70 	45    	0.209342 	0.209196 	-0.02     	0.813708
71 	45    	0.203469 	0.233946 	-0.02     	0.813708
72 	46    	0.170434 	0.201684 	-0.02     	0.813708
73 	48    	0.158386 	0.155734 	-0.02     	0.558238
74 	47    	0.16134  	0.175697 	-0.02     	0.556773
75 	48    	0.172404 	0.147482 	-0.02     	0.514611
76 	47    	0.169708 	0.161091 	-0.02     	0.583103
77 	48    	0.209225 	0.158642 	-0.02     	0.582942
78 	43    	0.239671 	0.163769 	-0.02     	0.583807
79 	47    	0.240593 	0.160109 	-0.0171428	0.616522
80 	45    	0.295863 	0.162625 	-0.02     	0.616522
81 	43    	0.282388 	0.199617 	-0.02     	0.616522
82 	44    	0.244394 	0.196378 	-0.02     	0.616522
83 	40    	0.273766 	0.19606  	-0.02     	0.616522
84 	49    	0.259222 	0.155345 	-0.02     	0.616522
85 	44    	0.251875 	0.171518 	-0.0177778	0.636848
86 	49    	0.253648 	0.163662 	-0.0166667	0.636848
87 	44    	0.238376 	0.141294 	-0.0171428	0.636848
88 	46    	0.297797 	0.151334 	-0.0171429	0.692774
89 	49    	0.288239 	0.103351 	0.0731324 	0.636848
90 	48    	0.277228 	0.104317 	-0.0133334	0.546356
91 	48    	0.269862 	0.110849 	-0.0166666	0.594895
92 	45    	0.313375 	0.103666 	0.0645532 	0.594895
93 	47    	0.266825 	0.119036 	-0.02     	0.508318
94 	49    	0.267414 	0.100625 	-0.0177776	0.445643
95 	48    	0.230949 	0.121945 	-0.0179927	0.486045
96 	47    	0.277553 	0.131081 	-0.016    	0.641761
97 	45    	0.296274 	0.162361 	-0.0177778	0.730683
98 	46    	0.283389 	0.14155  	-0.0166667	0.641761
99 	47    	0.241693 	0.140572 	-0.0177778	0.614684
100	46    	0.235232 	0.149196 	-0.0174999	0.622744
101	47    	0.253506 	0.132903 	-0.016    	0.735594
102	42    	0.287358 	0.124717 	-0.0183333	0.468029
103	49    	0.283275 	0.123504 	-0.0175   	0.647929
104	44    	0.268337 	0.162158 	-0.02     	0.65464 
105	43    	0.313234 	0.178485 	-0.0218182	0.65464 
106	43    	0.286879 	0.17505  	-0.02     	0.65464 
107	45    	0.304013 	0.160779 	-0.0166667	0.660236
108	47    	0.257997 	0.163093 	-0.0181818	0.660236
109	44    	0.257666 	0.137329 	-0.0171429	0.660236
110	48    	0.227458 	0.132505 	-0.0175   	0.660236
111	43    	0.265902 	0.140407 	-0.02     	0.760835
112	43    	0.282309 	0.136417 	0.0978557 	0.660236
113	47    	0.249715 	0.135456 	-0.0175   	0.660236
114	46    	0.228239 	0.141879 	-0.02     	0.515708
115	46    	0.268564 	0.155425 	-0.0175   	0.594114
116	45    	0.24103  	0.118346 	-0.0166667	0.560658
117	49    	0.246842 	0.157066 	-0.02     	0.731335
118	44    	0.249598 	0.165085 	-0.0171428	0.731335
119	49    	0.239102 	0.15316  	-0.02     	0.583096
120	45    	0.252805 	0.151803 	-0.02     	0.583096
121	48    	0.239551 	0.144107 	-0.0175   	0.580978
122	47    	0.279723 	0.127751 	-0.015    	0.653733
123	45    	0.28154  	0.11817  	-0.018    	0.527732
124	47    	0.283848 	0.140949 	-0.02     	0.622262
125	42    	0.270221 	0.172744 	-0.0181818	0.622262
126	45    	0.307046 	0.139251 	0.081048  	0.622262
127	45    	0.302568 	0.159011 	-0.02     	0.622262
128	50    	0.273515 	0.131398 	-0.01     	0.614566
129	48    	0.296234 	0.115506 	0.0842712 	0.62457 
130	47    	0.290303 	0.136693 	-0.0181818	0.580112
131	42    	0.298474 	0.155742 	-0.02     	0.580112
132	49    	0.241625 	0.146947 	-0.018    	0.580112
133	45    	0.234458 	0.17254  	-0.02     	0.582212
134	50    	0.214789 	0.147129 	-0.0199999	0.615921
135	46    	0.220787 	0.133793 	-0.02     	0.580112
136	47    	0.262627 	0.130188 	-0.0175   	0.647994
137	44    	0.253342 	0.158371 	-0.02     	0.580112
138	48    	0.200005 	0.159869 	-0.02     	0.623373
139	46    	0.203139 	0.138532 	-0.02     	0.623373
140	44    	0.280873 	0.124577 	-0.02     	0.623373
141	47    	0.242559 	0.132974 	-0.015    	0.623373
142	46    	0.273612 	0.130109 	-0.015    	0.656743
143	49    	0.244713 	0.136051 	-0.0181818	0.559305
144	49    	0.215203 	0.12278  	-0.02     	0.439502
145	46    	0.269396 	0.124739 	-0.0149998	0.674808
146	46    	0.290304 	0.117764 	-0.02     	0.534567
147	46    	0.24497  	0.138251 	-0.02     	0.698473
148	45    	0.289687 	0.12438  	-0.0133333	0.698473
149	45    	0.294325 	0.16891  	-0.02     	0.698473
150	46    	0.329304 	0.165213 	-0.018    	0.698473
151	44    	0.275078 	0.195595 	-0.0177778	0.698473
152	46    	0.276684 	0.141181 	-0.02     	0.642764
153	46    	0.25244  	0.143905 	-0.02     	0.642764
154	42    	0.288739 	0.126226 	0.0830991 	0.64403 
155	45    	0.292874 	0.145294 	-0.0175   	0.64403 
156	44    	0.273411 	0.168507 	-0.02     	0.64403 
157	49    	0.254153 	0.139915 	-0.02     	0.586835
158	46    	0.309534 	0.152406 	-0.0150001	0.648857
159	47    	0.268516 	0.135324 	-0.02     	0.648857
160	44    	0.286001 	0.177249 	-0.0177778	0.731624
161	47    	0.25697  	0.156603 	-0.0175   	0.702077
162	42    	0.300359 	0.17489  	-0.02     	0.747748
163	44    	0.268512 	0.170677 	-0.0174999	0.747748
164	49    	0.234471 	0.153735 	-0.02     	0.545871
165	45    	0.258945 	0.186227 	-0.02     	0.701567
166	44    	0.275821 	0.178613 	-0.0200001	0.726519
167	46    	0.278075 	0.175906 	-0.02     	0.731273
168	49    	0.26586  	0.15884  	-0.0171429	0.706431
169	44    	0.229623 	0.178185 	-0.02     	0.708903
170	47    	0.214991 	0.15466  	-0.0199999	0.690626
171	45    	0.26085  	0.161155 	-0.02     	0.60816 
172	48    	0.232395 	0.13421  	-0.018    	0.60816 
173	44    	0.27132  	0.157771 	-0.018    	0.655345
174	47    	0.252151 	0.120649 	-0.0166665	0.561647
175	43    	0.229593 	0.138239 	-0.0200001	0.561647
176	44    	0.258441 	0.126401 	-0.0174999	0.706046
177	48    	0.261633 	0.138628 	-0.0166666	0.706046
178	46    	0.248827 	0.170276 	-0.0200001	0.706515
179	47    	0.230027 	0.16479  	-0.0175   	0.706515
180	44    	0.264707 	0.176953 	-0.0171429	0.706515
181	46    	0.268732 	0.164041 	-0.0171429	0.706515
182	48    	0.223153 	0.184112 	-0.0171429	0.690878
183	46    	0.236209 	0.16757  	-0.02     	0.696511
184	48    	0.223242 	0.170385 	-0.0199999	0.59515 
185	47    	0.246265 	0.170082 	-0.0171429	0.59515 
186	44    	0.261118 	0.208868 	-0.02     	0.642388
187	47    	0.211135 	0.167475 	-0.0171429	0.642388
188	46    	0.239732 	0.182029 	-0.0177779	0.642388
189	47    	0.212889 	0.18824  	-0.0175   	0.650493
190	46    	0.252895 	0.154247 	-0.02     	0.576057
191	45    	0.233034 	0.169427 	-0.0171429	0.576057
192	47    	0.218244 	0.169429 	-0.0171429	0.613455
193	50    	0.231903 	0.174065 	-0.02     	0.613422
194	48    	0.209405 	0.174267 	-0.02     	0.616813
195	42    	0.207216 	0.173393 	-0.02     	0.616813
196	49    	0.242822 	0.137234 	-0.0160002	0.594009
197	48    	0.220432 	0.158225 	-0.02     	0.654763
198	47    	0.199845 	0.146979 	-0.02     	0.610715
199	48    	0.233348 	0.138263 	-0.018    	0.583103
200	47    	0.201249 	0.154422 	-0.02     	0.560906
201	48    	0.205707 	0.15686  	-0.02     	0.560906
202	45    	0.24813  	0.136188 	-0.0177778	0.560906
203	47    	0.217827 	0.131201 	-0.0171428	0.561527
204	47    	0.260428 	0.119931 	-0.0166667	0.561527
205	46    	0.24641  	0.150664 	-0.02     	0.560064
206	47    	0.224861 	0.189915 	-0.02     	0.727688
207	43    	0.279912 	0.187428 	-0.0166667	0.727688
208	48    	0.219649 	0.145904 	-0.02     	0.515766
209	44    	0.233637 	0.175014 	-0.02     	0.614837
210	44    	0.23394  	0.172902 	-0.02     	0.614837
211	46    	0.234916 	0.144063 	-0.02     	0.614837
212	45    	0.257898 	0.165186 	-0.0166652	0.614908
213	48    	0.243119 	0.166992 	-0.0166667	0.702292
214	50    	0.173197 	0.151122 	-0.0171428	0.604877
215	46    	0.251037 	0.152943 	-0.02     	0.604877
216	47    	0.275094 	0.128404 	-0.0171429	0.604877
217	44    	0.249809 	0.168531 	-0.02     	0.615148
218	47    	0.279592 	0.156302 	-0.0166667	0.614007
219	44    	0.304333 	0.16332  	-0.0166667	0.608447
220	49    	0.275575 	0.139256 	-0.02     	0.580679
221	47    	0.268614 	0.1337   	-0.0171429	0.5729  
222	47    	0.271317 	0.0996962	0.0852139 	0.614433
223	42    	0.31348  	0.151862 	0.0726053 	0.614433
224	45    	0.287863 	0.193011 	-0.02     	0.614433
225	47    	0.235031 	0.135272 	-0.0177778	0.614433
226	48    	0.230237 	0.12508  	-0.0177778	0.559367
227	46    	0.249794 	0.157585 	-0.02     	0.615916
228	49    	0.2284   	0.13095  	-0.02     	0.615916
229	45    	0.275823 	0.127375 	-0.0159969	0.581161
230	47    	0.255124 	0.141156 	-0.0200001	0.51674 
231	45    	0.261725 	0.128806 	-0.0171428	0.457957
232	44    	0.25724  	0.144062 	-0.0177777	0.569454
233	44    	0.267611 	0.16124  	-0.02     	0.694751
234	48    	0.227177 	0.168607 	-0.0171429	0.540473
235	43    	0.252693 	0.146442 	-0.02     	0.540473
236	44    	0.257301 	0.160242 	-0.0199999	0.635142
237	45    	0.266114 	0.157109 	-0.02     	0.592473
238	45    	0.289187 	0.166593 	-0.0177778	0.593804
239	46    	0.277381 	0.163436 	-0.0199999	0.723547
240	47    	0.281914 	0.155465 	-0.02     	0.723547
241	48    	0.27264  	0.150668 	-0.0160001	0.723547
242	46    	0.332178 	0.157219 	-0.02     	0.732109
243	46    	0.282706 	0.127862 	-0.02     	0.576399
244	46    	0.24177  	0.157002 	-0.02     	0.576399
245	44    	0.287291 	0.133352 	-0.0175   	0.576399
246	45    	0.28132  	0.184745 	-0.0166667	0.812977
247	45    	0.245231 	0.177969 	-0.0175   	0.622029
248	47    	0.327165 	0.139286 	-0.0166667	0.632239
249	48    	0.27625  	0.151439 	-0.02     	0.628397
250	47    	0.302683 	0.141925 	-0.016    	0.628397
251	48    	0.259068 	0.151765 	-0.0149999	0.703608
252	48    	0.27374  	0.162668 	-0.02     	0.703608
253	45    	0.319172 	0.179442 	-0.02     	0.733723
254	47    	0.244097 	0.178888 	-0.02     	0.704954
255	44    	0.247816 	0.166344 	-0.02     	0.704954
256	46    	0.285558 	0.199648 	-0.0175   	0.704954
257	50    	0.252529 	0.186911 	-0.0199998	0.705141
258	48    	0.212836 	0.18347  	-0.0171429	0.705141
259	44    	0.219284 	0.178643 	-0.0181818	0.705141
260	48    	0.268304 	0.176466 	-0.02     	0.705141
261	45    	0.232664 	0.163017 	-0.0171429	0.705141
262	49    	0.165592 	0.116406 	-0.0233333	0.465227
263	47    	0.254873 	0.128815 	-0.02     	0.573146
264	47    	0.246312 	0.116891 	-0.02     	0.573146
265	41    	0.280807 	0.158766 	-0.0175   	0.785432
266	48    	0.226036 	0.14869  	-0.0171429	0.599376
267	46    	0.283615 	0.162573 	-0.0166666	0.594058
268	48    	0.200265 	0.170029 	-0.02     	0.583036
269	48    	0.200306 	0.142834 	-0.0175   	0.583036
270	38    	0.301567 	0.171266 	-0.0175   	0.703852
271	42    	0.249526 	0.198789 	-0.0171429	0.703852
272	49    	0.240698 	0.205022 	-0.0171429	0.811396
273	45    	0.232366 	0.208359 	-0.02     	0.811396
274	42    	0.247075 	0.232709 	-0.02     	0.811396
275	49    	0.223514 	0.201982 	-0.0171429	0.811396
276	45    	0.195344 	0.163177 	-0.02     	0.811396
277	48    	0.239898 	0.154634 	-0.02     	0.811396
278	47    	0.194513 	0.139921 	-0.0175   	0.431744
279	43    	0.231538 	0.14376  	-0.02     	0.646478
280	48    	0.202007 	0.133333 	-0.02     	0.543615
281	48    	0.223183 	0.169261 	-0.0177778	0.636506
282	45    	0.215929 	0.173266 	-0.0171429	0.636506
283	47    	0.187934 	0.141703 	-0.02     	0.543615
284	43    	0.261533 	0.145646 	-0.02     	0.65177 
285	45    	0.270808 	0.157635 	-0.02     	0.65177 
286	44    	0.263716 	0.175119 	-0.02     	0.65177 
287	44    	0.284109 	0.183712 	-0.02     	0.65177 
288	44    	0.295967 	0.179782 	-0.018    	0.833256
289	46    	0.325321 	0.194332 	-0.0225   	0.833256
290	44    	0.296289 	0.210821 	-0.02     	0.833256
291	46    	0.287423 	0.187586 	-0.0175   	0.753189
292	47    	0.286373 	0.164078 	-0.0120008	0.753189
293	41    	0.311941 	0.190334 	-0.0177778	0.753189
294	47    	0.297391 	0.172973 	-0.01     	0.757571
295	47    	0.271973 	0.148796 	-0.0199999	0.657045
296	46    	0.282592 	0.135344 	-0.0171429	0.657045
297	45    	0.268303 	0.130363 	-0.02     	0.657045
298	43    	0.293537 	0.160701 	-0.0171428	0.657045
299	43    	0.3123   	0.161996 	0.0578269 	0.657045
300	49    	0.241066 	0.129956 	-0.018    	0.657045
301	49    	0.23713  	0.115355 	-0.02     	0.570923
302	47    	0.274206 	0.116875 	-0.016    	0.588224
303	45    	0.283415 	0.134211 	-0.0171429	0.588224
304	47    	0.304354 	0.115828 	0.087825  	0.588224
305	48    	0.298493 	0.127571 	-0.02     	0.55306 
306	46    	0.287103 	0.124824 	-0.0171429	0.55306 
307	47    	0.303542 	0.0902946	0.114849  	0.55306 
308	45    	0.276486 	0.218622 	-1        	0.57138 
309	44    	0.296704 	0.122123 	-0.0175   	0.593498
310	50    	0.208692 	0.267555 	-1        	0.480563
311	42    	0.279748 	0.208023 	-1        	0.567367
312	41    	0.286976 	0.278717 	-1        	0.567367
313	48    	0.299702 	0.21025  	-1        	0.567367
314	48    	0.301489 	0.105989 	-0.0133333	0.567367
315	42    	0.274897 	0.209273 	-1        	0.567367
316	47    	0.280726 	0.197528 	-1        	0.48277 
317	44    	0.23343  	0.322732 	-1        	0.620485
318	48    	0.195593 	0.40858  	-1        	0.620485
319	45    	0.197668 	0.413047 	-1        	0.620485
320	45    	0.123316 	0.461401 	-1        	0.513554
321	46    	0.215545 	0.368684 	-1        	0.489915
322	42    	0.146343 	0.470328 	-1        	0.489915
323	49    	0.198057 	0.361967 	-1        	0.558871
324	48    	0.165374 	0.396552 	-1        	0.558871
325	47    	0.166366 	0.399234 	-1        	0.470131
326	47    	0.204237 	0.361567 	-1        	0.460302
327	46    	0.0975224	0.485981 	-1        	0.485816
328	48    	0.131995 	0.461786 	-1        	0.485816
329	47    	0.192932 	0.363754 	-1        	0.500977
330	49    	0.104542 	0.453813 	-1        	0.485816
331	46    	0.143476 	0.432041 	-1        	0.485816
332	46    	0.157996 	0.434997 	-1        	0.457602
333	43    	0.250679 	0.27122  	-1        	0.450606
334	44    	0.248414 	0.268496 	-1        	0.450606
335	48    	0.210071 	0.316612 	-1        	0.469302
336	46    	0.287047 	0.0902947	0.0850508 	0.484305
337	48    	0.301094 	0.0801263	0.137409  	0.480869
338	44    	0.333485 	0.105304 	0.0996806 	0.547775
339	46    	0.291565 	0.11381  	-0.0125054	0.547775
340	45    	0.286705 	0.210988 	-1        	0.547775
341	43    	0.295692 	0.212085 	-1        	0.547775
342	46    	0.259242 	0.276251 	-1        	0.547775
343	46    	0.224668 	0.325605 	-1        	0.547775
344	42    	0.273748 	0.221237 	-1        	0.547775
345	45    	0.309511 	0.111206 	-0.0133333	0.547775
346	43    	0.333598 	0.108528 	0.0998519 	0.593519
347	45    	0.288469 	0.205796 	-1        	0.547775
348	47    	0.285888 	0.209481 	-1        	0.547775
349	44    	0.315162 	0.113386 	0.0358006 	0.547775
350	39    	0.320902 	0.22626  	-1        	0.547775
351	41    	0.324167 	0.224031 	-1        	0.547775
352	44    	0.29279  	0.213422 	-1        	0.547775
353	49    	0.240126 	0.266951 	-1        	0.547775
354	46    	0.2574   	0.268176 	-1        	0.547775
355	48    	0.28578  	0.0824521	0.0416102 	0.457024
356	47    	0.244941 	0.265626 	-1        	0.441804
357	46    	0.280051 	0.200422 	-1        	0.490348
358	46    	0.26767  	0.277572 	-1        	0.632436
359	49    	0.274741 	0.196015 	-1        	0.512081
360	45    	0.229557 	0.26275  	-1        	0.512081
361	44    	0.299673 	0.0863046	0.0666087 	0.512081
362	45    	0.297036 	0.107931 	-0.015    	0.467181
363	44    	0.308985 	0.0962868	0.0488679 	0.606009
364	41    	0.320284 	0.115789 	0.0667372 	0.606009
365	45    	0.333406 	0.0945452	0.0655348 	0.606009
366	45    	0.276846 	0.20694  	-1        	0.617302
367	45    	0.280641 	0.200708 	-1        	0.479406
368	48    	0.25266  	0.269888 	-1        	0.529293
369	44    	0.243284 	0.327637 	-1        	0.599075
370	46    	0.258197 	0.334875 	-1        	0.599075
371	46    	0.315951 	0.106232 	0.108905  	0.550812
372	47    	0.216933 	0.366999 	-1        	0.493141
373	43    	0.248973 	0.270374 	-1        	0.493141
374	41    	0.322474 	0.104471 	-0.016    	0.493141
375	49    	0.133044 	0.423178 	-1        	0.451322
376	48    	0.227448 	0.326177 	-1        	0.572924
377	48    	0.127763 	0.424944 	-1        	0.475524
378	48    	0.155684 	0.390999 	-1        	0.487409
379	48    	0.259394 	0.266179 	-1        	0.516179
380	45    	0.218492 	0.37068  	-1        	0.516179
381	46    	0.13909  	0.466405 	-1        	0.516179
382	44    	0.179691 	0.400772 	-1        	0.516179
383	45    	0.286903 	0.200645 	-1        	0.516179
384	48    	0.192178 	0.362652 	-1        	0.630746
385	47    	0.296322 	0.0918171	0.115581  	0.527781
386	46    	0.176714 	0.407521 	-1        	0.520465
387	48    	0.276408 	0.0843263	0.0774213 	0.439457
388	47    	0.272361 	0.201794 	-1        	0.468524
389	45    	0.307914 	0.115148 	-0.0166667	0.564986
390	46    	0.27825  	0.206818 	-1        	0.522655
391	48    	0.291983 	0.0742861	0.159959  	0.440277
392	45    	0.242369 	0.268934 	-1        	0.440277
393	47    	0.271185 	0.203224 	-1        	0.440546
394	49    	0.306369 	0.0843369	0.148032  	0.465254
395	47    	0.269096 	0.269627 	-1        	0.485684
396	45    	0.30172  	0.100195 	0.0849449 	0.485684
397	45    	0.256796 	0.270519 	-1        	0.494414
398	48    	0.275725 	0.204343 	-1        	0.494414
399	47    	0.255318 	0.208225 	-1        	0.511848
400	46    	0.223475 	0.323267 	-1        	0.565669
401	49    	0.21478  	0.322785 	-1        	0.519   
402	42    	0.129875 	0.465598 	-1        	0.519   
403	47    	0.0742777	0.542101 	-1        	0.465508
404	48    	0.0558494	0.504355 	-1        	0.440538
405	49    	0.130139 	0.426515 	-1        	0.419484
406	43    	0.0601839	0.535874 	-1        	0.438022
407	47    	0.174238 	0.39985  	-1        	0.417171
408	45    	0.244291 	0.270577 	-1        	0.484668
409	44    	0.115774 	0.459763 	-1        	0.431809
410	44    	0.247622 	0.266601 	-1        	0.443282
411	48    	0.148984 	0.389598 	-1        	0.437149
412	45    	0.178378 	0.406149 	-1        	0.496787
413	46    	0.277207 	0.201665 	-1        	0.496787
414	46    	0.274362 	0.273865 	-1        	0.661625
415	46    	0.282647 	0.205946 	-1        	0.486649
416	44    	0.325459 	0.103563 	0.126559  	0.560584
417	46    	0.303328 	0.0990391	0.122846  	0.513431
418	48    	0.3075   	0.0988302	0.105398  	0.515986
419	47    	0.25991  	0.21448  	-1        	0.51856 
420	47    	0.2797   	0.0946294	-0.016    	0.455613
421	47    	0.268173 	0.115214 	-0.0166667	0.501629
422	45    	0.254549 	0.121484 	-0.02     	0.582956
423	44    	0.247601 	0.219116 	-1        	0.581208
424	41    	0.287086 	0.147509 	-0.0150002	0.581208
425	45    	0.28304  	0.183207 	-0.0166667	0.58318 
426	47    	0.222668 	0.210701 	-0.02     	0.731699
427	45    	0.252106 	0.202308 	-0.0171429	0.594012
428	43    	0.259362 	0.177669 	-0.0160001	0.594012
429	46    	0.224373 	0.199772 	-0.0200001	0.59496 
430	49    	0.207269 	0.163925 	-0.02     	0.580116
431	47    	0.258765 	0.146469 	-0.0175001	0.58318 
432	47    	0.200452 	0.166709 	-0.0200001	0.580116
433	46    	0.230663 	0.172475 	-0.0199999	0.721038
434	49    	0.206862 	0.125816 	-0.0175   	0.516455
435	44    	0.279941 	0.135839 	-0.0171429	0.516455
436	46    	0.210627 	0.165172 	-0.0171429	0.516455
437	44    	0.241164 	0.201637 	-0.0171429	0.576421
438	47    	0.218359 	0.16297  	-0.0166667	0.576421
439	41    	0.246072 	0.187251 	-0.0171428	0.583103
440	46    	0.203736 	0.1815   	-0.0166667	0.581124
441	49    	0.170089 	0.136727 	-0.02     	0.496535
442	43    	0.246344 	0.138755 	-0.02     	0.55438 
443	45    	0.281704 	0.153826 	-0.02     	0.526761
444	46    	0.254538 	0.170735 	-0.02     	0.62731 
445	48    	0.247498 	0.148858 	-0.02     	0.62731 
446	42    	0.29995  	0.148862 	-0.0175   	0.62731 
447	45    	0.28901  	0.15957  	-0.02     	0.61074 
448	48    	0.259731 	0.164299 	-0.0171429	0.64969 
449	44    	0.294443 	0.168351 	-0.0166661	0.753232
450	48    	0.182619 	0.120193 	-0.0175002	0.589765
451	45    	0.250379 	0.110556 	-0.0133333	0.589765
452	46    	0.23702  	0.12486  	-0.02     	0.504487
453	48    	0.241017 	0.135473 	-0.02     	0.694701
454	42    	0.293412 	0.109487 	-0.0149999	0.556898
455	49    	0.251805 	0.108074 	-0.016    	0.559664
456	46    	0.293839 	0.136054 	-0.0200002	0.693849
457	44    	0.282116 	0.171554 	-0.0199999	0.693849
458	49    	0.271671 	0.203525 	-0.0171429	0.805075
459	44    	0.268738 	0.188786 	-0.02     	0.707494
460	46    	0.272154 	0.187205 	-0.02     	0.702711
461	45    	0.236739 	0.186073 	-0.02     	0.694752
462	45    	0.265025 	0.174019 	-0.0177778	0.694752
463	47    	0.288571 	0.177248 	-0.0171428	0.694752
464	48    	0.242486 	0.173457 	-0.0177777	0.69642 
465	48    	0.263986 	0.150731 	-0.0177777	0.647818
466	46    	0.275445 	0.143311 	-0.0166667	0.602255
467	44    	0.307241 	0.167748 	-0.0166666	0.739659
468	45    	0.313535 	0.167593 	-0.02     	0.739659
469	46    	0.274779 	0.185326 	-0.02     	0.739659
470	45    	0.267931 	0.149409 	-0.02     	0.739659
471	44    	0.285525 	0.161219 	-0.02     	0.739659
472	44    	0.239216 	0.147403 	-0.0166666	0.739659
473	47    	0.264528 	0.163234 	-0.0171428	0.699832
474	44    	0.278406 	0.18235  	-0.0177778	0.732935
475	41    	0.308791 	0.215983 	-0.02     	0.732935
476	42    	0.317573 	0.221729 	-0.02     	0.732935
477	48    	0.300805 	0.188515 	-0.02     	0.724948
478	44    	0.301048 	0.194319 	-0.018    	0.724948
479	47    	0.329107 	0.195563 	-0.0133334	0.860315
480	48    	0.256243 	0.15816  	-0.0133333	0.860315
481	46    	0.257893 	0.138701 	-0.018    	0.860315
482	47    	0.213761 	0.118587 	-0.02     	0.481592
483	42    	0.225728 	0.132618 	-0.02     	0.481592
484	46    	0.249279 	0.137478 	-0.02     	0.812825
485	45    	0.2612   	0.163114 	-0.016    	0.812825
486	46    	0.235402 	0.160763 	-0.02     	0.812825
487	47    	0.243935 	0.144059 	-0.02     	0.812825
488	46    	0.271929 	0.239803 	-1        	0.812825
489	49    	0.272424 	0.112762 	-0.0166668	0.587713
490	46    	0.241825 	0.218981 	-1        	0.653053
491	48    	0.234475 	0.127536 	-0.0166667	0.653053
492	48    	0.235464 	0.220081 	-1        	0.683648
493	44    	0.26608  	0.230694 	-1        	0.683648
494	47    	0.294114 	0.0989467	0.0742855 	0.587443
495	48    	0.243904 	0.214508 	-1        	0.587443
496	48    	0.284189 	0.127166 	-0.02     	0.587443
497	49    	0.275253 	0.101684 	-0.015    	0.517127
498	44    	0.311726 	0.119866 	-0.0175   	0.682094
499	47    	0.286555 	0.126637 	-0.016    	0.611891
500	39    	0.308549 	0.156544 	-0.0133333	0.611891
501	42    	0.27995  	0.182392 	-0.0181818	0.715581
502	44    	0.284235 	0.195875 	-0.0181818	0.715581
503	47    	0.262002 	0.167433 	-0.0177778	0.715581
504	45    	0.266234 	0.15353  	-0.0199999	0.728845
505	48    	0.276922 	0.122161 	-0.0133333	0.495851
506	45    	0.304411 	0.128683 	0.056677  	0.590438
507	46    	0.280946 	0.115626 	-0.0177779	0.574553
508	47    	0.285703 	0.151126 	-0.0133337	0.831385
509	48    	0.267911 	0.103582 	-0.02     	0.460409
510	48    	0.297577 	0.100191 	0.0960763 	0.472962
511	44    	0.220798 	0.322504 	-1        	0.485696
512	48    	0.265559 	0.202985 	-1        	0.485696
513	45    	0.26219  	0.202115 	-1        	0.485696
514	43    	0.245402 	0.32673  	-1        	0.485696
515	42    	0.186716 	0.446532 	-1        	0.485696
516	46    	0.0906242	0.515882 	-1        	0.512273
517	46    	0.102217 	0.522351 	-1        	0.555613
518	47    	0.0827762	0.511756 	-1        	0.511548
519	47    	0.169964 	0.440251 	-1        	0.511548
520	44    	0.0307079	0.585019 	-1        	0.514186
521	45    	-0.063403	0.617923 	-1        	0.514186
522	48    	-0.0503249	0.596137 	-1        	0.511548
523	49    	0.0245628 	0.547796 	-1        	0.475761
524	48    	-0.0458762	0.598017 	-1        	0.46594 
525	45    	0.128966  	0.49775  	-1        	0.529458
526	47    	0.2033    	0.36409  	-1        	0.499963
527	48    	-0.156779 	0.63647  	-1        	0.545403
528	43    	0.107506  	0.493409 	-1        	0.57762 
529	48    	0.170137  	0.442076 	-1        	0.585922
530	46    	0.129475  	0.432265 	-1        	0.585922
531	45    	0.234676  	0.325198 	-1        	0.545403
532	47    	0.283122  	0.280509 	-1        	0.593603
533	50    	0.192376  	0.365428 	-1        	0.680913
534	43    	0.0969692 	0.521531 	-1        	0.680913
535	44    	0.186698  	0.450211 	-1        	0.680913
536	46    	0.135143  	0.464227 	-1        	0.560577
537	45    	0.224792  	0.318163 	-1        	0.479072
538	46    	0.157418  	0.435937 	-1        	0.521933
539	48    	-0.0546528	0.594024 	-1        	0.508772
540	44    	0.130536  	0.462236 	-1        	0.534167
541	46    	0.11947   	0.496378 	-1        	0.534167
542	50    	-0.0171706	0.555818 	-1        	0.45754 
543	45    	0.0709612 	0.509513 	-1        	0.478706
544	47    	0.17715   	0.357589 	-1        	0.472316
545	46    	0.189672  	0.36251  	-1        	0.511083
546	42    	0.25688   	0.273033 	-1        	0.511083
547	47    	0.175179  	0.401789 	-1        	0.511083
548	49    	0.0811476 	0.478181 	-1        	0.419283
549	45    	0.131221  	0.462198 	-1        	0.508947
550	47    	0.18123   	0.444452 	-1        	0.606662
551	48    	0.10889   	0.493698 	-1        	0.531113
552	46    	0.222913  	0.370568 	-1        	0.527429
553	50    	0.191715  	0.363604 	-1        	0.552375
554	47    	0.149861  	0.436426 	-1        	0.552375
555	48    	0.172372  	0.4005   	-1        	0.552375
556	49    	0.106395  	0.458946 	-1        	0.519853
557	48    	0.209043  	0.321934 	-1        	0.477415
558	44    	0.0263185 	0.552317 	-1        	0.666219
559	48    	0.154502  	0.433293 	-1        	0.539333
560	47    	0.275134  	0.268673 	-1        	0.487568
561	43    	0.158893  	0.437746 	-1        	0.493363
562	44    	0.267699  	0.272054 	-1        	0.493363
563	47    	0.329072  	0.0818092	0.16507   	0.498671
564	46    	0.277623  	0.27555  	-1        	0.493363
565	49    	0.305465  	0.196621 	-1        	0.493363
566	46    	0.300189  	0.209296 	-1        	0.610553
567	45    	0.320044  	0.0865355	0.14817   	0.508523
568	47    	0.270853  	0.272388 	-1        	0.508523
569	41    	0.329017  	0.0950908	0.140772  	0.581205
570	44    	0.324704  	0.127875 	-0.015    	0.581205
571	47    	0.224245  	0.223087 	-1        	0.515735
572	49    	0.270928  	0.103907 	-0.0177778	0.499342
573	49    	0.253271  	0.196923 	-1        	0.502154
574	46    	0.317527  	0.0762005	0.104031  	0.457019
575	45    	0.135163  	0.463061 	-1        	0.457019
576	47    	0.19985   	0.361892 	-1        	0.537152
577	43    	0.23722   	0.321809 	-1        	0.537152
578	48    	0.188133  	0.362318 	-1        	0.537152
579	46    	0.255618  	0.329911 	-1        	0.537152
580	49    	0.224549  	0.319776 	-1        	0.545208
581	43    	0.324453  	0.212551 	-1        	0.564458
582	44    	0.159626  	0.440383 	-1        	0.564458
583	46    	0.246255  	0.326733 	-1        	0.658278
584	44    	0.257721  	0.328893 	-1        	0.555064
585	49    	0.0729974 	0.513051 	-1        	0.555064
586	44    	0.14083   	0.469995 	-1        	0.514706
587	46    	0.313606  	0.0980701	0.0912864 	0.514706
588	47    	0.178049  	0.401099 	-1        	0.508248
589	45    	0.081577  	0.4794   	-1        	0.504405
590	44    	0.273388  	0.208655 	-1        	0.504962
591	48    	0.20069   	0.361992 	-1        	0.490028
592	49    	0.217832  	0.315791 	-1        	0.453766
593	44    	0.29501   	0.201204 	-1        	0.499329
594	44    	0.317758  	0.0948261	0.143135  	0.528173
595	47    	0.251948  	0.273347 	-1        	0.528173
596	48    	0.231704  	0.325849 	-1        	0.604403
597	47    	0.297194  	0.0836063	0.102177  	0.475511
598	48    	0.24003   	0.266347 	-1        	0.497776
599	48    	0.305659  	0.0822641	0.112886  	0.514177
600	43    	0.259572  	0.271847 	-1        	0.514177
601	49    	0.110615  	0.460134 	-1        	0.540076
602	43    	0.182876  	0.408358 	-1        	0.540076
603	44    	0.243983  	0.330482 	-1        	0.540076
604	46    	0.127418  	0.459678 	-1        	0.540076
605	41    	0.22374   	0.320298 	-1        	0.516791
606	46    	0.163138  	0.40012  	-1        	0.516791
607	47    	0.291613  	0.115017 	-0.018    	0.587048
608	43    	0.313005  	0.21642  	-1        	0.516791
609	45    	0.265848  	0.276429 	-1        	0.522727
610	42    	0.249446  	0.331724 	-1        	0.516791
611	46    	0.277111  	0.273162 	-1        	0.551717
612	43    	0.290018  	0.207961 	-1        	0.551717
613	47    	0.245106  	0.330103 	-1        	0.581593
614	43    	0.223636  	0.373315 	-1        	0.531465
615	47    	0.283661  	0.206042 	-1        	0.531465
616	48    	0.275795  	0.276444 	-1        	0.531465
617	45    	0.199839  	0.407694 	-1        	0.531465
618	44    	0.169488  	0.443062 	-1        	0.531465
619	45    	0.271239  	0.273554 	-1        	0.531465
620	48    	0.202467  	0.361736 	-1        	0.507121
621	46    	0.0347396 	0.552532 	-1        	0.471389
622	49    	0.206872  	0.361183 	-1        	0.549162
623	45    	0.309256  	0.096077 	0.104923  	0.549162
624	47    	0.287218  	0.205632 	-1        	0.549162
625	48    	0.242965  	0.266297 	-1        	0.5183  
626	48    	0.283763  	0.194614 	-1        	0.442867
627	50    	0.295005  	0.201791 	-1        	0.633424
628	45    	0.26959   	0.191904 	-1        	0.432426
629	46    	0.28184   	0.203303 	-1        	0.603399
630	47    	0.262657  	0.286693 	-1        	0.603399
631	47    	0.299364  	0.114746 	0.067095  	0.603399
632	44    	0.276645  	0.217075 	-1        	0.603399
633	43    	0.2512    	0.284726 	-1        	0.595918
634	45    	0.294876  	0.20908  	-1        	0.562689
635	48    	0.177528  	0.355416 	-1        	0.451016
636	47    	0.270401  	0.197325 	-1        	0.451016
637	49    	0.250929  	0.268669 	-1        	0.517584
638	47    	0.21981   	0.368484 	-1        	0.517584
639	43    	0.327076  	0.0996993	0.155807  	0.550947
640	46    	0.318554  	0.114348 	-0.016    	0.547028
641	34    	0.347545  	0.116638 	-0.0160002	0.547028
642	49    	0.309316  	0.0943089	0.0837149 	0.517388
643	48    	0.314553  	0.0912751	0.0699644 	0.517388
644	48    	0.297455  	0.101675 	-0.02     	0.532061
645	48    	0.254947  	0.274073 	-1        	0.535211
646	42    	0.258118  	0.335904 	-1        	0.593689
647	48    	0.243289  	0.329973 	-1        	0.545528
648	48    	0.13981   	0.464398 	-1        	0.547183
649	48    	0.200018  	0.312268 	-1        	0.478839
650	46    	0.244686  	0.269892 	-1        	0.478839
651	40    	0.130153  	0.498446 	-1        	0.507649
652	47    	0.0858019 	0.513135 	-1        	0.478839
653	44    	-0.0413086	0.602785 	-1        	0.481858
654	47    	0.0288608 	0.553293 	-1        	0.536701
655	44    	0.22582   	0.37366  	-1        	0.536701
656	46    	0.206015  	0.364275 	-1        	0.56387 
657	47    	0.072139  	0.508788 	-1        	0.56387 
658	47    	0.0508765 	0.533385 	-1        	0.56387 
659	45    	0.230105  	0.371742 	-1        	0.56387 
660	48    	0.210099  	0.37092  	-1        	0.603607
661	47    	0.199814  	0.364255 	-1        	0.603607
662	44    	0.287392  	0.199428 	-1        	0.493874
663	49    	0.249589  	0.268072 	-1        	0.475394
664	47    	0.211791  	0.367807 	-1        	0.52167 
665	46    	0.218061  	0.37518  	-1        	0.598467
666	45    	0.253715  	0.282961 	-1        	0.690231
667	45    	0.157227  	0.443824 	-1        	0.690231
668	43    	0.241119  	0.349871 	-1        	0.690231
669	44    	0.267781  	0.247276 	-1        	0.690231
670	47    	0.268014  	0.225255 	-1        	0.752974
671	47    	0.065045  	0.518061 	-1        	0.752974
672	45    	0.186466  	0.375618 	-1        	0.752974
673	47    	0.246611  	0.221932 	-1        	0.752974
674	45    	0.265844  	0.14961  	-0.02     	0.752974
675	47    	0.310343  	0.118367 	0.0891456 	0.752974
676	43    	0.281566  	0.143081 	-0.02     	0.603886
677	46    	0.300081  	0.158161 	-0.0174939	0.811396
678	45    	0.240581  	0.173742 	-0.018    	0.812308
679	46    	0.281763  	0.196611 	-0.02     	0.812308
680	47    	0.241759  	0.199106 	-0.02     	0.812308
681	45    	0.232859  	0.205994 	-0.0175   	0.812308
682	47    	0.24136   	0.204317 	-0.0160001	0.812308
683	47    	0.242584  	0.172323 	-0.0166667	0.812308
684	47    	0.240718  	0.199409 	-0.017143 	0.812308
685	44    	0.28479   	0.232945 	-0.02     	0.812825
686	44    	0.297467  	0.225794 	-0.0175   	0.819334
687	45    	0.240577  	0.222128 	-0.0171428	0.819334
688	48    	0.200611  	0.194321 	-0.02     	0.819334
689	46    	0.228003  	0.185754 	-0.02     	0.819334
690	47    	0.198717  	0.203075 	-0.0199999	0.819334
691	49    	0.212318  	0.169275 	-0.0199999	0.819334
692	48    	0.231585  	0.168376 	-0.02     	0.727643
693	45    	0.285673  	0.161526 	-0.0199999	0.727643
694	43    	0.271214  	0.141937 	-0.0175   	0.727643
695	46    	0.252704  	0.1306   	-0.0174999	0.727643
696	45    	0.268806  	0.144122 	-0.0166667	0.727643
697	43    	0.264923  	0.178823 	-0.0175   	0.727643
698	41    	0.319389  	0.219298 	-0.02     	0.8317  
699	48    	0.252807  	0.159655 	-0.02     	0.8317  
700	47    	0.277877  	0.100737 	0.0442414 	0.559479
701	44    	0.259168  	0.112864 	-0.02     	0.493473
702	46    	0.280712  	0.113104 	-0.02     	0.495813
703	45    	0.195998  	0.166553 	-0.0200001	0.609475
704	46    	0.280435  	0.146385 	-0.0133333	0.609475
705	45    	0.245344  	0.1342   	-0.02     	0.609475
706	49    	0.241245  	0.152054 	-0.0175   	0.61419 
707	47    	0.245658  	0.145505 	-0.02     	0.693185
708	47    	0.267602  	0.197144 	-0.02     	0.705857
709	47    	0.232085  	0.170773 	-0.0171428	0.695056
710	47    	0.240664  	0.178552 	-0.018    	0.695056
711	46    	0.227418  	0.139961 	-0.0171428	0.617164
712	47    	0.220655  	0.133579 	-0.02     	0.460036
713	46    	0.246713  	0.123554 	-0.02     	0.548002
714	43    	0.289192  	0.133088 	-0.00503074	0.548002
715	50    	0.235359  	0.148119 	-0.02      	0.582885
716	48    	0.232284  	0.156223 	-0.0177778 	0.630014
717	46    	0.213336  	0.159472 	-0.0175001 	0.630014
718	47    	0.234834  	0.138961 	-0.0177778 	0.630014
719	44    	0.300813  	0.14327  	-0.0171428 	0.630014
720	46    	0.237432  	0.171013 	-0.02      	0.727825
721	46    	0.286212  	0.177098 	-0.0177778 	0.84219 
722	49    	0.222823  	0.162164 	-0.02      	0.702212
723	44    	0.273253  	0.166492 	-0.02      	0.702212
724	47    	0.250691  	0.176264 	-0.0175    	0.812977
725	43    	0.271509  	0.200366 	-0.02      	0.812977
726	49    	0.256266  	0.159758 	-0.02      	0.698558
727	48    	0.250044  	0.133836 	-0.02      	0.61624 
728	46    	0.241653  	0.143825 	-0.0171429 	0.726905
729	46    	0.239852  	0.141667 	-0.0171429 	0.646043
730	47    	0.245455  	0.160996 	-0.02      	0.646043
731	49    	0.254342  	0.167131 	-0.02      	0.646431
732	44    	0.256101  	0.177643 	-0.0175    	0.646431
733	44    	0.280295  	0.179696 	-0.016     	0.646431
734	45    	0.271921  	0.206555 	-0.02      	0.687579
735	44    	0.301871  	0.205168 	-0.0171427 	0.646455
736	48    	0.273381  	0.212508 	-0.02      	0.706365
737	45    	0.281896  	0.174027 	-0.0177778 	0.706365
738	46    	0.270362  	0.2009   	-0.017143  	0.734188
739	46    	0.272089  	0.199742 	-0.0171429 	0.734188
740	43    	0.343416  	0.235151 	-0.0175    	0.819969
741	43    	0.288793  	0.222113 	-0.02      	0.819969
742	44    	0.281118  	0.204402 	-0.0199999 	0.734188
743	47    	0.281659  	0.185941 	-0.0175    	0.734188
744	46    	0.297091  	0.170908 	-0.017143  	0.734188
745	48    	0.200013  	0.15557  	-0.02      	0.615222
746	43    	0.280047  	0.146724 	-0.0166668 	0.615525
747	47    	0.237082  	0.157643 	-0.02      	0.615222
748	48    	0.268399  	0.134428 	-0.0177778 	0.615222
749	49    	0.276514  	0.115098 	0.085688   	0.615222
750	49    	0.279546  	0.155083 	-0.0166666 	0.714893
751	44    	0.302141  	0.166386 	-0.0175    	0.703923
752	48    	0.261657  	0.159834 	-0.02      	0.694721
753	48    	0.274144  	0.149575 	-0.0177778 	0.57353 
754	46    	0.294268  	0.194851 	-0.02      	0.842718
755	45    	0.282107  	0.198242 	-0.0171429 	0.842718
756	45    	0.27106   	0.181214 	-0.02      	0.818132
757	49    	0.241415  	0.133584 	-0.0174999 	0.498577
758	42    	0.276109  	0.159621 	-0.0200001 	0.614694
759	46    	0.309162  	0.157288 	-0.0200001 	0.583225
760	44    	0.287376  	0.162683 	-0.0183333 	0.583225
761	44    	0.226188  	0.174249 	-0.0171429 	0.583225
762	48    	0.171728  	0.162201 	-0.02      	0.698448
763	48    	0.207978  	0.16085  	-0.0177778 	0.7065  
764	46    	0.219985  	0.156486 	-0.02      	0.7065  
765	47    	0.20716   	0.139527 	-0.02      	0.698448
766	47    	0.248323  	0.137905 	-0.0171429 	0.698448
767	43    	0.251373  	0.135692 	-0.0177778 	0.476159
768	47    	0.242785  	0.145389 	-0.0181818 	0.55275 
769	48    	0.2509    	0.180785 	-0.0171429 	0.646394
770	47    	0.289166  	0.171751 	-0.02      	0.696498
771	47    	0.233868  	0.162831 	-0.0177778 	0.650508
772	45    	0.235454  	0.179914 	-0.0181818 	0.650508
773	48    	0.264735  	0.155941 	-0.0200001 	0.646394
774	48    	0.245557  	0.133272 	-0.0177778 	0.646394
775	50    	0.236101  	0.113316 	-0.02      	0.475081
776	50    	0.249953  	0.143978 	-0.0171429 	0.812977
777	46    	0.255544  	0.174323 	-0.0175    	0.812977
778	48    	0.246641  	0.162356 	-0.02      	0.705337
779	44    	0.253268  	0.149757 	-0.0166667 	0.705337
780	44    	0.277209  	0.209223 	-0.02      	0.83798 
781	49    	0.24694   	0.139621 	-0.02      	0.704932
782	41    	0.298862  	0.176178 	-0.0171429 	0.704932
783	49    	0.218471  	0.137029 	-0.02      	0.615121
784	41    	0.237863  	0.16856  	-0.02      	0.687897
785	44    	0.278403  	0.179696 	-0.02      	0.688921
786	48    	0.211     	0.144481 	-0.02      	0.61379 
787	47    	0.258773  	0.142071 	-0.02      	0.61379 
788	47    	0.214386  	0.139121 	-0.02      	0.554641
789	47    	0.229513  	0.150337 	-0.02      	0.554641
790	49    	0.21382   	0.122286 	-0.02      	0.554641
791	45    	0.256676  	0.12299  	-0.02      	0.554641
792	48    	0.216132  	0.139405 	-0.02      	0.513447
793	45    	0.25539   	0.129004 	-0.02      	0.526987
794	45    	0.227576  	0.158516 	-0.02      	0.64571 
795	46    	0.267661  	0.155064 	-0.02      	0.64571 
796	45    	0.286171  	0.158281 	-0.0200001 	0.664976
797	47    	0.300544  	0.179664 	-0.02      	0.673319
798	46    	0.296534  	0.154308 	-0.02      	0.731427
799	50    	0.252183  	0.148158 	-0.0177778 	0.725741
800	48    	0.305466  	0.141167 	-0.0171428 	0.691774
801	48    	0.262643  	0.162214 	-0.0228571 	0.691774
802	48    	0.234411  	0.175865 	-0.0225    	0.812977
803	46    	0.220262  	0.166815 	-0.0199999 	0.637106
804	47    	0.213113  	0.177291 	-0.02      	0.723469
805	45    	0.218723  	0.167447 	-0.022     	0.515783
806	48    	0.2139    	0.135155 	-0.0181818 	0.515783
807	41    	0.272663  	0.138344 	-0.02      	0.559689
808	47    	0.295877  	0.126252 	-0.02      	0.643756
809	43    	0.293197  	0.132333 	-0.0199999 	0.643756
810	45    	0.278393  	0.136898 	-0.02      	0.643756
811	41    	0.313175  	0.152466 	-0.02      	0.643756
812	47    	0.271622  	0.135802 	-0.0166667 	0.668404
813	48    	0.268378  	0.130279 	-0.0175001 	0.643756
814	44    	0.279497  	0.123935 	-0.0159998 	0.535115
815	46    	0.321651  	0.0841263	0.137381   	0.527205
816	46    	0.28131   	0.122941 	0.0599451  	0.587909
817	48    	0.303508  	0.109957 	-0.022     	0.587909
818	49    	0.271837  	0.107744 	0.0667469  	0.484538
819	45    	0.306324  	0.0978597	0.121047   	0.547008
820	44    	0.310451  	0.130025 	-0.0149998 	0.547008
821	47    	0.31222   	0.103951 	-0.0133333 	0.547008
822	48    	0.281105  	0.0973104	-0.015     	0.547008
823	45    	0.298721  	0.104963 	-0.01      	0.547008
824	48    	0.299354  	0.100091 	0.0782957  	0.547008
825	47    	0.300875  	0.0980991	0.105638   	0.547008
826	46    	0.279797  	0.138578 	-0.0171429 	0.572465
827	46    	0.303836  	0.12638  	0.0731202  	0.609523
828	48    	0.299332  	0.114877 	-0.0166667 	0.571088
829	49    	0.268554  	0.0904635	-0.0133334 	0.499114
830	47    	0.273243  	0.11531  	-0.02      	0.499114
831	48    	0.236595  	0.197512 	-1         	0.499114
832	50    	0.232214  	0.198299 	-1         	0.426682
833	49    	0.300587  	0.0809414	0.149195   	0.498571
834	47    	0.301555  	0.0976124	0.0628922  	0.512189
835	48    	0.298001  	0.103483 	-0.015     	0.599488
836	46    	0.249825  	0.269737 	-1         	0.512189
837	45    	0.309773  	0.0882818	0.0766778  	0.512189
838	45    	0.299819  	0.109239 	-0.0160001 	0.560265
839	48    	0.282546  	0.107721 	-0.0133333 	0.512189
840	46    	0.29882   	0.105672 	0.0957207  	0.512189
841	47    	0.30499   	0.0976258	0.129053   	0.537913
842	44    	0.303849  	0.0996737	0.117536   	0.565538
843	47    	0.317896  	0.118984 	-0.0199999 	0.567292
844	46    	0.310899  	0.223013 	-1         	0.568898
845	47    	0.323572  	0.128101 	0.085738   	0.630202
846	48    	0.293322  	0.108965 	-0.02      	0.565538
847	46    	0.300209  	0.0958226	0.0514246  	0.5346  
848	49    	0.299956  	0.103787 	0.105618   	0.530756
849	46    	0.255929  	0.215666 	-1         	0.530756
850	44    	0.265068  	0.203794 	-1         	0.530756
851	46    	0.292574  	0.117491 	0.112889   	0.540264
852	44    	0.332765  	0.0913996	0.139649   	0.540264
853	47    	0.279432  	0.100823 	0.0603482  	0.538437
854	46    	0.322666  	0.0850599	0.137204   	0.538437
855	44    	0.310938  	0.0833238	0.119097   	0.503841
856	47    	0.30697   	0.113564 	-0.0149999 	0.596761
857	48    	0.308825  	0.0802238	0.162154   	0.487758
858	47    	0.294054  	0.083891 	0.143738   	0.46668 
859	45    	0.304394  	0.0827012	0.167217   	0.46863 
860	48    	0.238653  	0.265312 	-1         	0.46668 
861	42    	0.295307  	0.210335 	-1         	0.555774
862	50    	0.263992  	0.200625 	-1         	0.591265
863	45    	0.285529  	0.20148  	-1         	0.591265
864	48    	0.303757  	0.105407 	-0.02      	0.638552
865	46    	0.293643  	0.208219 	-1         	0.500677
866	49    	0.263724  	0.210247 	-1         	0.551887
867	47    	0.253351  	0.325373 	-1         	0.551887
868	46    	-0.103591 	0.618305 	-1         	0.502241
869	49    	0.126917  	0.459826 	-1         	0.46101 
870	44    	0.19548   	0.408201 	-1         	0.625109
871	48    	0.203859  	0.367421 	-1         	0.625109
872	45    	0.192343  	0.364224 	-1         	0.4616  
873	46    	0.288979  	0.204406 	-1         	0.609907
874	46    	0.317349  	0.0942186	0.176215   	0.609907
875	45    	0.318834  	0.0965832	0.17779    	0.609907
876	42    	0.310428  	0.230895 	-1         	0.609907
877	45    	0.335932  	0.12828  	0.0984629  	0.609907
878	46    	0.320939  	0.132361 	-0.0171429 	0.609907
879	43    	0.321811  	0.131475 	0.108085   	0.681901
880	42    	0.315381  	0.130234 	-0.0171428 	0.681901
881	48    	0.307948  	0.130527 	-0.0171375 	0.681901
882	48    	0.302817  	0.0761132	0.163211   	0.461813
883	44    	0.261682  	0.269024 	-1         	0.503755
884	46    	0.215659  	0.371005 	-1         	0.594412
885	46    	0.242974  	0.327735 	-1         	0.594412
886	45    	0.245777  	0.328201 	-1         	0.594412
887	47    	0.163767  	0.400256 	-1         	0.539719
888	47    	0.259531  	0.206266 	-1         	0.515915
889	46    	0.243176  	0.272662 	-1         	0.58173 
890	46    	0.261963  	0.272711 	-1         	0.499932
891	49    	0.279214  	0.199576 	-1         	0.497245
892	47    	0.244629  	0.201092 	-1         	0.478112
893	48    	0.189034  	0.361528 	-1         	0.478112
894	47    	0.300597  	0.0896687	-0.0166666 	0.478112
895	44    	0.214617  	0.369266 	-1         	0.53745 
896	45    	0.300395  	0.101832 	0.118075   	0.53745 
897	48    	0.225317  	0.328718 	-1         	0.53745 
898	45    	0.23976   	0.270601 	-1         	0.479696
899	45    	0.244912  	0.26872  	-1         	0.479696
900	49    	0.2178    	0.318175 	-1         	0.514157
901	46    	0.259905  	0.275181 	-1         	0.655895
902	46    	0.274346  	0.200686 	-1         	0.514157
903	49    	0.270511  	0.203315 	-1         	0.514157
904	46    	0.273861  	0.277498 	-1         	0.546335
905	47    	0.331992  	0.106833 	0.0977373  	0.640054
906	48    	0.31987   	0.108062 	0.128299   	0.652806
907	43    	0.251577  	0.334678 	-1         	0.652806
908	45    	0.28123   	0.288036 	-1         	0.652806
909	42    	0.337108  	0.225827 	-1         	0.652806
910	45    	0.305645  	0.218041 	-1         	0.652806
911	46    	0.30607   	0.0944639	0.121292   	0.572096
912	47    	0.280479  	0.211749 	-1         	0.572096
913	46    	0.27843   	0.20602  	-1         	0.572096
914	46    	0.245064  	0.2688   	-1         	0.47598 
915	46    	0.224292  	0.321704 	-1         	0.482005
916	44    	0.143355  	0.433446 	-1         	0.47598 
917	47    	0.222132  	0.318944 	-1         	0.5462  
918	47    	0.177542  	0.406014 	-1         	0.514331
919	46    	0.129834  	0.466193 	-1         	0.514331
920	44    	0.122013  	0.496555 	-1         	0.541656
921	45    	-0.112506 	0.640602 	-1         	0.514331
922	46    	-0.00112368	0.59703  	-1         	0.514331
923	47    	0.073285   	0.506849 	-1         	0.47837 
924	46    	0.154383   	0.431315 	-1         	0.47837 
925	46    	0.00846095 	0.572756 	-1         	0.592214
926	48    	-0.146846  	0.644734 	-1         	0.594157
927	47    	0.142624   	0.46994  	-1         	0.594157
928	43    	0.0804783  	0.516018 	-1         	0.594157
929	48    	0.0362545  	0.553235 	-1         	0.472032
930	46    	0.0145054  	0.545376 	-1         	0.527484
931	42    	0.100067   	0.522226 	-1         	0.527484
932	46    	-0.0713755 	0.613349 	-1         	0.527484
933	45    	0.010146   	0.573044 	-1         	0.527484
934	48    	0.0873287  	0.513834 	-1         	0.558487
935	46    	0.111921   	0.492041 	-1         	0.558487
936	48    	0.0161961  	0.545469 	-1         	0.505175
937	44    	0.159078   	0.434019 	-1         	0.486171
938	50    	-0.0608766 	0.590926 	-1         	0.471643
939	47    	0.10992    	0.488927 	-1         	0.471643
940	46    	-0.0795233 	0.605744 	-1         	0.492191
941	44    	0.112953   	0.490598 	-1         	0.492191
942	47    	0.105028   	0.489434 	-1         	0.533686
943	43    	0.219818   	0.415174 	-1         	0.533686
944	45    	0.301038   	0.216619 	-1         	0.624692
945	43    	0.230936   	0.378162 	-1         	0.624692
946	48    	0.249705   	0.271587 	-1         	0.529719
947	47    	0.22065    	0.323638 	-1         	0.529719
948	48    	0.273382   	0.204144 	-1         	0.529719
949	48    	0.275793   	0.208625 	-1         	0.585784
950	41    	0.308173   	0.221024 	-1         	0.585784
951	42    	0.330014   	0.113142 	0.118225   	0.585784
952	44    	0.301612   	0.221515 	-1         	0.621441
953	49    	0.263941   	0.21381  	-1         	0.594352
954	45    	0.305757   	0.112806 	-0.02      	0.500656
955	48    	0.316192   	0.100215 	0.0278022  	0.500656
956	43    	0.279534   	0.212011 	-1         	0.535833
957	44    	0.259964   	0.332918 	-1         	0.535833
958	42    	0.306278   	0.218489 	-1         	0.535833
959	44    	0.202913   	0.415267 	-1         	0.525836
960	45    	0.312945   	0.214696 	-1         	0.539104
961	48    	0.189759   	0.404003 	-1         	0.559859
962	46    	0.204719   	0.364661 	-1         	0.559859
963	49    	0.254396   	0.267683 	-1         	0.607061
964	47    	0.240403   	0.264472 	-1         	0.607061
965	46    	0.262496   	0.195605 	-1         	0.451323
966	45    	0.276978   	0.202035 	-1         	0.480055
967	47    	0.237426   	0.264954 	-1         	0.480055
968	45    	0.289737   	0.0897185	-0.02      	0.480055
969	47    	0.283582   	0.200359 	-1         	0.480055
970	48    	0.270136   	0.199246 	-1         	0.480055
971	42    	0.268426   	0.272729 	-1         	0.535605
972	45    	0.129278   	0.46547  	-1         	0.535605
973	45    	0.27816    	0.282861 	-1         	0.587534
974	48    	0.297575   	0.118809 	-0.0133333 	0.587534
975	47    	0.310955   	0.08935  	0.104183   	0.568865
976	45    	0.264527   	0.20906  	-1         	0.568865
977	45    	0.253047   	0.275015 	-1         	0.568865
978	44    	0.285212   	0.216008 	-1         	0.568865
979	43    	0.2725     	0.217377 	-1         	0.55311 
980	46    	0.257789   	0.210991 	-1         	0.55311 
981	42    	0.322211   	0.0956647	0.121675   	0.55311 
982	44    	0.300597   	0.110759 	0.0271265  	0.55311 
983	46    	0.279206   	0.116371 	-0.016     	0.54485 
984	47    	0.294039   	0.108323 	0.0766459  	0.548198
985	46    	0.277499   	0.206633 	-1         	0.551259
986	49    	0.252551   	0.206408 	-1         	0.482275
987	43    	0.282324   	0.128792 	-0.0233333 	0.526331
988	49    	0.266968   	0.0999871	-0.02      	0.463245
989	43    	0.308536   	0.118807 	0.0723114  	0.678333
990	47    	0.299276   	0.123564 	-0.0160001 	0.678333
991	42    	0.292262   	0.124747 	-0.02      	0.678333
992	44    	0.29965    	0.153708 	-0.0177779 	0.678333
993	43    	0.31182    	0.149489 	-0.016     	0.678333
994	47    	0.253138   	0.179239 	-0.0200001 	0.678333
995	44    	0.286532   	0.163253 	-0.02      	0.678333
996	46    	0.259218   	0.16332  	-0.02      	0.678333
997	47    	0.286761   	0.143401 	-0.0177777 	0.644745
998	44    	0.293593   	0.158209 	-0.0228571 	0.644745
999	44    	0.268111   	0.18241  	-0.0174998 	0.722853
1000	49    	0.279479   	0.134823 	-0.0171435 	0.613695
