gen	nevals	avg     	stddev	min     	max     
0  	50    	0.218369	0     	0.218369	0.218369
1  	47    	0.0495845	0.100977	-0.0166667	0.229482
2  	46    	0.108129 	0.121668	-0.0171428	0.399698
3  	44    	0.16023  	0.144333	-0.016    	0.51442 
4  	49    	0.176361 	0.111591	-0.02     	0.514329
5  	46    	0.234751 	0.164922	-0.02     	0.581238
6  	49    	0.254612 	0.169416	-0.0166667	0.703679
7  	43    	0.284041 	0.190634	-0.0171428	0.703679
8  	48    	0.26798  	0.187422	-0.0174977	0.812308
9  	44    	0.30709  	0.257722	-0.0175   	0.812977
10 	44    	0.268407 	0.284769	-0.0166667	0.812825
11 	49    	0.248335 	0.256833	-0.0171429	0.812977
12 	46    	0.245271 	0.230638	-0.0171429	0.812977
13 	48    	0.250656 	0.212333	-0.0171429	0.812308
14 	44    	0.302722 	0.263722	-0.0171428	0.812308
15 	49    	0.253    	0.246732	-0.0171428	0.812977
16 	49    	0.228202 	0.228647	-0.0166667	0.819317
17 	45    	0.30765  	0.222623	-0.0171429	0.705857
18 	43    	0.35161  	0.22387 	-0.02     	0.818826
19 	44    	0.381329 	0.248177	-0.02     	0.819317
20 	41    	0.402114 	0.28423 	-0.02     	0.818826
21 	49    	0.325611 	0.238139	-0.0166666	0.813756
22 	48    	0.3147   	0.243408	-0.02     	0.818826
23 	46    	0.310407 	0.248846	-0.0175   	0.818826
24 	48    	0.337896 	0.218692	-0.0175001	0.811396
25 	42    	0.352196 	0.250883	-0.0177778	0.812825
26 	47    	0.278618 	0.229838	-0.0171429	0.812825
27 	45    	0.303457 	0.219264	-0.0166667	0.812825
28 	46    	0.321182 	0.255779	-0.0171429	0.818826
29 	46    	0.39038  	0.266951	-0.02     	0.818826
30 	49    	0.348911 	0.229605	-0.0160001	0.811247
31 	47    	0.322455 	0.234196	-0.0171428	0.818826
32 	50    	0.297079 	0.239404	-0.02     	0.868492
33 	48    	0.300153 	0.241429	-0.02     	0.868492
34 	46    	0.329888 	0.240592	-0.0166567	0.868492
35 	46    	0.380785 	0.241963	-0.0171429	0.868492
36 	46    	0.34286  	0.26877 	-0.0166667	0.868492
37 	47    	0.342818 	0.230393	-0.0166667	0.812308
38 	44    	0.366781 	0.242476	-0.0160001	0.819969
39 	42    	0.432144 	0.268236	-0.0166667	0.819969
40 	45    	0.300275 	0.257159	-0.0175   	0.812825
41 	42    	0.403129 	0.263746	-0.0171429	0.812825
42 	42    	0.376017 	0.280476	-0.0175   	0.819969
43 	46    	0.333367 	0.27767 	-0.0175   	0.819969
44 	44    	0.358046 	0.284321	-0.0171429	0.819969
45 	47    	0.391706 	0.262921	-0.02     	0.812825
46 	45    	0.356504 	0.285702	-0.02     	0.819969
47 	45    	0.351217 	0.259803	-0.0166652	0.812825
48 	42    	0.354202 	0.291082	-0.02     	0.812825
49 	45    	0.290545 	0.269403	-0.0166667	0.812825
50 	43    	0.334761 	0.27898 	-0.0199998	0.819969
51 	44    	0.357071 	0.253755	-0.0166667	0.819969
52 	45    	0.334865 	0.236601	-0.0166667	0.819969
53 	44    	0.336708 	0.256891	-0.02     	0.819969
54 	43    	0.426509 	0.258119	-0.0166667	0.819969
55 	46    	0.378741 	0.249651	-0.015    	0.819969
56 	43    	0.414087 	0.273547	-0.0166667	0.819969
57 	48    	0.337304 	0.24477 	-0.0166667	0.819969
58 	41    	0.486457 	0.246816	-0.016    	0.819969
59 	48    	0.320111 	0.279957	-0.0174999	0.819969
60 	43    	0.439602 	0.276467	-0.0160001	0.819969
61 	47    	0.327087 	0.256133	-0.0166667	0.819969
62 	48    	0.287454 	0.206547	-0.0171429	0.811396
63 	46    	0.334101 	0.219033	-0.0166667	0.819969
64 	43    	0.366424 	0.23645 	-0.015    	0.819969
65 	47    	0.294529 	0.238804	-0.0171429	0.819969
66 	45    	0.293627 	0.252845	-0.0175   	0.805245
67 	47    	0.338706 	0.250229	-0.0175   	0.846101
68 	46    	0.334474 	0.246773	-0.0171428	0.812083
69 	43    	0.376329 	0.240042	-0.0171428	0.706157
70 	50    	0.302939 	0.228377	-0.0171427	0.811396
71 	48    	0.312731 	0.236433	-0.0166577	0.812977
72 	47    	0.382395 	0.259489	-0.0166667	0.812977
73 	45    	0.294572 	0.268401	-0.0166667	0.812977
74 	46    	0.333851 	0.280844	-0.02     	0.81995 
75 	41    	0.423175 	0.299941	-0.0166667	0.81995 
76 	45    	0.3348   	0.279467	-0.0174999	0.81995 
77 	46    	0.265342 	0.233293	-0.0171429	0.813756
78 	48    	0.317948 	0.25565 	-0.0171429	0.813756
79 	43    	0.371203 	0.263017	-0.0166666	0.813756
80 	46    	0.319673 	0.275901	-0.0166667	0.812977
81 	45    	0.3362   	0.247203	-0.0166668	0.812977
82 	46    	0.306217 	0.253419	-0.0171429	0.812825
83 	46    	0.317709 	0.225687	-0.0177778	0.812977
84 	49    	0.291712 	0.194321	-0.0166666	0.703725
85 	50    	0.226309 	0.220422	-0.0175   	0.813756
86 	48    	0.295514 	0.207691	-0.0171429	0.698271
87 	45    	0.374808 	0.236665	-0.0171429	0.813756
88 	45    	0.305932 	0.236201	-0.0175   	0.811247
89 	45    	0.379633 	0.24099 	-0.0166667	0.819317
90 	45    	0.35294  	0.245331	-0.0133332	0.832826
91 	46    	0.399797 	0.281948	-0.0175   	0.833485
92 	46    	0.325955 	0.267094	-0.0177778	0.833485
93 	45    	0.409645 	0.25484 	-0.0175   	0.833485
94 	43    	0.420435 	0.274724	-0.0166667	0.833493
95 	46    	0.399375 	0.276672	-0.0174999	0.832826
96 	48    	0.332747 	0.245264	-0.0171428	0.833485
97 	46    	0.401184 	0.251087	-0.02     	0.833485
98 	44    	0.394511 	0.257216	-0.0177778	0.833485
99 	43    	0.401756 	0.258331	-0.0166667	0.833485
100	46    	0.306272 	0.244418	-0.0200001	0.833485
101	48    	0.31585  	0.272253	-0.02     	0.834818
102	47    	0.393871 	0.236677	-0.0177778	0.832826
103	49    	0.269442 	0.194541	-0.0175   	0.705857
104	49    	0.35818  	0.225121	-0.0175   	0.705857
105	50    	0.326276 	0.193427	-0.0171429	0.812083
106	44    	0.393051 	0.201529	-0.0171429	0.70176 
107	44    	0.366524 	0.239736	-0.02     	0.705857
108	44    	0.381516 	0.241905	-0.02     	0.812083
109	46    	0.326384 	0.291557	-0.02     	0.813756
110	46    	0.341006 	0.232906	-0.0160001	0.813756
111	47    	0.212335 	0.254486	-0.0175   	0.813708
112	45    	0.285312 	0.229954	-0.0166666	0.813708
113	48    	0.253227 	0.235763	-0.017143 	0.846461
114	50    	0.31262  	0.236983	-0.017143 	0.8493  
115	47    	0.397944 	0.225705	-0.0166666	0.8493  
116	41    	0.454861 	0.234463	0.0557138 	0.853387
117	46    	0.411009 	0.277993	-0.017143 	0.864454
118	47    	0.37273  	0.216084	-0.0177778	0.866383
119	47    	0.355864 	0.214216	-0.0166667	0.866383
120	47    	0.372329 	0.234828	-0.016    	0.866383
121	46    	0.324935 	0.232012	-0.0166667	0.866352
122	46    	0.404822 	0.230077	0.0747692 	0.866352
123	46    	0.423436 	0.225527	0.0708707 	0.866352
124	45    	0.41232  	0.240023	-0.016    	0.866352
125	46    	0.371482 	0.24741 	-0.02     	0.866352
126	46    	0.378398 	0.248348	-0.0175   	0.859163
127	49    	0.452307 	0.24662 	-0.0171429	0.875936
128	40    	0.468723 	0.277907	-0.0166652	0.945801
129	48    	0.447572 	0.266075	-0.0171428	0.949881
130	50    	0.377669 	0.261603	-0.016    	0.876796
131	45    	0.433698 	0.261866	-0.0166666	0.876796
132	47    	0.385127 	0.251603	-0.0166667	1.12252 
133	47    	0.366407 	0.23743 	-0.0133333	0.996174
134	47    	0.38218  	0.210013	-0.01     	0.996174
135	41    	0.425134 	0.278021	-0.0166667	0.996174
136	49    	0.371393 	0.218965	-0.015    	0.996174
137	46    	0.404323 	0.215681	0.114785  	0.996174
138	48    	0.420037 	0.258599	-0.0166667	1.12252 
139	47    	0.389784 	0.230739	0.0757393 	0.915094
140	46    	0.459186 	0.258617	0.0746953 	1.12252 
141	46    	0.376924 	0.232396	-0.02     	0.917205
142	48    	0.419126 	0.227144	-0.0159976	0.917205
143	46    	0.434569 	0.241082	0.0996916 	0.996174
144	47    	0.42676  	0.221017	-0.016    	0.996174
145	48    	0.341069 	0.207032	-0.0171429	0.996174
146	45    	0.393613 	0.246114	-0.0159976	1.00975 
147	46    	0.355    	0.220829	-0.0171429	0.996174
148	45    	0.443091 	0.22271 	0.0731835 	0.99476 
149	47    	0.395995 	0.216113	0.140643  	0.995731
150	44    	0.408434 	0.215427	-0.0150002	0.918743
151	46    	0.466059 	0.215572	0.180921  	0.918743
152	47    	0.378492 	0.24657 	-0.0171429	1.04419 
153	49    	0.384386 	0.247701	-0.02     	0.894149
154	43    	0.398758 	0.254022	-0.01     	0.894149
155	47    	0.397715 	0.217433	0.0572228 	0.894149
156	43    	0.400244 	0.225061	0.0666325 	0.848975
157	45    	0.511188 	0.243467	0.132265  	0.898787
158	44    	0.478113 	0.231473	0.0723118 	0.885384
159	48    	0.431172 	0.231551	0.122069  	0.889056
160	46    	0.495335 	0.236439	0.137121  	0.909599
161	46    	0.510054 	0.212511	0.20434   	0.909599
162	48    	0.450937 	0.214733	0.122447  	0.908402
163	46    	0.490868 	0.254785	-0.02     	0.909141
164	45    	0.439836 	0.243975	0.131988  	0.909141
165	47    	0.420536 	0.233382	-0.015    	0.908402
166	45    	0.397472 	0.216938	-0.0133334	0.77591 
167	45    	0.44293  	0.232911	0.141414  	0.835668
168	47    	0.408681 	0.213394	-0.0175   	0.84812 
169	41    	0.441178 	0.225535	0.113286  	0.905137
170	48    	0.456673 	0.238594	0.0540416 	0.916684
171	47    	0.416853 	0.259547	-0.016    	0.917934
172	48    	0.443844 	0.217273	0.0861625 	0.917934
173	43    	0.447246 	0.233194	0.123598  	0.921756
174	47    	0.405969 	0.240431	0.0991311 	0.917934
175	46    	0.435711 	0.224173	0.105874  	0.952017
176	48    	0.390636 	0.208781	0.0987983 	0.952017
177	44    	0.382602 	0.203747	0.125563  	0.948502
178	48    	0.390546 	0.2281  	-0.0171428	1.00213 
179	44    	0.43287  	0.237298	-0.0171428	1.00213 
180	46    	0.375713 	0.240238	-0.018    	1.00213 
181	45    	0.403325 	0.251978	0.0892636 	1.00213 
182	48    	0.333797 	0.204914	-0.0133337	0.948502
183	44    	0.404279 	0.202962	-0.0177777	0.828042
184	42    	0.42206  	0.198896	0.156348  	0.883888
185	49    	0.397279 	0.203218	0.075313  	0.809161
186	45    	0.437783 	0.199666	0.142159  	0.839084
187	47    	0.40484  	0.232972	-0.0166666	0.839084
188	47    	0.443426 	0.223239	0.114221  	0.854287
189	43    	0.443638 	0.244625	-0.015    	0.95305 
190	45    	0.437832 	0.214768	0.0858743 	0.95305 
191	43    	0.425203 	0.231457	-0.0166667	0.966061
192	47    	0.42016  	0.22749 	0.0802968 	0.966061
193	46    	0.389305 	0.245606	-0.0171428	0.921969
194	47    	0.387866 	0.215631	-0.018    	0.844005
195	42    	0.404345 	0.229901	-0.0133333	0.844005
196	46    	0.417588 	0.218856	-0.02     	0.854287
197	46    	0.388246 	0.217115	-0.0160001	0.844005
198	46    	0.376792 	0.219414	-0.0166667	0.839084
199	47    	0.365977 	0.243251	-0.0171429	0.839084
200	44    	0.390389 	0.226998	-0.0166652	0.852872
201	49    	0.409319 	0.231515	-0.0171429	0.854287
202	46    	0.382919 	0.231625	-0.016    	0.854287
203	48    	0.397306 	0.224789	0.133079  	1.00119 
204	47    	0.344987 	0.216534	-0.0177778	0.839985
205	48    	0.378337 	0.203302	-0.02     	0.766231
206	44    	0.346749 	0.185716	0.115616  	0.766231
207	45    	0.386866 	0.196644	-0.015    	0.831291
208	46    	0.427598 	0.195147	0.142459  	0.905716
209	46    	0.395046 	0.209683	0.0748352 	0.905716
210	48    	0.36247  	0.208993	-0.01     	0.831291
211	47    	0.380255 	0.2255  	-0.02     	0.845717
212	49    	0.381911 	0.208108	0.0648872 	0.910045
213	46    	0.369823 	0.207803	0.0596948 	0.920667
214	45    	0.349795 	0.206569	-0.0175   	0.920667
215	45    	0.388806 	0.219735	0.0752085 	0.920667
216	46    	0.357987 	0.193123	0.0850941 	0.920667
217	48    	0.327265 	0.159728	-0.016    	0.895957
218	47    	0.325936 	0.194095	-0.0171429	0.895957
219	48    	0.318471 	0.255134	-1        	0.895957
220	45    	0.372738 	0.180497	0.105128  	0.895957
221	42    	0.391175 	0.183339	0.0781077 	0.767066
222	49    	0.341605 	0.17775 	-0.02     	0.833007
223	47    	0.394278 	0.1861  	0.0987166 	0.832206
224	44    	0.398575 	0.219152	-0.015    	0.832206
225	46    	0.372485 	0.193856	-0.0133333	0.832206
226	46    	0.410512 	0.185117	0.111005  	0.849096
227	46    	0.376364 	0.207264	-0.015    	0.849096
228	46    	0.382379 	0.197277	0.0765596 	0.849096
229	50    	0.380107 	0.184244	0.0744681 	0.785775
230	47    	0.359545 	0.194828	-0.0184615	0.843767
231	45    	0.364074 	0.175487	-0.0171429	0.843767
232	44    	0.428452 	0.187103	0.0247419 	0.843767
233	46    	0.382635 	0.217962	-0.0166667	0.835021
234	45    	0.380326 	0.228651	-0.02     	0.921474
235	46    	0.418483 	0.220232	-0.0133333	0.924484
236	46    	0.359623 	0.22379 	-0.0150002	0.924484
237	45    	0.41773  	0.211724	0.118231  	0.924484
238	43    	0.403044 	0.238393	-0.015    	0.924484
239	44    	0.429895 	0.247655	-0.0166666	0.924484
240	48    	0.406087 	0.206879	0.169601  	0.924484
241	48    	0.363769 	0.170173	0.107704  	0.848816
242	47    	0.361901 	0.201839	-0.01     	0.848816
243	45    	0.438312 	0.212079	0.135386  	0.889248
244	48    	0.39625  	0.185825	0.123801  	0.844036
245	47    	0.36733  	0.212264	-0.0177777	0.844036
246	47    	0.399449 	0.198076	0.0984869 	0.973051
247	46    	0.428641 	0.214291	-0.0171428	0.977442
248	46    	0.419931 	0.315793	-1        	0.977442
249	46    	0.428688 	0.265018	-0.0166667	1.06643 
250	45    	0.388827 	0.214054	-0.01     	0.970833
251	47    	0.424055 	0.211238	0.139853  	0.961537
252	43    	0.42511  	0.216086	0.14823   	0.961537
253	48    	0.363228 	0.166207	0.131603  	0.826007
254	49    	0.365861 	0.179365	-0.018    	0.779897
255	48    	0.383682 	0.191377	0.134126  	0.916641
256	48    	0.392865 	0.207508	0.130148  	0.916641
257	45    	0.401485 	0.197098	0.129265  	0.858802
258	45    	0.413209 	0.178772	0.137527  	0.900272
259	47    	0.393379 	0.191205	0.0988702 	0.900272
260	46    	0.385448 	0.26809 	-1        	0.900272
261	48    	0.378784 	0.179288	0.0779074 	0.900272
262	49    	0.362244 	0.169105	-0.01     	0.791503
263	48    	0.387912 	0.151697	0.0873645 	0.791503
264	47    	0.403298 	0.17412 	0.146986  	0.904382
265	49    	0.410361 	0.176676	0.131003  	0.827114
266	46    	0.390311 	0.165882	-0.01     	0.725342
267	49    	0.369483 	0.256618	-1        	0.802483
268	49    	0.407536 	0.144167	0.212161  	0.743659
269	45    	0.395    	0.255878	-1        	0.842227
270	49    	0.37712  	0.175842	-0.016    	0.954514
271	46    	0.375254 	0.254211	-1        	0.954514
272	50    	0.375662 	0.264729	-1        	1.02606 
273	42    	0.433906 	0.297193	-1        	1.02606 
274	46    	0.445134 	0.209888	-0.0177777	1.02606 
275	46    	0.437685 	0.229826	0.117561  	1.02606 
276	50    	0.288263 	0.37816 	-1        	0.946149
277	47    	0.325419 	0.258477	-1        	0.794   
278	48    	0.365725 	0.257078	-1        	0.794   
279	46    	0.347498 	0.325513	-1        	0.79431 
280	48    	0.286359 	0.413203	-1        	0.806293
281	47    	0.374063 	0.25966 	-1        	0.834153
282	48    	0.259987 	0.526403	-1        	0.834153
283	45    	0.307624 	0.367513	-1        	0.834153
284	47    	0.40501  	0.25718 	-1        	0.834153
285	47    	0.321799 	0.304003	-1        	0.755491
286	48    	0.346369 	0.315399	-1        	0.786155
287	47    	0.352415 	0.374798	-1        	0.786155
288	47    	0.426475 	0.156967	0.189663  	0.786155
289	45    	0.455976 	0.260079	-1        	0.783997
290	44    	0.440465 	0.184644	0.178545  	0.951604
291	46    	0.41095  	0.273465	-1        	0.850554
292	48    	0.411116 	0.264882	-1        	0.806911
293	49    	0.372847 	0.250624	-1        	0.837666
294	46    	0.405699 	0.259056	-1        	0.837666
295	44    	0.397453 	0.190287	0.139638  	0.839486
296	44    	0.427759 	0.217048	0.159811  	0.843763
297	46    	0.479913 	0.210782	0.117838  	0.889783
298	44    	0.43567  	0.251082	-0.0166633	0.889783
299	42    	0.46958  	0.234837	-0.0133334	0.889783
300	48    	0.424861 	0.298002	-1        	0.889783
301	47    	0.448    	0.204144	0.150508  	0.829049
302	46    	0.515918 	0.228183	0.072857  	0.891562
303	40    	0.512981 	0.251973	-0.016    	0.891562
304	42    	0.463032 	0.262966	0.126583  	1.05106 
305	43    	0.411851 	0.271086	-0.0200001	0.89464 
306	50    	0.369671 	0.205861	0.109165  	0.862707
307	44    	0.420516 	0.215631	0.0416036 	0.901961
308	46    	0.477006 	0.247713	0.125304  	0.954849
309	45    	0.396106 	0.239608	0.103326  	0.854682
310	45    	0.438849 	0.244935	0.116416  	0.892592
311	47    	0.299482 	0.403473	-1        	0.883567
312	49    	0.410789 	0.37258 	-1        	0.945095
313	48    	0.363061 	0.246916	-0.016    	0.945095
314	46    	0.346578 	0.360481	-1        	0.945095
315	49    	0.421358 	0.329479	-1        	0.997511
316	47    	0.404425 	0.249542	0.0775715 	0.945095
317	46    	0.375627 	0.365632	-1        	0.945095
318	43    	0.335575 	0.363959	-1        	0.945095
319	46    	0.353378 	0.33228 	-1        	0.945095
320	49    	0.350301 	0.284607	-1        	0.945095
321	45    	0.419252 	0.218985	0.0874566 	0.945095
322	47    	0.377703 	0.221305	-0.018    	0.945095
323	48    	0.420551 	0.225381	0.0902866 	0.960328
324	46    	0.447345 	0.248564	-0.0181818	0.960328
325	44    	0.446672 	0.338832	-1        	0.962219
326	46    	0.476172 	0.329212	-1        	0.962219
327	39    	0.499406 	0.371607	-1        	0.962219
328	42    	0.575006 	0.293952	-0.0150001	0.962219
329	44    	0.403294 	0.365568	-1        	0.962219
330	46    	0.466129 	0.267564	-0.016    	0.983645
331	45    	0.420212 	0.268292	0.105146  	0.962219
332	40    	0.508333 	0.291895	-0.0166594	0.962219
333	48    	0.493394 	0.270183	0.149799  	0.956597
334	47    	0.403086 	0.265862	-0.018    	0.950536
335	48    	0.473256 	0.214877	0.133196  	0.890479
336	49    	0.402089 	0.216278	-0.0133333	0.841237
337	46    	0.4377   	0.20877 	0.103379  	0.843421
338	46    	0.41897  	0.222633	0.0744599 	0.820161
339	43    	0.435085 	0.217883	-0.02     	0.820161
340	45    	0.451938 	0.222815	0.0873043 	0.842773
341	42    	0.407926 	0.233661	-0.0171429	0.823114
342	44    	0.425726 	0.227399	0.140296  	0.823114
343	44    	0.408575 	0.229422	-0.0175   	0.847896
344	44    	0.452974 	0.219506	0.167495  	0.847896
345	48    	0.381024 	0.228898	-0.0166666	0.823114
346	45    	0.437135 	0.216401	0.0956259 	0.823114
347	44    	0.452315 	0.207969	-0.0150003	0.823114
348	47    	0.412405 	0.194725	0.149681  	0.823114
349	44    	0.350207 	0.275279	-1        	0.80294 
350	46    	0.408167 	0.187541	-0.0175   	0.80294 
351	48    	0.33506  	0.244364	-1        	0.79196 
352	47    	0.419441 	0.188683	0.116478  	0.854952
353	46    	0.410464 	0.268966	-1        	0.868876
354	44    	0.409939 	0.219317	-0.0177778	0.794805
355	49    	0.382535 	0.157901	0.116326  	0.794805
356	46    	0.407881 	0.177384	0.118829  	0.837355
357	46    	0.448095 	0.193795	-0.01     	0.824668
358	44    	0.410872 	0.172601	0.145071  	0.824668
359	43    	0.465051 	0.213179	-0.0133333	0.824668
360	44    	0.456484 	0.195929	0.116501  	0.824668
361	47    	0.41328  	0.191238	0.151745  	0.824668
362	47    	0.385098 	0.266094	-1        	0.824668
363	48    	0.416989 	0.195464	-0.0150001	0.824668
364	45    	0.468023 	0.184011	0.171068  	0.815039
365	47    	0.366588 	0.146454	0.174858  	0.75271 
366	45    	0.377594 	0.134954	0.183494  	0.75271 
367	44    	0.432129 	0.152905	0.162204  	0.704367
368	45    	0.374569 	0.250237	-1        	0.714571
369	43    	0.470337 	0.152072	-0.0166667	0.71948 
370	47    	0.409988 	0.138753	0.0889863 	0.714571
371	47    	0.420335 	0.253875	-1        	0.776949
372	42    	0.438941 	0.267209	-1        	0.776949
373	48    	0.298649 	0.36147 	-1        	0.738064
374	45    	0.367414 	0.334452	-1        	0.738064
375	47    	0.336986 	0.324584	-1        	0.750031
376	44    	0.310202 	0.384488	-1        	0.750031
377	48    	0.343305 	0.316017	-1        	0.709074
378	45    	0.328697 	0.393952	-1        	0.821813
379	44    	0.362487 	0.338065	-1        	0.900691
380	45    	0.434692 	0.208231	0.109324  	0.900691
381	48    	0.366641 	0.212795	-0.0171428	0.803253
382	44    	0.347291 	0.338616	-1        	0.803253
383	49    	0.325367 	0.248416	-1        	0.791021
384	47    	0.361132 	0.381271	-1        	0.829435
385	48    	0.401928 	0.213907	-0.0150001	0.829435
386	46    	0.398482 	0.300484	-1        	0.852105
387	46    	0.43384  	0.205285	0.11134   	0.852105
388	43    	0.474183 	0.242305	-0.0171428	0.907231
389	43    	0.494499 	0.256579	0.118418  	0.907231
390	45    	0.418537 	0.245469	0.108424  	0.907231
391	45    	0.466764 	0.231364	0.16515   	0.907231
392	45    	0.436761 	0.247887	-0.0133333	0.907231
393	47    	0.401323 	0.212494	0.122387  	0.842803
394	45    	0.398763 	0.195709	0.0710294 	0.837626
395	47    	0.404493 	0.165359	0.0907861 	0.805516
396	47    	0.41976  	0.179525	-0.0159976	0.791791
397	43    	0.443122 	0.198772	0.118859  	0.849288
398	47    	0.457446 	0.204541	0.153965  	0.850636
399	45    	0.467992 	0.243399	-0.0133337	0.892177
400	46    	0.406693 	0.278715	-0.015    	0.857367
401	46    	0.437477 	0.23385 	0.0794221 	0.941432
402	47    	0.45649  	0.245581	0.0847337 	0.917799
403	49    	0.375168 	0.218964	-0.0181818	0.835714
404	47    	0.370196 	0.174743	-0.0133333	0.888044
405	46    	0.449878 	0.176524	0.0748516 	0.888044
406	42    	0.480129 	0.219204	0.126418  	0.888044
407	43    	0.434218 	0.317876	-1        	0.930338
408	49    	0.368709 	0.188432	-0.0166667	0.83044 
409	47    	0.435779 	0.173117	0.195088  	0.778234
410	44    	0.394716 	0.168834	0.1523    	0.778234
411	45    	0.398567 	0.152687	0.1368    	0.778234
412	46    	0.317485 	0.370746	-1        	0.778234
413	46    	0.383834 	0.261956	-1        	0.778234
414	47    	0.38752  	0.151466	0.181718  	0.778234
415	44    	0.304457 	0.374569	-1        	0.778234
416	47    	0.25871  	0.457178	-1        	0.775687
417	47    	0.253598 	0.446217	-1        	0.827611
418	45    	0.327001 	0.317486	-1        	0.827611
419	47    	0.372121 	0.450635	-1        	0.905559
420	45    	0.526046 	0.249124	0.116838  	0.905559
421	45    	0.425051 	0.303305	-0.0175   	0.906239
422	47    	0.465545 	0.288011	-0.01     	0.906239
423	45    	0.419458 	0.262724	-0.0133333	0.906239
424	44    	0.479814 	0.274882	-0.0166667	0.90804 
425	45    	0.469123 	0.290699	-0.0171429	0.906307
426	47    	0.470858 	0.284632	-0.0166665	0.906239
427	44    	0.399823 	0.274996	-0.02     	0.906239
428	47    	0.453744 	0.262515	-0.016    	0.906492
429	44    	0.437389 	0.292244	-0.0177778	0.908235
430	45    	0.509081 	0.280037	-0.015    	0.908235
431	43    	0.420595 	0.284856	-0.0171427	0.908235
432	47    	0.42067  	0.271966	-0.0166666	0.976089
433	44    	0.470636 	0.271411	0.0832319 	0.976089
434	45    	0.385812 	0.28348 	-0.0171428	0.976089
435	46    	0.379981 	0.287874	-0.0171429	0.976089
436	44    	0.430858 	0.292113	-0.02     	0.976089
437	45    	0.404041 	0.254963	-0.016    	0.976089
438	46    	0.497355 	0.226519	0.124533  	0.979669
439	45    	0.44554  	0.227203	0.0862774 	0.838474
440	45    	0.446667 	0.207983	-0.0160001	0.838474
441	44    	0.466701 	0.24336 	-0.0171429	0.913965
442	47    	0.464677 	0.252104	0.0773303 	0.913965
443	44    	0.465064 	0.306121	0.0671096 	0.979966
444	43    	0.388624 	0.294274	-0.0166553	0.979966
445	45    	0.396224 	0.274309	-0.016    	0.979966
446	47    	0.420565 	0.293184	-0.0160001	0.914525
447	48    	0.412577 	0.281935	-0.016    	0.914525
448	47    	0.388302 	0.256032	-0.0133334	0.914525
449	46    	0.407476 	0.248679	0.0735286 	0.914525
450	45    	0.393437 	0.28364 	-0.0171429	0.914525
451	47    	0.415671 	0.256136	-0.02     	0.914525
452	47    	0.425752 	0.246301	-0.0133334	0.914525
453	47    	0.449509 	0.242374	-0.016    	0.913696
454	46    	0.415674 	0.248665	0.0982183 	0.913696
455	46    	0.459605 	0.26559 	-0.0171429	0.913696
456	48    	0.363609 	0.256365	-0.00884219	0.891944
457	49    	0.354215 	0.254872	-0.0133333 	0.906469
458	47    	0.402533 	0.261297	0.066506   	0.983613
459	47    	0.328087 	0.235996	-0.0177778 	0.983613
460	47    	0.315339 	0.19633 	-0.018     	0.718786
461	44    	0.401683 	0.195536	-0.0171428 	0.722991
462	48    	0.348886 	0.201141	-0.0166667 	0.831519
463	43    	0.371038 	0.249692	-0.0166667 	0.947868
464	46    	0.393485 	0.241252	-0.0166667 	0.947884
465	46    	0.402495 	0.282688	-0.02      	1.04093 
466	44    	0.433915 	0.300945	-0.0171429 	1.04093 
467	42    	0.452466 	0.330394	0.0665139  	1.04093 
468	47    	0.355515 	0.299087	-0.016     	1.04093 
469	43    	0.429741 	0.282453	-0.015     	1.16082 
470	46    	0.466374 	0.320299	-0.0133337 	1.04093 
471	44    	0.420559 	0.304064	-0.016     	1.04057 
472	47    	0.332855 	0.285345	-0.0160001 	1.04093 
473	47    	0.396289 	0.293869	-0.018     	1.01821 
474	47    	0.392807 	0.245361	0.0935896  	1.01823 
475	48    	0.421419 	0.290774	-0.0166667 	0.959095
476	45    	0.375681 	0.254789	-0.02      	0.959095
477	47    	0.410059 	0.265991	0.0630946  	0.986163
478	42    	0.402375 	0.297994	-0.0133333 	0.986163
479	45    	0.44146  	0.301949	-0.01      	0.959095
480	50    	0.347288 	0.236336	-0.0171428 	0.959095
481	47    	0.401411 	0.249201	-0.0175001 	0.936804
482	47    	0.349813 	0.242485	-0.01      	0.959845
483	44    	0.424405 	0.256878	-0.0150001 	0.959845
484	46    	0.415202 	0.228097	0.117866   	0.959845
485	48    	0.386024 	0.205504	-0.0174999 	0.877542
486	47    	0.356328 	0.165166	0.0752068  	0.877542
487	43    	0.430837 	0.207858	-0.0175    	0.991415
488	45    	0.447268 	0.273726	0.0975252  	1.09763 
489	47    	0.346079 	0.235861	0.0857178  	1.09763 
490	48    	0.345957 	0.191263	0.0745295  	0.909554
491	45    	0.497942 	0.271328	-0.0171429 	1.03748 
492	49    	0.439595 	0.278336	0.0756908  	0.954869
493	47    	0.428343 	0.273614	0.073657   	0.954869
494	47    	0.399718 	0.251896	-0.0166667 	0.954869
495	44    	0.418041 	0.274199	-0.0166667 	1.05001 
496	46    	0.414403 	0.263744	-0.0171381 	1.05001 
497	46    	0.467208 	0.256922	0.0854628  	0.98867 
498	43    	0.435651 	0.29019 	-0.0150003 	0.98867 
499	47    	0.351105 	0.245592	-0.0177778 	0.98867 
500	48    	0.400972 	0.255876	-0.0133333 	0.88139 
501	45    	0.392812 	0.227301	-0.0171429 	0.88139 
502	49    	0.359483 	0.204872	-0.015     	0.854797
503	47    	0.384751 	0.241255	-0.0175    	0.957577
504	48    	0.351376 	0.239238	-0.016     	0.854797
505	46    	0.401247 	0.236638	-0.0175    	0.919123
506	45    	0.407864 	0.234614	-0.01      	0.919123
507	50    	0.369769 	0.207179	0.100853   	0.948541
508	44    	0.447878 	0.254566	0.0748262  	0.948541
509	48    	0.367021 	0.228702	-0.0166667 	0.948541
510	45    	0.41747  	0.246503	-0.0175    	0.948541
511	46    	0.474571 	0.277166	-0.0133333 	0.948541
512	48    	0.378386 	0.263838	-0.0133333 	0.948541
513	46    	0.408115 	0.251418	-0.0175    	0.948541
514	46    	0.442149 	0.250997	-0.0171428 	0.96724 
515	46    	0.447344 	0.260546	0.0622505  	0.877479
516	46    	0.406547 	0.253888	-0.02      	0.876214
517	44    	0.394431 	0.258185	-0.016     	0.94879 
518	47    	0.38533  	0.242545	0.0749328  	0.876214
519	47    	0.451374 	0.253993	-0.016     	0.906294
520	47    	0.396526 	0.243013	0.0747611  	0.922608
521	45    	0.435065 	0.27487 	-0.0133333 	0.923326
522	46    	0.335739 	0.230742	-0.0171429 	0.922608
523	48    	0.352039 	0.199807	-0.0133334 	0.922608
524	46    	0.383844 	0.216006	-0.0171429 	0.964161
525	44    	0.358127 	0.223988	-0.0150001 	0.964161
526	47    	0.376628 	0.221379	-0.016     	0.836937
527	46    	0.377171 	0.221173	-0.0133333 	0.836937
528	48    	0.412565 	0.218141	-0.016     	0.839916
529	47    	0.380438 	0.19155 	0.113193   	0.839916
530	48    	0.3904   	0.211073	0.0878343  	0.839916
531	46    	0.428222 	0.22251 	0.0694879  	0.839916
532	47    	0.413154 	0.208578	0.170829   	0.843103
533	46    	0.450361 	0.242038	-0.0133333 	0.842416
534	47    	0.377616 	0.236121	0.084756   	0.866185
535	45    	0.436439 	0.248376	-0.0175    	0.866185
536	46    	0.445506 	0.266986	-0.0166666 	0.86751 
537	48    	0.358702 	0.226566	-0.0175    	0.867285
538	48    	0.370138 	0.203405	0.0606176  	0.867285
539	48    	0.397161 	0.220294	-0.0171429 	1.01638 
540	43    	0.448922 	0.248107	0.0855881  	1.01638 
541	49    	0.344199 	0.235589	-0.0171429 	0.867443
542	49    	0.378163 	0.198612	0.0703833  	0.86498 
543	46    	0.376146 	0.23001 	-0.0171428 	0.86498 
544	49    	0.394098 	0.206931	-0.016     	0.867443
545	48    	0.388802 	0.231363	-0.015     	0.864177
546	47    	0.448825 	0.230896	-0.015     	0.864177
547	48    	0.434508 	0.213914	0.0750789  	0.864177
548	44    	0.493982 	0.246034	-0.0133333 	0.864177
549	42    	0.508577 	0.249941	0.0821728  	0.863936
550	45    	0.49514  	0.25445 	-0.0133333 	0.863936
551	46    	0.468955 	0.268618	-0.022     	0.866848
552	47    	0.443797 	0.244446	-0.0171428 	0.864737
553	47    	0.375691 	0.238489	-0.0171429 	0.867443
554	43    	0.442421 	0.27114 	-0.0133333 	0.867443
555	47    	0.409518 	0.251343	0.0615543  	0.867443
556	48    	0.420296 	0.260426	-0.0166667 	0.867389
557	48    	0.456963 	0.260738	-0.0174999 	0.867389
558	48    	0.418355 	0.255344	-0.0149999 	0.867285
559	45    	0.450984 	0.265192	0.067045   	0.961398
560	44    	0.454373 	0.265796	0.0851672  	0.867589
561	47    	0.397777 	0.21492 	-0.015     	0.867589
562	48    	0.393875 	0.242256	-0.0166667 	0.85692 
563	45    	0.431917 	0.252199	-0.015     	0.95696 
564	42    	0.473738 	0.249932	0.103332   	0.95696 
565	46    	0.471642 	0.264515	-0.02      	0.95696 
566	44    	0.46028  	0.264952	0.114394   	0.95696 
567	42    	0.445478 	0.277765	-0.0171429 	0.95696 
568	46    	0.448727 	0.270544	0.140605   	0.95696 
569	44    	0.407451 	0.251021	-0.0166639 	0.95955 
570	47    	0.409085 	0.237158	-0.0171428 	0.95696 
571	50    	0.415463 	0.199066	0.0751779  	0.860453
572	45    	0.490634 	0.231466	0.136702   	0.95696 
573	48    	0.377933 	0.2359  	0.137629   	0.95696 
574	44    	0.395115 	0.239666	0.127228   	0.95696 
575	43    	0.472709 	0.248264	0.127725   	0.860453
576	49    	0.373017 	0.214831	-0.0174999 	0.860453
577	47    	0.415771 	0.240581	0.0959106  	0.860453
578	46    	0.387041 	0.251371	0.108696   	0.8657  
579	45    	0.411817 	0.276668	-0.02      	0.867061
580	47    	0.340721 	0.24292 	-0.015     	0.867061
581	46    	0.354089 	0.222902	-0.0166667 	0.863864
582	46    	0.33801  	0.225792	-0.017143  	0.811396
583	45    	0.333455 	0.23705 	-0.0171429 	0.811396
584	45    	0.350554 	0.227073	-0.0166667 	0.916526
585	42    	0.36549  	0.24335 	-0.016     	0.916526
586	48    	0.305756 	0.224094	-0.016     	0.916526
587	46    	0.358051 	0.196197	0.119417   	0.832532
588	45    	0.385696 	0.207789	0.0432516  	0.832532
589	44    	0.383767 	0.222232	-0.0149999 	0.832532
590	48    	0.310181 	0.172144	0.0646042  	0.832532
591	47    	0.355653 	0.159147	0.040418   	0.721658
592	40    	0.355646 	0.162437	0.0138309  	0.656575
593	43    	0.407838 	0.18093 	-0.0171429 	0.783548
594	47    	0.382207 	0.156616	0.141949   	0.783548
595	45    	0.429908 	0.186428	0.119654   	0.872952
596	47    	0.38738  	0.188325	0.0520306  	0.787656
597	44    	0.386922 	0.213027	0.135689   	0.861027
598	46    	0.358779 	0.195525	0.116787   	0.861027
599	47    	0.423792 	0.23015 	0.113445   	0.896323
600	47    	0.352615 	0.20077 	0.0671394  	0.847973
601	50    	0.342892 	0.181509	-0.015     	0.771863
602	46    	0.346869 	0.135973	0.100117   	0.771863
603	44    	0.368214 	0.129495	0.0996085  	0.717123
604	47    	0.288747 	0.289472	-1         	0.568174
605	47    	0.326824 	0.218829	-1         	0.573863
606	48    	0.355124 	0.129655	-0.01      	0.600923
607	47    	0.384609 	0.126088	0.086088   	0.650935
608	48    	0.387453 	0.13241 	0.128663   	0.646602
609	47    	0.421655 	0.247043	-1         	0.683745
610	45    	0.366889 	0.155409	-0.015     	0.646602
611	44    	0.42709  	0.150414	0.214057   	0.740844
612	44    	0.378004 	0.185868	-0.02      	0.780629
613	47    	0.4036   	0.273507	-1         	0.852206
614	46    	0.476101 	0.20883 	0.182424   	0.855903
615	47    	0.466391 	0.197309	0.123051   	0.84368 
616	50    	0.423401 	0.2069  	0.145373   	0.873857
617	47    	0.389067 	0.290231	-1         	0.797094
618	45    	0.403365 	0.341258	-1         	0.797094
619	47    	0.46979  	0.213551	-0.015     	0.794449
620	48    	0.402422 	0.279521	-1         	0.837678
621	45    	0.39407  	0.404827	-1         	0.912168
622	45    	0.442358 	0.239207	0.0606936  	0.929637
623	46    	0.424101 	0.241434	-0.0160001 	0.929637
624	45    	0.411549 	0.301531	-1         	0.983927
625	49    	0.396748 	0.239108	-0.0159999 	0.977479
626	48    	0.346916 	0.357562	-1         	0.99506 
627	43    	0.44191  	0.304961	-1         	0.921047
628	44    	0.443099 	0.227036	0.157269   	0.921047
629	46    	0.416627 	0.227781	0.105072   	0.921047
630	46    	0.412809 	0.315899	-1         	0.99506 
631	43    	0.486458 	0.26178 	0.0988988  	0.986616
632	45    	0.456249 	0.253934	0.100434   	0.995245
633	45    	0.442107 	0.395324	-1         	0.995245
634	44    	0.330814 	0.428281	-1         	0.995245
635	45    	0.498771 	0.285961	-0.016     	0.996779
636	48    	0.475904 	0.266665	-0.0171428 	1.0215  
637	46    	0.423268 	0.282255	-0.015     	1.0215  
638	48    	0.497368 	0.284871	0.106998   	1.10214 
639	46    	0.502178 	0.314842	0.110151   	1.10214 
640	48    	0.398869 	0.313058	-0.0177778 	1.06252 
641	46    	0.401299 	0.301179	-0.0174999 	1.06252 
642	47    	0.467751 	0.27934 	0.117797   	1.06252 
643	46    	0.395586 	0.345074	-1         	1.06252 
644	48    	0.440351 	0.290712	-0.0159999 	1.00415 
645	46    	0.40046  	0.280785	-0.0174984 	0.927426
646	50    	0.339411 	0.227473	-0.0171428 	0.933863
647	46    	0.424705 	0.259686	0.089652   	0.933863
648	45    	0.412526 	0.266466	0.0786746  	0.943598
649	45    	0.417793 	0.251314	0.0884642  	0.942439
650	47    	0.420218 	0.232146	0.116082   	0.877671
651	48    	0.399668 	0.25457 	-0.0133332 	0.955438
652	43    	0.478186 	0.284051	0.0929204  	1.05183 
653	45    	0.408469 	0.284758	-0.02      	0.92857 
654	46    	0.422326 	0.264605	0.113973   	0.964751
655	47    	0.426234 	0.261633	0.116605   	0.980899
656	45    	0.385258 	0.265017	-0.0166667 	0.980899
657	48    	0.347542 	0.197614	0.0813605  	0.980899
658	48    	0.376533 	0.211325	0.112269   	0.980899
659	46    	0.311654 	0.286761	-1         	0.980899
660	48    	0.32924  	0.168928	0.126063   	0.874442
661	48    	0.382079 	0.190483	-0.0166667 	0.763082
662	46    	0.425438 	0.230955	-0.0171428 	0.907628
663	45    	0.381469 	0.22673 	0.0538056  	0.907628
664	46    	0.431777 	0.234628	-0.0166667 	0.907628
665	46    	0.42819  	0.211462	0.11537    	0.907628
666	48    	0.35176  	0.186161	0.128969   	0.854612
667	48    	0.389385 	0.18364 	-0.0166667 	0.854612
668	48    	0.389162 	0.239993	-0.0166667 	0.915875
669	42    	0.478398 	0.259162	-0.0133333 	0.958323
670	46    	0.437078 	0.25055 	-0.0177778 	0.966433
671	44    	0.521465 	0.271507	0.135618   	0.966433
672	47    	0.418432 	0.265766	-0.0175    	0.973391
673	48    	0.436126 	0.260406	-0.0133337 	0.966433
674	44    	0.420929 	0.212533	0.150128   	0.966433
675	41    	0.460283 	0.232909	-0.016     	0.966433
676	44    	0.469108 	0.271582	0.0793706  	0.985357
677	47    	0.481695 	0.296662	0.0819357  	1.04971 
678	48    	0.511672 	0.28827 	0.098311   	1.04971 
679	48    	0.444138 	0.281666	-0.0133333 	1.04971 
680	45    	0.433426 	0.2719  	-0.0133332 	1.04971 
681	48    	0.472109 	0.283236	0.0826713  	1.04971 
682	45    	0.525249 	0.303986	0.136429   	1.04971 
683	44    	0.483379 	0.323461	-0.0175    	1.04971 
684	48    	0.417474 	0.295059	-0.0166667 	1.04971 
685	44    	0.461736 	0.29808 	-0.0166667 	0.995894
686	45    	0.495204 	0.286558	-0.01      	0.995894
687	47    	0.551285 	0.315021	0.143271   	1.01824 
688	47    	0.402213 	0.293941	-0.0171429 	1.01824 
689	44    	0.455925 	0.29774 	0.109317   	1.01824 
690	48    	0.431193 	0.268617	-0.01      	1.01508 
691	46    	0.406098 	0.252007	0.0624255  	1.01508 
692	45    	0.467685 	0.25151 	0.0799122  	1.01657 
693	47    	0.438019 	0.239923	0.0361304  	1.01657 
694	44    	0.428529 	0.240273	0.126338   	1.01657 
695	43    	0.439798 	0.261224	-0.0166667 	1.01657 
696	45    	0.532375 	0.285586	0.0952902  	1.01657 
697	48    	0.425881 	0.273595	-0.0133334 	1.01657 
698	46    	0.490917 	0.269427	0.0996489  	1.01657 
699	43    	0.460331 	0.27032 	0.0718622  	1.01657 
700	49    	0.358323 	0.238092	-0.0160001 	1.01657 
701	47    	0.39619  	0.230522	-0.0233333 	0.910725
702	48    	0.428866 	0.223057	0.098045   	0.901696
703	47    	0.419027 	0.198431	0.143961   	0.91276 
704	48    	0.402944 	0.226627	-0.0133333 	0.920373
705	47    	0.430261 	0.229775	0.150788   	0.912828
706	44    	0.484226 	0.252441	0.101492   	0.915691
707	41    	0.511917 	0.261073	-0.0175    	0.922004
708	47    	0.452861 	0.229929	-0.0166667 	0.922004
709	45    	0.37403  	0.232636	-0.016     	0.922004
710	48    	0.386947 	0.220439	0.0990543  	1.01619 
711	46    	0.398672 	0.228294	0.116499   	1.0153  
712	43    	0.410171 	0.243999	0.0527566  	1.0153  
713	45    	0.407629 	0.272862	-0.0166667 	1.01566 
714	46    	0.387863 	0.251204	-0.016     	1.01566 
715	43    	0.468442 	0.272921	0.128011   	1.01566 
716	46    	0.422403 	0.262943	0.158187   	1.01566 
717	49    	0.312838 	0.162171	-0.0150001 	0.918059
718	45    	0.363152 	0.183651	0.0940577  	0.918059
719	47    	0.400817 	0.216464	0.0940577  	0.918059
720	45    	0.45952  	0.239629	0.105103   	0.916207
721	48    	0.350871 	0.231063	-0.0177778 	0.828516
722	47    	0.408179 	0.206786	-0.0166667 	1.01219 
723	47    	0.372123 	0.214828	-0.0159976 	1.01219 
724	48    	0.35804  	0.216099	0.0824842  	0.879303
725	45    	0.403509 	0.235418	-0.0133333 	0.867868
726	44    	0.358636 	0.235112	-0.0133334 	0.867868
727	45    	0.345751 	0.235129	-0.0171428 	0.867868
728	46    	0.405216 	0.240964	-0.016     	0.811247
729	45    	0.394361 	0.239156	-0.015     	0.879303
730	48    	0.308139 	0.220698	-0.0166667 	0.86174 
731	41    	0.467034 	0.227416	-0.01      	0.872574
732	41    	0.445376 	0.275056	0.0659869  	0.879303
733	47    	0.416992 	0.268927	-0.0166668 	0.879303
734	48    	0.349183 	0.229416	0.073883   	0.867868
735	47    	0.354196 	0.229302	-0.016     	0.867868
736	45    	0.346006 	0.21908 	-0.0166665 	0.867868
737	47    	0.366661 	0.224137	-0.0159977 	0.867868
738	48    	0.368039 	0.266838	-0.0175    	0.867868
739	44    	0.362877 	0.248337	-0.0171428 	0.867868
740	45    	0.397436 	0.272654	-0.02      	0.874481
741	48    	0.455377 	0.23936 	0.0753943  	0.867851
742	45    	0.347496 	0.267993	-0.02      	0.873286
743	44    	0.440538 	0.250507	0.0970801  	0.874481
744	48    	0.349426 	0.234543	-0.017143  	0.86838 
745	45    	0.395161 	0.250179	-0.015     	0.86838 
746	48    	0.362678 	0.237928	0.066991   	0.86838 
747	47    	0.429387 	0.209589	0.0624165  	0.947521
748	44    	0.406332 	0.270733	-0.0166668 	0.947521
749	46    	0.384525 	0.252462	-0.0166664 	0.864296
750	46    	0.425155 	0.238974	0.0856925  	0.864296
751	46    	0.383862 	0.243019	-0.0133333 	0.864296
752	50    	0.372726 	0.242077	0.0651864  	0.876957
753	44    	0.418752 	0.281691	-0.0171429 	0.876957
754	42    	0.514313 	0.278331	0.0749761  	0.876957
755	47    	0.407109 	0.26677 	-0.0150001 	0.876957
756	47    	0.391216 	0.253743	-0.0175    	0.876957
757	45    	0.467214 	0.2747  	-0.016     	0.876957
758	47    	0.466003 	0.2707  	-0.0160001 	1.09458 
759	46    	0.416582 	0.27192 	-0.0200003 	1.09458 
760	47    	0.328025 	0.222879	-0.0171429 	0.876763
761	47    	0.434923 	0.215882	0.131553   	0.993628
762	43    	0.410772 	0.259662	-0.0171429 	0.993628
763	45    	0.39755  	0.267666	-0.0166667 	1.12384 
764	45    	0.423907 	0.2852  	-0.0133333 	1.12384 
765	48    	0.383852 	0.295541	-0.0133332 	1.12384 
766	46    	0.387788 	0.264329	-0.0175    	1.12384 
767	44    	0.40999  	0.280173	-0.0175    	0.996656
768	44    	0.508555 	0.284632	-0.017143  	1.12384 
769	47    	0.358855 	0.226468	-0.0166666 	0.996656
770	44    	0.442646 	0.241183	0.0978309  	0.996656
771	44    	0.426809 	0.252354	-0.0175    	0.996656
772	45    	0.462842 	0.252371	-0.0150001 	0.929626
773	44    	0.421734 	0.256051	0.0582568  	0.929626
774	46    	0.494785 	0.277798	-0.0171428 	1.0029  
775	47    	0.419786 	0.236461	0.147687   	1.0029  
776	45    	0.381692 	0.214976	0.100075   	0.927724
777	47    	0.37509  	0.297129	-1         	0.927724
778	46    	0.361146 	0.203893	0.0548835  	0.927724
779	48    	0.381504 	0.215613	0.0638346  	0.886271
780	46    	0.414708 	0.224274	-0.0166667 	0.886271
781	49    	0.449863 	0.222676	0.150469   	0.890068
782	46    	0.421723 	0.213794	0.090915   	0.902827
783	43    	0.47309  	0.25345 	0.106901   	0.981685
784	45    	0.366489 	0.239816	0.0864808  	1.00213 
785	47    	0.386024 	0.22349 	-0.0166652 	0.889921
786	45    	0.409669 	0.215787	0.0480681  	0.889921
787	45    	0.447185 	0.212695	0.121899   	0.890068
788	47    	0.401972 	0.206561	0.131476   	0.892678
789	44    	0.442979 	0.223485	0.127084   	0.892678
790	46    	0.406449 	0.240438	-0.0133333 	0.892678
791	48    	0.426291 	0.243473	0.107826   	0.890068
792	45    	0.407841 	0.224645	0.117121   	0.899184
793	47    	0.381903 	0.203141	-0.016     	0.899184
794	48    	0.363044 	0.17441 	0.133214   	0.912387
795	44    	0.369319 	0.182967	0.0402611  	0.70968 
796	43    	0.417623 	0.165364	0.101504   	0.70968 
797	46    	0.444284 	0.17701 	0.0722511  	0.788008
798	42    	0.400464 	0.291967	-1         	0.821869
799	48    	0.413818 	0.211046	-0.0177777 	0.788008
800	40    	0.472114 	0.245962	-0.0171428 	0.788008
801	45    	0.431638 	0.300992	-1         	0.811396
802	47    	0.357556 	0.322342	-1         	0.853593
803	44    	0.423573 	0.241712	-0.0166667 	0.853593
804	47    	0.346595 	0.214767	-0.016     	0.905788
805	45    	0.382325 	0.215527	-0.0166666 	0.813756
806	47    	0.338683 	0.236304	-0.0166666 	0.852546
807	48    	0.3298   	0.197012	-0.02      	0.813756
808	43    	0.356067 	0.194835	-0.0166667 	0.652795
809	45    	0.393968 	0.192882	-0.0160001 	0.794532
810	47    	0.449017 	0.192036	-0.0133333 	0.79878 
811	46    	0.436388 	0.206888	0.0428487  	0.856261
812	45    	0.480282 	0.234725	0.0991024  	0.949001
813	44    	0.503619 	0.220354	0.115673   	0.949001
814	48    	0.42906  	0.224801	-0.0133333 	0.867375
815	44    	0.495119 	0.22274 	0.104653   	0.869823
816	45    	0.495297 	0.264372	-0.0175    	0.98972 
817	43    	0.523096 	0.280778	0.123986   	0.98972 
818	43    	0.475153 	0.300924	-0.0199999 	0.98972 
819	44    	0.419561 	0.308925	-0.0175    	0.98972 
820	47    	0.389458 	0.273921	-0.0180001 	0.98972 
821	48    	0.418557 	0.274776	-0.0133333 	0.972767
822	47    	0.445603 	0.240515	0.096492   	0.972767
823	48    	0.39535  	0.248708	-0.0166667 	0.972767
824	50    	0.405527 	0.20875 	0.0905769  	0.918797
825	48    	0.445625 	0.224684	0.136763   	0.865962
826	47    	0.482224 	0.221276	-0.01      	0.865962
827	46    	0.466106 	0.247865	-0.0171429 	0.866854
828	47    	0.426543 	0.26595 	-0.016     	0.865962
829	47    	0.472535 	0.268528	-0.016     	0.917906
830	44    	0.458878 	0.269209	0.124477   	0.917906
831	45    	0.480412 	0.281991	-0.0181818 	0.917906
832	43    	0.416295 	0.284594	0.0774646  	1.10127 
833	46    	0.414828 	0.342853	-1         	0.918762
834	46    	0.440336 	0.247023	-0.016     	0.917906
835	44    	0.464963 	0.275339	-0.0199999 	1.02753 
836	46    	0.511453 	0.302882	-0.02      	1.10459 
837	47    	0.383693 	0.256812	0.125339   	1.10459 
838	49    	0.393785 	0.273318	-0.018     	1.07915 
839	46    	0.38144  	0.342338	-1         	1.07915 
840	46    	0.416195 	0.249228	-0.015     	1.04032 
841	46    	0.485838 	0.231927	0.114808   	1.04032 
842	46    	0.453969 	0.272479	0.0675971  	1.04032 
843	44    	0.450064 	0.295862	0.0748184  	1.04032 
844	48    	0.451355 	0.269537	0.0997676  	1.04032 
845	46    	0.431273 	0.265501	-0.0150003 	1.04032 
846	46    	0.428373 	0.248327	0.0852991  	1.04032 
847	49    	0.410174 	0.251078	-0.0171429 	1.03842 
848	44    	0.394464 	0.395956	-1         	1.03842 
849	48    	0.331876 	0.430813	-1         	1.03842 
850	46    	0.427652 	0.275947	-0.0166666 	1.11241 
851	46    	0.403774 	0.346624	-1         	1.12017 
852	44    	0.371924 	0.352788	-1         	1.00521 
853	47    	0.416148 	0.283943	-0.0166666 	1.00022 
854	46    	0.554898 	0.277696	-0.015     	1.05407 
855	49    	0.398813 	0.271277	-0.0174998 	0.985445
856	45    	0.45939  	0.271669	0.123958   	0.985445
857	48    	0.453474 	0.284341	0.0755475  	0.98589 
858	44    	0.43428  	0.29454 	-0.0160001 	0.98589 
859	45    	0.419205 	0.28172 	-0.02      	0.980535
860	47    	0.469529 	0.243784	0.161898   	0.980535
861	48    	0.446464 	0.242916	0.0902009  	0.980535
862	47    	0.408763 	0.231536	0.118204   	1.01886 
863	46    	0.405138 	0.25149 	0.122159   	1.01886 
864	49    	0.388792 	0.231623	-0.0133333 	0.913054
865	46    	0.431326 	0.231835	0.117752   	0.913054
866	45    	0.42841  	0.244717	-0.0149999 	0.910839
867	48    	0.466177 	0.258775	-0.0150001 	0.98578 
868	48    	0.383779 	0.225587	0.080309   	0.98578 
869	45    	0.472553 	0.238729	-0.0150001 	0.973541
870	46    	0.53214  	0.277016	0.122368   	0.973541
871	46    	0.421486 	0.277105	0.0990947  	0.973541
872	47    	0.422571 	0.279377	-0.0166666 	0.973541
873	45    	0.473993 	0.281504	0.129684   	0.973541
874	48    	0.425901 	0.278353	-0.0175    	0.979528
875	48    	0.449238 	0.259251	-0.0175    	0.950012
876	47    	0.412599 	0.322762	-1         	0.914747
877	43    	0.430562 	0.256788	0.0751357  	0.914747
878	48    	0.359778 	0.239315	-0.015     	0.914747
879	45    	0.538687 	0.244873	0.108435   	0.914747
880	44    	0.537565 	0.279671	-0.0159999 	0.977289
881	50    	0.358684 	0.227543	0.0834661  	0.872426
882	46    	0.361836 	0.311352	-1         	0.909066
883	45    	0.512833 	0.22818 	-0.0159999 	0.909469
884	47    	0.47597  	0.246636	0.0453106  	0.909469
885	47    	0.439641 	0.273308	0.0776495  	0.980476
886	46    	0.440541 	0.255534	0.111655   	0.980476
887	46    	0.451765 	0.24809 	-0.0133333 	0.980476
888	46    	0.494844 	0.247523	0.150931   	0.980476
889	46    	0.410387 	0.241702	-0.0171428 	0.980476
890	44    	0.464922 	0.265149	0.138424   	0.980476
891	43    	0.515862 	0.311899	-0.0149999 	1.04027 
892	48    	0.450832 	0.269938	-0.0171429 	0.980476
893	48    	0.401591 	0.220363	0.128309   	1.06034 
894	47    	0.449185 	0.214511	0.143489   	0.985009
895	45    	0.460785 	0.248919	-0.016     	0.87505 
896	45    	0.45453  	0.236172	-0.016     	0.89744 
897	47    	0.459361 	0.240546	-0.0183333 	0.89744 
898	45    	0.520157 	0.242285	-0.0175    	0.89744 
899	45    	0.465122 	0.234193	0.125535   	0.89744 
900	42    	0.561306 	0.239186	0.130656   	0.986214
901	49    	0.418579 	0.253688	-0.0133337 	0.961285
902	45    	0.463347 	0.211949	0.108075   	0.961285
903	46    	0.490997 	0.20348 	0.14448    	0.961285
904	46    	0.476418 	0.226927	0.121535   	0.961285
905	48    	0.409528 	0.308211	-1         	0.961285
906	47    	0.388    	0.211318	0.0917319  	0.990274
907	48    	0.350427 	0.287223	-1         	0.93964 
908	47    	0.388353 	0.344172	-1         	0.841454
909	46    	0.423284 	0.276655	-1         	0.841454
910	44    	0.458258 	0.290662	-1         	0.874786
911	49    	0.431966 	0.220876	-0.0166667 	0.874786
912	43    	0.429699 	0.189897	0.124875   	0.874786
913	47    	0.417823 	0.211271	0.152385   	0.895475
914	47    	0.491499 	0.253981	0.152334   	0.907762
915	45    	0.50267  	0.253591	0.150727   	0.909712
916	45    	0.46598  	0.277073	-0.015992  	0.907183
917	43    	0.527196 	0.247683	0.136113   	0.907183
918	45    	0.478301 	0.250623	0.0856989  	0.907183
919	44    	0.490003 	0.237797	0.0580435  	0.895475
920	47    	0.496379 	0.245799	-0.015992  	0.923551
921	46    	0.441465 	0.312034	-1         	0.928442
922	47    	0.412732 	0.247183	0.0997242  	0.928442
923	45    	0.395319 	0.250261	0.0928285  	0.928442
924	48    	0.378531 	0.192619	0.0753301  	0.919023
925	49    	0.416058 	0.20512 	0.0837455  	0.919023
926	49    	0.448144 	0.224717	-0.018     	0.917183
927	47    	0.433361 	0.232686	-0.0133334 	0.917183
928	43    	0.538573 	0.217102	0.172411   	0.917183
929	44    	0.495189 	0.250262	0.163757   	0.917183
930	47    	0.491808 	0.259123	-0.016     	0.913653
931	45    	0.51368  	0.267718	0.127115   	1.04724 
932	44    	0.513915 	0.298129	-0.0166667 	1.04724 
933	44    	0.492749 	0.286488	0.0644088  	1.04724 
934	43    	0.508366 	0.286866	-0.0149999 	1.04724 
935	48    	0.552883 	0.237099	0.171956   	1.03422 
936	49    	0.441047 	0.226534	0.169648   	0.973344
937	48    	0.471743 	0.222527	0.154373   	1.04888 
938	46    	0.42826  	0.22477 	-0.0133332 	1.04888 
939	47    	0.494331 	0.241966	-0.02      	1.04888 
940	45    	0.437732 	0.247986	-0.0166667 	0.907766
941	46    	0.465859 	0.269468	-0.01      	0.940337
942	48    	0.515154 	0.264479	0.152136   	0.981392
943	46    	0.413208 	0.265599	0.0779563  	0.981392
944	47    	0.510538 	0.255873	-0.0133334 	0.918892
945	46    	0.510414 	0.241912	0.0663909  	0.918286
946	46    	0.397438 	0.275198	-0.0166667 	0.918286
947	48    	0.433872 	0.249997	0.0987374  	0.976634
948	50    	0.448519 	0.269289	0.0978932  	0.98131 
949	46    	0.481962 	0.276352	-0.0177778 	0.98131 
950	47    	0.461222 	0.274742	-0.0150002 	0.98131 
951	47    	0.396298 	0.230877	0.0749607  	0.971579
952	48    	0.394581 	0.223129	0.0621401  	0.909945
953	41    	0.484927 	0.275354	-0.0200001 	0.909945
954	46    	0.453769 	0.276083	-0.015     	0.909945
955	47    	0.421686 	0.249394	-0.016     	0.918272
956	47    	0.43305  	0.265163	-0.0218182 	0.979411
957	46    	0.468131 	0.275167	0.108269   	0.988234
958	43    	0.515381 	0.288165	0.0854231  	0.983242
959	42    	0.583278 	0.295665	-0.015     	1.02508 
960	46    	0.519361 	0.283293	0.114292   	1.02508 
961	44    	0.493872 	0.281826	-0.01      	0.988762
962	47    	0.503157 	0.304581	-0.0177778 	1.0753  
963	48    	0.416644 	0.267495	0.0754701  	0.973759
964	49    	0.410084 	0.239719	0.117147   	0.984643
965	47    	0.478728 	0.269202	-0.016     	0.984862
966	47    	0.530914 	0.278108	-0.016     	0.978317
967	44    	0.456618 	0.256671	0.085929   	0.978317
968	45    	0.523675 	0.24894 	0.161149   	0.964545
969	46    	0.481985 	0.271137	0.132686   	1.03252 
970	49    	0.490363 	0.279141	0.138679   	1.04751 
971	47    	0.541976 	0.332751	-0.0171429 	1.11654 
972	44    	0.608483 	0.330142	0.0389656  	1.11654 
973	42    	0.505318 	0.354543	-0.016     	1.11654 
974	46    	0.574547 	0.355271	0.107545   	1.12046 
975	46    	0.503979 	0.302521	0.0994792  	1.11654 
976	47    	0.467755 	0.311826	-0.0171429 	1.11654 
977	48    	0.394801 	0.254394	-0.0166667 	0.967284
978	47    	0.467903 	0.289152	-0.02      	1.11654 
979	45    	0.445092 	0.301496	-0.0171428 	1.11654 
980	47    	0.396355 	0.267886	-0.0166667 	1.11654 
981	48    	0.465303 	0.27712 	-0.01      	1.12435 
982	47    	0.402685 	0.422048	-1         	1.12435 
983	45    	0.4912   	0.309291	0.118695   	1.11654 
984	47    	0.429809 	0.268404	0.130632   	1.06392 
985	46    	0.408702 	0.30649 	0.120786   	1.09543 
986	47    	0.337915 	0.28221 	-1         	1.06392 
987	43    	0.49121  	0.260068	0.160109   	1.06392 
988	47    	0.462385 	0.27986 	0.149525   	1.06392 
989	46    	0.467083 	0.270318	-0.0166667 	1.06392 
990	46    	0.467141 	0.28088 	-0.0160001 	1.06392 
991	47    	0.423343 	0.246533	0.125223   	1.06392 
992	47    	0.40371  	0.233704	0.128201   	0.92006 
993	44    	0.415396 	0.247531	-0.0175    	0.92006 
994	46    	0.41258  	0.229287	0.131273   	1.06392 
995	46    	0.398559 	0.253438	-0.0166665 	1.06392 
996	44    	0.471514 	0.238127	0.144613   	1.06392 
997	46    	0.403073 	0.255168	-0.01      	1.06392 
998	44    	0.440495 	0.273852	0.053154   	1.06392 
999	47    	0.412519 	0.254216	0.166043   	1.06392 
1000	46    	0.442036 	0.269176	-0.0177778 	1.06392 
