Argument values: path=C:\Users\1625203\Downloads\Framsticks50rc22\Framsticks50rc22, lib=None, sim=eval-allcriteria.sim;deterministic.sim;sample-period-2.sim;f9-mut-0.sim, genformat=None, initialgenotype=/*9*/BLU, opt=vertpos, popsize=50, generations=1000, tournament=10, pmut=0.9, pxov=0.2, hof_size=1, hof_savefile=None, max_numparts=30, max_numjoints=None, max_numneurons=None, max_numconnections=None, max_numgenochars=50
Using Framsticks version: 5.0rc22
Home (writable) dir     : C:\Users\1625203\Downloads\Framsticks50rc22\Framsticks50rc22\data
Resources dir           : C:\Users\1625203\Downloads\Framsticks50rc22\Framsticks50rc22\data

Available objects: ['CheckpointEvent', 'Collision', 'CrCollision', 'Creature', 'CreatureSettings', 'CreatureSignals', 'CreatureSnapshot', 'Dictionary', 'ExpProperties', 'ExpState', 'ExtValue', 'File', 'FunctionReference', 'GenMan', 'GenManStats', 'GenePool', 'GenePools', 'Geno', 'Genotype', 'Interface', 'Joint', 'Loader', 'Math', 'MechJoint', 'MechPart', 'MessageCatcher', 'Model', 'ModelGeometry', 'ModelSymmetry', 'Neuro', 'NeuroClass', 'NeuroClassLibrary', 'NeuroDef', 'NeuroSignals', 'NeuronsSimEnabled', 'ODE', 'Orient', 'Part', 'Population', 'Populations', 'Ref', 'Signal', 'SignalView', 'SimilMeasure', 'SimilMeasureDistribution', 'SimilMeasureGreedy', 'SimilMeasureHungarian', 'Simulator', 'SlaveSimulators', 'StopEvent', 'String', 'UserScripts', 'Vector', 'WireframeAppearance', 'World', 'WorldMap', 'WorldSignals', 'XYZ', '__builtins__', '__cached__', '__doc__', '__file__', '__loader__', '__name__', '__package__', '__spec__', 'c_api', 'ctypes', 'home_dir', 'init', 'os', 're', 'res_dir', 'sim_params', 'stats', 'sys']

Performing a basic test 1/2... OK.
Performing a basic test 2/2... OK.
Using settings: ['eval-allcriteria.sim', 'deterministic.sim', 'sample-period-2.sim', 'f9-mut-0.sim']
gen	nevals	avg     	stddev	min     	max     
0  	50    	0.218369	0     	0.218369	0.218369
1  	47    	0.0883881	0.135516	-0.0150001	0.514537
2  	46    	0.108619 	0.126891	-0.02     	0.427792
3  	45    	0.235252 	0.156895	-0.0150001	0.581352
4  	42    	0.317446 	0.182827	-0.02     	0.704074
5  	47    	0.296196 	0.22362 	-0.0171429	0.705828
6  	47    	0.325191 	0.208537	-0.0171429	0.813708
7  	46    	0.216    	0.200072	-0.02     	0.736414
8  	48    	0.271154 	0.263682	-0.02     	0.818806
9  	47    	0.373014 	0.236198	-0.0171429	0.818806
10 	44    	0.426654 	0.261147	-0.0166667	0.818806
11 	46    	0.452301 	0.234014	0.0626493 	0.881805
12 	47    	0.415907 	0.249108	-0.0171429	0.881805
13 	50    	0.443313 	0.261547	-0.02     	0.881805
14 	46    	0.426011 	0.24303 	-0.0166667	0.812977
15 	45    	0.446375 	0.257439	-0.0166667	0.831707
16 	50    	0.383301 	0.257021	-0.0171428	0.812977
17 	46    	0.479021 	0.219493	-0.0166667	0.867758
18 	47    	0.46448  	0.249337	-0.015    	0.890091
19 	46    	0.446256 	0.273439	-0.0160001	0.906018
20 	45    	0.492831 	0.277557	-0.016    	0.982287
21 	44    	0.482804 	0.305788	-0.0133333	1.07045 
22 	45    	0.484934 	0.336174	-0.018    	1.07045 
23 	45    	0.495052 	0.332486	-0.01     	1.07045 
24 	44    	0.527727 	0.307532	0.0695617 	1.07045 
25 	46    	0.529999 	0.345884	0.0748237 	1.07045 
26 	46    	0.503892 	0.326451	-0.0166666	1.07045 
27 	45    	0.464144 	0.320059	-0.015    	1.07045 
28 	45    	0.480038 	0.309829	-0.0133334	1.07045 
29 	47    	0.473427 	0.303353	-0.0150001	1.07045 
30 	45    	0.473606 	0.32139 	-0.02     	0.982287
31 	45    	0.497528 	0.301698	-0.02     	0.964775
32 	46    	0.474446 	0.299391	-0.0159999	0.947906
33 	45    	0.571011 	0.296161	0.130106  	1.04092 
34 	46    	0.439209 	0.304398	-0.0160001	0.963703
35 	50    	0.426547 	0.281239	-0.0171429	0.948288
36 	47    	0.529499 	0.244363	0.0779753 	0.983516
37 	45    	0.551098 	0.257221	0.137279  	0.983516
38 	47    	0.498662 	0.262623	0.15176   	0.983516
39 	46    	0.488686 	0.287661	-0.0166666	0.982648
40 	46    	0.577118 	0.304861	-0.0171429	1.07469 
41 	49    	0.503858 	0.309206	-0.016    	0.983516
42 	46    	0.546695 	0.268152	0.0857908 	0.983516
43 	46    	0.582472 	0.27863 	-0.0177778	0.983516
44 	44    	0.603193 	0.30446 	-0.0166666	0.983516
45 	43    	0.574202 	0.33317 	-0.0199999	0.983516
46 	47    	0.522174 	0.306061	0.0748606 	0.983516
47 	44    	0.646514 	0.279085	0.136804  	0.983516
48 	47    	0.49905  	0.30715 	-0.0166666	0.983516
49 	44    	0.553553 	0.298565	0.0812932 	0.983516
50 	45    	0.621992 	0.279754	0.148016  	0.983516
51 	48    	0.535241 	0.283202	-0.015    	0.983516
52 	47    	0.548825 	0.277174	-0.015    	0.982904
53 	46    	0.596395 	0.27295 	-0.0171429	0.982904
54 	47    	0.539574 	0.305056	-0.0174999	0.983516
55 	44    	0.5719   	0.282247	0.0664928 	0.983516
56 	48    	0.488733 	0.280358	-0.0166667	0.906929
57 	41    	0.555839 	0.278325	-0.0171428	0.905151
58 	45    	0.540557 	0.306769	-0.0133334	1.025   
59 	46    	0.457773 	0.322688	-0.0166666	1.025   
60 	46    	0.43333  	0.31112 	0.0987886 	1.025   
61 	49    	0.478975 	0.316339	-0.01     	1.01905 
62 	45    	0.486519 	0.337299	-0.0166666	1.06421 
63 	43    	0.498051 	0.35064 	0.0731726 	1.06421 
64 	46    	0.475198 	0.3673  	-0.0171429	1.06444 
65 	46    	0.494698 	0.359514	-0.0171428	1.06444 
66 	46    	0.46825  	0.354548	0.066201  	1.06584 
67 	46    	0.535928 	0.37125 	-0.02     	1.06444 
68 	47    	0.522675 	0.337353	0.104061  	1.06444 
69 	48    	0.454509 	0.341536	-0.0150001	1.06584 
70 	50    	0.499431 	0.348791	0.0592817 	1.0736  
71 	47    	0.516209 	0.342839	0.114501  	1.0736  
72 	45    	0.431599 	0.341626	-0.0183334	1.0736  
73 	46    	0.465108 	0.327509	0.123362  	1.0736  
74 	47    	0.418799 	0.311133	-0.0174999	1.04849 
75 	47    	0.382    	0.286615	-0.02     	1.01114 
76 	44    	0.471118 	0.29359 	-0.0133334	1.01114 
77 	48    	0.455656 	0.288072	-0.02     	1.01114 
78 	46    	0.562091 	0.293259	0.110155  	0.992258
79 	48    	0.44644  	0.31575 	-0.0175001	0.974791
80 	48    	0.44363  	0.379183	-1        	1.01071 
81 	46    	0.481601 	0.291204	-0.0184615	1.01071 
82 	45    	0.533733 	0.312337	0.103143  	1.05829 
83 	47    	0.5333   	0.307106	0.120243  	1.01072 
84 	44    	0.555125 	0.318002	0.167222  	1.07806 
85 	47    	0.489702 	0.326955	0.128975  	1.07254 
86 	45    	0.451112 	0.335548	0.0745141 	1.05276 
87 	45    	0.441904 	0.345017	-0.0171415	1.06444 
88 	44    	0.530881 	0.371698	-0.0175   	1.06444 
89 	45    	0.403751 	0.3467  	-0.0171428	1.06444 
90 	43    	0.431464 	0.376607	-0.0166667	1.06444 
91 	50    	0.348743 	0.298596	0.0741998 	1.0061  
92 	43    	0.4536   	0.316587	-0.015    	1.06064 
93 	47    	0.42905  	0.31886 	-0.0171429	0.9881  
94 	48    	0.419981 	0.316807	-0.0150001	1.04166 
95 	42    	0.520598 	0.311693	-0.0133333	1.04166 
96 	48    	0.453147 	0.314803	-0.0177778	1.04166 
97 	49    	0.454494 	0.307612	-0.0166667	1.03134 
98 	46    	0.525446 	0.32473 	0.0848212 	1.00656 
99 	46    	0.470859 	0.333278	-0.0181818	1.06366 
100	47    	0.513039 	0.328546	-0.0179999	1.06366 
101	48    	0.429271 	0.316031	-0.0171428	1.06092 
102	46    	0.418076 	0.324394	-0.0171428	1.06425 
103	48    	0.398949 	0.448784	-1        	1.1331  
104	46    	0.49528  	0.346594	-0.0183333	1.1331  
105	47    	0.417293 	0.347616	-0.018    	1.1331  
106	42    	0.486355 	0.404538	-1        	1.13168 
107	47    	0.455869 	0.339825	-0.0177778	1.13168 
108	45    	0.537173 	0.365884	-0.0174854	1.13396 
109	45    	0.386813 	0.384972	-1        	1.13396 
110	46    	0.528282 	0.38183 	-0.0181818	1.13416 
111	46    	0.438757 	0.340452	0.115174  	1.14379 
112	45    	0.532711 	0.368354	0.125706  	1.14379 
113	44    	0.484155 	0.366361	0.118287  	1.14379 
114	46    	0.399147 	0.328898	-0.0183333	1.14379 
115	46    	0.46099  	0.393112	-1        	1.14379 
116	46    	0.404424 	0.306981	0.117502  	1.14379 
117	41    	0.422761 	0.393508	-1        	1.14379 
118	48    	0.40793  	0.268939	-0.016    	1.14379 
119	44    	0.514283 	0.319033	-0.02     	1.06101 
120	46    	0.514155 	0.313698	-0.0149999	1.05214 
121	46    	0.436575 	0.274876	0.153292  	1.04132 
122	45    	0.481369 	0.307185	-0.0160001	1.04523 
123	46    	0.505719 	0.262863	0.104725  	1.04198 
124	47    	0.461455 	0.276901	-0.016    	1.04198 
125	47    	0.564709 	0.310828	0.123076  	1.11569 
126	46    	0.48717  	0.315333	0.125904  	1.11569 
127	47    	0.452723 	0.358283	-1        	1.11569 
128	44    	0.489143 	0.318051	0.142665  	1.02797 
129	43    	0.554995 	0.306955	0.109649  	1.05897 
130	45    	0.521312 	0.303408	0.157546  	1.04103 
131	48    	0.434337 	0.291248	0.11139   	1.05897 
132	45    	0.383294 	0.254139	0.129485  	1.05897 
133	47    	0.517529 	0.309487	-0.0166592	1.06592 
134	46    	0.499266 	0.334024	0.0712999 	1.08709 
135	43    	0.49294  	0.32739 	0.116247  	1.0569  
136	47    	0.380073 	0.307433	-0.0171428	1.16664 
137	45    	0.571078 	0.326212	0.127568  	1.16664 
138	47    	0.514049 	0.377487	-1        	1.16664 
139	48    	0.517799 	0.367753	-1        	1.04618 
140	47    	0.500664 	0.368099	-1        	1.04618 
141	46    	0.509582 	0.26294 	0.0997952 	1.04618 
142	45    	0.527222 	0.282242	-0.0171429	1.02495 
143	46    	0.408907 	0.382152	-1        	1.02495 
144	46    	0.531294 	0.343527	-1        	1.0946  
145	46    	0.521264 	0.435599	-1        	1.0946  
146	47    	0.465295 	0.423312	-1        	1.0974  
147	47    	0.425648 	0.366164	-1        	1.0974  
148	47    	0.368285 	0.493445	-1        	1.05738 
149	46    	0.466048 	0.350495	-1        	1.09597 
150	47    	0.544955 	0.314896	0.174438  	1.12347 
151	46    	0.431838 	0.418182	-1        	1.12347 
152	46    	0.412805 	0.341126	-1        	1.12347 
153	47    	0.310352 	0.398129	-1        	0.992461
154	49    	0.466474 	0.24503 	0.0994432 	1.1467  
155	45    	0.45669  	0.230465	0.125368  	0.930409
156	45    	0.457955 	0.432147	-1        	0.930409
157	46    	0.483628 	0.341931	-1        	0.930409
158	48    	0.447776 	0.38716 	-1        	0.943443
159	43    	0.57538  	0.333901	-1        	0.943443
160	46    	0.477713 	0.259303	-0.0133334	0.943443
161	42    	0.480648 	0.252686	0.16591   	0.969668
162	46    	0.564724 	0.236259	0.182282  	0.969668
163	47    	0.529308 	0.283561	0.170693  	1.012   
164	47    	0.563878 	0.283513	-0.0133333	0.969668
165	47    	0.497418 	0.269311	0.0660359 	0.990791
166	46    	0.53949  	0.297897	-0.0177778	1.03765 
167	46    	0.530653 	0.374504	-1        	1.03816 
168	45    	0.526911 	0.384963	-1        	1.09777 
169	48    	0.512136 	0.387652	-1        	1.09777 
170	43    	0.562593 	0.40596 	-1        	1.09777 
171	49    	0.494237 	0.333557	0.169811  	1.17896 
172	48    	0.526824 	0.307581	0.165848  	1.04776 
173	46    	0.523401 	0.2935  	0.134174  	1.04776 
174	46    	0.493299 	0.295953	-0.0150001	1.04776 
175	46    	0.598915 	0.383186	-1        	1.17896 
176	43    	0.548334 	0.347952	0.0555128 	1.10304 
177	43    	0.524734 	0.328968	0.141152  	1.10304 
178	47    	0.447965 	0.484797	-1        	1.05362 
179	47    	0.574904 	0.34384 	0.141843  	1.17896 
180	40    	0.605309 	0.335512	0.121977  	1.05362 
181	46    	0.520649 	0.333841	-0.0175   	1.17896 
182	46    	0.535409 	0.351853	-0.0171427	1.17896 
183	44    	0.515145 	0.360365	-0.0199999	1.1155  
184	46    	0.565838 	0.35464 	0.150256  	1.1155  
185	47    	0.549542 	0.365564	-0.0171428	1.17811 
186	48    	0.525708 	0.318334	0.146266  	1.17811 
187	47    	0.52731  	0.29726 	0.104398  	1.17811 
188	44    	0.562814 	0.323237	0.0695137 	1.17811 
189	47    	0.466599 	0.300873	-0.0166667	1.07322 
190	47    	0.502232 	0.341495	-0.0166665	1.17811 
191	44    	0.522762 	0.360353	-0.0171428	1.17811 
192	47    	0.472013 	0.394934	-1        	1.09538 
193	45    	0.538221 	0.306788	-0.0133335	1.06455 
194	46    	0.578273 	0.390897	-1        	1.06455 
195	44    	0.534505 	0.330042	0.141153  	1.06455 
196	45    	0.602588 	0.331421	0.139293  	1.08913 
197	46    	0.566863 	0.339186	0.0736505 	1.06455 
198	47    	0.502574 	0.330058	-0.0199999	1.06455 
199	48    	0.461415 	0.280071	0.158328  	1.0032  
200	47    	0.521736 	0.295462	0.106171  	1.16961 
201	45    	0.530752 	0.302328	-0.0177778	1.16961 
202	48    	0.514743 	0.30474 	-0.0166665	1.03057 
203	44    	0.575708 	0.295954	0.173672  	1.03057 
204	43    	0.492738 	0.375499	-1        	1.03688 
205	47    	0.440427 	0.407155	-1        	1.16961 
206	49    	0.429419 	0.270807	0.139349  	1.0032  
207	46    	0.50463  	0.261713	0.198072  	1.0038  
208	47    	0.57313  	0.299819	0.0947888 	1.03907 
209	45    	0.518652 	0.359119	-1        	1.03907 
210	48    	0.454358 	0.361884	-1        	1.0605  
211	45    	0.550245 	0.323943	-0.0200001	1.03162 
212	47    	0.334072 	0.432279	-1        	1.0075  
213	46    	0.609627 	0.305784	0.126734  	1.01204 
214	42    	0.45404  	0.313606	0.107217  	1.01204 
215	47    	0.540416 	0.301139	0.0980192 	1.01204 
216	44    	0.550214 	0.392614	-1        	1.04989 
217	48    	0.529652 	0.338986	-0.0171428	1.04989 
218	46    	0.536762 	0.336025	-0.0171412	1.04989 
219	46    	0.525905 	0.325539	0.112761  	1.04804 
220	48    	0.452942 	0.331594	0.0516435 	1.04804 
221	47    	0.441614 	0.322755	-0.0133333	1.12946 
222	45    	0.425166 	0.345212	0.0640875 	1.12946 
223	41    	0.528433 	0.378271	-0.0159967	1.12946 
224	47    	0.444885 	0.348239	0.057393  	1.12946 
225	43    	0.483053 	0.349339	-0.02     	1.12946 
226	43    	0.508597 	0.379688	-0.0159976	1.12946 
227	45    	0.633119 	0.356067	0.141191  	1.12946 
228	44    	0.47648  	0.383863	0.0752761 	1.12946 
229	48    	0.477681 	0.371942	-0.017143 	1.12946 
230	48    	0.491723 	0.332265	-0.0175   	1.12946 
231	47    	0.485839 	0.346149	-0.0166667	1.12946 
232	46    	0.357175 	0.34475 	-1        	1.01517 
233	45    	0.511723 	0.295045	0.141757  	0.972562
234	48    	0.541085 	0.315428	0.117126  	0.972562
235	45    	0.505157 	0.303436	0.0538612 	0.972562
236	49    	0.443271 	0.369339	-1        	0.973354
237	46    	0.505219 	0.28228 	-0.0166667	0.975497
238	48    	0.494847 	0.371706	-1        	0.987354
239	44    	0.520604 	0.389883	-1        	1.05696 
240	49    	0.461524 	0.377527	-1        	1.07497 
241	45    	0.482716 	0.361807	-1        	1.07497 
242	43    	0.514251 	0.447899	-1        	1.08549 
243	45    	0.55996  	0.405757	-1        	1.08549 
244	46    	0.459254 	0.320219	0.0830819 	1.08549 
245	48    	0.470086 	0.435505	-1        	1.02748 
246	46    	0.426163 	0.430112	-1        	1.07342 
247	46    	0.537903 	0.39046 	-1        	1.02748 
248	47    	0.479119 	0.431958	-1        	1.07497 
249	49    	0.466841 	0.370175	-1        	1.02775 
250	47    	0.458009 	0.364716	-1        	1.02775 
251	46    	0.533696 	0.444907	-1        	1.02775 
252	46    	0.498495 	0.399987	-1        	1.03229 
253	47    	0.44467  	0.435766	-1        	1.02693 
254	46    	0.567364 	0.282427	0.123797  	1.01643 
255	47    	0.529724 	0.293792	-0.0171429	0.967622
256	43    	0.60951  	0.278589	0.104535  	1.03229 
257	47    	0.5305   	0.450446	-1        	1.0792  
258	46    	0.510282 	0.450901	-1        	1.01199 
259	45    	0.503482 	0.312961	0.0455566 	1.01199 
260	44    	0.629246 	0.377792	-1        	1.01199 
261	45    	0.592103 	0.314892	0.0631708 	1.02067 
262	45    	0.461809 	0.450196	-1        	1.02851 
263	43    	0.595177 	0.407676	-1        	1.03887 
264	47    	0.571985 	0.405678	-1        	1.03887 
265	49    	0.481337 	0.372462	-1        	0.968255
266	47    	0.56897  	0.33627 	0.118236  	1.10315 
267	46    	0.315698 	0.551518	-1        	1.03035 
268	48    	0.404528 	0.486671	-1        	1.0227  
269	46    	0.469139 	0.401539	-1        	1.02545 
270	46    	0.410779 	0.433491	-1        	1.02545 
271	45    	0.464542 	0.404646	-1        	1.02545 
272	48    	0.430637 	0.363471	-1        	0.95721 
273	47    	0.423785 	0.421963	-1        	0.967718
274	48    	0.546685 	0.37258 	-1        	1.0152  
275	44    	0.571083 	0.33017 	0.0819145 	1.0152  
276	46    	0.462455 	0.449552	-1        	1.01179 
277	40    	0.595687 	0.33825 	0.151826  	1.09551 
278	48    	0.48654  	0.402951	-1        	1.01179 
279	46    	0.537605 	0.444928	-1        	1.01486 
280	45    	0.528921 	0.442787	-1        	1.01486 
281	49    	0.544713 	0.443754	-1        	1.02381 
282	48    	0.49678  	0.324682	0.109319  	1.08246 
283	48    	0.451865 	0.386352	-1        	1.08246 
284	47    	0.513018 	0.381103	-1        	1.02397 
285	46    	0.534781 	0.313341	0.0878713 	1.03879 
286	43    	0.558272 	0.445961	-1        	1.06133 
287	41    	0.52946  	0.493982	-1        	1.06133 
288	47    	0.538523 	0.426979	-1        	1.07866 
289	44    	0.609204 	0.316076	-0.0175002	1.06133 
290	45    	0.440943 	0.467164	-1        	1.0731  
291	48    	0.382273 	0.588197	-1        	1.06278 
292	46    	0.567204 	0.427698	-1        	1.06133 
293	46    	0.591648 	0.307622	0.192331  	1.06133 
294	44    	0.412748 	0.493773	-1        	1.06133 
295	49    	0.51251  	0.433769	-1        	1.06476 
296	47    	0.508796 	0.44503 	-1        	1.05241 
297	48    	0.403211 	0.560011	-1        	1.08684 
298	48    	0.366076 	0.655285	-1        	1.05241 
299	47    	0.493983 	0.443707	-1        	1.05241 
300	45    	0.351227 	0.640527	-1        	1.11069 
301	43    	0.418168 	0.474719	-1        	1.11069 
302	47    	0.493103 	0.469075	-1        	1.13147 
303	46    	0.491682 	0.516252	-1        	1.14757 
304	47    	0.557233 	0.530951	-1        	1.13147 
305	46    	0.480162 	0.543703	-1        	1.20671 
306	46    	0.460197 	0.469887	-1        	1.20671 
307	45    	0.477893 	0.568079	-1        	1.20671 
308	44    	0.473181 	0.574928	-1        	1.20671 
309	45    	0.386624 	0.549496	-1        	1.09429 
310	48    	0.229711 	0.627017	-1        	1.09429 
311	45    	0.506637 	0.356337	-0.0171428	1.09429 
312	43    	0.422885 	0.511993	-1        	1.09429 
313	47    	0.265109 	0.562701	-1        	1.09429 
314	42    	0.576761 	0.425312	-1        	1.11867 
315	44    	0.556218 	0.372969	0.13559   	1.1684  
316	46    	0.45426  	0.462497	-1        	1.16914 
317	47    	0.433669 	0.518268	-1        	1.16914 
318	47    	0.461627 	0.448026	-1        	1.1684  
319	48    	0.321285 	0.580262	-1        	1.10469 
320	44    	0.587905 	0.520677	-1        	1.10486 
321	46    	0.515264 	0.514353	-1        	1.10486 
322	44    	0.47952  	0.59826 	-1        	1.16837 
323	46    	0.415989 	0.556694	-1        	1.10469 
324	45    	0.422834 	0.621835	-1        	1.16549 
325	45    	0.488814 	0.490726	-1        	1.16549 
326	45    	0.683391 	0.424052	-1        	1.15113 
327	46    	0.461576 	0.59571 	-1        	1.15113 
328	48    	0.508718 	0.579407	-1        	1.15113 
329	48    	0.337648 	0.644291	-1        	1.15113 
330	45    	0.478632 	0.506219	-1        	1.15113 
331	46    	0.454589 	0.551442	-1        	1.15113 
332	47    	0.436918 	0.553   	-1        	1.10198 
333	43    	0.443427 	0.562025	-1        	1.10198 
334	50    	0.52839  	0.518496	-1        	1.07201 
335	47    	0.411557 	0.469475	-1        	1.07201 
336	46    	0.385301 	0.501597	-1        	1.07201 
337	48    	0.520895 	0.501926	-1        	1.06198 
338	47    	0.47145  	0.430233	-1        	1.08799 
339	41    	0.574193 	0.41502 	-1        	1.08799 
340	48    	0.432514 	0.536937	-1        	1.11991 
341	44    	0.559919 	0.409438	-1        	1.11991 
342	49    	0.464673 	0.526695	-1        	1.06886 
343	47    	0.432407 	0.487368	-1        	1.06788 
344	48    	0.65473  	0.293941	0.19731   	1.08313 
345	50    	0.419149 	0.465254	-1        	1.0931  
346	45    	0.335746 	0.677912	-1        	1.0931  
347	48    	0.439571 	0.565087	-1        	1.07975 
348	47    	0.463417 	0.533578	-1        	1.07975 
349	47    	0.375478 	0.601666	-1        	1.07239 
350	48    	0.349437 	0.585973	-1        	1.07239 
351	47    	0.377486 	0.589104	-1        	1.07239 
352	50    	0.334623 	0.572354	-1        	1.08146 
353	40    	0.556577 	0.404185	-1        	1.08146 
354	46    	0.294138 	0.642652	-1        	1.08146 
355	44    	0.357319 	0.588944	-1        	1.08146 
356	46    	0.424582 	0.568402	-1        	1.08795 
357	46    	0.386958 	0.52051 	-1        	1.08795 
358	45    	0.466654 	0.593081	-1        	1.0891  
359	49    	0.412024 	0.54448 	-1        	1.08906 
360	49    	0.275523 	0.643398	-1        	1.12822 
361	45    	0.300281 	0.62174 	-1        	1.12822 
362	49    	0.413076 	0.538677	-1        	1.19542 
363	46    	0.432722 	0.554498	-1        	1.19542 
364	45    	0.442527 	0.52022 	-1        	1.19542 
365	48    	0.294887 	0.65657 	-1        	1.12946 
366	49    	0.246171 	0.620474	-1        	1.08869 
367	49    	0.225925 	0.676452	-1        	1.08869 
368	49    	0.421656 	0.507089	-1        	1.08051 
369	42    	0.548259 	0.449542	-1        	1.08094 
370	45    	0.419473 	0.624337	-1        	1.09805 
371	49    	0.539341 	0.496072	-1        	1.08235 
372	46    	0.3383   	0.633105	-1        	1.06908 
373	44    	0.574156 	0.510211	-1        	1.06908 
374	46    	0.536944 	0.505385	-1        	1.06908 
375	48    	0.467233 	0.355174	-1        	1.01107 
376	48    	0.383987 	0.589476	-1        	1.06551 
377	47    	0.366815 	0.694652	-1        	1.14003 
378	45    	0.497512 	0.632294	-1        	1.05645 
379	48    	0.366564 	0.589033	-1        	1.02701 
380	46    	0.342061 	0.666004	-1        	1.11597 
381	47    	0.420221 	0.691667	-1        	1.11678 
382	48    	0.551525 	0.459254	-1        	1.04497 
383	43    	0.489664 	0.602505	-1        	1.21327 
384	48    	0.208071 	0.697783	-1        	1.04636 
385	48    	0.547812 	0.302861	-0.0171429	1.04045 
386	49    	0.399502 	0.588718	-1        	1.03204 
387	47    	0.325868 	0.675166	-1        	1.03204 
388	45    	0.330516 	0.646597	-1        	1.04949 
389	45    	0.524622 	0.425661	-1        	1.0637  
390	47    	0.309153 	0.618822	-1        	1.10081 
391	45    	0.330342 	0.653703	-1        	1.10081 
392	43    	0.518639 	0.390697	-1        	1.11871 
393	43    	0.625913 	0.402389	-1        	1.11871 
394	50    	0.417083 	0.455935	-1        	1.09924 
395	50    	0.258598 	0.621023	-1        	1.02436 
396	45    	0.53385  	0.352896	-1        	1.02436 
397	42    	0.331044 	0.723739	-1        	1.02436 
398	49    	0.441129 	0.601491	-1        	1.0344  
399	46    	0.226927 	0.716216	-1        	1.08937 
400	47    	0.414121 	0.465822	-1        	1.088   
401	44    	0.402508 	0.551373	-1        	1.08937 
402	47    	0.373202 	0.586612	-1        	1.08937 
403	45    	0.539102 	0.330278	-0.0181818	1.1508  
404	47    	0.449975 	0.479133	-1        	1.02739 
405	46    	0.297775 	0.588901	-1        	1.02739 
406	47    	0.533133 	0.357961	-1        	1.02658 
407	42    	0.40496  	0.541857	-1        	1.10178 
408	46    	0.503873 	0.414491	-1        	1.02464 
409	45    	0.624438 	0.284781	0.194977  	1.0653  
410	43    	0.571725 	0.42036 	-1        	1.04434 
411	42    	0.494162 	0.426081	-1        	1.02464 
412	47    	0.288209 	0.582015	-1        	1.02464 
413	47    	0.37921  	0.622918	-1        	1.05733 
414	45    	0.499881 	0.472541	-1        	1.0653  
415	44    	0.429637 	0.592359	-1        	1.06125 
416	46    	0.386297 	0.618875	-1        	1.08121 
417	46    	0.448109 	0.470845	-1        	1.08121 
418	44    	0.510762 	0.425659	-1        	1.10568 
419	47    	0.339026 	0.569194	-1        	1.12961 
420	43    	0.395108 	0.549097	-1        	1.12961 
421	48    	0.325992 	0.595985	-1        	1.12961 
422	42    	0.366591 	0.520705	-1        	1.04169 
423	44    	0.333793 	0.628137	-1        	1.08158 
424	46    	0.467837 	0.462602	-1        	1.08158 
425	47    	0.380373 	0.618838	-1        	1.11311 
426	43    	0.404218 	0.608268	-1        	1.11311 
427	44    	0.410518 	0.516432	-1        	1.11311 
428	45    	0.424218 	0.462664	-1        	1.11311 
429	46    	0.250871 	0.685469	-1        	1.11311 
430	45    	0.450787 	0.465301	-1        	1.11311 
431	43    	0.302303 	0.720685	-1        	1.11311 
432	48    	0.32871  	0.586749	-1        	1.11311 
433	45    	0.309043 	0.553875	-1        	1.11311 
434	46    	0.472533 	0.403567	-1        	1.11311 
435	46    	0.261908 	0.655912	-1        	1.11311 
436	44    	0.57768  	0.376413	-1        	1.11311 
437	47    	0.448091 	0.527734	-1        	1.11311 
438	44    	0.489358 	0.494052	-1        	1.11311 
439	49    	0.156989 	0.622897	-1        	1.11311 
440	46    	0.401772 	0.486554	-1        	1.08906 
441	48    	0.447889 	0.3743  	-1        	1.08906 
442	49    	0.342939 	0.544423	-1        	0.990038
443	47    	0.258895 	0.586756	-1        	0.903221
444	46    	0.418651 	0.521403	-1        	0.974156
445	43    	0.574228 	0.333689	-1        	0.974156
446	49    	0.424234 	0.443922	-1        	0.98143 
447	47    	0.238745 	0.656222	-1        	0.974156
448	49    	0.355728 	0.55035 	-1        	0.922764
449	44    	0.518691 	0.395336	-1        	0.961626
450	47    	0.363724 	0.548706	-1        	1.00827 
451	45    	0.405183 	0.504195	-1        	1.00827 
452	45    	0.471768 	0.483465	-1        	1.00827 
453	50    	0.408918 	0.514142	-1        	0.962238
454	49    	0.422716 	0.473162	-1        	0.995838
455	42    	0.537831 	0.378871	-1        	0.995838
456	48    	0.316355 	0.573222	-1        	0.995838
457	46    	0.467853 	0.481916	-1        	1.00338 
458	48    	0.507836 	0.361826	-1        	1.00338 
459	46    	0.417925 	0.453949	-1        	0.917486
460	48    	0.421959 	0.507725	-1        	0.884734
461	49    	0.377236 	0.493511	-1        	0.841936
462	47    	0.0813467	0.725568	-1        	0.849986
463	45    	0.469456 	0.470742	-1        	0.928724
464	50    	0.125116 	0.651827	-1        	0.884553
465	46    	0.392812 	0.416627	-1        	0.876265
466	48    	0.371407 	0.397773	-1        	0.874383
467	43    	0.388146 	0.505743	-1        	0.874383
468	45    	0.273335 	0.661417	-1        	0.836292
469	48    	0.34755  	0.489171	-1        	0.886039
470	46    	0.471653 	0.481824	-1        	0.890242
471	45    	0.523279 	0.384228	-1        	0.890242
472	46    	0.347903 	0.539049	-1        	0.890242
473	47    	0.285941 	0.595155	-1        	0.890242
474	49    	0.1342   	0.703858	-1        	0.902514
475	47    	0.464951 	0.315224	-1        	0.915041
476	47    	0.463539 	0.389193	-1        	0.915041
477	44    	0.402511 	0.511411	-1        	0.890242
478	45    	0.346684 	0.541316	-1        	0.890242
479	44    	0.32615  	0.57426 	-1        	0.875999
480	44    	0.436532 	0.471972	-1        	0.875999
481	50    	0.269471 	0.539762	-1        	0.834424
482	46    	0.394014 	0.461297	-1        	0.888823
483	46    	0.424082 	0.461953	-1        	0.879923
484	47    	0.498397 	0.28805 	-1        	0.879923
485	47    	0.399371 	0.407666	-1        	0.898774
486	49    	0.407355 	0.400515	-1        	0.902814
487	46    	0.340392 	0.480833	-1        	0.913995
488	45    	0.392263 	0.398836	-1        	0.913995
489	47    	0.333344 	0.443859	-1        	0.913995
490	47    	0.324694 	0.527659	-1        	0.913995
491	48    	0.357909 	0.396981	-1        	0.913995
492	48    	0.325112 	0.495272	-1        	0.921368
493	48    	0.282171 	0.52196 	-1        	1.05911 
494	47    	0.269952 	0.508656	-1        	1.05911 
495	47    	0.344742 	0.433257	-1        	1.05911 
496	46    	0.321731 	0.489167	-1        	1.05911 
497	45    	0.439931 	0.31197 	-1        	1.05911 
498	46    	0.365968 	0.469365	-1        	1.05911 
499	48    	0.376997 	0.29205 	-1        	0.951933
500	45    	0.399507 	0.287837	-1        	0.951933
501	42    	0.39842  	0.419927	-1        	0.951933
502	47    	0.267855 	0.581376	-1        	0.951933
503	48    	0.360919 	0.506047	-1        	0.969495
504	45    	0.367899 	0.492355	-1        	0.951933
505	42    	0.482786 	0.440469	-1        	0.951933
506	48    	0.381255 	0.408146	-1        	0.951933
507	47    	0.352785 	0.442942	-1        	0.951933
508	44    	0.461047 	0.362315	-1        	0.966197
509	41    	0.432791 	0.481193	-1        	0.966197
510	46    	0.301135 	0.545819	-1        	0.966197
511	44    	0.38098  	0.480195	-1        	0.966197
512	45    	0.343035 	0.558134	-1        	0.972672
513	47    	0.54021  	0.354079	-1        	0.999341
514	49    	0.336343 	0.569636	-1        	1.10042 
515	48    	0.336186 	0.549095	-1        	1.01973 
516	49    	0.264537 	0.508887	-1        	0.91771 
517	46    	0.222624 	0.60694 	-1        	0.879132
518	46    	0.406929 	0.516395	-1        	0.994139
519	46    	0.507214 	0.386792	-1        	0.994139
520	45    	0.451729 	0.487859	-1        	0.994139
521	45    	0.455732 	0.448311	-1        	0.994139
522	44    	0.4998   	0.343275	-1        	0.994139
523	43    	0.342188 	0.567058	-1        	0.994139
524	47    	0.316762 	0.58982 	-1        	0.994139
525	45    	0.291507 	0.613303	-1        	0.994139
526	46    	0.405651 	0.498952	-1        	1.02904 
527	47    	0.323192 	0.59776 	-1        	0.983596
528	48    	0.518345 	0.296578	0.147781  	0.99618 
529	43    	0.437537 	0.515044	-1        	0.99618 
530	45    	0.422393 	0.417284	-1        	0.99618 
531	48    	0.319522 	0.595857	-1        	0.99618 
532	44    	0.298216 	0.513806	-1        	0.99618 
533	47    	0.360366 	0.385609	-1        	1.03752 
534	44    	0.42017  	0.341949	-1        	1.04928 
535	45    	0.331657 	0.539171	-1        	1.03752 
536	41    	0.536981 	0.322209	0.168514  	1.03752 
537	49    	0.389299 	0.517828	-1        	1.09958 
538	40    	0.414314 	0.531538	-1        	1.10256 
539	47    	0.422529 	0.395374	-1        	1.16467 
540	45    	0.392061 	0.519883	-1        	1.16467 
541	49    	0.326097 	0.58548 	-1        	1.05986 
542	46    	0.185597 	0.583895	-1        	1.03158 
543	44    	0.325252 	0.56392 	-1        	1.03158 
544	50    	0.454731 	0.506842	-1        	1.03063 
545	46    	0.262698 	0.574622	-1        	1.01129 
546	48    	0.481351 	0.347456	-1        	0.96094 
547	46    	0.420706 	0.409414	-1        	0.969171
548	48    	0.328688 	0.519895	-1        	1.0963  
549	46    	0.444509 	0.409553	-1        	1.0963  
550	45    	0.427586 	0.417738	-1        	1.0963  
551	47    	0.576419 	0.437318	-1        	1.11194 
552	47    	0.349657 	0.536046	-1        	1.11194 
553	42    	0.298381 	0.689493	-1        	1.11194 
554	44    	0.481699 	0.54546 	-1        	1.11194 
555	44    	0.384932 	0.598978	-1        	1.11194 
556	47    	0.349468 	0.580608	-1        	1.11194 
557	46    	0.480619 	0.433385	-1        	1.15437 
558	48    	0.436662 	0.528439	-1        	1.0513  
559	44    	0.505657 	0.452991	-1        	1.06884 
560	49    	0.137571 	0.649068	-1        	1.06884 
561	44    	0.411585 	0.323755	-1        	0.977875
562	49    	0.295082 	0.533473	-1        	1.01213 
563	42    	0.296402 	0.588376	-1        	1.01213 
564	44    	0.377378 	0.53497 	-1        	1.05266 
565	45    	0.347834 	0.531822	-1        	1.01213 
566	48    	0.354115 	0.530335	-1        	1.05326 
567	46    	0.466845 	0.464634	-1        	1.1014  
568	49    	0.307078 	0.546418	-1        	1.1014  
569	48    	0.442299 	0.397722	-1        	1.1014  
570	47    	0.459012 	0.319534	-1        	0.955427
571	46    	0.345004 	0.46139 	-1        	0.955427
572	44    	0.482169 	0.395081	-1        	0.961515
573	44    	0.312644 	0.632724	-1        	1.0963  
574	48    	0.377499 	0.585362	-1        	1.0963  
575	48    	0.39809  	0.45309 	-1        	1.0963  
576	47    	0.563878 	0.380231	-1        	1.05595 
577	45    	0.566373 	0.459676	-1        	1.06592 
578	44    	0.600472 	0.342871	0.0861827 	1.10323 
579	44    	0.378922 	0.604509	-1        	1.10323 
580	49    	0.395637 	0.465979	-1        	1.07597 
581	47    	0.361093 	0.476513	-1        	1.0186  
582	45    	0.431852 	0.509816	-1        	1.0186  
583	47    	0.37283  	0.544989	-1        	0.972646
584	48    	0.262836 	0.616641	-1        	1.00874 
585	48    	0.305145 	0.587139	-1        	0.999296
586	46    	0.365963 	0.585088	-1        	1.00874 
587	47    	0.279865 	0.531602	-1        	1.05545 
588	44    	0.497668 	0.479122	-1        	1.05545 
589	49    	0.383175 	0.603007	-1        	1.11928 
590	44    	0.440711 	0.593084	-1        	1.11928 
591	45    	0.391097 	0.536096	-1        	1.11928 
592	48    	0.500298 	0.448727	-1        	1.09823 
593	45    	0.354383 	0.550261	-1        	1.09902 
594	46    	0.282799 	0.633138	-1        	1.10431 
595	44    	0.401923 	0.53292 	-1        	1.09902 
596	47    	0.449891 	0.37796 	-1        	1.09902 
597	41    	0.383253 	0.674891	-1        	1.09902 
598	47    	0.374171 	0.639167	-1        	1.09902 
599	45    	0.459991 	0.497681	-1        	1.09902 
600	43    	0.518111 	0.340319	0.11479   	1.09902 
601	48    	0.373712 	0.563061	-1        	1.09902 
602	49    	0.338517 	0.479161	-1        	1.09902 
603	47    	0.332671 	0.592042	-1        	1.09902 
604	39    	0.564734 	0.531513	-1        	1.09902 
605	45    	0.531925 	0.447398	-1        	1.11036 
606	48    	0.272221 	0.704523	-1        	1.05626 
607	49    	0.423809 	0.51725 	-1        	1.05762 
608	46    	0.468616 	0.491716	-1        	1.05002 
609	46    	0.377509 	0.549471	-1        	1.05002 
610	44    	0.459737 	0.536369	-1        	1.05294 
611	44    	0.539788 	0.462275	-1        	1.05931 
612	42    	0.451176 	0.517745	-1        	1.10411 
613	47    	0.384805 	0.605055	-1        	1.05002 
614	48    	0.343427 	0.577094	-1        	1.07511 
615	44    	0.482553 	0.484186	-1        	1.14787 
616	47    	0.508312 	0.426775	-1        	1.14787 
617	50    	0.238056 	0.576798	-1        	1.18569 
618	43    	0.455111 	0.547159	-1        	1.18569 
619	48    	0.355657 	0.564545	-1        	1.18569 
620	46    	0.421046 	0.551498	-1        	1.1857  
621	45    	0.434055 	0.496498	-1        	1.17257 
622	44    	0.522003 	0.512493	-1        	1.17257 
623	45    	0.433966 	0.559982	-1        	1.17117 
624	48    	0.505295 	0.475278	-1        	1.11904 
625	45    	0.29375  	0.586504	-1        	1.11904 
626	49    	0.264906 	0.540769	-1        	1.11904 
627	47    	0.307794 	0.693991	-1        	1.09301 
628	46    	0.440165 	0.439328	-1        	1.19599 
629	46    	0.362322 	0.603181	-1        	1.19689 
630	47    	0.477266 	0.383641	-1        	1.13806 
631	48    	0.455139 	0.443017	-1        	1.13766 
632	46    	0.36759  	0.603333	-1        	1.25628 
633	47    	0.290791 	0.61433 	-1        	1.25561 
634	47    	0.391375 	0.567885	-1        	1.18589 
635	49    	0.394008 	0.462482	-1        	1.15232 
636	46    	0.365931 	0.540953	-1        	1.15232 
637	48    	0.311975 	0.562881	-1        	1.12685 
638	43    	0.371374 	0.58072 	-1        	1.1166  
639	48    	0.368457 	0.490322	-1        	1.08974 
640	48    	0.41827  	0.546215	-1        	1.08974 
641	43    	0.453769 	0.416578	-1        	1.08974 
642	47    	0.426199 	0.451571	-1        	1.08974 
643	47    	0.4573   	0.513588	-1        	1.11532 
644	40    	0.466155 	0.536257	-1        	1.14112 
645	46    	0.508097 	0.514805	-1        	1.14112 
646	48    	0.441218 	0.408497	-1        	1.14219 
647	47    	0.333764 	0.580967	-1        	1.14219 
648	45    	0.330645 	0.440569	-1        	1.08741 
649	47    	0.39788  	0.446661	-1        	1.09973 
650	46    	0.358596 	0.58851 	-1        	1.09973 
651	45    	0.466842 	0.540854	-1        	1.10305 
652	48    	0.339531 	0.546853	-1        	1.1909  
653	46    	0.391516 	0.525404	-1        	1.17357 
654	47    	0.437587 	0.532296	-1        	1.14054 
655	45    	0.531151 	0.478162	-1        	1.14054 
656	41    	0.526846 	0.469033	-1        	1.14054 
657	46    	0.383355 	0.458912	-1        	1.14054 
658	46    	0.505975 	0.438298	-1        	1.08933 
659	48    	0.406788 	0.447484	-1        	1.08933 
660	43    	0.481034 	0.467142	-1        	1.08933 
661	46    	0.444361 	0.473104	-1        	1.08933 
662	45    	0.558257 	0.394199	-1        	1.08933 
663	48    	0.414685 	0.551614	-1        	1.08933 
664	44    	0.449438 	0.474114	-1        	1.08933 
665	45    	0.409245 	0.450899	-1        	1.08933 
666	47    	0.569926 	0.300535	0.14275   	1.08933 
667	48    	0.490881 	0.44069 	-1        	1.13851 
668	48    	0.534921 	0.298074	0.231903  	1.15917 
669	41    	0.50234  	0.385467	-1        	1.15917 
670	50    	0.346523 	0.474094	-1        	1.09473 
671	42    	0.557284 	0.333514	-0.02     	1.09473 
672	44    	0.507002 	0.452787	-1        	1.17053 
673	48    	0.401891 	0.357845	-1        	1.16165 
674	49    	0.469014 	0.393407	-1        	1.16165 
675	48    	0.401593 	0.432703	-1        	1.16346 
676	47    	0.509312 	0.399793	-1        	1.16346 
677	46    	0.430924 	0.399144	-1        	1.16346 
678	44    	0.477783 	0.454709	-1        	1.16346 
679	45    	0.528147 	0.399131	0.056521  	1.18771 
680	46    	0.409532 	0.410173	-1        	1.18771 
681	47    	0.411886 	0.447523	-1        	1.18771 
682	43    	0.450518 	0.373954	-1        	1.15948 
683	46    	0.435409 	0.374228	-1        	1.15948 
684	42    	0.530049 	0.353831	-0.02     	1.12526 
685	47    	0.431733 	0.426959	-1        	1.12526 
686	47    	0.545245 	0.37342 	-1        	1.14283 
687	48    	0.391504 	0.391757	-1        	1.02585 
688	48    	0.418539 	0.422832	-1        	1.08224 
689	48    	0.320549 	0.52626 	-1        	1.08224 
690	49    	0.328361 	0.484664	-1        	1.08224 
691	45    	0.447489 	0.420528	-1        	1.08224 
692	46    	0.477909 	0.361332	-1        	1.07251 
693	46    	0.423214 	0.444521	-1        	1.17593 
694	47    	0.459598 	0.394045	-1        	1.17593 
695	46    	0.329741 	0.49854 	-1        	1.17593 
696	44    	0.438952 	0.352892	-1        	1.17593 
697	46    	0.474243 	0.283789	0.154354  	1.06607 
698	45    	0.420906 	0.39884 	-1        	1.06607 
699	44    	0.437691 	0.378016	-1        	1.09964 
700	47    	0.44474  	0.278693	0.115228  	1.07792 
701	44    	0.550974 	0.39881 	-1        	1.07792 
702	43    	0.457663 	0.494082	-1        	1.07792 
703	47    	0.556288 	0.478791	-1        	1.21334 
704	47    	0.297287 	0.575752	-1        	1.15319 
705	47    	0.440764 	0.439792	-1        	1.22004 
706	45    	0.463413 	0.321544	0.171702  	1.17638 
707	44    	0.470388 	0.519071	-1        	1.22004 
708	46    	0.542167 	0.454918	-1        	1.22194 
709	48    	0.425028 	0.463982	-1        	1.21998 
710	46    	0.334675 	0.456632	-1        	1.21998 
711	48    	0.362503 	0.311782	-1        	1.14653 
712	45    	0.325759 	0.464069	-1        	1.14653 
713	42    	0.501692 	0.309177	0.0419351 	1.14653 
714	43    	0.515957 	0.610759	-1        	1.21572 
715	44    	0.476089 	0.485651	-1        	1.21572 
716	47    	0.465798 	0.320447	0.0998569 	1.21572 
717	42    	0.459833 	0.519225	-1        	1.21572 
718	46    	0.51215  	0.364767	0.131908  	1.21572 
719	44    	0.418641 	0.365686	-1        	1.14514 
720	41    	0.470057 	0.44107 	-1        	1.14694 
721	46    	0.386566 	0.504081	-1        	1.09215 
722	45    	0.461158 	0.471285	-1        	1.14293 
723	47    	0.473456 	0.342554	-1        	1.14302 
724	48    	0.326172 	0.469538	-1        	1.09379 
725	49    	0.411573 	0.559686	-1        	1.09255 
726	45    	0.530086 	0.297642	0.138659  	1.06943 
727	46    	0.42195  	0.460652	-1        	1.06943 
728	40    	0.545001 	0.39736 	-1        	1.06943 
729	45    	0.501841 	0.443503	-1        	1.06721 
730	46    	0.575373 	0.319746	0.19336   	1.07704 
731	49    	0.471154 	0.296993	0.0522921 	1.08165 
732	46    	0.447173 	0.412521	-1        	1.08165 
733	47    	0.403696 	0.473794	-1        	1.08165 
734	45    	0.45588  	0.500824	-1        	1.09992 
735	48    	0.439191 	0.417514	-1        	1.14019 
736	47    	0.376255 	0.558341	-1        	1.14019 
737	48    	0.373063 	0.550762	-1        	1.21253 
738	43    	0.549693 	0.405518	-1        	1.21253 
739	45    	0.525225 	0.406928	-1        	1.21253 
740	45    	0.417108 	0.570018	-1        	1.21253 
741	49    	0.326191 	0.694673	-1        	1.14555 
742	44    	0.482725 	0.502798	-1        	1.14555 
743	46    	0.341194 	0.623013	-1        	1.14555 
744	47    	0.558855 	0.44734 	-1        	1.14389 
745	42    	0.54928  	0.459544	-1        	1.14389 
746	46    	0.365664 	0.516526	-1        	1.14389 
747	48    	0.324317 	0.645378	-1        	1.14389 
748	48    	0.415061 	0.500455	-1        	1.02636 
749	47    	0.551847 	0.37936 	-1        	1.07518 
750	46    	0.318784 	0.652292	-1        	1.08625 
751	45    	0.442557 	0.616323	-1        	1.20506 
752	43    	0.340524 	0.675623	-1        	1.20506 
753	45    	0.337965 	0.630016	-1        	1.20506 
754	50    	0.356804 	0.641762	-1        	1.16441 
755	41    	0.434475 	0.499067	-1        	1.16441 
756	45    	0.437076 	0.545286	-1        	1.16498 
757	44    	0.507644 	0.492932	-1        	1.16498 
758	48    	0.353019 	0.459968	-1        	1.16646 
759	45    	0.485167 	0.404552	-1        	1.16646 
760	49    	0.442287 	0.434991	-1        	1.16498 
761	47    	0.320757 	0.352903	-1        	0.982889
762	45    	0.480414 	0.45314 	-1        	0.982889
763	47    	0.466061 	0.476021	-1        	1.09439 
764	46    	0.591912 	0.317852	0.0998986 	1.09678 
765	45    	0.514093 	0.508038	-1        	1.09678 
766	46    	0.406368 	0.578915	-1        	1.09678 
767	46    	0.528289 	0.430528	-1        	1.16673 
768	47    	0.477982 	0.474075	-1        	1.16673 
769	46    	0.346485 	0.397882	-1        	1.16673 
770	44    	0.472043 	0.390832	-1        	1.16673 
771	43    	0.582925 	0.336929	0.142277  	1.16673 
772	48    	0.391726 	0.298938	-0.0233333	1.16647 
773	47    	0.541336 	0.355272	0.0467586 	1.16647 
774	47    	0.472509 	0.353753	-0.0175   	1.16647 
775	48    	0.405441 	0.478243	-1        	1.16647 
776	47    	0.32711  	0.452187	-1        	1.16647 
777	43    	0.419071 	0.434869	-1        	1.16647 
778	47    	0.407182 	0.294604	0.0916769 	1.16647 
779	46    	0.44654  	0.383144	-1        	1.16647 
780	48    	0.417943 	0.366876	-1        	1.16647 
781	48    	0.410178 	0.389681	-1        	1.14249 
782	42    	0.481155 	0.398094	-1        	1.16524 
783	47    	0.488654 	0.457111	-1        	1.16524 
784	47    	0.514095 	0.399674	-1        	1.15951 
785	43    	0.544621 	0.548111	-1        	1.15951 
786	47    	0.47283  	0.444572	-1        	1.15951 
787	47    	0.450597 	0.368465	-1        	1.16541 
788	48    	0.423289 	0.42231 	-1        	1.16541 
789	48    	0.459908 	0.439236	-1        	1.10761 
790	48    	0.270238 	0.587731	-1        	1.10761 
791	46    	0.452205 	0.360403	-1        	1.1464  
792	48    	0.342437 	0.450151	-1        	1.1464  
793	47    	0.508334 	0.461057	-1        	1.16666 
794	49    	0.427244 	0.443326	-1        	1.05072 
795	47    	0.580204 	0.325605	0.05445   	1.1464  
796	45    	0.457586 	0.492468	-1        	1.1464  
797	47    	0.473366 	0.381288	-1        	1.16507 
798	47    	0.445268 	0.423496	-1        	1.16507 
799	45    	0.505306 	0.387417	-1        	1.16507 
800	45    	0.533526 	0.317698	-0.0199999	1.16507 
801	48    	0.533571 	0.452298	-1        	1.16599 
802	48    	0.419185 	0.47665 	-1        	1.16475 
803	46    	0.461077 	0.463558	-1        	1.14441 
804	47    	0.408466 	0.503534	-1        	1.14458 
805	47    	0.495043 	0.484472	-1        	1.14441 
806	49    	0.375498 	0.463241	-1        	1.16507 
807	45    	0.495143 	0.31964 	0.0482483 	1.16599 
808	46    	0.390824 	0.518721	-1        	1.16507 
809	44    	0.510444 	0.336302	0.0749534 	1.16507 
810	42    	0.56683  	0.36608 	0.0856472 	1.1686  
811	49    	0.445266 	0.319269	-0.015    	1.1686  
812	46    	0.411934 	0.369815	-1        	1.1686  
813	47    	0.403536 	0.387005	-1        	1.1686  
814	48    	0.387641 	0.350307	-1        	1.1686  
815	44    	0.347986 	0.499471	-1        	1.00803 
816	49    	0.33257  	0.371909	-1        	1.03514 
817	46    	0.351675 	0.485119	-1        	1.00258 
818	43    	0.544627 	0.350207	-1        	1.16514 
819	48    	0.321503 	0.577989	-1        	1.16191 
820	44    	0.484719 	0.443384	-1        	1.08292 
821	43    	0.453405 	0.540749	-1        	1.08633 
822	46    	0.446087 	0.483113	-1        	1.08633 
823	45    	0.484986 	0.550707	-1        	1.08633 
824	47    	0.41928  	0.310341	-0.0177778	1.08633 
825	45    	0.506577 	0.449873	-1        	1.16645 
826	43    	0.477821 	0.454577	-1        	1.16645 
827	44    	0.535321 	0.464428	-1        	1.16645 
828	44    	0.416529 	0.444479	-1        	1.16645 
829	46    	0.474158 	0.4098  	-1        	1.16645 
830	47    	0.424133 	0.439663	-1        	1.16521 
831	46    	0.386889 	0.404845	-1        	1.16521 
832	47    	0.458086 	0.33307 	-0.02     	1.1413  
833	44    	0.417962 	0.458083	-1        	1.1413  
834	50    	0.43648  	0.44466 	-1        	1.16573 
835	49    	0.365482 	0.335565	-1        	1.09713 
836	45    	0.43189  	0.367532	-1        	1.09713 
837	48    	0.427718 	0.351099	-1        	1.17256 
838	44    	0.474873 	0.437683	-1        	1.17256 
839	47    	0.473971 	0.50367 	-1        	1.17256 
840	46    	0.413487 	0.440663	-1        	1.17256 
841	47    	0.474834 	0.302249	0.0933697 	1.08055 
842	47    	0.447516 	0.467314	-1        	1.08055 
843	49    	0.262676 	0.532484	-1        	1.06899 
844	49    	0.478192 	0.361274	-1        	1.06899 
845	47    	0.546504 	0.381986	-1        	1.06899 
846	41    	0.425222 	0.479954	-1        	1.06899 
847	48    	0.505505 	0.383261	-1        	1.16537 
848	47    	0.373136 	0.465318	-1        	1.14641 
849	45    	0.457603 	0.44226 	-1        	1.16475 
850	46    	0.369435 	0.505034	-1        	1.14641 
851	46    	0.514053 	0.378648	-1        	1.14641 
852	46    	0.364999 	0.47691 	-1        	1.16537 
853	48    	0.453469 	0.369119	-1        	1.16537 
854	42    	0.402863 	0.475401	-1        	1.02801 
855	46    	0.524506 	0.304679	0.0728634 	1.02801 
856	49    	0.36306  	0.444092	-1        	1.01766 
857	45    	0.405255 	0.473515	-1        	1.01766 
858	45    	0.379892 	0.453044	-1        	1.02634 
859	45    	0.524589 	0.388222	-1        	1.09681 
860	44    	0.531248 	0.331142	0.0849123 	1.09681 
861	49    	0.356443 	0.424699	-1        	1.09681 
862	46    	0.437663 	0.389463	-1        	1.09681 
863	44    	0.476363 	0.431435	-1        	1.09681 
864	48    	0.336564 	0.433151	-1        	1.03251 
865	45    	0.399073 	0.406343	-1        	1.04332 
866	45    	0.438585 	0.267502	0.075107  	1.09481 
867	47    	0.477142 	0.29751 	0.10261   	1.09481 
868	49    	0.377676 	0.459112	-1        	1.09481 
869	43    	0.381856 	0.504079	-1        	1.09481 
870	47    	0.476639 	0.397285	-1        	1.09481 
871	46    	0.360394 	0.412108	-1        	1.09481 
872	47    	0.475447 	0.305218	0.0906629 	1.04332 
873	47    	0.429393 	0.28801 	0.0209478 	1.03305 
874	45    	0.469584 	0.479248	-1        	1.03305 
875	44    	0.550384 	0.338253	0.0519974 	1.03757 
876	45    	0.489971 	0.396227	-1        	1.03757 
877	47    	0.418565 	0.357413	-1        	1.03694 
878	39    	0.532519 	0.350377	-0.0133333	1.03305 
879	47    	0.402514 	0.42977 	-1        	1.03702 
880	49    	0.460844 	0.440437	-1        	1.09524 
881	44    	0.40648  	0.460583	-1        	1.09524 
882	47    	0.485601 	0.393848	-1        	1.09524 
883	45    	0.496903 	0.406366	-1        	1.09712 
884	45    	0.52448  	0.315548	0.0418918 	1.09813 
885	45    	0.480773 	0.39714 	-1        	1.09657 
886	42    	0.438909 	0.498717	-1        	1.09657 
887	45    	0.438192 	0.435474	-1        	1.09991 
888	44    	0.520423 	0.341118	0.0936764 	1.09991 
889	47    	0.513876 	0.421254	-1        	1.09991 
890	42    	0.539386 	0.367143	0.0611888 	1.09991 
891	47    	0.475556 	0.385071	-1        	1.09991 
892	47    	0.44281  	0.373715	-1        	1.09991 
893	46    	0.381163 	0.349897	-1        	1.09991 
894	46    	0.381759 	0.395904	-1        	1.09991 
895	46    	0.427296 	0.348373	-1        	1.08157 
896	42    	0.426266 	0.443318	-1        	1.08157 
897	45    	0.479037 	0.335054	0.0457989 	1.09991 
898	46    	0.343976 	0.523934	-1        	1.10013 
899	47    	0.415799 	0.350074	-1        	1.10013 
900	47    	0.42403  	0.41908 	-1        	1.08157 
901	46    	0.44187  	0.352759	-1        	1.09836 
902	45    	0.387446 	0.389386	-1        	1.09617 
903	50    	0.43687  	0.36754 	-1        	1.09948 
904	47    	0.471877 	0.372539	-1        	1.09993 
905	45    	0.451636 	0.309381	0.0884673 	1.09993 
906	46    	0.45471  	0.325577	-0.0150002	1.09993 
907	45    	0.485203 	0.441642	-1        	1.09993 
908	43    	0.5454   	0.452976	-1        	1.11198 
909	46    	0.580817 	0.413538	-1        	1.11841 
910	48    	0.469071 	0.304187	0.118495  	1.11841 
911	44    	0.49307  	0.403552	-1        	1.11841 
912	48    	0.424532 	0.381186	-1        	1.11841 
913	45    	0.430554 	0.436937	-1        	1.11841 
914	45    	0.439122 	0.453696	-1        	1.11841 
915	47    	0.481722 	0.325018	0.110773  	1.07764 
916	46    	0.415132 	0.418648	-1        	1.06182 
917	49    	0.35467  	0.387087	-1        	1.0896  
918	44    	0.393262 	0.54073 	-1        	1.0896  
919	43    	0.552504 	0.335048	0.0845892 	1.0896  
920	45    	0.474532 	0.49445 	-1        	1.06977 
921	46    	0.502669 	0.390584	-1        	1.07107 
922	47    	0.452329 	0.366139	-1        	1.06977 
923	43    	0.479594 	0.38543 	-1        	1.09177 
924	47    	0.384689 	0.508414	-1        	1.10681 
925	45    	0.488838 	0.439745	-1        	1.14154 
926	48    	0.477222 	0.498106	-1        	1.10681 
927	45    	0.480038 	0.374036	-1        	1.10681 
928	48    	0.307968 	0.511713	-1        	1.06785 
929	45    	0.536652 	0.447192	-1        	1.12505 
930	45    	0.521684 	0.414733	-1        	1.12505 
931	48    	0.533982 	0.453579	-1        	1.07163 
932	49    	0.639309 	0.324513	0.157175  	1.12777 
933	48    	0.508118 	0.383842	-1        	1.10804 
934	46    	0.525071 	0.335967	-0.0133338	1.10804 
935	46    	0.465196 	0.547272	-1        	1.17584 
936	44    	0.497323 	0.407299	-1        	1.17584 
937	49    	0.435689 	0.440121	-1        	1.11322 
938	46    	0.488722 	0.553935	-1        	1.12078 
939	46    	0.486299 	0.400641	-1        	1.12078 
940	49    	0.444801 	0.482396	-1        	1.17708 
941	48    	0.511515 	0.311644	0.0394888 	1.07005 
942	45    	0.564272 	0.367989	-1        	1.07005 
943	47    	0.434681 	0.507501	-1        	1.12078 
944	45    	0.469755 	0.348941	-0.0177778	1.18208 
945	48    	0.382962 	0.315418	-0.018    	1.18208 
946	49    	0.349237 	0.472831	-1        	1.07325 
947	44    	0.499712 	0.357255	-0.02     	1.07325 
948	48    	0.46234  	0.388632	-1        	1.0857  
949	44    	0.437894 	0.483931	-1        	1.0857  
950	41    	0.567922 	0.359627	0.138472  	1.17166 
951	45    	0.415342 	0.56469 	-1        	1.18456 
952	49    	0.360679 	0.340516	-1        	1.03518 
953	48    	0.475536 	0.404957	-1        	1.09813 
954	48    	0.529316 	0.335367	-0.0149999	1.09994 
955	47    	0.460632 	0.432967	-1        	1.06511 
956	48    	0.454496 	0.304718	-0.02     	1.03025 
957	42    	0.472975 	0.430854	-1        	1.03025 
958	44    	0.462048 	0.490999	-1        	1.07957 
959	47    	0.435734 	0.376099	-1        	1.04014 
960	50    	0.451068 	0.366748	-1        	1.18111 
961	40    	0.598063 	0.387516	-1        	1.18111 
962	48    	0.419975 	0.372816	-1        	1.15262 
963	42    	0.372842 	0.471725	-1        	1.15262 
964	45    	0.392025 	0.435779	-1        	1.15262 
965	46    	0.393939 	0.490819	-1        	1.16607 
966	48    	0.329494 	0.452434	-1        	1.19921 
967	47    	0.401282 	0.44021 	-1        	1.16646 
968	47    	0.423863 	0.509222	-1        	1.19997 
969	46    	0.39839  	0.442954	-1        	1.19997 
970	45    	0.459363 	0.344735	0.0830304 	1.16635 
971	46    	0.469895 	0.531238	-1        	1.19997 
972	49    	0.472336 	0.347556	0.0724799 	1.19997 
973	48    	0.427693 	0.390462	-1        	1.19997 
974	45    	0.462299 	0.442217	-1        	1.19997 
975	48    	0.295779 	0.454617	-1        	1.19997 
976	43    	0.440066 	0.454702	-1        	1.19997 
977	46    	0.352514 	0.486402	-1        	1.19997 
978	47    	0.504295 	0.376563	-0.02     	1.19997 
979	47    	0.416007 	0.453486	-1        	1.1671  
980	47    	0.355162 	0.413748	-1        	1.17946 
981	47    	0.278123 	0.523743	-1        	1.1671  
982	45    	0.380944 	0.467528	-1        	1.1671  
983	49    	0.263694 	0.50362 	-1        	1.1671  
984	45    	0.537677 	0.305127	-0.02     	1.08515 
985	44    	0.420512 	0.48461 	-1        	1.08515 
986	46    	0.585218 	0.323286	0.193644  	1.08515 
987	45    	0.453622 	0.387074	-1        	1.08515 
988	46    	0.47595  	0.398867	-1        	1.0688  
989	46    	0.452485 	0.424498	-1        	1.07271 
990	46    	0.469761 	0.447787	-1        	1.09211 
991	49    	0.282026 	0.524857	-1        	1.10962 
992	47    	0.330368 	0.498643	-1        	1.10962 
993	46    	0.466032 	0.358532	-1        	1.12594 
994	42    	0.585071 	0.339419	0.121251  	1.12594 
995	49    	0.387064 	0.401565	-1        	1.12798 
996	46    	0.413973 	0.429361	-1        	1.12798 
997	47    	0.478809 	0.39779 	-1        	1.20145 
998	48    	0.295843 	0.571003	-1        	1.20145 
999	46    	0.493087 	0.397278	-1        	1.20145 
1000	46    	0.347053 	0.513577	-1        	1.20145 
Best individuals:
(1.2562837385571282,) 	-->	 /*9*/UUUDDDDBFLBUDRFBLUFDBBFRBLRFULULRDDLUURUUUL
VMNeuronManager.autoload: Neuro classes added: Delay Light Nn PIDP PIDV SeeLight SeeLight2 S0 S1 Thr 
UserScripts.autoload: 19 user scripts added.
Simulator.load: Loading from 'eval-allcriteria.sim'
Loader.load: Comments read from file follow:
Loader.load:  Sample settings for evaluating many criteria of performance of a Framsticks creature.
Loader.load:  See the "evalcount" parameter if you want to speed the evaluation up or have a more stable result.
Loader.load:  Other important parameters are "Energy0" and "perfperiod".
Loader.load:  Put this file in the "data" subdirectory within the Framsticks distribution.
Simulator.load: Settings loaded from 'eval-allcriteria.sim'
Simulator.load: Loading from 'deterministic.sim'
Loader.load: Comments read from file follow:
Loader.load:  Parameter values that make the evaluation of a Framsticks creature deterministic.
Loader.load:  The values turn off random noise, so evaluation of the same genotype will always yield the same performance.
Loader.load:  The advantage is that you do not need to evaluate a genotype many times, and performance values are reliable.
Loader.load:  The disadvantage is that evolved creatures are "overfitting", i.e. rely entirely on the specific environment,
Loader.load:  and their behavior may be different in any other environment or (even slightly) changed conditions or parameter values,
Loader.load:  so each creature evolved using these settings must be later inspected using exactly the same setup.
Loader.load: 
Loader.load:  Before loading this file, load base settings, e.g. "eval-allcriteria.sim".
Loader.load:  Put this file in the "data" subdirectory within the Framsticks distribution.
Simulator.load: Settings loaded from 'deterministic.sim'
Simulator.load: Loading from 'sample-period-2.sim'
Loader.load: Comments read from file follow:
Loader.load:  Very low "performance sampling period" in the first population to sample performance very often during lifespan
Loader.load:  and avoid overlooking some behavior. Averaged performance of sampled values is returned as the final value.
Loader.load:  See http://www.framsticks.com/a/al_params.html#exper-perfcalc
Loader.load: 
Loader.load:  Before loading this file, load base settings, e.g. "eval-allcriteria.sim".
Loader.load:  Put this file in the "data" subdirectory within the Framsticks distribution.
Simulator.load: Loading from 'f9-mut-0.sim'
Simulator.load: Settings loaded from 'f9-mut-0.sim'
