Argument values: path=C:\Users\1625203\Downloads\Framsticks50rc22\Framsticks50rc22, lib=None, sim=eval-allcriteria.sim;deterministic.sim;sample-period-2.sim;f9-mut-030.sim, genformat=None, initialgenotype=/*9*/BLU, opt=vertpos, popsize=50, generations=1000, tournament=10, pmut=0.9, pxov=0.2, hof_size=1, hof_savefile=None, max_numparts=30, max_numjoints=None, max_numneurons=None, max_numconnections=None, max_numgenochars=50
Using Framsticks version: 5.0rc22
Home (writable) dir     : C:\Users\1625203\Downloads\Framsticks50rc22\Framsticks50rc22\data
Resources dir           : C:\Users\1625203\Downloads\Framsticks50rc22\Framsticks50rc22\data

Available objects: ['CheckpointEvent', 'Collision', 'CrCollision', 'Creature', 'CreatureSettings', 'CreatureSignals', 'CreatureSnapshot', 'Dictionary', 'ExpProperties', 'ExpState', 'ExtValue', 'File', 'FunctionReference', 'GenMan', 'GenManStats', 'GenePool', 'GenePools', 'Geno', 'Genotype', 'Interface', 'Joint', 'Loader', 'Math', 'MechJoint', 'MechPart', 'MessageCatcher', 'Model', 'ModelGeometry', 'ModelSymmetry', 'Neuro', 'NeuroClass', 'NeuroClassLibrary', 'NeuroDef', 'NeuroSignals', 'NeuronsSimEnabled', 'ODE', 'Orient', 'Part', 'Population', 'Populations', 'Ref', 'Signal', 'SignalView', 'SimilMeasure', 'SimilMeasureDistribution', 'SimilMeasureGreedy', 'SimilMeasureHungarian', 'Simulator', 'SlaveSimulators', 'StopEvent', 'String', 'UserScripts', 'Vector', 'WireframeAppearance', 'World', 'WorldMap', 'WorldSignals', 'XYZ', '__builtins__', '__cached__', '__doc__', '__file__', '__loader__', '__name__', '__package__', '__spec__', 'c_api', 'ctypes', 'home_dir', 'init', 'os', 're', 'res_dir', 'sim_params', 'stats', 'sys']

Performing a basic test 1/2... OK.
Performing a basic test 2/2... OK.
Using settings: ['eval-allcriteria.sim', 'deterministic.sim', 'sample-period-2.sim', 'f9-mut-030.sim']
gen	nevals	avg     	stddev	min     	max     
0  	50    	0.218369	0     	0.218369	0.218369
1  	46    	0.0465685	0.0980402	-0.016  	0.23495 
2  	47    	0.0917888	0.109718 	-0.02   	0.312181
3  	47    	0.125684 	0.127635 	-0.0160001	0.430468
4  	44    	0.193001 	0.133244 	-0.0171429	0.507095
5  	43    	0.212872 	0.175686 	-0.0233333	0.819317
6  	45    	0.20317  	0.149005 	-0.02     	0.580116
7  	44    	0.20462  	0.179565 	-0.02     	0.812308
8  	48    	0.202114 	0.145516 	-0.02     	0.514329
9  	44    	0.239483 	0.193667 	-0.02     	0.812308
10 	44    	0.281779 	0.174997 	-0.0175001	0.688592
11 	49    	0.288384 	0.158654 	-0.0179999	0.648405
12 	44    	0.298551 	0.171748 	-0.0166667	0.647353
13 	48    	0.233468 	0.132412 	-0.0200001	0.636637
14 	47    	0.26629  	0.12708  	-0.0175   	0.636637
15 	48    	0.294244 	0.164913 	-0.02     	0.730341
16 	42    	0.29899  	0.185727 	-0.02     	0.733266
17 	48    	0.259241 	0.177063 	-0.02     	0.827097
18 	43    	0.313105 	0.178933 	-0.0177778	0.827097
19 	44    	0.272059 	0.181287 	-0.02     	0.748138
20 	44    	0.265426 	0.166764 	-0.0175   	0.748138
21 	43    	0.28785  	0.180238 	-0.0177778	0.748138
22 	44    	0.341484 	0.164787 	0.078343  	0.748138
23 	48    	0.259495 	0.173525 	-0.0200001	0.748138
24 	48    	0.230221 	0.162701 	-0.0225   	0.748138
25 	46    	0.241873 	0.136667 	-0.0200001	0.495804
26 	47    	0.268159 	0.154364 	-0.02     	0.593839
27 	45    	0.316195 	0.138496 	-0.0171415	0.593839
28 	47    	0.217378 	0.166466 	-0.02     	0.581352
29 	46    	0.230623 	0.16592  	-0.0171428	0.58128 
30 	46    	0.25493  	0.155281 	-0.0171429	0.593839
31 	44    	0.261311 	0.164874 	-0.02     	0.594226
32 	49    	0.248879 	0.153952 	-0.0171428	0.593839
33 	47    	0.285268 	0.170671 	-0.02     	0.595058
34 	44    	0.272901 	0.184195 	-0.0200001	0.593839
35 	47    	0.248846 	0.161581 	-0.02     	0.614855
36 	44    	0.276615 	0.191384 	-0.0181819	0.813771
37 	44    	0.287393 	0.188313 	-0.02     	0.813771
38 	46    	0.239481 	0.170308 	-0.016    	0.816329
39 	48    	0.231402 	0.185555 	-0.0199999	0.816329
40 	47    	0.278723 	0.21685  	-0.0174999	0.816329
41 	47    	0.274056 	0.199078 	-0.0199999	0.706431
42 	44    	0.271926 	0.196135 	-0.0177778	0.706431
43 	44    	0.281624 	0.180229 	-0.016    	0.706431
44 	45    	0.262651 	0.183816 	-0.02     	0.644785
45 	47    	0.260184 	0.187339 	-0.02     	0.643617
46 	45    	0.286404 	0.195042 	-0.0175   	0.713755
47 	46    	0.298201 	0.218499 	-0.02     	0.713755
48 	46    	0.255421 	0.18107  	-0.016    	0.713755
49 	46    	0.224232 	0.181543 	-0.02     	0.671814
50 	46    	0.250137 	0.200112 	-0.0166667	0.671814
51 	46    	0.292651 	0.176569 	-0.0166667	0.859309
52 	46    	0.289372 	0.191732 	-0.0177778	0.742608
53 	43    	0.318089 	0.190178 	-0.02     	0.742608
54 	46    	0.280542 	0.194192 	-0.0199999	0.742608
55 	46    	0.258192 	0.197621 	-0.02     	0.742608
56 	47    	0.307955 	0.199865 	-0.0171429	0.839347
57 	46    	0.299301 	0.238129 	-0.0199999	0.839347
58 	47    	0.274239 	0.172939 	-0.0175   	0.813515
59 	47    	0.29983  	0.188734 	-0.0171429	0.811247
60 	44    	0.325439 	0.20183  	-0.0171428	0.811396
61 	47    	0.261311 	0.204787 	-0.02     	0.811396
62 	48    	0.218895 	0.185055 	-0.0175   	0.697303
63 	44    	0.278376 	0.205166 	-0.02     	0.698664
64 	48    	0.231272 	0.170068 	-0.0175   	0.698664
65 	48    	0.278958 	0.215326 	-0.0171429	0.698664
66 	46    	0.295995 	0.199752 	-0.02     	0.704954
67 	45    	0.292245 	0.22733  	-0.0171429	0.828152
68 	45    	0.264905 	0.22854  	-0.0233333	0.828152
69 	49    	0.26075  	0.185089 	-0.0177778	0.704954
70 	46    	0.265808 	0.223149 	-0.0171428	0.810578
71 	44    	0.327937 	0.240393 	-0.0177778	0.835049
72 	48    	0.270486 	0.198927 	-0.0177778	0.73019 
73 	44    	0.312934 	0.224341 	-0.0171428	0.819317
74 	46    	0.301111 	0.222179 	-0.02     	0.819317
75 	48    	0.29004  	0.218708 	-0.0200001	0.722326
76 	49    	0.205796 	0.189459 	-0.0175   	0.706515
77 	49    	0.234745 	0.178749 	-0.017143 	0.702748
78 	46    	0.310409 	0.185788 	-0.0175   	0.70379 
79 	49    	0.222347 	0.154006 	-0.02     	0.704681
80 	47    	0.249719 	0.150794 	-0.0175   	0.704681
81 	46    	0.25782  	0.146006 	-0.02     	0.705169
82 	40    	0.270541 	0.161442 	-0.0175   	0.705169
83 	44    	0.305291 	0.174275 	-0.0175   	0.811396
84 	49    	0.26701  	0.173991 	-0.0166666	0.811396
85 	43    	0.233437 	0.196472 	-0.0171429	0.811396
86 	46    	0.285501 	0.183803 	-0.0175   	0.811396
87 	44    	0.300962 	0.182103 	-0.0166667	0.755164
88 	48    	0.267684 	0.164644 	-0.02     	0.714351
89 	42    	0.301934 	0.198488 	-0.0166667	0.732214
90 	49    	0.281217 	0.212051 	-0.0175   	0.813708
91 	43    	0.272121 	0.239893 	-0.02     	0.706014
92 	46    	0.281376 	0.202801 	-0.0171429	0.805829
93 	48    	0.255119 	0.171272 	-0.0171429	0.728721
94 	47    	0.309844 	0.163741 	-0.02     	0.728531
95 	45    	0.299828 	0.222816 	-0.0175   	0.728531
96 	48    	0.28835  	0.166899 	-0.0175   	0.728531
97 	48    	0.22149  	0.153366 	-0.0177778	0.616811
98 	44    	0.235204 	0.164381 	-0.0175   	0.616811
99 	50    	0.253826 	0.147146 	-0.0166664	0.693521
100	47    	0.244355 	0.184783 	-0.02     	0.702748
101	46    	0.221315 	0.212481 	-0.018    	0.730197
102	47    	0.248973 	0.202183 	-0.02     	0.698689
103	45    	0.264388 	0.219889 	-0.0166667	0.705972
104	48    	0.289346 	0.225253 	-0.02     	0.812977
105	48    	0.266467 	0.198377 	-0.02     	0.70633 
106	45    	0.200108 	0.206727 	-0.02     	0.730872
107	49    	0.249757 	0.186181 	-0.02     	0.730153
108	45    	0.251537 	0.205504 	-0.0199999	0.730153
109	45    	0.297177 	0.239228 	-0.02     	0.730153
110	47    	0.227745 	0.198522 	-0.0175   	0.730153
111	48    	0.248836 	0.184045 	-0.0171428	0.690725
112	45    	0.22246  	0.185964 	-0.02     	0.690725
113	49    	0.208304 	0.149652 	-0.0171427	0.690725
114	49    	0.243073 	0.153226 	-0.0174999	0.654723
115	45    	0.226872 	0.162842 	-0.0199999	0.654723
116	44    	0.250658 	0.1821   	-0.02     	0.654207
117	49    	0.196441 	0.165533 	-0.0175   	0.654207
118	46    	0.229987 	0.178737 	-0.0166665	0.654207
119	42    	0.257292 	0.172048 	-0.02     	0.654207
120	43    	0.268557 	0.189447 	-0.0166667	0.654207
121	45    	0.21884  	0.174642 	-0.0166667	0.654207
122	48    	0.205719 	0.139137 	-0.0222222	0.545561
123	44    	0.258094 	0.149064 	-0.0171429	0.654207
124	43    	0.266912 	0.182078 	-0.0222222	0.654207
125	42    	0.293816 	0.190266 	-0.016    	0.654723
126	42    	0.267906 	0.18951  	-0.02     	0.654723
127	45    	0.195048 	0.164207 	-0.0171428	0.654207
128	43    	0.25636  	0.164457 	-0.0166667	0.654207
129	45    	0.215561 	0.190696 	-0.02     	0.702292
130	45    	0.279832 	0.18538  	-0.0171429	0.706168
131	45    	0.25446  	0.170657 	-0.0177778	0.56009 
132	43    	0.293525 	0.175571 	-0.0171429	0.70804 
133	46    	0.289472 	0.196005 	-0.02     	0.730153
134	48    	0.247227 	0.219266 	-0.02     	0.730872
135	45    	0.24876  	0.218646 	-0.02     	0.730872
136	48    	0.205239 	0.178858 	-0.02     	0.7028  
137	44    	0.278424 	0.19503  	-0.02     	0.7028  
138	45    	0.250172 	0.187386 	-0.0175   	0.706596
139	48    	0.207912 	0.172133 	-0.0166667	0.706596
140	47    	0.203738 	0.147589 	-0.02     	0.54397 
141	45    	0.231717 	0.193855 	-0.0171429	0.698446
142	42    	0.258023 	0.221676 	-0.0175   	0.698446
143	48    	0.260487 	0.177811 	-0.02     	0.698446
144	45    	0.293989 	0.179943 	-0.02     	0.698446
145	45    	0.283437 	0.184389 	-0.0177778	0.651867
146	44    	0.226822 	0.190748 	-0.02     	0.616806
147	45    	0.244741 	0.205336 	-0.02     	0.706587
148	45    	0.306495 	0.205388 	-0.02     	0.706587
149	46    	0.276625 	0.182745 	-0.0166667	0.706587
150	46    	0.260317 	0.177727 	-0.02     	0.614996
151	48    	0.255017 	0.198441 	-0.0200001	0.70635 
152	46    	0.25352  	0.152133 	-0.02     	0.731294
153	48    	0.247402 	0.142831 	-0.0171429	0.706587
154	48    	0.239196 	0.147618 	-0.0171429	0.73628 
155	48    	0.246461 	0.172567 	-0.02     	0.666976
156	42    	0.288281 	0.152534 	-0.0160001	0.582913
157	49    	0.273187 	0.174787 	-0.0174999	0.600516
158	48    	0.249264 	0.152424 	-0.0200001	0.600516
159	48    	0.263016 	0.137738 	-0.02     	0.558187
160	47    	0.283955 	0.142461 	-0.02     	0.631969
161	46    	0.259461 	0.163631 	-0.0175   	0.647696
162	44    	0.286331 	0.169142 	-0.0175   	0.726205
163	43    	0.242897 	0.182956 	-0.0181818	0.726205
164	50    	0.220039 	0.150571 	-0.0199999	0.726205
165	45    	0.269162 	0.159825 	-0.0175   	0.726205
166	44    	0.274357 	0.171633 	-0.0175   	0.726528
167	47    	0.321749 	0.177584 	-0.0175   	0.730023
168	45    	0.266888 	0.210638 	-0.02     	0.726528
169	48    	0.213063 	0.206104 	-0.02     	0.842595
170	48    	0.234863 	0.177204 	-0.02     	0.726528
171	44    	0.283283 	0.203112 	-0.02     	0.726528
172	46    	0.265406 	0.178101 	-0.02     	0.726528
173	45    	0.249718 	0.168041 	-0.0166667	0.726528
174	46    	0.273902 	0.199069 	-0.0175   	0.729979
175	48    	0.268343 	0.189909 	-0.0174999	0.726164
176	43    	0.273123 	0.251051 	-0.02     	0.726164
177	45    	0.280292 	0.236212 	-0.0177778	0.729979
178	44    	0.309373 	0.221207 	-0.02     	0.726164
179	46    	0.294512 	0.222672 	-0.0183333	0.731196
180	49    	0.270469 	0.201033 	-0.0175   	0.729979
181	44    	0.296022 	0.230315 	-0.02     	0.730023
182	49    	0.269911 	0.194152 	-0.02     	0.726164
183	48    	0.23003  	0.184346 	-0.02     	0.75123 
184	47    	0.267149 	0.192945 	-0.02     	0.75123 
185	49    	0.311736 	0.210617 	-0.0177778	0.75781 
186	43    	0.364759 	0.223291 	-0.0200001	0.75781 
187	48    	0.318663 	0.181592 	-0.02     	0.75781 
188	43    	0.366461 	0.20272  	-0.02     	0.692791
189	45    	0.321269 	0.185062 	-0.02     	0.648206
190	43    	0.283282 	0.194421 	-0.0171429	0.648206
191	46    	0.265961 	0.174704 	-0.02     	0.648206
192	46    	0.280242 	0.19706  	-0.0177777	0.648206
193	46    	0.372604 	0.183525 	-0.016    	0.648206
194	42    	0.371983 	0.206121 	-0.0171429	0.648206
195	43    	0.338959 	0.213287 	-0.02     	0.805245
196	47    	0.277247 	0.207964 	-0.02     	0.805245
197	47    	0.257403 	0.175305 	-0.0175   	0.805245
198	47    	0.291816 	0.158736 	-0.0171429	0.698961
199	45    	0.252807 	0.18916  	-0.0177778	0.705091
200	44    	0.295542 	0.184258 	-0.0166667	0.652087
201	41    	0.336497 	0.175966 	-0.02     	0.73237 
202	50    	0.241532 	0.140542 	-0.0171426	0.646118
203	47    	0.262075 	0.153766 	-0.02     	0.544491
204	49    	0.241639 	0.16981  	-0.02     	0.741545
205	47    	0.303974 	0.170596 	-0.0171427	0.741545
206	47    	0.305733 	0.147259 	-0.016    	0.6534  
207	48    	0.285162 	0.179804 	-0.0171429	0.630727
208	48    	0.308104 	0.162129 	-0.0159977	0.6534  
209	46    	0.260146 	0.177506 	-0.0171429	0.695309
210	45    	0.318838 	0.195185 	-0.0199999	0.695309
211	45    	0.278571 	0.183583 	-0.0166667	0.695309
212	47    	0.265199 	0.156819 	-0.0175   	0.617847
213	46    	0.269821 	0.195125 	-0.02     	0.728894
214	49    	0.273771 	0.191988 	-0.0166667	0.863887
215	47    	0.258036 	0.163388 	-0.0183333	0.75781 
216	47    	0.277201 	0.162708 	-0.0183334	0.693185
217	46    	0.287396 	0.156703 	-0.018    	0.6165  
218	44    	0.308183 	0.185189 	-0.0222222	0.706261
219	46    	0.311995 	0.170743 	-0.0175   	0.706261
220	47    	0.339382 	0.169502 	-0.0233333	0.706261
221	45    	0.282863 	0.215301 	-0.0177778	0.706261
222	49    	0.270145 	0.196053 	-0.0177778	0.706014
223	46    	0.267279 	0.173265 	-0.0166667	0.706014
224	48    	0.238702 	0.162275 	-0.0166667	0.705857
225	45    	0.279057 	0.195981 	-0.0175   	0.705857
226	42    	0.32432  	0.183724 	-0.02     	0.705857
227	46    	0.274434 	0.168243 	-0.0171429	0.705857
228	44    	0.283255 	0.218902 	-0.02     	0.819317
229	44    	0.275756 	0.213865 	-0.017143 	0.819458
230	48    	0.237131 	0.189412 	-0.0177778	0.753385
231	48    	0.310746 	0.219201 	-0.0174999	0.819458
232	45    	0.283721 	0.241599 	-0.0175   	0.819458
233	45    	0.33971  	0.199357 	-0.0175   	0.812308
234	43    	0.287932 	0.213663 	-0.02     	0.807637
235	46    	0.282303 	0.211666 	-0.0171429	0.831359
236	45    	0.299042 	0.246502 	-0.02     	0.812308
237	48    	0.24958  	0.171432 	-0.02     	0.807637
238	48    	0.240137 	0.161453 	-0.02     	0.807637
239	47    	0.268207 	0.126583 	-0.016    	0.535404
240	46    	0.281331 	0.168426 	-0.0171429	0.599847
241	43    	0.308326 	0.159097 	-0.0133334	0.642114
242	46    	0.259823 	0.171056 	-0.02     	0.676852
243	45    	0.280467 	0.159226 	-0.02     	0.644645
244	43    	0.231792 	0.164698 	-0.0166667	0.644645
245	41    	0.295695 	0.165587 	-0.0177778	0.644645
246	44    	0.285235 	0.189517 	-0.0175   	0.644645
247	45    	0.246373 	0.175621 	-0.0177778	0.644645
248	47    	0.224593 	0.17613  	-0.02     	0.61641 
249	45    	0.30628  	0.174174 	-0.0171429	0.630081
250	42    	0.25746  	0.204696 	-0.0175   	0.630081
251	46    	0.247334 	0.18971  	-0.0166667	0.630081
252	45    	0.279373 	0.196414 	-0.02     	0.760726
253	41    	0.257345 	0.204694 	-0.02     	0.760726
254	49    	0.248508 	0.182063 	-0.0175001	0.630081
255	47    	0.279925 	0.176769 	-0.0175   	0.630081
256	49    	0.238832 	0.144281 	-0.0175   	0.605041
257	46    	0.245308 	0.138872 	-0.02     	0.577554
258	48    	0.223308 	0.125828 	-0.0171429	0.577554
259	45    	0.276863 	0.160556 	-0.0171428	0.813771
260	46    	0.249701 	0.174266 	-0.0177778	0.662828
261	45    	0.298581 	0.18148  	-0.02     	0.819458
262	48    	0.238381 	0.176337 	-0.02     	0.706014
263	49    	0.278107 	0.17054  	-0.02     	0.606331
264	45    	0.225626 	0.181605 	-0.0175   	0.583926
265	40    	0.271692 	0.19992  	-0.0166667	0.724258
266	46    	0.207359 	0.203684 	-0.02     	0.724258
267	46    	0.224981 	0.17471  	-0.02     	0.583926
268	45    	0.260267 	0.191525 	-0.0175   	0.59952 
269	46    	0.277073 	0.184646 	-0.02     	0.596908
270	47    	0.200093 	0.162043 	-0.02     	0.596908
271	45    	0.256936 	0.162707 	-0.02     	0.654783
272	48    	0.232797 	0.166767 	-0.02     	0.596908
273	43    	0.246858 	0.202547 	-0.0175   	0.733663
274	47    	0.270298 	0.204327 	-0.0171429	0.731888
275	48    	0.293817 	0.2121   	-0.0166667	0.698672
276	50    	0.319643 	0.218857 	-0.02     	0.886159
277	46    	0.280201 	0.227825 	-0.02     	0.888942
278	46    	0.282529 	0.181912 	-0.02     	0.820034
279	41    	0.324031 	0.211162 	-0.0171428	0.893078
280	47    	0.305727 	0.197675 	-0.0177782	0.893078
281	44    	0.338982 	0.212738 	-0.016    	0.764922
282	47    	0.312969 	0.209161 	-0.02     	0.826666
283	45    	0.36147  	0.214184 	-0.02     	0.826666
284	42    	0.384736 	0.238299 	-0.0159893	0.826666
285	45    	0.382311 	0.217808 	0.0862825 	0.888391
286	46    	0.338412 	0.214591 	-0.016    	0.888391
287	46    	0.351424 	0.197612 	-0.0171429	0.888391
288	47    	0.332738 	0.189594 	-0.02     	0.81995 
289	42    	0.337256 	0.235242 	-0.0177777	0.81995 
290	47    	0.310954 	0.175588 	-0.0200001	0.81995 
291	43    	0.305947 	0.209648 	-0.016    	0.81995 
292	45    	0.344187 	0.230541 	-0.017143 	0.81995 
293	46    	0.262016 	0.212919 	-0.0171429	0.81995 
294	46    	0.287408 	0.205698 	-0.0171428	0.81995 
295	43    	0.283639 	0.204762 	-0.02     	0.81995 
296	46    	0.287975 	0.208144 	-0.02     	0.812308
297	46    	0.319453 	0.207264 	-0.0166666	0.812308
298	45    	0.283687 	0.230607 	-0.0171429	0.811396
299	45    	0.318898 	0.218375 	-0.0160001	0.813756
300	49    	0.235849 	0.190721 	-0.02     	0.794847
301	44    	0.312611 	0.195852 	-0.02     	0.811396
302	43    	0.314892 	0.225401 	-0.02     	0.811396
303	46    	0.27022  	0.194941 	-0.018    	0.811396
304	43    	0.301829 	0.224931 	-0.0166667	0.811396
305	47    	0.209563 	0.221824 	-0.0166667	0.811396
306	46    	0.218101 	0.229169 	-0.02     	0.813756
307	45    	0.248576 	0.246832 	-0.02     	0.813756
308	50    	0.147033 	0.181321 	-0.02     	0.813756
309	42    	0.22527  	0.239094 	-0.02     	0.813756
310	47    	0.226003 	0.203528 	-0.0166667	0.813756
311	41    	0.271245 	0.26174  	-0.02     	0.813756
312	45    	0.233501 	0.250886 	-0.0166667	0.813756
313	48    	0.245284 	0.232886 	-0.0166667	0.813756
314	44    	0.190603 	0.178816 	-0.02     	0.702687
315	46    	0.214967 	0.203948 	-0.0171429	0.702687
316	50    	0.215857 	0.213532 	-0.02     	0.812083
317	46    	0.251716 	0.209578 	-0.02     	0.812825
318	44    	0.288791 	0.2226   	-0.0175   	0.812825
319	45    	0.246385 	0.245231 	-0.0166667	0.812308
320	46    	0.264319 	0.24619  	-0.0171429	0.812977
321	47    	0.183611 	0.214503 	-0.0166667	0.812825
322	46    	0.230013 	0.193143 	-0.0166667	0.813708
323	45    	0.228517 	0.2468   	-0.0166667	0.813708
324	48    	0.216992 	0.174618 	-0.0175   	0.812308
325	46    	0.252662 	0.222522 	-0.02     	0.812308
326	43    	0.296858 	0.264834 	-0.018    	0.812308
327	47    	0.201606 	0.244924 	-0.0166667	0.812308
328	47    	0.217867 	0.197179 	-0.0199999	0.812308
329	44    	0.198286 	0.200647 	-0.0171429	0.812977
330	45    	0.243401 	0.232886 	-0.0175   	0.812977
331	45    	0.238113 	0.213718 	-0.0171429	0.812977
332	44    	0.23719  	0.255063 	-0.02     	0.812977
333	46    	0.243418 	0.224938 	-0.0175   	0.818826
334	47    	0.245721 	0.236717 	-0.0175   	0.818826
335	46    	0.228923 	0.209941 	-0.02     	0.812825
336	46    	0.247021 	0.223576 	-0.02     	0.811396
337	45    	0.283119 	0.233974 	-0.02     	0.813756
338	44    	0.257241 	0.248663 	-0.0171429	0.813756
339	45    	0.234227 	0.2397   	-0.0166667	0.813756
340	47    	0.232486 	0.237144 	-0.02     	0.813756
341	45    	0.266755 	0.208865 	-0.0171429	0.812825
342	48    	0.220684 	0.186039 	-0.02     	0.641218
343	49    	0.258086 	0.143079 	-0.0166667	0.641218
344	47    	0.258444 	0.150225 	-0.016    	0.591632
345	47    	0.316127 	0.168437 	-0.02     	0.663961
346	43    	0.304033 	0.193819 	-0.0175   	0.807297
347	48    	0.278777 	0.18777  	-0.017143 	0.813756
348	47    	0.276016 	0.20157  	-0.02     	0.804601
349	49    	0.33847  	0.183113 	-0.0166667	0.732036
350	44    	0.306516 	0.228526 	-0.0177778	0.732036
351	44    	0.296088 	0.192195 	-0.018    	0.732036
352	46    	0.27303  	0.187937 	-0.02     	0.64679 
353	48    	0.293734 	0.17893  	-0.02     	0.812977
354	43    	0.313582 	0.194247 	-0.0175   	0.688256
355	46    	0.28797  	0.1664   	-0.0177778	0.67388 
356	44    	0.278698 	0.150091 	-0.0160001	0.67388 
357	47    	0.29664  	0.172174 	-0.0171429	0.720457
358	46    	0.263417 	0.184605 	-0.0233333	0.720457
359	48    	0.249402 	0.144643 	-0.017143 	0.720457
360	47    	0.26248  	0.200828 	-0.0177778	0.811247
361	47    	0.287572 	0.17104  	-0.0175   	0.811247
362	48    	0.262941 	0.181278 	-0.0177778	0.811247
363	47    	0.191731 	0.142224 	-0.0166667	0.538978
364	46    	0.26543  	0.121168 	-0.0171429	0.615613
365	48    	0.258909 	0.154545 	-0.0171429	0.557782
366	46    	0.269727 	0.17334  	-0.02     	0.704954
367	44    	0.290199 	0.200576 	-0.0171429	0.704954
368	45    	0.333015 	0.229699 	-0.02     	0.732729
369	47    	0.251507 	0.217349 	-0.02     	0.732729
370	47    	0.278195 	0.20241  	-0.0175   	0.734132
371	46    	0.299062 	0.19798  	-0.0177778	0.812083
372	46    	0.266227 	0.22882  	-0.0171429	0.819317
373	50    	0.27502  	0.175537 	-0.0171429	0.652995
374	49    	0.229074 	0.155164 	-0.02     	0.61748 
375	45    	0.304919 	0.1846   	-0.02     	0.811396
376	46    	0.267701 	0.17854  	-0.0166667	0.698961
377	44    	0.331278 	0.211301 	-0.0174999	0.805245
378	44    	0.289485 	0.24551  	-0.0175   	0.812825
379	47    	0.254859 	0.221946 	-0.02     	0.812825
380	46    	0.253775 	0.225845 	-0.0175   	0.812825
381	47    	0.258024 	0.220802 	-0.0175   	0.812977
382	43    	0.265763 	0.241859 	-0.02     	0.812977
383	44    	0.245274 	0.249576 	-0.0166667	0.812977
384	48    	0.160371 	0.20363  	-0.0166667	0.812825
385	44    	0.265625 	0.198562 	-0.018    	0.812825
386	48    	0.239722 	0.203719 	-0.0166667	0.81995 
387	49    	0.313239 	0.195787 	-0.02     	0.81995 
388	44    	0.352042 	0.204289 	-0.0181818	0.758237
389	48    	0.28276  	0.200444 	-0.0171429	0.758237
390	43    	0.307779 	0.185601 	-0.016    	0.758237
391	42    	0.32387  	0.218834 	-0.0177778	0.906242
392	48    	0.259103 	0.169924 	-0.02     	0.906242
393	45    	0.305616 	0.190824 	-0.015    	0.906242
394	48    	0.35541  	0.13933  	0.082381  	0.615813
395	46    	0.312631 	0.163225 	0.0849201 	0.812825
396	47    	0.236027 	0.197298 	-0.02     	0.812825
397	46    	0.277328 	0.201665 	-0.0171428	0.812083
398	46    	0.254341 	0.206336 	-0.0177777	0.812083
399	46    	0.277449 	0.151903 	-0.0159893	0.697391
400	46    	0.292861 	0.225168 	-0.0160001	0.812825
401	47    	0.265012 	0.221813 	-0.02     	0.812825
402	44    	0.321913 	0.230499 	-0.02     	0.812825
403	47    	0.280865 	0.22231  	-0.0175001	0.812825
404	41    	0.316687 	0.215239 	-0.0175   	0.812159
405	47    	0.296572 	0.198117 	-0.0171429	0.812159
406	46    	0.336241 	0.217449 	-0.02     	0.812159
407	46    	0.274906 	0.220528 	-0.02     	0.812825
408	46    	0.311438 	0.20012  	-0.02     	0.812825
409	47    	0.278203 	0.197287 	-0.0175   	0.645032
410	41    	0.342835 	0.223322 	-0.02     	0.785629
411	47    	0.297918 	0.229692 	-0.0199999	0.785629
412	46    	0.252864 	0.18906  	-0.0171429	0.68937 
413	45    	0.252011 	0.210753 	-0.02     	0.702995
414	43    	0.258792 	0.208843 	-0.0171428	0.702995
415	45    	0.276951 	0.169056 	-0.0175   	0.702995
416	46    	0.263981 	0.172236 	-0.0171415	0.812825
417	46    	0.257586 	0.198412 	-0.02     	0.812825
418	45    	0.28791  	0.223026 	-0.02     	0.812825
419	47    	0.208964 	0.226317 	-0.0177778	0.811247
420	45    	0.228004 	0.203005 	-0.0171428	0.811247
421	46    	0.242107 	0.212129 	-0.0175   	0.811247
422	47    	0.249042 	0.219241 	-0.0166668	0.811247
423	47    	0.247557 	0.21557  	-0.02     	0.811396
424	46    	0.209497 	0.190899 	-0.02     	0.706014
425	45    	0.238025 	0.207761 	-0.0166668	0.811247
426	48    	0.154648 	0.157966 	-0.02     	0.811247
427	46    	0.243365 	0.198753 	-0.0200001	0.811396
428	47    	0.179591 	0.190667 	-0.0166667	0.811247
429	48    	0.200053 	0.161848 	-0.0166668	0.811247
430	49    	0.205619 	0.1493   	-0.02     	0.813708
431	43    	0.235303 	0.22018  	-0.0199999	0.813708
432	48    	0.226501 	0.179442 	-0.0166667	0.813708
433	47    	0.246161 	0.193146 	-0.0171429	0.813756
434	46    	0.23694  	0.156885 	-0.016    	0.813756
435	45    	0.208551 	0.189831 	-0.02     	0.514611
436	46    	0.183137 	0.175003 	-0.0166666	0.514611
437	48    	0.178494 	0.167713 	-0.02     	0.514611
438	46    	0.236251 	0.212266 	-0.0166667	0.813708
439	43    	0.249433 	0.217061 	-0.0171429	0.813708
440	46    	0.207987 	0.216964 	-0.02     	0.705828
441	46    	0.238492 	0.201767 	-0.0171429	0.813708
442	43    	0.286278 	0.226093 	-0.0166667	0.813708
443	47    	0.221434 	0.203526 	-0.0171428	0.813708
444	44    	0.215206 	0.209848 	-0.0166667	0.813708
445	49    	0.229687 	0.17569  	-0.02     	0.811247
446	46    	0.268818 	0.185545 	-0.0171429	0.811247
447	48    	0.218561 	0.188006 	-0.02     	0.811247
448	48    	0.182489 	0.15429  	-0.0174999	0.514444
449	47    	0.234311 	0.155891 	-0.02     	0.724562
450	50    	0.195002 	0.191958 	-0.02     	0.812083
451	45    	0.203686 	0.176095 	-0.0166666	0.812083
452	45    	0.21452  	0.169876 	-0.0160001	0.581279
453	48    	0.149774 	0.159723 	-0.02     	0.581279
454	46    	0.243935 	0.176301 	-0.0166667	0.581205
455	42    	0.249848 	0.179783 	-0.0166668	0.581205
456	46    	0.176644 	0.199351 	-0.02     	0.582913
457	45    	0.215776 	0.208605 	-0.0166668	0.706014
458	46    	0.196557 	0.230532 	-0.017143 	0.812083
459	44    	0.282907 	0.207933 	-0.02     	0.812977
460	46    	0.214209 	0.189361 	-0.0171429	0.812083
461	44    	0.249657 	0.21364  	-0.0166667	0.805021
462	47    	0.259863 	0.195129 	-0.0175   	0.812083
463	48    	0.216834 	0.171577 	-0.0171429	0.703659
464	44    	0.233621 	0.210165 	-0.0175   	0.703659
465	48    	0.216559 	0.226856 	-0.02     	0.812083
466	48    	0.205178 	0.210819 	-0.02     	0.812308
467	47    	0.240504 	0.198993 	-0.0171428	0.703852
468	43    	0.236057 	0.219606 	-0.0175   	0.703852
469	49    	0.229761 	0.191591 	-0.0171429	0.703852
470	48    	0.245632 	0.222478 	-0.02     	0.812825
471	49    	0.263169 	0.196937 	-0.0166668	0.812977
472	47    	0.184014 	0.184548 	-0.02     	0.704723
473	42    	0.215929 	0.183745 	-0.0175   	0.704723
474	46    	0.219365 	0.160637 	-0.02     	0.558258
475	45    	0.305364 	0.163486 	-0.0171429	0.695417
476	49    	0.225415 	0.170153 	-0.02     	0.695417
477	45    	0.238478 	0.176313 	-0.017143 	0.695417
478	50    	0.255522 	0.173794 	-0.02     	0.814342
479	49    	0.215708 	0.176622 	-0.0171429	0.813756
480	50    	0.232182 	0.16598  	-0.0166667	0.705837
481	47    	0.234348 	0.157419 	-0.0171429	0.582956
482	49    	0.252175 	0.146931 	-0.0171429	0.645458
483	45    	0.282468 	0.168533 	-0.02     	0.645458
484	50    	0.193659 	0.135554 	-0.02     	0.578125
485	47    	0.245911 	0.133716 	-0.0166667	0.615239
486	47    	0.32317  	0.132885 	0.098683  	0.653746
487	46    	0.291086 	0.166118 	-0.0183334	0.614219
488	45    	0.301163 	0.17013  	-0.015    	0.863513
489	47    	0.312548 	0.176717 	-0.0181818	0.765841
490	48    	0.280177 	0.149477 	-0.0177778	0.765841
491	48    	0.276672 	0.132791 	-0.0181819	0.765841
492	47    	0.272647 	0.123311 	-0.02     	0.495843
493	49    	0.268548 	0.156054 	-0.0166666	0.695867
494	46    	0.326446 	0.169648 	-0.02     	0.732489
495	45    	0.302624 	0.227004 	-0.02     	0.732489
496	47    	0.249598 	0.168221 	-0.02     	0.732489
497	47    	0.29547  	0.176887 	-0.02     	0.732489
498	42    	0.345657 	0.204201 	-0.0166667	0.808915
499	46    	0.313512 	0.210802 	-0.02     	0.832435
500	44    	0.368782 	0.21944  	-0.018    	0.840468
501	46    	0.318392 	0.211728 	-0.0177778	0.840468
502	44    	0.303566 	0.208348 	-0.0171429	0.840468
503	47    	0.332482 	0.219374 	-0.0177778	0.831466
504	45    	0.314026 	0.20327  	-0.02     	0.831466
505	44    	0.296368 	0.230697 	-0.0175001	0.831466
506	44    	0.284838 	0.217378 	-0.0200001	0.831466
507	41    	0.320075 	0.223208 	-0.0166668	0.807637
508	44    	0.314132 	0.213513 	-0.0171428	0.807637
509	46    	0.29082  	0.222231 	-0.02     	0.807637
510	46    	0.287384 	0.204129 	-0.0171337	0.807637
511	46    	0.274954 	0.202521 	-0.0199999	0.807637
512	47    	0.243607 	0.185084 	-0.02     	0.807637
513	47    	0.249452 	0.181914 	-0.0199999	0.807637
514	46    	0.303255 	0.204724 	-0.0171429	0.807637
515	49    	0.275025 	0.183119 	-0.0171429	0.729998
516	46    	0.259129 	0.191217 	-0.02     	0.729998
517	46    	0.299078 	0.2083   	-0.02     	0.704681
518	48    	0.31571  	0.218701 	-0.018    	0.813756
519	46    	0.288503 	0.251275 	-0.0225   	0.73002 
520	47    	0.264548 	0.205336 	-0.0183334	0.717063
521	44    	0.266789 	0.212543 	-0.0175   	0.725831
522	44    	0.281593 	0.242142 	-0.017143 	0.812083
523	47    	0.197712 	0.187334 	-0.0200001	0.647693
524	46    	0.309092 	0.209345 	-0.0171429	0.811246
525	44    	0.30513  	0.22827  	-0.0175   	0.811246
526	46    	0.282938 	0.233111 	-0.0200001	0.811246
527	45    	0.235996 	0.210199 	-0.0177778	0.811246
528	46    	0.258907 	0.183176 	-0.0171429	0.70633 
529	48    	0.215948 	0.194545 	-0.02     	0.616094
530	48    	0.179214 	0.184353 	-0.02     	0.604612
531	47    	0.22048  	0.180043 	-0.0171429	0.693559
532	47    	0.210671 	0.185101 	-0.02     	0.605225
533	44    	0.217578 	0.198584 	-0.02     	0.650442
534	47    	0.224518 	0.199364 	-0.02     	0.650442
535	45    	0.269536 	0.191925 	-0.0177778	0.650442
536	43    	0.281268 	0.187639 	-0.02     	0.646058
537	46    	0.227653 	0.162004 	-0.0200001	0.646058
538	45    	0.268263 	0.164037 	-0.02     	0.646058
539	45    	0.250613 	0.177982 	-0.02     	0.646058
540	50    	0.225221 	0.140106 	-0.02     	0.558119
541	43    	0.268131 	0.144509 	-0.02     	0.558119
542	46    	0.268207 	0.148023 	-0.0177778	0.561642
543	46    	0.27928  	0.153052 	-0.0200001	0.561642
544	45    	0.311401 	0.125388 	-0.02     	0.561642
545	44    	0.288019 	0.135897 	0.0745159 	0.561642
546	48    	0.290551 	0.102611 	-0.0159999	0.561642
547	46    	0.299247 	0.117275 	-0.016    	0.608261
548	47    	0.299295 	0.133547 	-0.0183333	0.657244
549	46    	0.297528 	0.163281 	-0.02     	0.721901
550	44    	0.332053 	0.178193 	-0.0171429	0.814356
551	48    	0.271477 	0.16968  	-0.02     	0.717475
552	46    	0.292492 	0.142197 	-0.02     	0.64192 
553	48    	0.270283 	0.143686 	-0.0171428	0.755026
554	47    	0.272371 	0.159195 	-0.0159999	0.755026
555	45    	0.266024 	0.167577 	-0.0171427	0.755026
556	47    	0.287178 	0.192513 	-0.02     	0.757968
557	46    	0.310095 	0.195402 	-0.0166667	0.785432
558	48    	0.306656 	0.189836 	-0.018    	0.835049
559	44    	0.298531 	0.238488 	-0.02     	0.835049
560	47    	0.292727 	0.190906 	-0.02     	0.835049
561	49    	0.209975 	0.178584 	-0.0175   	0.824483
562	43    	0.341153 	0.175524 	-0.0166667	0.824483
563	49    	0.316086 	0.148643 	-0.0175   	0.732835
564	47    	0.251843 	0.182476 	-0.02     	0.631974
565	44    	0.321085 	0.167339 	-0.02     	0.706962
566	46    	0.297449 	0.202087 	-0.02     	0.826496
567	44    	0.341001 	0.161981 	0.0851427 	0.706962
568	47    	0.281329 	0.156966 	-0.0166667	0.636742
569	42    	0.308408 	0.19727  	-0.0181818	0.79805 
570	45    	0.28748  	0.181366 	-0.018    	0.757994
571	46    	0.305077 	0.189378 	-0.0228571	0.757994
572	46    	0.301438 	0.183298 	-0.02     	0.757994
573	49    	0.293918 	0.140621 	-0.0171428	0.666585
574	49    	0.277103 	0.146186 	-0.0177778	0.544341
575	47    	0.271266 	0.157793 	-0.0171429	0.643726
576	49    	0.257707 	0.159557 	-0.0171429	0.593631
577	49    	0.317413 	0.121029 	0.120551  	0.593631
578	47    	0.310193 	0.166276 	-0.0181818	0.625945
579	45    	0.306717 	0.153424 	-0.016    	0.628522
580	46    	0.280165 	0.171484 	-0.0166666	0.74305 
581	44    	0.339305 	0.154836 	0.0830006 	0.74305 
582	48    	0.30223  	0.161609 	-0.016    	0.747809
583	46    	0.307098 	0.171949 	-0.0181818	0.673674
584	48    	0.291616 	0.145778 	-0.02     	0.673674
585	48    	0.265908 	0.157242 	-0.02     	0.623143
586	44    	0.299459 	0.155812 	-0.0200001	0.623143
587	46    	0.318309 	0.167315 	-0.0177778	0.623143
588	42    	0.329445 	0.152174 	-0.015    	0.672575
589	48    	0.33771  	0.151594 	0.0641468 	0.785629
590	43    	0.339609 	0.183742 	-0.02     	0.765665
591	45    	0.329936 	0.167763 	0.072725  	0.711128
592	47    	0.293545 	0.146279 	-0.02     	0.687462
593	48    	0.314202 	0.170967 	-0.02     	0.702545
594	44    	0.318602 	0.182666 	-0.0175001	0.703401
595	45    	0.360754 	0.244253 	-0.016    	0.819334
596	50    	0.231505 	0.214181 	-0.02     	0.704883
597	44    	0.26319  	0.228412 	-0.0171429	0.813756
598	45    	0.271447 	0.215574 	-0.02     	0.813756
599	45    	0.269952 	0.199375 	-0.0171428	0.813708
600	45    	0.287823 	0.225632 	-0.0171428	0.813708
601	45    	0.248408 	0.250186 	-0.02     	0.813756
602	45    	0.293923 	0.24805  	-0.0171429	0.813756
603	41    	0.332152 	0.247106 	-0.0175   	0.813756
604	49    	0.274539 	0.235251 	-0.02     	0.813708
605	45    	0.285844 	0.268202 	-0.02     	0.846101
606	48    	0.233807 	0.19147  	-0.02     	0.703858
607	46    	0.29314  	0.193306 	-0.02     	0.811396
608	50    	0.225888 	0.168824 	-0.0166667	0.73408 
609	49    	0.250995 	0.14278  	-0.02     	0.501099
610	46    	0.279904 	0.176362 	-0.02     	0.705857
611	46    	0.220574 	0.139285 	-0.0171429	0.516322
612	50    	0.256005 	0.162091 	-0.0174999	0.725398
613	48    	0.21593  	0.160418 	-0.02     	0.725398
614	47    	0.269623 	0.166308 	-0.02     	0.725398
615	48    	0.296391 	0.120343 	-0.02     	0.521848
616	46    	0.272783 	0.128319 	-0.02     	0.574318
617	44    	0.306381 	0.169151 	-0.02     	0.589134
618	47    	0.260309 	0.206093 	-0.0166667	0.837456
619	47    	0.311218 	0.1856   	-0.0171428	0.837456
620	46    	0.320515 	0.158483 	0.0664583 	0.703884
621	46    	0.283304 	0.161442 	-0.0166667	0.68903 
622	45    	0.315734 	0.187781 	0.0959143 	0.844359
623	48    	0.291282 	0.171251 	-0.0166667	0.730899
624	46    	0.320758 	0.18117  	-0.0175001	0.730899
625	48    	0.277959 	0.144224 	-0.0149999	0.730899
626	45    	0.313513 	0.143152 	0.0690008 	0.728012
627	47    	0.29201  	0.162245 	-0.0177777	0.728012
628	45    	0.325046 	0.180418 	-0.0179999	0.812439
629	46    	0.282042 	0.177756 	-0.0200001	0.812439
630	44    	0.278797 	0.172406 	-0.02     	0.586864
631	48    	0.230738 	0.1489   	-0.0183333	0.586864
632	42    	0.322634 	0.158563 	-0.0171429	0.698558
633	44    	0.269952 	0.175866 	-0.0166667	0.698558
634	48    	0.282392 	0.172987 	-0.016    	0.705828
635	45    	0.264892 	0.203409 	-0.0177777	0.834818
636	49    	0.309775 	0.196    	-0.0177778	0.729753
637	46    	0.319581 	0.203671 	-0.0171429	0.732772
638	45    	0.310007 	0.227359 	-0.02     	0.732772
639	47    	0.261263 	0.220786 	-0.0199999	0.732974
640	50    	0.271425 	0.190447 	-0.0175   	0.729753
641	41    	0.319711 	0.197231 	-0.02     	0.729753
642	45    	0.303543 	0.223768 	-0.02     	0.812083
643	46    	0.282736 	0.209886 	-0.02     	0.844005
644	41    	0.307875 	0.241276 	-0.02     	0.844005
645	46    	0.29355  	0.210589 	-0.0166667	0.844005
646	49    	0.280889 	0.183572 	-0.0171429	0.749044
647	46    	0.279239 	0.191568 	-0.02     	0.749044
648	46    	0.305191 	0.193832 	-0.0175   	0.749044
649	49    	0.297063 	0.138344 	-0.0171429	0.61624 
650	47    	0.233846 	0.146079 	-0.0166667	0.58211 
651	46    	0.246418 	0.158712 	-0.02     	0.58211 
652	48    	0.262924 	0.154842 	-0.0175   	0.619881
653	44    	0.301396 	0.179178 	-0.02     	0.689785
654	45    	0.278166 	0.176381 	-0.0166667	0.689785
655	46    	0.248988 	0.169178 	-0.02     	0.689693
656	42    	0.235513 	0.150138 	-0.02     	0.58211 
657	50    	0.267209 	0.119777 	-0.0166666	0.580007
658	42    	0.265208 	0.170202 	-0.0171428	0.587887
659	45    	0.260665 	0.184111 	-0.0175   	0.702711
660	44    	0.259902 	0.201057 	-0.02     	0.702711
661	46    	0.240274 	0.193858 	-0.0171429	0.724562
662	49    	0.236779 	0.17916  	-0.0166667	0.694701
663	49    	0.254356 	0.167339 	-0.0171428	0.705837
664	44    	0.300638 	0.192184 	-0.0171428	0.812083
665	43    	0.366324 	0.261389 	-0.0171429	0.813708
666	46    	0.229273 	0.247786 	-0.0171429	0.812977
667	49    	0.204393 	0.205448 	-0.02     	0.812977
668	46    	0.2761   	0.239886 	-0.0199999	0.812977
669	44    	0.269584 	0.251245 	-0.0166667	0.812977
670	49    	0.23227  	0.237519 	-0.0171429	0.812977
671	48    	0.17474  	0.165111 	-0.02     	0.695417
672	49    	0.213989 	0.181443 	-0.0175   	0.690827
673	46    	0.187002 	0.174956 	-0.0166668	0.514444
674	46    	0.189153 	0.15827  	-0.0160001	0.58128 
675	46    	0.245396 	0.169777 	-0.0175   	0.695417
676	46    	0.218623 	0.176609 	-0.02     	0.574249
677	47    	0.220641 	0.17822  	-0.0166667	0.695417
678	47    	0.210268 	0.179847 	-0.0171429	0.695392
679	44    	0.266072 	0.203228 	-0.02     	0.812308
680	43    	0.271283 	0.258598 	-0.0171429	0.812308
681	48    	0.240095 	0.237747 	-0.0175   	0.812308
682	48    	0.185327 	0.18761  	-0.02     	0.705837
683	42    	0.225913 	0.177459 	-0.0160001	0.581205
684	46    	0.23354  	0.188471 	-0.0175   	0.581279
685	48    	0.204639 	0.174858 	-0.0171429	0.581352
686	47    	0.201136 	0.202985 	-0.0175   	0.603445
687	48    	0.2528   	0.195325 	-0.02     	0.68981 
688	46    	0.221725 	0.202112 	-0.02     	0.603445
689	47    	0.235844 	0.181891 	-0.0171429	0.685458
690	46    	0.254509 	0.187536 	-0.0171429	0.813981
691	46    	0.263598 	0.168007 	-0.02     	0.813981
692	44    	0.249231 	0.17477  	-0.02     	0.600528
693	40    	0.2757   	0.187691 	-0.0175   	0.600528
694	48    	0.227924 	0.200662 	-0.0177778	0.604101
695	48    	0.22355  	0.168756 	-0.02     	0.604101
696	46    	0.258357 	0.190162 	-0.02     	0.689521
697	46    	0.304672 	0.178521 	-0.0166667	0.724258
698	48    	0.249705 	0.165427 	-0.0175   	0.689785
699	42    	0.277017 	0.220872 	-0.02     	0.724562
700	43    	0.276724 	0.19851  	-0.0175   	0.689785
701	49    	0.231909 	0.129695 	-0.0171429	0.488774
702	48    	0.245408 	0.16217  	-0.02     	0.534586
703	46    	0.242459 	0.158496 	-0.02     	0.534586
704	48    	0.193223 	0.154378 	-0.02     	0.514444
705	42    	0.242813 	0.153401 	-0.02     	0.514537
706	44    	0.215238 	0.159155 	-0.0166667	0.514537
707	49    	0.240358 	0.16151  	-0.0175   	0.812083
708	46    	0.212176 	0.206804 	-0.0233333	0.812083
709	48    	0.210553 	0.168828 	-0.0166666	0.812083
710	47    	0.216417 	0.145557 	-0.017143 	0.812083
711	46    	0.22042  	0.149942 	-0.0177778	0.573965
712	48    	0.216602 	0.178815 	-0.02     	0.813708
713	46    	0.227394 	0.213182 	-0.0171432	0.813708
714	47    	0.210205 	0.192062 	-0.02     	0.813708
715	46    	0.202132 	0.209045 	-0.0171429	0.813708
716	48    	0.220353 	0.210668 	-0.0175   	0.813708
717	49    	0.182668 	0.201768 	-0.02     	0.811396
718	44    	0.216429 	0.238247 	-0.0166667	0.813708
719	47    	0.202997 	0.194424 	-0.0171429	0.813708
720	46    	0.232809 	0.202696 	-0.0175   	0.813708
721	47    	0.233649 	0.22229  	-0.0177778	0.818826
722	44    	0.259997 	0.236937 	-0.0171429	0.818826
723	46    	0.261043 	0.23069  	-0.0166667	0.818826
724	43    	0.329533 	0.245295 	-0.02     	0.818826
725	42    	0.319808 	0.251055 	-0.0171428	0.818826
726	46    	0.310373 	0.204844 	-0.0171428	0.818826
727	45    	0.278404 	0.217417 	-0.02     	0.813756
728	46    	0.258205 	0.227227 	-0.0166667	0.813756
729	46    	0.273743 	0.224544 	-0.0171428	0.812977
730	47    	0.242758 	0.225547 	-0.02     	0.812977
731	45    	0.239906 	0.256094 	-0.0171429	0.813708
732	46    	0.247972 	0.232944 	-0.0166667	0.812825
733	45    	0.290631 	0.261929 	-0.0171429	0.813756
734	47    	0.272071 	0.226982 	-0.02     	0.813756
735	46    	0.240283 	0.217659 	-0.02     	0.813756
736	49    	0.247821 	0.259636 	-0.0171428	0.813756
737	42    	0.249322 	0.255568 	-0.02     	0.813708
738	47    	0.239181 	0.224176 	-0.0166667	0.813708
739	48    	0.227053 	0.217562 	-0.02     	0.813708
740	45    	0.249989 	0.248113 	-0.0166667	0.813708
741	46    	0.184984 	0.242042 	-0.02     	0.813708
742	46    	0.244265 	0.205091 	-0.02     	0.813708
743	44    	0.217714 	0.22311  	-0.0171429	0.813708
744	45    	0.197898 	0.222967 	-0.02     	0.813708
745	46    	0.224129 	0.195239 	-0.0171429	0.813756
746	45    	0.215469 	0.224042 	-0.0171429	0.813708
747	44    	0.237577 	0.221538 	-0.0166667	0.813708
748	49    	0.198152 	0.218095 	-0.02     	0.813708
749	49    	0.154763 	0.184754 	-0.0171429	0.813708
750	46    	0.222376 	0.222793 	-0.0166668	0.813756
751	50    	0.18962  	0.193936 	-0.02     	0.813708
752	48    	0.220918 	0.213535 	-0.02     	0.813756
753	44    	0.29019  	0.28082  	-0.02     	0.813756
754	48    	0.195798 	0.237003 	-0.02     	0.813708
755	47    	0.226541 	0.253914 	-0.0171429	0.813756
756	47    	0.215525 	0.23033  	-0.0175   	0.813708
757	49    	0.172474 	0.198428 	-0.0175   	0.812308
758	42    	0.245566 	0.230256 	-0.02     	0.812308
759	49    	0.169461 	0.196764 	-0.0166667	0.812308
760	44    	0.213904 	0.223374 	-0.02     	0.812308
761	45    	0.220487 	0.234535 	-0.0171429	0.812308
762	41    	0.257904 	0.267633 	-0.0166667	0.818806
763	43    	0.22718  	0.261907 	-0.0175   	0.818806
764	45    	0.233229 	0.246249 	-0.0171429	0.818806
765	46    	0.303004 	0.273307 	-0.0200001	0.818806
766	42    	0.293595 	0.255387 	-0.02     	0.818806
767	47    	0.207522 	0.232017 	-0.0171429	0.813756
768	44    	0.198409 	0.211401 	-0.0166667	0.811396
769	46    	0.208812 	0.181174 	-0.02     	0.811396
770	47    	0.195405 	0.229414 	-0.0171429	0.813756
771	46    	0.259822 	0.235017 	-0.02     	0.813756
772	48    	0.209041 	0.208101 	-0.0171427	0.813756
773	45    	0.314117 	0.207828 	-0.0171429	0.811396
774	50    	0.200585 	0.167309 	-0.0166667	0.705828
775	47    	0.239668 	0.173967 	-0.0171429	0.811396
776	47    	0.214615 	0.16832  	-0.0175001	0.705828
777	46    	0.244076 	0.197699 	-0.02     	0.730315
778	45    	0.257755 	0.184658 	-0.02     	0.705842
779	44    	0.360926 	0.237581 	-0.02     	0.811396
780	45    	0.35035  	0.247059 	-0.0171429	0.811247
781	44    	0.303173 	0.226516 	-0.0171431	0.705984
782	40    	0.292591 	0.255806 	-0.02     	0.724258
783	44    	0.278897 	0.196034 	-0.0166667	0.724258
784	44    	0.277585 	0.229729 	-0.0175   	0.724258
785	47    	0.25011  	0.219784 	-0.0175   	0.705842
786	49    	0.245003 	0.234965 	-0.02     	0.846101
787	45    	0.264221 	0.2392   	-0.0171429	0.811247
788	48    	0.239103 	0.210075 	-0.0175001	0.812308
789	42    	0.302946 	0.258756 	-0.02     	0.812308
790	46    	0.25928  	0.227913 	-0.0174998	0.812308
791	47    	0.220181 	0.212687 	-0.0171429	0.812308
792	45    	0.282326 	0.23129  	-0.02     	0.812308
793	48    	0.215764 	0.194426 	-0.02     	0.812308
794	47    	0.215595 	0.165187 	-0.02     	0.812308
795	41    	0.320564 	0.238774 	-0.0171429	0.813708
796	46    	0.252571 	0.205778 	-0.02     	0.812308
797	43    	0.331516 	0.237119 	-0.0175   	0.819317
798	47    	0.310622 	0.225799 	-0.02     	0.819317
799	43    	0.305708 	0.266911 	-0.02     	0.819317
800	48    	0.296551 	0.215334 	-0.0177776	0.819317
801	43    	0.27157  	0.242797 	-0.018    	0.812308
802	48    	0.257016 	0.22849  	-0.02     	0.85973 
803	46    	0.23508  	0.195927 	-0.0166667	0.85973 
804	46    	0.255391 	0.227039 	-0.0166666	0.85973 
805	46    	0.263317 	0.225809 	-0.0166667	0.85973 
806	47    	0.242282 	0.181954 	-0.0171429	0.858181
807	47    	0.27558  	0.187632 	-0.02     	0.858181
808	46    	0.301328 	0.195641 	-0.02     	0.702632
809	43    	0.287631 	0.19031  	-0.017143 	0.705842
810	46    	0.256248 	0.18456  	-0.0179974	0.705842
811	48    	0.269532 	0.174105 	-0.02     	0.702382
812	48    	0.247994 	0.189309 	-0.0175   	0.705005
813	49    	0.21676  	0.162903 	-0.0200001	0.64632 
814	46    	0.23697  	0.176942 	-0.02     	0.722376
815	42    	0.280755 	0.179031 	-0.0175   	0.64714 
816	44    	0.244236 	0.180896 	-0.0200001	0.748919
817	48    	0.258982 	0.171779 	-0.02     	0.706014
818	47    	0.296845 	0.190472 	-0.02     	0.804176
819	45    	0.321812 	0.205981 	-0.0166667	0.835693
820	46    	0.309481 	0.206135 	-0.0171429	0.835693
821	45    	0.302785 	0.195001 	-0.0171428	0.835693
822	44    	0.315108 	0.205163 	-0.0175   	0.835693
823	45    	0.302645 	0.250916 	-0.0175   	0.835693
824	47    	0.335894 	0.221165 	-0.0171428	0.835693
825	43    	0.352146 	0.24591  	-0.0171429	0.835693
826	43    	0.373772 	0.234157 	0.0530114 	0.835693
827	45    	0.386276 	0.250464 	-0.0177778	0.835693
828	50    	0.265825 	0.149735 	-0.0171428	0.67815 
829	46    	0.298538 	0.184735 	-0.02     	0.752164
830	48    	0.250732 	0.179    	-0.02     	0.752164
831	48    	0.283205 	0.172389 	-0.0171429	0.758069
832	45    	0.32049  	0.200133 	-0.0177778	0.758069
833	46    	0.344872 	0.223427 	-0.0200001	0.758069
834	45    	0.313208 	0.207446 	-0.016    	0.758069
835	47    	0.304647 	0.221529 	-0.0199999	0.758069
836	42    	0.321111 	0.216993 	-0.0166667	0.758069
837	45    	0.365112 	0.200711 	-0.0181818	0.75828 
838	48    	0.343508 	0.194218 	-0.016    	0.75828 
839	47    	0.29391  	0.197202 	-0.0175   	0.75828 
840	48    	0.281953 	0.185119 	-0.0200001	0.75828 
841	44    	0.36856  	0.199402 	0.0631665 	0.75828 
842	49    	0.277052 	0.146294 	-0.0166667	0.705842
843	49    	0.275969 	0.176531 	-0.0171429	0.805742
844	46    	0.278204 	0.198215 	-0.018    	0.805742
845	49    	0.236767 	0.156465 	-0.0177778	0.805742
846	47    	0.246452 	0.159332 	-0.0175   	0.703019
847	46    	0.269155 	0.153733 	-0.0177778	0.705837
848	46    	0.256781 	0.165951 	-0.02     	0.717411
849	48    	0.267672 	0.138162 	-0.0175   	0.705837
850	47    	0.245455 	0.157313 	-0.02     	0.647111
851	48    	0.27503  	0.156839 	-0.0175   	0.647111
852	46    	0.25437  	0.164965 	-0.0171428	0.540625
853	46    	0.301219 	0.137979 	-0.02     	0.540625
854	46    	0.251966 	0.157174 	-0.0171429	0.732377
855	43    	0.307377 	0.173441 	-0.02     	0.732377
856	48    	0.248759 	0.133863 	-0.0175   	0.599348
857	47    	0.273482 	0.131877 	-0.02     	0.597095
858	44    	0.288481 	0.148134 	-0.0181818	0.597095
859	48    	0.280331 	0.122184 	-0.018    	0.597095
860	43    	0.335718 	0.140754 	0.0742414 	0.621342
861	47    	0.293736 	0.166299 	-0.0177778	0.731811
862	46    	0.305948 	0.184931 	-0.0171429	0.731811
863	46    	0.287372 	0.180393 	-0.0174999	0.745592
864	42    	0.299622 	0.195874 	-0.0199999	0.745592
865	46    	0.320582 	0.17995  	-0.0175   	0.745592
866	46    	0.29009  	0.162929 	-0.02     	0.745592
867	46    	0.30781  	0.174251 	-0.0181818	0.836975
868	45    	0.250717 	0.175884 	-0.02     	0.730613
869	46    	0.277481 	0.169775 	-0.0171428	0.730613
870	47    	0.274819 	0.171079 	-0.02     	0.730613
871	47    	0.267283 	0.185958 	-0.0175   	0.730613
872	46    	0.265628 	0.192118 	-0.018    	0.831497
873	45    	0.298354 	0.213665 	-0.02     	0.831497
874	44    	0.2907   	0.232763 	-0.02     	0.831497
875	48    	0.319856 	0.231689 	-0.0175   	0.831924
876	48    	0.273601 	0.215905 	-0.0177778	0.809463
877	45    	0.269088 	0.182284 	-0.02     	0.840468
878	46    	0.332161 	0.163576 	-0.0171429	0.733266
879	47    	0.288818 	0.188733 	-0.02     	0.732138
880	48    	0.257735 	0.207965 	-0.0175   	0.800245
881	44    	0.322095 	0.233699 	-0.02     	0.800245
882	47    	0.249001 	0.232499 	-0.0200001	0.800245
883	46    	0.285307 	0.20063  	-0.02     	0.800245
884	45    	0.28053  	0.204714 	-0.0175   	0.819969
885	42    	0.325814 	0.248752 	-0.0175   	0.819969
886	43    	0.284634 	0.210074 	-0.0171427	0.819969
887	43    	0.279144 	0.253933 	-0.02     	0.819969
888	45    	0.303127 	0.219265 	-0.02     	0.819969
889	48    	0.232071 	0.211578 	-0.0175   	0.706012
890	46    	0.252733 	0.194496 	-0.0171428	0.706012
891	48    	0.238622 	0.186404 	-0.02     	0.812825
892	46    	0.273558 	0.212249 	-0.016    	0.812825
893	46    	0.265878 	0.203952 	-0.02     	0.812825
894	45    	0.297068 	0.221108 	-0.0171429	0.812825
895	47    	0.309954 	0.225132 	-0.02     	0.812825
896	48    	0.200343 	0.189341 	-0.02     	0.812825
897	47    	0.224192 	0.169755 	-0.02     	0.800462
898	46    	0.279679 	0.174939 	-0.018    	0.730941
899	45    	0.324897 	0.183275 	-0.0166667	0.733983
900	48    	0.265901 	0.192459 	-0.0177778	0.716649
901	44    	0.260703 	0.16787  	-0.02     	0.716649
902	45    	0.302711 	0.171138 	-0.0177777	0.703793
903	48    	0.317968 	0.169488 	-0.0179999	0.706026
904	42    	0.31116  	0.220748 	-0.0171429	0.818826
905	47    	0.264251 	0.178903 	-0.02     	0.706026
906	46    	0.268592 	0.206477 	-0.0175   	0.706026
907	46    	0.347693 	0.225209 	-0.0171429	0.719827
908	48    	0.320578 	0.201483 	-0.0166666	0.805245
909	48    	0.281685 	0.208981 	-0.0171428	0.81969 
910	45    	0.283446 	0.186832 	-0.0171428	0.719827
911	46    	0.262459 	0.178169 	-0.0175   	0.719206
912	48    	0.344928 	0.158179 	0.0801901 	0.811396
913	46    	0.285334 	0.217792 	-0.02     	0.812977
914	45    	0.258701 	0.195544 	-0.0174999	0.812977
915	47    	0.31843  	0.192155 	-0.0166667	0.812977
916	43    	0.331986 	0.194455 	-0.0166667	0.812977
917	45    	0.276403 	0.181123 	-0.0166667	0.675106
918	46    	0.308566 	0.140701 	-0.016    	0.675106
919	45    	0.28379  	0.152407 	-0.02     	0.675106
920	46    	0.289482 	0.143657 	-0.02     	0.56713 
921	49    	0.285092 	0.100222 	0.146774  	0.56713 
922	47    	0.292228 	0.111184 	0.0920306 	0.57772 
923	44    	0.289292 	0.100905 	0.0713824 	0.56713 
924	47    	0.316132 	0.115711 	-0.016    	0.558622
925	43    	0.31425  	0.128868 	-0.02     	0.612529
926	47    	0.343718 	0.124572 	0.129185  	0.659165
927	48    	0.280674 	0.107166 	0.0670921 	0.659165
928	39    	0.316717 	0.112085 	0.115118  	0.598152
929	46    	0.294861 	0.145099 	-0.01     	0.848201
930	48    	0.303413 	0.136382 	-0.0133333	0.848201
931	49    	0.30269  	0.12732  	-0.0133334	0.586524
932	40    	0.357786 	0.139059 	0.109407  	0.586524
933	48    	0.313847 	0.11869  	0.0352957 	0.583526
934	50    	0.300764 	0.0898311	0.130259  	0.554849
935	49    	0.24844  	0.200825 	-1        	0.49879 
936	46    	0.279256 	0.106404 	-0.0183333	0.581238
937	50    	0.241047 	0.278865 	-1        	0.775103
938	45    	0.244893 	0.268925 	-1        	0.503445
939	48    	0.232328 	0.28244  	-1        	0.504638
940	49    	0.231076 	0.210632 	-1        	0.506615
941	43    	0.310796 	0.100813 	0.080992  	0.513396
942	43    	0.30356  	0.118812 	-0.016    	0.513396
943	46    	0.271936 	0.134946 	-0.02     	0.559965
944	46    	0.291359 	0.145624 	-0.0159999	0.716296
945	45    	0.329448 	0.155726 	-0.0160001	0.716296
946	40    	0.352941 	0.175527 	-0.02     	0.716296
947	47    	0.280406 	0.170648 	-0.0166667	0.716296
948	47    	0.29845  	0.173978 	-0.0177778	0.723998
949	46    	0.289127 	0.161359 	-0.017143 	0.716296
950	47    	0.290662 	0.15867  	-0.02     	0.716296
951	45    	0.258837 	0.182034 	-0.02     	0.716296
952	48    	0.239824 	0.17497  	-0.0171429	0.79999 
953	46    	0.274144 	0.204727 	-0.02     	0.808747
954	48    	0.270972 	0.185936 	-0.0175   	0.730075
955	46    	0.281056 	0.174329 	-0.02     	0.716296
956	47    	0.259737 	0.187108 	-0.0175   	0.716296
957	45    	0.266284 	0.173058 	-0.0166666	0.716296
958	46    	0.255043 	0.163071 	-0.0200001	0.612809
959	44    	0.333447 	0.176799 	-0.0171428	0.702866
960	42    	0.294464 	0.212425 	-0.0175   	0.702866
961	45    	0.250056 	0.203669 	-0.0175   	0.725031
962	45    	0.247181 	0.205736 	-0.02     	0.790244
963	46    	0.259821 	0.189071 	-0.02     	0.790244
964	44    	0.31824  	0.185824 	-0.02     	0.727028
965	45    	0.307198 	0.205546 	-0.0171429	0.83112 
966	49    	0.29717  	0.164181 	-0.02     	0.706107
967	49    	0.262465 	0.163675 	-0.0171428	0.756681
968	47    	0.303061 	0.200447 	-0.015    	0.853329
969	47    	0.288588 	0.195168 	-0.02     	0.863288
970	49    	0.30282  	0.173752 	-0.0166667	0.705972
971	45    	0.303874 	0.21533  	-0.02     	0.817775
972	46    	0.26114  	0.182768 	-0.0199998	0.817775
973	43    	0.293584 	0.169498 	-0.0171428	0.817775
974	45    	0.329371 	0.18206  	-0.0171429	0.817775
975	46    	0.269319 	0.194138 	-0.02     	0.817819
976	45    	0.337961 	0.196312 	-0.0175   	0.831339
977	47    	0.352439 	0.185652 	0.0663497 	0.853217
978	43    	0.390608 	0.181624 	0.0967642 	0.853217
979	46    	0.399044 	0.226304 	0.0726049 	0.866172
980	46    	0.369474 	0.176641 	-0.0171429	0.842377
981	46    	0.352645 	0.163231 	-0.015    	0.842377
982	48    	0.312592 	0.160092 	0.0591796 	0.842377
983	47    	0.339585 	0.158774 	-0.015    	0.842377
984	49    	0.309449 	0.114673 	0.0992905 	0.64596 
985	46    	0.330558 	0.121151 	0.0678971 	0.64596 
986	43    	0.327027 	0.16948  	-0.0175   	0.64596 
987	45    	0.309697 	0.18913  	-0.0175   	0.730756
988	45    	0.312666 	0.166937 	-0.018    	0.713348
989	44    	0.255866 	0.185006 	-0.0177778	0.755407
990	44    	0.284687 	0.180716 	-0.0181818	0.845683
991	43    	0.274069 	0.200723 	-0.0171429	0.845683
992	48    	0.265042 	0.142238 	-0.02     	0.64596 
993	46    	0.290904 	0.158618 	-0.02     	0.677617
994	45    	0.31024  	0.129892 	-0.0166667	0.677617
995	43    	0.335197 	0.163461 	-0.0166666	0.749629
996	45    	0.294033 	0.178076 	-0.0166666	0.690247
997	44    	0.346136 	0.192166 	-0.0160001	0.730348
998	42    	0.334728 	0.198849 	-0.0177778	0.730348
999	49    	0.237476 	0.173915 	-0.0200001	0.644026
1000	48    	0.247726 	0.158462 	-0.0183333	0.63471 
Best individuals:
(0.9062418562976234,) 	-->	 /*9*/DDDFRLLFUUU
VMNeuronManager.autoload: Neuro classes added: Delay Light Nn PIDP PIDV SeeLight SeeLight2 S0 S1 Thr 
UserScripts.autoload: 19 user scripts added.
Simulator.load: Loading from 'eval-allcriteria.sim'
Loader.load: Comments read from file follow:
Loader.load:  Sample settings for evaluating many criteria of performance of a Framsticks creature.
Loader.load:  See the "evalcount" parameter if you want to speed the evaluation up or have a more stable result.
Loader.load:  Other important parameters are "Energy0" and "perfperiod".
Loader.load:  Put this file in the "data" subdirectory within the Framsticks distribution.
Simulator.load: Settings loaded from 'eval-allcriteria.sim'
Simulator.load: Loading from 'deterministic.sim'
Loader.load: Comments read from file follow:
Loader.load:  Parameter values that make the evaluation of a Framsticks creature deterministic.
Loader.load:  The values turn off random noise, so evaluation of the same genotype will always yield the same performance.
Loader.load:  The advantage is that you do not need to evaluate a genotype many times, and performance values are reliable.
Loader.load:  The disadvantage is that evolved creatures are "overfitting", i.e. rely entirely on the specific environment,
Loader.load:  and their behavior may be different in any other environment or (even slightly) changed conditions or parameter values,
Loader.load:  so each creature evolved using these settings must be later inspected using exactly the same setup.
Loader.load: 
Loader.load:  Before loading this file, load base settings, e.g. "eval-allcriteria.sim".
Loader.load:  Put this file in the "data" subdirectory within the Framsticks distribution.
Simulator.load: Settings loaded from 'deterministic.sim'
Simulator.load: Loading from 'sample-period-2.sim'
Loader.load: Comments read from file follow:
Loader.load:  Very low "performance sampling period" in the first population to sample performance very often during lifespan
Loader.load:  and avoid overlooking some behavior. Averaged performance of sampled values is returned as the final value.
Loader.load:  See http://www.framsticks.com/a/al_params.html#exper-perfcalc
Loader.load: 
Loader.load:  Before loading this file, load base settings, e.g. "eval-allcriteria.sim".
Loader.load:  Put this file in the "data" subdirectory within the Framsticks distribution.
Simulator.load: Loading from 'f9-mut-030.sim'
Simulator.load: Settings loaded from 'f9-mut-030.sim'
