Argument values: path=C:\Users\1625203\Downloads\Framsticks50rc22\Framsticks50rc22, lib=None, sim=eval-allcriteria.sim;deterministic.sim;sample-period-2.sim;f9-mut-030.sim, genformat=None, initialgenotype=/*9*/BLU, opt=vertpos, popsize=50, generations=1000, tournament=10, pmut=0.9, pxov=0.2, hof_size=1, hof_savefile=None, max_numparts=30, max_numjoints=None, max_numneurons=None, max_numconnections=None, max_numgenochars=50
Using Framsticks version: 5.0rc22
Home (writable) dir     : C:\Users\1625203\Downloads\Framsticks50rc22\Framsticks50rc22\data
Resources dir           : C:\Users\1625203\Downloads\Framsticks50rc22\Framsticks50rc22\data

Available objects: ['CheckpointEvent', 'Collision', 'CrCollision', 'Creature', 'CreatureSettings', 'CreatureSignals', 'CreatureSnapshot', 'Dictionary', 'ExpProperties', 'ExpState', 'ExtValue', 'File', 'FunctionReference', 'GenMan', 'GenManStats', 'GenePool', 'GenePools', 'Geno', 'Genotype', 'Interface', 'Joint', 'Loader', 'Math', 'MechJoint', 'MechPart', 'MessageCatcher', 'Model', 'ModelGeometry', 'ModelSymmetry', 'Neuro', 'NeuroClass', 'NeuroClassLibrary', 'NeuroDef', 'NeuroSignals', 'NeuronsSimEnabled', 'ODE', 'Orient', 'Part', 'Population', 'Populations', 'Ref', 'Signal', 'SignalView', 'SimilMeasure', 'SimilMeasureDistribution', 'SimilMeasureGreedy', 'SimilMeasureHungarian', 'Simulator', 'SlaveSimulators', 'StopEvent', 'String', 'UserScripts', 'Vector', 'WireframeAppearance', 'World', 'WorldMap', 'WorldSignals', 'XYZ', '__builtins__', '__cached__', '__doc__', '__file__', '__loader__', '__name__', '__package__', '__spec__', 'c_api', 'ctypes', 'home_dir', 'init', 'os', 're', 'res_dir', 'sim_params', 'stats', 'sys']

Performing a basic test 1/2... OK.
Performing a basic test 2/2... OK.
Using settings: ['eval-allcriteria.sim', 'deterministic.sim', 'sample-period-2.sim', 'f9-mut-030.sim']
gen	nevals	avg     	stddev	min     	max     
0  	50    	0.218369	0     	0.218369	0.218369
1  	46    	0.0826886	0.126864	-0.0160001	0.514537
2  	45    	0.101859 	0.118217	-0.02     	0.316959
3  	46    	0.153653 	0.173632	-0.02     	0.633999
4  	46    	0.175835 	0.17622 	-0.02     	0.583036
5  	45    	0.220808 	0.167656	-0.0177777	0.583036
6  	46    	0.220125 	0.178837	-0.018    	0.583036
7  	48    	0.213841 	0.151413	-0.017143 	0.537568
8  	43    	0.234818 	0.166137	-0.02     	0.559398
9  	43    	0.258629 	0.17481 	-0.0171429	0.654313
10 	41    	0.247707 	0.20053 	-0.0171429	0.706046
11 	49    	0.252346 	0.17594 	-0.0200001	0.706515
12 	46    	0.274567 	0.200945	-0.0166667	0.706596
13 	46    	0.281209 	0.212217	-0.02     	0.70665 
14 	47    	0.256149 	0.233876	-0.02     	0.70665 
15 	46    	0.256181 	0.224391	-0.02     	0.70665 
16 	43    	0.29673  	0.221261	-0.0166667	0.70665 
17 	45    	0.279855 	0.228045	-0.0171429	0.750722
18 	45    	0.286881 	0.224881	-0.02     	0.70665 
19 	45    	0.278553 	0.221078	-0.0171428	0.70665 
20 	47    	0.263232 	0.228077	-0.0171429	0.70665 
21 	46    	0.238506 	0.206322	-0.02     	0.70665 
22 	45    	0.268702 	0.207049	-0.0171429	0.70665 
23 	50    	0.193921 	0.163894	-0.02     	0.706285
24 	48    	0.189159 	0.156262	-0.0166667	0.615297
25 	49    	0.229391 	0.176637	-0.0171429	0.703179
26 	46    	0.270039 	0.198257	-0.0175   	0.706285
27 	44    	0.284467 	0.204644	-0.02     	0.706285
28 	46    	0.300211 	0.226361	-0.0171429	0.706285
29 	46    	0.271191 	0.182124	-0.0171429	0.706285
30 	49    	0.248469 	0.202939	-0.0175   	0.703179
31 	49    	0.253981 	0.183445	-0.0175001	0.706285
32 	49    	0.273825 	0.178116	-0.02     	0.690995
33 	47    	0.26012  	0.179066	-0.0175   	0.690995
34 	48    	0.259522 	0.178268	-0.0166666	0.698463
35 	47    	0.294714 	0.197754	-0.0175001	0.727896
36 	42    	0.294903 	0.210351	-0.02     	0.727896
37 	49    	0.289892 	0.197732	-0.0171429	0.736087
38 	48    	0.248504 	0.168214	-0.02     	0.614962
39 	48    	0.25958  	0.184622	-0.0175   	0.614633
40 	47    	0.28277  	0.183785	-0.0200001	0.785545
41 	47    	0.303926 	0.20882 	-0.0171428	0.813417
42 	46    	0.255255 	0.219429	-0.0171429	0.813417
43 	46    	0.280068 	0.209364	-0.0174999	0.813417
44 	47    	0.246273 	0.202507	-0.02     	0.813417
45 	43    	0.270502 	0.236208	-0.02     	0.813417
46 	47    	0.297914 	0.210146	-0.0175   	0.813417
47 	46    	0.287699 	0.197185	-0.0175   	0.72962 
48 	47    	0.228603 	0.184781	-0.0175   	0.72962 
49 	47    	0.223217 	0.182048	-0.02     	0.804169
50 	48    	0.281487 	0.196883	-0.02     	0.72962 
51 	49    	0.236911 	0.196771	-0.0175   	0.72995 
52 	48    	0.31743  	0.189798	-0.0175   	0.787787
53 	46    	0.240676 	0.17456 	-0.0200001	0.626453
54 	46    	0.3258   	0.169912	-0.0166573	0.717996
55 	48    	0.308473 	0.155268	-0.0166667	0.654898
56 	48    	0.282307 	0.15547 	-0.02     	0.65468 
57 	48    	0.280879 	0.145997	-0.0133333	0.574367
58 	46    	0.278237 	0.141669	-0.0150001	0.583701
59 	46    	0.265317 	0.159895	-0.0177779	0.583701
60 	48    	0.285057 	0.140316	-0.0199999	0.645805
61 	45    	0.337881 	0.15116 	0.0843912 	0.645805
62 	47    	0.235858 	0.173007	-0.0171429	0.645805
63 	45    	0.241264 	0.174569	-0.02     	0.583865
64 	45    	0.27833  	0.190149	-0.02     	0.701963
65 	45    	0.250958 	0.222043	-0.02     	0.811396
66 	44    	0.28662  	0.202532	-0.0175   	0.811396
67 	41    	0.350243 	0.225751	-0.0175   	0.811396
68 	46    	0.258901 	0.222194	-0.0166666	0.819458
69 	46    	0.277056 	0.220282	-0.0174896	0.819458
70 	46    	0.223277 	0.168045	-0.02     	0.819458
71 	49    	0.294134 	0.144135	-0.0133333	0.819458
72 	46    	0.277884 	0.156169	-0.0166667	0.819458
73 	46    	0.267076 	0.200624	-0.0177777	0.819458
74 	49    	0.286766 	0.137525	-0.0133334	0.694721
75 	48    	0.282605 	0.174441	-0.0166667	0.812977
76 	45    	0.295947 	0.192593	-0.0175   	0.812977
77 	49    	0.297361 	0.165417	-0.02     	0.739427
78 	43    	0.277132 	0.17793 	-0.02     	0.682626
79 	44    	0.329583 	0.163535	-0.0219999	0.682626
80 	47    	0.324202 	0.128068	0.116763  	0.682626
81 	48    	0.279752 	0.130342	-0.01     	0.750495
82 	50    	0.26302  	0.115424	0.0819885 	0.565208
83 	46    	0.258721 	0.123518	-0.02     	0.529593
84 	48    	0.26661  	0.0929803	0.0736732 	0.437548
85 	46    	0.29138  	0.0995495	-0.0177778	0.514386
86 	46    	0.287632 	0.101575 	-0.0175   	0.514386
87 	49    	0.264288 	0.111945 	-0.02     	0.530621
88 	48    	0.254354 	0.118285 	-0.0175   	0.530621
89 	50    	0.26662  	0.11271  	-0.02     	0.595924
90 	47    	0.280479 	0.105592 	0.0661728 	0.497077
91 	40    	0.297892 	0.132621 	-0.0171429	0.497077
92 	50    	0.259431 	0.0902457	-0.0177778	0.452554
93 	44    	0.281795 	0.123211 	-0.02     	0.718117
94 	45    	0.288701 	0.0919278	0.122775  	0.48244 
95 	45    	0.294206 	0.10571  	-0.0160001	0.461067
96 	47    	0.286408 	0.100058 	0.0752854 	0.461067
97 	47    	0.282402 	0.102074 	-0.0171429	0.456062
98 	45    	0.300566 	0.0966845	0.0753158 	0.462494
99 	46    	0.288456 	0.1051   	0.0650276 	0.514348
100	48    	0.313105 	0.103641 	0.132502  	0.692307
101	44    	0.310248 	0.131174 	-0.0181819	0.692307
102	43    	0.319833 	0.166186 	-0.02     	0.692307
103	46    	0.285478 	0.141837 	-0.0171428	0.663588
104	47    	0.299024 	0.13815  	-0.0150002	0.663588
105	45    	0.301441 	0.141272 	-0.01     	0.663588
106	47    	0.235983 	0.131495 	-0.0171428	0.608036
107	47    	0.276298 	0.114788 	-0.01     	0.608036
108	47    	0.284112 	0.109252 	-0.0159999	0.537345
109	45    	0.277751 	0.112934 	-0.0166667	0.537345
110	44    	0.300201 	0.113785 	-0.0133333	0.55692 
111	43    	0.302604 	0.131482 	-0.0133333	0.55692 
112	45    	0.264848 	0.166308 	-0.0166666	0.689785
113	46    	0.240823 	0.150587 	-0.0171429	0.560923
114	47    	0.292871 	0.117047 	0.0510675 	0.647546
115	47    	0.299992 	0.138671 	-0.0133334	0.637154
116	47    	0.310549 	0.0918492	0.10051   	0.51195 
117	47    	0.330818 	0.107416 	0.131891  	0.591164
118	48    	0.295906 	0.115774 	0.0926664 	0.579505
119	44    	0.311507 	0.156447 	-0.0166666	0.684448
120	46    	0.311385 	0.151781 	-0.0166665	0.647669
121	46    	0.321537 	0.125183 	-0.0149999	0.625519
122	47    	0.327135 	0.14055  	0.116538  	0.72995 
123	48    	0.247873 	0.159529 	-0.0175   	0.72995 
124	49    	0.246369 	0.145292 	-0.02     	0.616508
125	46    	0.311142 	0.150969 	-0.0150001	0.616937
126	45    	0.298585 	0.160079 	-0.0171429	0.616937
127	48    	0.271385 	0.162622 	-0.0175   	0.703177
128	43    	0.300151 	0.205883 	-0.02     	0.703177
129	45    	0.315266 	0.184499 	-0.016    	0.70379 
130	45    	0.336877 	0.215702 	-0.02     	0.706234
131	47    	0.269433 	0.2038   	-0.0175001	0.70665 
132	49    	0.24941  	0.167336 	-0.0166668	0.70665 
133	45    	0.253205 	0.179483 	-0.0177778	0.70665 
134	45    	0.276602 	0.179187 	-0.02     	0.70379 
135	46    	0.272627 	0.151194 	-0.0171428	0.614908
136	43    	0.269001 	0.169646 	-0.0175   	0.614908
137	42    	0.267454 	0.20783  	-0.02     	0.706285
138	46    	0.280983 	0.207089 	-0.0175001	0.706234
139	42    	0.260655 	0.171677 	-0.0177778	0.706234
140	46    	0.286517 	0.185299 	-0.0171429	0.70647 
141	47    	0.273425 	0.173503 	-0.0171428	0.703208
142	47    	0.273711 	0.156347 	-0.0171429	0.604485
143	47    	0.262651 	0.189483 	-0.02     	0.728645
144	45    	0.281281 	0.169457 	-0.0166667	0.728645
145	48    	0.270785 	0.207805 	-0.02     	0.729362
146	47    	0.288802 	0.186728 	-0.02     	0.729362
147	49    	0.271223 	0.173925 	-0.0181818	0.695092
148	48    	0.301832 	0.138969 	-0.0166667	0.72362 
149	46    	0.27159  	0.166031 	-0.0166667	0.72362 
150	49    	0.249706 	0.164635 	-0.02     	0.839648
151	48    	0.270578 	0.165592 	-0.016    	0.839648
152	49    	0.295676 	0.149465 	0.0663575 	0.703491
153	47    	0.348603 	0.172904 	-0.0199999	0.707235
154	46    	0.298979 	0.187741 	-0.018    	0.719913
155	47    	0.315295 	0.146884 	-0.0177778	0.719913
156	46    	0.318533 	0.162834 	-0.0171429	0.777452
157	44    	0.328275 	0.186966 	0.0662807 	0.872639
158	47    	0.290639 	0.147153 	0.0665403 	0.723538
159	47    	0.27137  	0.132315 	-0.0149999	0.619523
160	45    	0.305963 	0.153574 	-0.0171429	0.619523
161	46    	0.266605 	0.179838 	-0.02     	0.650558
162	46    	0.282955 	0.162347 	-0.0175   	0.650558
163	46    	0.293248 	0.199718 	-0.0175   	0.720058
164	46    	0.336614 	0.215383 	-0.02     	0.720058
165	47    	0.282199 	0.201788 	-0.02     	0.731273
166	47    	0.299926 	0.195408 	-0.02     	0.698452
167	46    	0.282888 	0.20164  	-0.0175   	0.706596
168	48    	0.260271 	0.180958 	-0.02     	0.698452
169	47    	0.250415 	0.190452 	-0.0175   	0.706515
170	44    	0.277776 	0.202508 	-0.0179999	0.706515
171	46    	0.257087 	0.210286 	-0.0175001	0.706596
172	46    	0.265085 	0.225483 	-0.02     	0.70328 
173	44    	0.266872 	0.211738 	-0.0200001	0.698663
174	45    	0.271393 	0.210309 	-0.02     	0.718206
175	47    	0.312559 	0.231025 	-0.0175001	0.79999 
176	47    	0.303187 	0.198191 	-0.0175001	0.79999 
177	45    	0.249533 	0.215321 	-0.02     	0.79999 
178	46    	0.280749 	0.207377 	-0.02     	0.79999 
179	46    	0.303718 	0.211038 	-0.02     	0.79999 
180	45    	0.26918  	0.209924 	-0.02     	0.79999 
181	47    	0.267765 	0.205572 	-0.0175   	0.690878
182	46    	0.262722 	0.194769 	-0.0175   	0.726095
183	48    	0.237101 	0.17407  	-0.02     	0.731344
184	46    	0.283977 	0.157457 	-0.018    	0.637141
185	47    	0.30233  	0.21337  	-0.02     	0.813954
186	47    	0.316002 	0.209419 	-0.02     	0.813954
187	44    	0.319374 	0.208253 	-0.0175   	0.813954
188	45    	0.317226 	0.214555 	-0.02     	0.813954
189	46    	0.246865 	0.218458 	-0.02     	0.813954
190	48    	0.286002 	0.21256  	-0.0225   	0.76894 
191	47    	0.309054 	0.217437 	-0.0177779	0.773415
192	46    	0.320005 	0.178237 	-0.0175   	0.769011
193	48    	0.273888 	0.157969 	-0.0150001	0.697239
194	47    	0.278589 	0.16805  	-0.02     	0.697239
195	45    	0.306942 	0.151215 	0.11188   	0.702709
196	42    	0.351092 	0.198057 	-0.0133332	0.781591
197	44    	0.299137 	0.204244 	-0.0166668	0.781591
198	45    	0.303195 	0.197719 	-0.02     	0.781591
199	48    	0.267147 	0.188703 	-0.0171428	0.781591
200	42    	0.332994 	0.205153 	-0.02     	0.781591
201	46    	0.334332 	0.178159 	0.0849867 	0.781591
202	46    	0.313208 	0.185406 	-0.0179999	0.735994
203	47    	0.307172 	0.193257 	-0.0175   	0.730941
204	49    	0.244932 	0.151556 	-0.02     	0.643168
205	45    	0.308957 	0.148721 	-0.0177778	0.643168
206	47    	0.245759 	0.166117 	-0.02     	0.643168
207	43    	0.284747 	0.175669 	-0.02     	0.643168
208	46    	0.357348 	0.175336 	-0.0133333	0.729193
209	41    	0.347562 	0.198871 	-0.0166667	0.729193
210	47    	0.301752 	0.16885  	-0.015    	0.729193
211	48    	0.295191 	0.222169 	-0.0166666	0.730348
212	44    	0.289859 	0.217711 	-0.0175   	0.730348
213	48    	0.284431 	0.224715 	-0.0175001	0.83112 
214	46    	0.263366 	0.22515  	-0.0175   	0.83112 
215	48    	0.276385 	0.20379  	-0.0200001	0.731536
216	48    	0.259934 	0.189853 	-0.0225   	0.702292
217	44    	0.289708 	0.200209 	-0.0171429	0.702292
218	47    	0.274788 	0.220212 	-0.0175001	0.702748
219	45    	0.307678 	0.239513 	-0.02     	0.831037
220	46    	0.279073 	0.207155 	-0.0177779	0.831037
221	49    	0.268878 	0.185523 	-0.0166667	0.831037
222	46    	0.25171  	0.176057 	-0.02     	0.614694
223	46    	0.283599 	0.198818 	-0.0175001	0.844195
224	49    	0.311484 	0.187395 	-0.0199999	0.844195
225	45    	0.244477 	0.21023  	-0.0225   	0.856881
226	48    	0.286246 	0.190753 	-0.0175   	0.844195
227	47    	0.316392 	0.225861 	-0.0166667	0.844195
228	46    	0.271526 	0.232203 	-0.0171428	0.844195
229	43    	0.271137 	0.225285 	-0.02     	0.844195
230	44    	0.233141 	0.237829 	-0.02     	0.844195
231	47    	0.20655  	0.202592 	-0.0171429	0.844195
232	46    	0.256335 	0.197821 	-0.0175   	0.844195
233	43    	0.24441  	0.162467 	-0.02     	0.706666
234	47    	0.244783 	0.154056 	-0.02     	0.706666
235	45    	0.26639  	0.167977 	-0.0171429	0.706637
236	47    	0.257372 	0.152272 	-0.0171429	0.583074
237	48    	0.261915 	0.179045 	-0.0175   	0.650493
238	48    	0.262557 	0.142877 	-0.02     	0.543346
239	45    	0.265544 	0.164971 	-0.0200001	0.599356
240	43    	0.2881   	0.192099 	-0.02     	0.819969
241	46    	0.271463 	0.184417 	-0.02     	0.812977
242	45    	0.278454 	0.183013 	-0.02     	0.812977
243	47    	0.250437 	0.192025 	-0.0166667	0.812977
244	47    	0.215276 	0.210051 	-0.018    	0.812977
245	48    	0.26446  	0.213047 	-0.0166667	0.812977
246	46    	0.218964 	0.20102  	-0.0166667	0.812977
247	49    	0.221587 	0.212001 	-0.02     	0.812977
248	45    	0.271565 	0.254289 	-0.0171429	0.812825
249	43    	0.261788 	0.274811 	-0.02     	0.812977
250	46    	0.192796 	0.222547 	-0.0171429	0.812977
251	43    	0.253379 	0.248329 	-0.0171428	0.812977
252	45    	0.248141 	0.2306   	-0.0175001	0.812977
253	47    	0.244504 	0.207065 	-0.02     	0.812977
254	46    	0.205499 	0.210105 	-0.0175   	0.812308
255	49    	0.25118  	0.231809 	-0.0175   	0.812825
256	47    	0.234023 	0.201477 	-0.0171429	0.812825
257	47    	0.250596 	0.21445  	-0.0166667	0.812977
258	47    	0.164747 	0.191068 	-0.0200001	0.812977
259	45    	0.226082 	0.225674 	-0.02     	0.812977
260	43    	0.243105 	0.264348 	-0.0166667	0.813708
261	48    	0.192608 	0.21119  	-0.0166667	0.813708
262	43    	0.216886 	0.197484 	-0.0166667	0.812977
263	47    	0.194259 	0.169148 	-0.0166667	0.51442 
264	44    	0.161001 	0.19536  	-0.02     	0.655841
265	43    	0.190863 	0.179213 	-0.0166664	0.51442 
266	46    	0.161247 	0.182414 	-0.0171429	0.51442 
267	47    	0.153713 	0.160799 	-0.0166667	0.54035 
268	45    	0.211399 	0.17764  	-0.0166667	0.812825
269	42    	0.273993 	0.211228 	-0.0166668	0.812825
270	46    	0.264729 	0.250383 	-0.02     	0.812825
271	46    	0.221785 	0.247716 	-0.02     	0.812825
272	50    	0.215441 	0.192515 	-0.0171428	0.644678
273	49    	0.219188 	0.196268 	-0.0171428	0.646271
274	49    	0.252856 	0.171589 	-0.0177778	0.647939
275	47    	0.213882 	0.139805 	-0.0180001	0.64498 
276	43    	0.264156 	0.162544 	-0.0199999	0.64498 
277	49    	0.245589 	0.13317  	-0.02     	0.581437
278	45    	0.244633 	0.143153 	-0.0177778	0.581437
279	46    	0.223649 	0.166803 	-0.02     	0.581437
280	46    	0.24501  	0.122923 	-0.0177777	0.581437
281	48    	0.27399  	0.141379 	-0.0175   	0.600547
282	47    	0.255267 	0.158689 	-0.0177779	0.729984
283	46    	0.247431 	0.156775 	-0.0233333	0.600547
284	47    	0.275219 	0.161104 	-0.0177778	0.600547
285	46    	0.252535 	0.144586 	-0.02     	0.600547
286	48    	0.271832 	0.127804 	-0.0159999	0.59007 
287	47    	0.283953 	0.129555 	-0.0166666	0.609128
288	46    	0.258642 	0.139249 	-0.02     	0.650227
289	46    	0.236456 	0.130006 	-0.0171428	0.499036
290	46    	0.275064 	0.125248 	-0.0133334	0.63277 
291	44    	0.334762 	0.125676 	-0.0181818	0.616616
292	46    	0.270405 	0.229642 	-1        	0.612489
293	45    	0.301326 	0.139394 	-0.0200001	0.612489
294	46    	0.313097 	0.132919 	-0.0177778	0.683198
295	46    	0.296497 	0.152811 	-0.015    	0.683198
296	48    	0.272925 	0.237222 	-1        	0.677686
297	45    	0.280729 	0.158271 	-0.0177778	0.677686
298	44    	0.294332 	0.231724 	-1        	0.677686
299	44    	0.322703 	0.195332 	-0.0181818	0.721656
300	47    	0.289326 	0.17822  	-0.0181818	0.721656
301	46    	0.306968 	0.163613 	-0.02     	0.721656
302	44    	0.279769 	0.164667 	-0.0180001	0.721656
303	47    	0.291508 	0.165519 	-0.0177778	0.721656
304	46    	0.292219 	0.174966 	-0.02     	0.731304
305	48    	0.277909 	0.179538 	-0.0177777	0.731304
306	45    	0.304554 	0.178681 	-0.0166667	0.731304
307	45    	0.268528 	0.177591 	-0.0200001	0.729998
308	42    	0.330528 	0.209548 	-0.02     	0.729998
309	42    	0.312882 	0.223766 	-0.0177778	0.729998
310	50    	0.232993 	0.189098 	-0.02     	0.706168
311	44    	0.319985 	0.224672 	-0.0175   	0.730832
312	47    	0.22101  	0.178016 	-0.0175   	0.730832
313	49    	0.271349 	0.202033 	-0.02     	0.706596
314	45    	0.235309 	0.182195 	-0.0175   	0.705921
315	49    	0.214    	0.17179  	-0.02     	0.613194
316	48    	0.2302   	0.175524 	-0.0166667	0.613839
317	47    	0.2183   	0.198221 	-0.0199999	0.731304
318	44    	0.274476 	0.21638  	-0.0175   	0.731304
319	44    	0.313033 	0.218448 	-0.02     	0.731304
320	42    	0.284925 	0.18656  	-0.0171428	0.614139
321	50    	0.251921 	0.167862 	-0.02     	0.725943
322	46    	0.251133 	0.186932 	-0.0228571	0.729565
323	48    	0.286486 	0.177188 	-0.0171428	0.729878
324	47    	0.271317 	0.156046 	-0.0171416	0.729878
325	45    	0.256173 	0.174794 	-0.0175   	0.728295
326	46    	0.273848 	0.161905 	-0.02     	0.628797
327	47    	0.274353 	0.158537 	-0.0199999	0.628797
328	48    	0.283893 	0.178138 	-0.0175   	0.612776
329	49    	0.281973 	0.176246 	-0.02     	0.649405
330	46    	0.295434 	0.172077 	-0.02     	0.695977
331	48    	0.24776  	0.18872  	-0.02     	0.70356 
332	47    	0.251051 	0.187906 	-0.0174999	0.706419
333	46    	0.329177 	0.183425 	-0.0166667	0.706419
334	45    	0.235796 	0.190584 	-0.0175   	0.706419
335	44    	0.24325  	0.218487 	-0.02     	0.706419
336	45    	0.274673 	0.204951 	-0.0171429	0.706431
337	46    	0.229903 	0.209238 	-0.0177778	0.706431
338	46    	0.266646 	0.198456 	-0.02     	0.706431
339	45    	0.198375 	0.197398 	-0.02     	0.706419
340	45    	0.236701 	0.218651 	-0.02     	0.706419
341	49    	0.241337 	0.208394 	-0.0171428	0.706515
342	44    	0.219561 	0.230861 	-0.0171429	0.706515
343	42    	0.308563 	0.260363 	-0.02     	0.706515
344	46    	0.242429 	0.250345 	-0.02     	0.706596
345	45    	0.244349 	0.205407 	-0.0171429	0.706596
346	48    	0.224818 	0.219003 	-0.02     	0.706596
347	44    	0.263716 	0.227778 	-0.0171428	0.706596
348	44    	0.312878 	0.239555 	-0.0171428	0.706596
349	45    	0.28511  	0.219379 	-0.0171427	0.706596
350	46    	0.205776 	0.193541 	-0.0171429	0.7028  
351	44    	0.278895 	0.190426 	-0.02     	0.7028  
352	44    	0.197941 	0.179844 	-0.02     	0.7028  
353	48    	0.189287 	0.165014 	-0.0166667	0.7028  
354	40    	0.251984 	0.157055 	-0.02     	0.613381
355	46    	0.295604 	0.184984 	-0.0166666	0.690995
356	47    	0.289048 	0.183951 	-0.018    	0.703753
357	44    	0.304575 	0.204665 	-0.0175   	0.706596
358	45    	0.294725 	0.203858 	-0.0175   	0.706596
359	47    	0.238585 	0.203738 	-0.0171427	0.706596
360	42    	0.322578 	0.217367 	-0.0171429	0.706596
361	48    	0.273094 	0.211225 	-0.02     	0.706596
362	48    	0.242236 	0.184837 	-0.02     	0.7028  
363	43    	0.283259 	0.187971 	-0.0171389	0.7028  
364	49    	0.203102 	0.187611 	-0.0166668	0.7028  
365	50    	0.205489 	0.189403 	-0.02     	0.706596
366	46    	0.182381 	0.151927 	-0.0171429	0.583187
367	46    	0.228789 	0.171695 	-0.02     	0.583187
368	45    	0.196307 	0.186195 	-0.02     	0.583187
369	46    	0.228619 	0.166126 	-0.0166667	0.595055
370	44    	0.230594 	0.193413 	-0.018    	0.583187
371	49    	0.229837 	0.197073 	-0.0175   	0.730613
372	47    	0.204559 	0.196587 	-0.0171429	0.812977
373	47    	0.231528 	0.221227 	-0.0171428	0.812977
374	47    	0.258094 	0.191314 	-0.0166667	0.649698
375	41    	0.257598 	0.186604 	-0.0177778	0.649698
376	43    	0.294078 	0.180508 	-0.02     	0.757968
377	45    	0.295092 	0.188669 	-0.0175   	0.649698
378	49    	0.306532 	0.201482 	-0.0175   	0.736092
379	47    	0.266489 	0.18052  	-0.0171429	0.731273
380	48    	0.289508 	0.185416 	-0.02     	0.835049
381	44    	0.304741 	0.203319 	-0.0177778	0.835049
382	47    	0.309788 	0.209364 	-0.02     	0.835619
383	47    	0.296765 	0.191362 	-0.0175   	0.835619
384	47    	0.272059 	0.179243 	-0.02     	0.751414
385	43    	0.339366 	0.196543 	-0.02     	0.701679
386	46    	0.28735  	0.184128 	-0.0166667	0.730197
387	45    	0.257728 	0.230228 	-0.02     	0.730197
388	48    	0.261757 	0.189084 	-0.02     	0.835619
389	44    	0.247261 	0.224705 	-0.0175   	0.835619
390	48    	0.306993 	0.18661  	-0.0199999	0.809209
391	45    	0.323577 	0.203173 	-0.02     	0.809209
392	49    	0.24021  	0.184138 	-0.02     	0.809209
393	47    	0.274084 	0.171481 	-0.015    	0.813756
394	46    	0.26961  	0.204691 	-0.02     	0.813756
395	47    	0.232018 	0.203984 	-0.0177778	0.811396
396	45    	0.273253 	0.191065 	-0.0171429	0.811396
397	44    	0.281188 	0.209418 	-0.02     	0.811396
398	46    	0.256711 	0.193061 	-0.02     	0.732566
399	45    	0.275434 	0.202169 	-0.02     	0.732566
400	47    	0.262844 	0.181279 	-0.0175   	0.732566
401	46    	0.293637 	0.196245 	-0.0177778	0.75759 
402	44    	0.3109   	0.213934 	-0.0177777	0.75759 
403	48    	0.255049 	0.168903 	-0.0175   	0.650025
404	48    	0.274932 	0.144552 	-0.016    	0.638987
405	46    	0.282168 	0.147547 	-0.0177778	0.63569 
406	46    	0.301944 	0.163486 	-0.0166667	0.63569 
407	44    	0.30557  	0.176614 	-0.016    	0.655866
408	46    	0.27961  	0.174797 	-0.0166666	0.655866
409	46    	0.328751 	0.195778 	-0.0175   	0.698611
410	47    	0.304984 	0.184881 	-0.0160003	0.725826
411	48    	0.246729 	0.182895 	-0.0175   	0.634092
412	47    	0.310132 	0.162371 	-0.0160001	0.634997
413	46    	0.258006 	0.172109 	-0.0177778	0.634997
414	48    	0.288889 	0.155798 	-0.0199999	0.605632
415	49    	0.265766 	0.171656 	-0.02     	0.810518
416	45    	0.292959 	0.150937 	-0.0175002	0.810518
417	45    	0.30047  	0.166878 	-0.0177778	0.810518
418	44    	0.304614 	0.171822 	-0.0177778	0.810518
419	48    	0.246724 	0.12853  	-0.0171428	0.605923
420	46    	0.283086 	0.141777 	-0.02     	0.630184
421	43    	0.331147 	0.13939  	0.0644958 	0.630184
422	42    	0.341257 	0.14123  	0.0852742 	0.630184
423	47    	0.309372 	0.146192 	-0.0171429	0.630184
424	46    	0.318238 	0.126703 	-0.0175   	0.630184
425	47    	0.314779 	0.138137 	-0.0185714	0.66735 
426	48    	0.283622 	0.137363 	-0.0166667	0.691186
427	47    	0.264408 	0.132315 	-0.02     	0.691186
428	47    	0.312349 	0.135925 	-0.01     	0.691186
429	48    	0.280584 	0.111261 	-0.015    	0.583825
430	48    	0.289998 	0.111401 	-0.0166667	0.608965
431	46    	0.309148 	0.100866 	-0.016    	0.608965
432	46    	0.306136 	0.129986 	0.0801648 	0.608965
433	49    	0.280637 	0.152882 	-0.0171429	0.724032
434	45    	0.279796 	0.129765 	0.0824466 	0.721245
435	43    	0.326166 	0.14601  	-0.0133333	0.6833  
436	47    	0.335323 	0.144304 	-0.0149999	0.725387
437	44    	0.340484 	0.159475 	-0.01     	0.725387
438	46    	0.327386 	0.14673  	-0.01     	0.725387
439	49    	0.292975 	0.139064 	-0.0133334	0.702245
440	45    	0.325733 	0.107925 	0.131767  	0.593964
441	43    	0.326284 	0.136809 	-0.0166667	0.693493
442	46    	0.33554  	0.121377 	0.0866036 	0.652442
443	47    	0.305472 	0.122835 	-0.016    	0.585801
444	47    	0.320946 	0.132612 	0.072185  	0.655073
445	47    	0.304532 	0.117349 	0.0988988 	0.677899
446	47    	0.281838 	0.116296 	-0.02     	0.551311
447	46    	0.290249 	0.209605 	-1        	0.514611
448	47    	0.198445 	0.330979 	-1        	0.514611
449	45    	0.142302 	0.405889 	-1        	0.514611
450	43    	0.168593 	0.418977 	-1        	0.813708
451	41    	0.32396  	0.22497  	-0.0171427	0.813756
452	46    	0.2093   	0.347159 	-1        	0.813756
453	47    	0.186729 	0.291241 	-1        	0.813756
454	46    	0.233477 	0.244844 	-0.0166667	0.813756
455	47    	0.24879  	0.226488 	-0.0166667	0.813756
456	46    	0.208944 	0.199056 	-0.0171429	0.813756
457	48    	0.192811 	0.209683 	-0.0171429	0.813708
458	43    	0.266003 	0.251317 	-0.0166667	0.813708
459	49    	0.196499 	0.235854 	-0.02     	0.813708
460	50    	0.166588 	0.180351 	-0.0199999	0.514579
461	46    	0.198021 	0.182394 	-0.02     	0.812308
462	49    	0.165233 	0.171209 	-0.02     	0.581188
463	47    	0.237103 	0.174108 	-0.0171429	0.600241
464	49    	0.219535 	0.171217 	-0.02     	0.596795
465	47    	0.285707 	0.164275 	-0.016    	0.596795
466	47    	0.23546  	0.195049 	-0.018    	0.717558
467	43    	0.276236 	0.226005 	-0.02     	0.717558
468	45    	0.250852 	0.208275 	-0.02     	0.717558
469	47    	0.319476 	0.209425 	-0.02     	0.842908
470	46    	0.232556 	0.215534 	-0.02     	0.831755
471	47    	0.250039 	0.198595 	-0.0177777	0.827505
472	46    	0.28764  	0.206054 	-0.0175   	0.827505
473	49    	0.252468 	0.18612  	-0.02     	0.831605
474	47    	0.215623 	0.165753 	-0.0175   	0.831605
475	47    	0.271471 	0.168614 	-0.02     	0.820835
476	46    	0.236944 	0.165898 	-0.02     	0.725925
477	46    	0.264368 	0.16632  	-0.02     	0.725925
478	46    	0.251369 	0.139362 	-0.02     	0.725925
479	45    	0.289808 	0.144807 	-0.0150001	0.637263
480	46    	0.249493 	0.146858 	-0.0175   	0.637263
481	47    	0.18078  	0.148216 	-0.02     	0.514444
482	46    	0.226383 	0.120585 	-0.0166667	0.487511
483	46    	0.270236 	0.123477 	-0.0166667	0.650102
484	44    	0.293003 	0.122239 	-0.0171428	0.650102
485	45    	0.295014 	0.140497 	-0.016    	0.650102
486	49    	0.254171 	0.146683 	-0.016    	0.625457
487	46    	0.275682 	0.130512 	-0.015    	0.625457
488	50    	0.255517 	0.0969753	-0.0166666	0.485836
489	44    	0.285643 	0.115928 	-0.0133333	0.534859
490	47    	0.300123 	0.126501 	0.066419  	0.656353
491	48    	0.25776  	0.138056 	-0.018    	0.705972
492	47    	0.295386 	0.14379  	-0.0149999	0.706211
493	46    	0.29459  	0.190622 	-0.0200001	0.70665 
494	49    	0.277734 	0.195638 	-0.0175   	0.7533  
495	49    	0.255026 	0.144013 	-0.0174999	0.7533  
496	47    	0.31109  	0.146649 	0.0751227 	0.649782
497	49    	0.2758   	0.176139 	-0.0177779	0.616811
498	47    	0.278253 	0.185602 	-0.02     	0.706515
499	42    	0.289113 	0.207298 	-0.0171428	0.706515
500	50    	0.261019 	0.194683 	-0.02     	0.693521
501	47    	0.260264 	0.18175  	-0.0171429	0.70633 
502	47    	0.252971 	0.246296 	-0.0175   	0.961949
503	45    	0.322654 	0.192681 	-0.0171429	0.752015
504	49    	0.283111 	0.21145  	-0.0175   	0.824563
505	42    	0.321436 	0.202584 	-0.0166667	0.737156
506	46    	0.288268 	0.163547 	-0.02     	0.737156
507	47    	0.298348 	0.168209 	-0.0166667	0.737156
508	47    	0.317539 	0.156763 	-0.0166667	0.737156
509	44    	0.311173 	0.162577 	-0.0171429	0.737156
510	48    	0.295481 	0.148971 	0.0718285 	0.759601
511	44    	0.322271 	0.178439 	-0.016    	0.759601
512	47    	0.290791 	0.170965 	-0.0177778	0.759601
513	47    	0.280535 	0.145861 	-0.0177778	0.705022
514	45    	0.285721 	0.189247 	-0.0175001	0.705022
515	47    	0.275368 	0.178493 	-0.0177779	0.697262
516	49    	0.276035 	0.18019  	-0.0175   	0.72845 
517	46    	0.298397 	0.199906 	-0.02     	0.735988
518	44    	0.295894 	0.205743 	-0.02     	0.75156 
519	46    	0.306013 	0.231836 	-0.02     	0.75156 
520	49    	0.292133 	0.198717 	-0.0171429	0.825816
521	48    	0.28314  	0.167311 	-0.02     	0.708608
522	49    	0.265332 	0.177487 	-0.015    	0.730095
523	44    	0.317998 	0.186125 	-0.0166667	0.730095
524	47    	0.220765 	0.262003 	-1        	0.730095
525	46    	0.332918 	0.172259 	-0.016    	0.73237 
526	44    	0.288662 	0.222474 	-0.0175   	0.73237 
527	48    	0.261907 	0.197721 	-0.0175   	0.73237 
528	48    	0.245344 	0.19551  	-0.02     	0.73237 
529	49    	0.245058 	0.153574 	-0.0171429	0.73237 
530	46    	0.299974 	0.187186 	-0.0200001	0.73237 
531	47    	0.258833 	0.208654 	-0.0175   	0.702711
532	46    	0.204378 	0.170671 	-0.02     	0.702995
533	48    	0.233635 	0.182612 	-0.0171429	0.705169
534	48    	0.185579 	0.159489 	-0.02     	0.615846
535	42    	0.26709  	0.192125 	-0.0171429	0.812825
536	44    	0.241555 	0.208509 	-0.02     	0.812825
537	43    	0.271332 	0.215841 	-0.0166666	0.812825
538	42    	0.297697 	0.235035 	-0.0175   	0.812825
539	49    	0.236042 	0.203669 	-0.0160001	0.812977
540	45    	0.204827 	0.2707   	-0.0200001	0.812977
541	46    	0.250269 	0.275438 	-0.0171429	0.813708
542	45    	0.24333  	0.232169 	-0.0171429	0.813708
543	49    	0.20637  	0.203206 	-0.0166667	0.812977
544	45    	0.231956 	0.231613 	-0.02     	0.812977
545	49    	0.171245 	0.205322 	-0.0171429	0.812977
546	46    	0.189093 	0.224674 	-0.0171429	0.812977
547	43    	0.195941 	0.198324 	-0.02     	0.812977
548	48    	0.198565 	0.209071 	-0.02     	0.812977
549	47    	0.22392  	0.156638 	-0.02     	0.812977
550	43    	0.262143 	0.198295 	-0.0175   	0.812977
551	46    	0.200624 	0.230066 	-0.0171429	0.812977
552	46    	0.250669 	0.21429  	-0.02     	0.812083
553	47    	0.250593 	0.209842 	-0.02     	0.811396
554	48    	0.268105 	0.198297 	-0.0175   	0.705197
555	46    	0.216001 	0.169675 	-0.0175   	0.702732
556	45    	0.295796 	0.194728 	-0.0171429	0.702732
557	45    	0.229877 	0.185494 	-0.02     	0.706014
558	47    	0.251017 	0.156644 	-0.0175   	0.703725
559	48    	0.260332 	0.170621 	-0.02     	0.812825
560	48    	0.195851 	0.189836 	-0.02     	0.812825
561	44    	0.242033 	0.184869 	-0.02     	0.812825
562	46    	0.298979 	0.209729 	-0.0175   	0.812825
563	47    	0.270011 	0.207915 	-0.02     	0.812825
564	46    	0.287798 	0.217007 	-0.02     	0.813756
565	47    	0.246453 	0.222572 	-0.0166667	0.813756
566	48    	0.224687 	0.197905 	-0.0171429	0.813756
567	47    	0.281673 	0.217586 	-0.02     	0.813756
568	47    	0.248008 	0.192695 	-0.02     	0.813756
569	47    	0.235292 	0.181937 	-0.02     	0.813756
570	46    	0.261939 	0.174549 	-0.0199999	0.812083
571	48    	0.21205  	0.172569 	-0.0166667	0.615748
572	46    	0.292356 	0.167074 	-0.016    	0.693808
573	46    	0.249306 	0.17164  	-0.0166667	0.693808
574	45    	0.244351 	0.200811 	-0.0166667	0.697396
575	45    	0.20272  	0.219641 	-0.0175   	0.697396
576	48    	0.227217 	0.191114 	-0.0171429	0.704835
577	45    	0.237801 	0.203756 	-0.0175   	0.812825
578	46    	0.219941 	0.219454 	-0.0171428	0.812825
579	45    	0.305379 	0.20822  	-0.0166667	0.706014
580	44    	0.286244 	0.216042 	-0.0171429	0.706014
581	47    	0.24648  	0.201004 	-0.0171429	0.706012
582	44    	0.232833 	0.215122 	-0.02     	0.811247
583	47    	0.316159 	0.239453 	-0.0171428	0.813708
584	46    	0.279379 	0.25963  	-0.0171429	0.813708
585	47    	0.301122 	0.2517   	-0.02     	0.819458
586	42    	0.324458 	0.269362 	-0.0175   	0.819458
587	48    	0.227718 	0.211243 	-0.0166667	0.819458
588	43    	0.297773 	0.228266 	-0.0171428	0.819458
589	46    	0.308374 	0.257228 	-0.0171429	0.819458
590	45    	0.294224 	0.267998 	-0.0166667	0.819458
591	48    	0.304465 	0.200575 	-0.0171429	0.819458
592	47    	0.286553 	0.228072 	-0.0166667	0.819458
593	45    	0.292789 	0.24197  	-0.0171429	0.819458
594	45    	0.30307  	0.229413 	-0.0171429	0.819458
595	46    	0.294375 	0.204128 	-0.0175001	0.819458
596	44    	0.303792 	0.253    	-0.0171429	0.819458
597	44    	0.247637 	0.267008 	-0.0175   	0.819458
598	46    	0.284592 	0.235209 	-0.0171428	0.819458
599	48    	0.207651 	0.18828  	-0.0171427	0.703725
600	46    	0.297997 	0.18579  	-0.0166667	0.819458
601	47    	0.293584 	0.225566 	-0.02     	0.75159 
602	45    	0.267633 	0.228504 	-0.02     	0.812825
603	50    	0.268561 	0.21649  	-0.02     	0.812083
604	45    	0.274584 	0.217131 	-0.0177778	0.812083
605	47    	0.1994   	0.164544 	-0.02     	0.705225
606	45    	0.261964 	0.19233  	-0.02     	0.705225
607	46    	0.256654 	0.187865 	-0.0175   	0.702675
608	50    	0.283749 	0.182976 	-0.0175   	0.812083
609	44    	0.27476  	0.177635 	-0.016    	0.716564
610	46    	0.290719 	0.172294 	-0.0174999	0.725802
611	47    	0.266131 	0.186726 	-0.02     	0.716564
612	43    	0.317082 	0.191547 	-0.0199998	0.716564
613	48    	0.257154 	0.172711 	-0.0200001	0.703401
614	48    	0.223433 	0.149583 	-0.02     	0.639275
615	45    	0.253013 	0.154235 	-0.0177777	0.705337
616	46    	0.295113 	0.191075 	-0.02     	0.705352
617	46    	0.261375 	0.205123 	-0.0171429	0.73237 
618	45    	0.273635 	0.21315  	-0.0171429	0.73237 
619	50    	0.282811 	0.215812 	-0.0171429	0.730095
620	48    	0.289461 	0.234735 	-0.02     	0.812825
621	47    	0.241019 	0.226118 	-0.02     	0.812977
622	46    	0.26923  	0.24001  	-0.02     	0.813417
623	45    	0.298271 	0.279813 	-0.0200001	0.812977
624	44    	0.232108 	0.243802 	-0.0171429	0.812977
625	47    	0.243625 	0.199014 	-0.0171429	0.812977
626	45    	0.238722 	0.232808 	-0.0171429	0.812977
627	47    	0.216921 	0.230704 	-0.02     	0.813708
628	48    	0.219065 	0.178355 	-0.02     	0.813756
629	44    	0.243123 	0.204672 	-0.0175   	0.812977
630	45    	0.2474   	0.218688 	-0.02     	0.732661
631	46    	0.229476 	0.209574 	-0.0175   	0.702229
632	43    	0.318775 	0.210256 	-0.0175   	0.702229
633	47    	0.259273 	0.164403 	-0.0159999	0.702229
634	44    	0.270044 	0.208521 	-0.0175001	0.705197
635	47    	0.314092 	0.189879 	-0.0166667	0.812308
636	48    	0.276022 	0.204757 	-0.02     	0.812308
637	46    	0.275221 	0.211735 	-0.0171429	0.705837
638	47    	0.271601 	0.214643 	-0.02     	0.804601
639	50    	0.231455 	0.187957 	-0.02     	0.705837
640	46    	0.281618 	0.194559 	-0.0171429	0.804635
641	43    	0.336147 	0.211298 	-0.02     	0.804635
642	47    	0.272201 	0.163585 	-0.0171428	0.804635
643	44    	0.352264 	0.186541 	-0.0166667	0.804635
644	47    	0.27511  	0.221259 	-0.0175   	0.804635
645	46    	0.289374 	0.18574  	-0.0171429	0.695722
646	46    	0.290581 	0.171473 	-0.0177778	0.694721
647	47    	0.328494 	0.170821 	-0.02     	0.705857
648	48    	0.26292  	0.170385 	-0.0175   	0.695971
649	49    	0.28179  	0.150409 	-0.0174999	0.70503 
650	46    	0.281335 	0.168776 	-0.02     	0.701744
651	46    	0.309425 	0.179775 	-0.02     	0.756505
652	47    	0.247503 	0.190089 	-0.02     	0.694721
653	46    	0.308622 	0.17857  	-0.0166667	0.812825
654	47    	0.217255 	0.176735 	-0.0175   	0.533487
655	46    	0.25137  	0.192555 	-0.0200001	0.813708
656	46    	0.318606 	0.184688 	-0.0166667	0.813756
657	43    	0.338333 	0.218489 	-0.02     	0.813756
658	43    	0.322956 	0.233074 	-0.0166666	0.813756
659	46    	0.287442 	0.245756 	-0.02     	0.813756
660	46    	0.303897 	0.254874 	-0.0171429	0.813756
661	48    	0.199252 	0.195181 	-0.0171428	0.811396
662	47    	0.227049 	0.224432 	-0.0177778	0.811396
663	45    	0.265678 	0.239661 	-0.02     	0.813708
664	48    	0.215869 	0.176144 	-0.0171429	0.695392
665	45    	0.229756 	0.215902 	-0.0171429	0.811396
666	41    	0.252297 	0.229726 	-0.02     	0.811396
667	48    	0.249901 	0.236886 	-0.017143 	0.811396
668	47    	0.238335 	0.244501 	-0.02     	0.813708
669	45    	0.22273  	0.229919 	-0.0200001	0.813708
670	46    	0.217093 	0.214716 	-0.0171429	0.706014
671	49    	0.203889 	0.207389 	-0.0199999	0.811396
672	44    	0.221612 	0.205051 	-0.0171429	0.811396
673	50    	0.210534 	0.167357 	-0.02     	0.582948
674	46    	0.228626 	0.166335 	-0.0171429	0.693461
675	43    	0.256821 	0.171922 	-0.0171429	0.592154
676	45    	0.22182  	0.182443 	-0.02     	0.592154
677	44    	0.256727 	0.194767 	-0.02     	0.704074
678	42    	0.299299 	0.243734 	-0.0171429	0.813708
679	49    	0.231641 	0.206553 	-0.0200001	0.705828
680	49    	0.195149 	0.171875 	-0.0171428	0.694751
681	46    	0.235077 	0.185858 	-0.0171429	0.702995
682	46    	0.230337 	0.177131 	-0.02     	0.702995
683	46    	0.235655 	0.226187 	-0.02     	0.702995
684	47    	0.273197 	0.226958 	-0.018    	0.811247
685	47    	0.241461 	0.200725 	-0.018    	0.811247
686	42    	0.315841 	0.237851 	-0.017143 	0.811247
687	41    	0.315431 	0.236469 	-0.0175   	0.811247
688	49    	0.276561 	0.188195 	-0.0133332	0.812977
689	45    	0.270493 	0.206614 	-0.0199999	0.812977
690	48    	0.284137 	0.184407 	-0.02     	0.812977
691	47    	0.269657 	0.175213 	-0.02     	0.812977
692	49    	0.271893 	0.181028 	-0.0175   	0.812977
693	45    	0.296236 	0.204981 	-0.02     	0.812977
694	48    	0.259165 	0.217471 	-0.02     	0.812977
695	47    	0.243785 	0.201755 	-0.02     	0.705984
696	45    	0.275589 	0.19114  	-0.0177777	0.705984
697	46    	0.274923 	0.20778  	-0.02     	0.706372
698	44    	0.298167 	0.209186 	-0.0166667	0.72787 
699	46    	0.277274 	0.179507 	-0.0177778	0.72787 
700	46    	0.252595 	0.171934 	-0.0166668	0.705197
701	46    	0.324449 	0.204096 	-0.0171429	0.705837
702	45    	0.348445 	0.232615 	-0.0175   	0.804601
703	47    	0.320339 	0.207083 	-0.0171429	0.705197
704	44    	0.337407 	0.224189 	-0.0175   	0.706365
705	47    	0.325966 	0.221886 	-0.0171429	0.812977
706	46    	0.261429 	0.220841 	-0.02     	0.812977
707	43    	0.279897 	0.225429 	-0.02     	0.812977
708	48    	0.238453 	0.136649 	-0.0171428	0.615998
709	46    	0.24608  	0.184228 	-0.016    	0.705726
710	47    	0.235244 	0.177022 	-0.02     	0.705726
711	47    	0.282463 	0.19481  	-0.0175   	0.705726
712	44    	0.287377 	0.204526 	-0.0175   	0.705828
713	44    	0.358494 	0.202208 	-0.02     	0.705828
714	46    	0.287431 	0.210157 	-0.02     	0.705828
715	49    	0.230203 	0.173343 	-0.02     	0.724258
716	46    	0.249831 	0.177135 	-0.0175   	0.724258
717	46    	0.288711 	0.186692 	-0.0175   	0.705072
718	44    	0.265484 	0.228041 	-0.018    	0.819334
719	46    	0.322085 	0.20524  	-0.02     	0.819334
720	49    	0.235309 	0.17755  	-0.0177778	0.705072
721	48    	0.245476 	0.141871 	-0.0171429	0.616124
722	48    	0.249015 	0.176153 	-0.02     	0.72722 
723	47    	0.259687 	0.144113 	-0.0171429	0.721967
724	43    	0.272208 	0.163987 	-0.0177777	0.645606
725	46    	0.257505 	0.172908 	-0.02     	0.695417
726	40    	0.288854 	0.191885 	-0.02     	0.728045
727	46    	0.288083 	0.182283 	-0.0171429	0.728045
728	45    	0.266724 	0.204725 	-0.0166666	0.812977
729	46    	0.276502 	0.198659 	-0.0177778	0.728045
730	45    	0.284813 	0.186315 	-0.02     	0.74194 
731	48    	0.275086 	0.188415 	-0.0171429	0.813708
732	45    	0.31117  	0.202581 	-0.02     	0.813708
733	45    	0.313004 	0.243892 	-0.02     	0.813708
734	46    	0.226852 	0.225944 	-0.0171429	0.819334
735	49    	0.2155   	0.207781 	-0.0166666	0.705141
736	45    	0.279486 	0.223748 	-0.0171429	0.705837
737	46    	0.284693 	0.221618 	-0.0177778	0.811247
738	45    	0.313472 	0.24154  	-0.0171431	0.811247
739	47    	0.279057 	0.24496  	-0.02     	0.813756
740	47    	0.287264 	0.213039 	-0.0171429	0.813708
741	43    	0.315332 	0.264082 	-0.0171429	0.813708
742	49    	0.248873 	0.237363 	-0.0171415	0.813756
743	46    	0.23867  	0.209163 	-0.0177778	0.813756
744	48    	0.210657 	0.19322  	-0.02     	0.609473
745	47    	0.203891 	0.171446 	-0.02     	0.702382
746	47    	0.249481 	0.141054 	-0.0171427	0.582266
747	47    	0.264963 	0.152422 	-0.0171428	0.774108
748	48    	0.24994  	0.138888 	-0.0171428	0.706572
749	50    	0.277299 	0.131248 	-0.02     	0.625645
750	45    	0.271073 	0.158092 	-0.0174999	0.645603
751	45    	0.278007 	0.157506 	-0.02     	0.625645
752	44    	0.32789  	0.16326  	0.0827798 	0.705228
753	48    	0.279616 	0.16637  	-0.0228571	0.636938
754	48    	0.284782 	0.188583 	-0.0177778	0.694721
755	49    	0.282959 	0.209169 	-0.0199999	0.804169
756	46    	0.307417 	0.212884 	-0.0175   	0.811247
757	48    	0.256444 	0.203596 	-0.0199999	0.805645
758	45    	0.339602 	0.199863 	-0.02     	0.720228
759	47    	0.277193 	0.196372 	-0.0177778	0.705169
760	49    	0.270726 	0.208009 	-0.02     	0.802666
761	48    	0.275162 	0.201911 	-0.0166667	0.862213
762	49    	0.276496 	0.224787 	-0.02     	0.862213
763	42    	0.289426 	0.239417 	-0.02     	0.862213
764	44    	0.301247 	0.217851 	-0.018    	0.862213
765	47    	0.221735 	0.187116 	-0.0171428	0.862213
766	48    	0.267881 	0.183181 	-0.02     	0.862213
767	46    	0.270045 	0.160999 	-0.0177778	0.862213
768	46    	0.299292 	0.185224 	-0.0175   	0.75629 
769	45    	0.263047 	0.188119 	-0.0174999	0.645415
770	42    	0.345127 	0.181102 	-0.02     	0.645415
771	49    	0.255271 	0.205397 	-0.0175   	0.705296
772	46    	0.277079 	0.198026 	-0.02     	0.625057
773	47    	0.322666 	0.203292 	-0.0175   	0.840104
774	46    	0.286322 	0.194945 	-0.0133333	0.840104
775	49    	0.316096 	0.18212  	-0.0175   	0.757586
776	43    	0.329051 	0.16245  	0.0812989 	0.757586
777	45    	0.277861 	0.192138 	-0.0177778	0.757586
778	47    	0.297901 	0.148273 	-0.0166667	0.757586
779	47    	0.270401 	0.154303 	-0.02     	0.657033
780	47    	0.279441 	0.149593 	-0.02     	0.657033
781	48    	0.304602 	0.166964 	-0.02     	0.690826
782	47    	0.302059 	0.169925 	-0.0175001	0.643469
783	49    	0.288039 	0.160795 	-0.0175   	0.646118
784	45    	0.29468  	0.185674 	-0.02     	0.713991
785	48    	0.26995  	0.195889 	-0.02     	0.713747
786	43    	0.289217 	0.187153 	-0.0175   	0.713747
787	46    	0.24885  	0.200128 	-0.018    	0.713747
788	49    	0.269408 	0.167145 	-0.02     	0.729021
789	48    	0.248931 	0.135547 	-0.016    	0.514444
790	40    	0.298414 	0.13368  	-0.0133333	0.555203
791	47    	0.254945 	0.160419 	-0.0160001	0.812083
792	47    	0.211352 	0.180701 	-0.02     	0.703659
793	47    	0.19654  	0.183696 	-0.0171429	0.551711
794	47    	0.229295 	0.173808 	-0.017143 	0.581205
795	45    	0.244891 	0.181123 	-0.02     	0.581205
796	40    	0.290009 	0.199479 	-0.018    	0.581205
797	45    	0.232805 	0.220952 	-0.0166668	0.581205
798	40    	0.277475 	0.216949 	-0.02     	0.581205
799	45    	0.215052 	0.207197 	-0.02     	0.581205
800	45    	0.225752 	0.214712 	-0.0166667	0.58128 
801	42    	0.281505 	0.214386 	-0.0166667	0.68981 
802	43    	0.214827 	0.20201  	-0.02     	0.68981 
803	44    	0.254237 	0.18186  	-0.02     	0.68981 
804	48    	0.244635 	0.206515 	-0.02     	0.702687
805	45    	0.280346 	0.214966 	-0.017143 	0.694751
806	48    	0.235721 	0.199101 	-0.0171428	0.702687
807	45    	0.283746 	0.164037 	-0.0166667	0.702687
808	43    	0.268927 	0.173688 	-0.02     	0.594839
809	45    	0.274805 	0.160534 	-0.0166668	0.58002 
810	47    	0.268667 	0.142573 	-0.018    	0.581368
811	48    	0.239017 	0.135447 	-0.02     	0.573987
812	46    	0.273267 	0.168155 	-0.0175   	0.581238
813	46    	0.301152 	0.182852 	-0.02     	0.652995
814	43    	0.258417 	0.22893  	-0.02     	0.812083
815	48    	0.230346 	0.199126 	-0.02     	0.652995
816	45    	0.312055 	0.178632 	-0.0166666	0.69065 
817	44    	0.263282 	0.177251 	-0.02     	0.810192
818	44    	0.253108 	0.172696 	-0.02     	0.663913
819	44    	0.309275 	0.184215 	-0.0171429	0.652995
820	48    	0.246974 	0.178348 	-0.0171429	0.751641
821	42    	0.290852 	0.190448 	-0.02     	0.751641
822	49    	0.21536  	0.145266 	-0.02     	0.652995
823	48    	0.237154 	0.17108  	-0.02     	0.668485
824	48    	0.248665 	0.153475 	-0.0175   	0.557536
825	46    	0.257796 	0.181862 	-0.0166667	0.583187
826	47    	0.243581 	0.188693 	-0.02     	0.705857
827	47    	0.198731 	0.187199 	-0.0171429	0.705857
828	45    	0.242356 	0.213655 	-0.02     	0.705857
829	47    	0.240453 	0.20228  	-0.0171429	0.705984
830	47    	0.25597  	0.17942  	-0.0171429	0.703466
831	47    	0.248628 	0.196245 	-0.02     	0.703466
832	43    	0.324054 	0.218657 	-0.0171429	0.812308
833	47    	0.222975 	0.174946 	-0.0171429	0.706026
834	48    	0.259206 	0.194818 	-0.0171429	0.706026
835	48    	0.21874  	0.168018 	-0.02     	0.706026
836	48    	0.236809 	0.198412 	-0.0175   	0.706026
837	48    	0.199982 	0.162657 	-0.02     	0.705183
838	47    	0.23263  	0.175848 	-0.0171428	0.812825
839	48    	0.235558 	0.14926  	-0.02     	0.543283
840	47    	0.22204  	0.172378 	-0.0166666	0.698953
841	45    	0.293562 	0.176326 	-0.0166667	0.703203
842	49    	0.212311 	0.149807 	-0.0175   	0.703401
843	44    	0.252354 	0.206315 	-0.02     	0.732214
844	46    	0.258963 	0.22861  	-0.018    	0.732214
845	43    	0.291399 	0.262199 	-0.02     	0.732214
846	47    	0.267977 	0.260359 	-0.02     	0.732505
847	45    	0.300855 	0.247176 	-0.0175   	0.819317
848	47    	0.258757 	0.228137 	-0.0175001	0.811247
849	47    	0.256951 	0.202647 	-0.0171429	0.811247
850	49    	0.251182 	0.181521 	-0.0200001	0.58318 
851	43    	0.271622 	0.187893 	-0.0171429	0.811247
852	45    	0.256778 	0.176044 	-0.0177778	0.752087
853	45    	0.277133 	0.188749 	-0.0233333	0.689118
854	44    	0.272671 	0.193065 	-0.0175   	0.689118
855	46    	0.273373 	0.217096 	-0.0166667	0.725974
856	47    	0.251873 	0.179054 	-0.0175   	0.703725
857	47    	0.29214  	0.174915 	-0.0175   	0.812825
858	45    	0.256272 	0.225585 	-0.02     	0.697779
859	45    	0.295303 	0.180818 	-0.0175   	0.697132
860	47    	0.272423 	0.189044 	-0.02     	0.697132
861	45    	0.272552 	0.207292 	-0.0171429	0.812083
862	46    	0.283818 	0.227407 	-0.02     	0.812083
863	46    	0.253028 	0.196142 	-0.0175   	0.729565
864	47    	0.250267 	0.21221  	-0.0171429	0.812308
865	44    	0.296011 	0.227729 	-0.02     	0.812308
866	47    	0.214095 	0.182779 	-0.02     	0.703852
867	43    	0.246613 	0.185238 	-0.02     	0.703019
868	48    	0.237562 	0.197699 	-0.02     	0.703019
869	47    	0.279178 	0.20727  	-0.0177777	0.703019
870	48    	0.287279 	0.206723 	-0.0174999	0.704723
871	43    	0.278557 	0.213989 	-0.02     	0.819334
872	43    	0.326034 	0.22658  	-0.0166667	0.856059
873	44    	0.276779 	0.23852  	-0.02     	0.704723
874	45    	0.334697 	0.222898 	-0.0166668	0.704723
875	43    	0.280158 	0.231303 	-0.02     	0.704723
876	45    	0.281714 	0.227905 	-0.0171428	0.704723
877	46    	0.270963 	0.216699 	-0.0175   	0.705837
878	44    	0.3206   	0.24966  	-0.0175   	0.813756
879	47    	0.280905 	0.233599 	-0.0166667	0.812977
880	48    	0.253209 	0.210608 	-0.02     	0.812308
881	48    	0.212368 	0.172072 	-0.0175   	0.724562
882	46    	0.221865 	0.185761 	-0.0171429	0.724562
883	46    	0.274409 	0.200034 	-0.02     	0.724562
884	47    	0.210451 	0.163758 	-0.02     	0.647353
885	43    	0.223092 	0.17531  	-0.02     	0.574448
886	47    	0.230214 	0.16216  	-0.0175001	0.562102
887	44    	0.286477 	0.137478 	-0.0166668	0.574547
888	49    	0.24966  	0.124294 	-0.0199998	0.562102
889	49    	0.237816 	0.162811 	-0.0177778	0.687701
890	46    	0.248489 	0.147653 	-0.0171428	0.607601
891	46    	0.264083 	0.170846 	-0.02     	0.704883
892	44    	0.299331 	0.183863 	-0.02     	0.72676 
893	47    	0.292256 	0.175864 	-0.02     	0.72676 
894	44    	0.312145 	0.182446 	-0.0171429	0.704883
895	44    	0.282947 	0.181494 	-0.0175   	0.704658
896	47    	0.259202 	0.169307 	-0.02     	0.704658
897	46    	0.266508 	0.182506 	-0.02     	0.811247
898	45    	0.264592 	0.235339 	-0.02     	0.811247
899	48    	0.243907 	0.191467 	-0.0171428	0.70176 
900	44    	0.254368 	0.178113 	-0.0177778	0.70176 
901	48    	0.247431 	0.176769 	-0.016    	0.831654
902	48    	0.239274 	0.164677 	-0.02     	0.703858
903	47    	0.242938 	0.177956 	-0.018    	0.703401
904	47    	0.27962  	0.169285 	-0.0166667	0.704658
905	43    	0.333133 	0.211595 	-0.0180001	0.732935
906	47    	0.25662  	0.182465 	-0.02     	0.70176 
907	46    	0.254984 	0.190348 	-0.0177779	0.70176 
908	48    	0.246853 	0.163027 	-0.0183334	0.812825
909	46    	0.226063 	0.17642  	-0.02     	0.70176 
910	47    	0.231971 	0.170624 	-0.02     	0.813756
911	42    	0.272699 	0.203231 	-0.02     	0.813756
912	50    	0.250884 	0.152466 	-0.0171429	0.814342
913	45    	0.252939 	0.151274 	-0.02     	0.814342
914	46    	0.242349 	0.122014 	-0.0166666	0.59814 
915	46    	0.252926 	0.147897 	-0.0177778	0.59814 
916	47    	0.236738 	0.138761 	-0.02     	0.59814 
917	47    	0.238578 	0.15619  	-0.02     	0.532853
918	44    	0.264345 	0.148923 	-0.02     	0.532853
919	43    	0.2936   	0.158441 	-0.02     	0.560941
920	47    	0.291905 	0.148727 	-0.02     	0.688273
921	46    	0.270707 	0.156104 	-0.02     	0.688273
922	48    	0.269269 	0.118493 	-0.0166666	0.603195
923	46    	0.2596   	0.152877 	-0.0175002	0.68981 
924	46    	0.266987 	0.150979 	-0.02     	0.68981 
925	46    	0.247615 	0.168413 	-0.0177778	0.68981 
926	47    	0.249962 	0.165603 	-0.0171429	0.68981 
927	46    	0.242592 	0.150372 	-0.0177778	0.614078
928	44    	0.272033 	0.151691 	-0.02     	0.614078
929	45    	0.24836  	0.149772 	-0.02     	0.614078
930	47    	0.273706 	0.138854 	-0.0199999	0.574686
931	44    	0.236207 	0.168809 	-0.0200002	0.607899
932	48    	0.243691 	0.158534 	-0.0199999	0.689785
933	46    	0.26534  	0.177318 	-0.02     	0.689785
934	45    	0.251925 	0.151078 	-0.0177778	0.604415
935	46    	0.274228 	0.121964 	-0.02     	0.604415
936	47    	0.302072 	0.176874 	-0.016    	0.648644
937	46    	0.265299 	0.161306 	-0.0200001	0.648482
938	43    	0.281825 	0.188471 	-0.02     	0.698558
939	48    	0.235807 	0.160472 	-0.0200001	0.648482
940	44    	0.25387  	0.143041 	-0.0199999	0.582908
941	47    	0.225382 	0.151827 	-0.0174948	0.582908
942	46    	0.27952  	0.164759 	-0.0175   	0.530279
943	44    	0.268397 	0.156734 	-0.016    	0.530279
944	46    	0.226962 	0.182341 	-0.0199999	0.615551
945	45    	0.236623 	0.151341 	-0.0181818	0.615551
946	47    	0.238308 	0.162251 	-0.0225   	0.615566
947	42    	0.232652 	0.160433 	-0.02     	0.560543
948	45    	0.27562  	0.162607 	-0.0171429	0.615551
949	47    	0.243733 	0.173203 	-0.02     	0.654207
950	47    	0.215639 	0.185163 	-0.0175   	0.654207
951	47    	0.215574 	0.182822 	-0.0171429	0.705921
952	46    	0.236675 	0.194622 	-0.02     	0.70647 
953	47    	0.287902 	0.213651 	-0.02     	0.706107
954	47    	0.238896 	0.203301 	-0.0171429	0.706539
955	46    	0.240193 	0.188649 	-0.02     	0.703531
956	48    	0.232067 	0.178491 	-0.02     	0.702322
957	46    	0.220906 	0.193261 	-0.02     	0.702322
958	45    	0.333982 	0.207924 	-0.02     	0.702322
959	48    	0.31224  	0.182778 	-0.02     	0.727847
960	48    	0.248097 	0.200952 	-0.0175   	0.727847
961	46    	0.258881 	0.190082 	-0.0177778	0.727847
962	47    	0.24676  	0.176399 	-0.02     	0.730156
963	41    	0.301022 	0.205103 	-0.0177777	0.834751
964	47    	0.310059 	0.236449 	-0.02     	0.834751
965	49    	0.281389 	0.19958  	-0.0200001	0.753974
966	43    	0.322845 	0.205013 	-0.0166667	0.834751
967	47    	0.307265 	0.237348 	-0.02     	0.83537 
968	46    	0.288004 	0.224851 	-0.02     	0.731104
969	46    	0.289495 	0.186896 	-0.02     	0.727847
970	48    	0.314933 	0.193991 	-0.0175   	0.727847
971	48    	0.263345 	0.180045 	-0.02     	0.646669
972	42    	0.299641 	0.177814 	-0.02     	0.646669
973	45    	0.32834  	0.176239 	-0.0175   	0.646669
974	48    	0.266958 	0.19595  	-0.02     	0.650465
975	48    	0.248117 	0.174977 	-0.0177778	0.614356
976	50    	0.275943 	0.155626 	-0.02     	0.616922
977	48    	0.188039 	0.170551 	-0.02     	0.726164
978	44    	0.286246 	0.201119 	-0.0175   	0.726164
979	47    	0.293267 	0.185524 	-0.0175001	0.726164
980	47    	0.295799 	0.195942 	-0.0175   	0.722361
981	46    	0.293181 	0.210187 	-0.0174999	0.706046
982	47    	0.281327 	0.202875 	-0.02     	0.706046
983	49    	0.212115 	0.175741 	-0.0175   	0.723533
984	45    	0.274625 	0.163211 	-0.0171428	0.706046
985	45    	0.287173 	0.178796 	-0.0166667	0.706046
986	46    	0.279009 	0.185065 	-0.02     	0.751862
987	46    	0.275279 	0.169572 	-0.0175002	0.751862
988	40    	0.326645 	0.2008   	-0.016    	0.75525 
989	48    	0.315749 	0.195635 	-0.018    	0.81419 
990	45    	0.344243 	0.230229 	-0.0200001	0.81419 
991	46    	0.370455 	0.206711 	0.0852339 	0.831222
992	47    	0.351333 	0.222657 	-0.02     	0.831222
993	49    	0.297    	0.21813  	-0.02     	0.841134
994	43    	0.324434 	0.247526 	-0.017143 	0.841134
995	47    	0.338912 	0.209487 	-0.0159999	0.841134
996	45    	0.331642 	0.188126 	0.0762868 	0.762305
997	48    	0.325438 	0.167777 	-0.02     	0.638437
998	47    	0.314306 	0.176163 	-0.018    	0.749271
999	43    	0.358698 	0.171969 	0.119935  	0.749271
1000	45    	0.332226 	0.211862 	-0.0177777	0.749271
Best individuals:
(0.9619493399827307,) 	-->	 /*9*/DDDDFLRRFUUF
VMNeuronManager.autoload: Neuro classes added: Delay Light Nn PIDP PIDV SeeLight SeeLight2 S0 S1 Thr 
UserScripts.autoload: 19 user scripts added.
Simulator.load: Loading from 'eval-allcriteria.sim'
Loader.load: Comments read from file follow:
Loader.load:  Sample settings for evaluating many criteria of performance of a Framsticks creature.
Loader.load:  See the "evalcount" parameter if you want to speed the evaluation up or have a more stable result.
Loader.load:  Other important parameters are "Energy0" and "perfperiod".
Loader.load:  Put this file in the "data" subdirectory within the Framsticks distribution.
Simulator.load: Settings loaded from 'eval-allcriteria.sim'
Simulator.load: Loading from 'deterministic.sim'
Loader.load: Comments read from file follow:
Loader.load:  Parameter values that make the evaluation of a Framsticks creature deterministic.
Loader.load:  The values turn off random noise, so evaluation of the same genotype will always yield the same performance.
Loader.load:  The advantage is that you do not need to evaluate a genotype many times, and performance values are reliable.
Loader.load:  The disadvantage is that evolved creatures are "overfitting", i.e. rely entirely on the specific environment,
Loader.load:  and their behavior may be different in any other environment or (even slightly) changed conditions or parameter values,
Loader.load:  so each creature evolved using these settings must be later inspected using exactly the same setup.
Loader.load: 
Loader.load:  Before loading this file, load base settings, e.g. "eval-allcriteria.sim".
Loader.load:  Put this file in the "data" subdirectory within the Framsticks distribution.
Simulator.load: Settings loaded from 'deterministic.sim'
Simulator.load: Loading from 'sample-period-2.sim'
Loader.load: Comments read from file follow:
Loader.load:  Very low "performance sampling period" in the first population to sample performance very often during lifespan
Loader.load:  and avoid overlooking some behavior. Averaged performance of sampled values is returned as the final value.
Loader.load:  See http://www.framsticks.com/a/al_params.html#exper-perfcalc
Loader.load: 
Loader.load:  Before loading this file, load base settings, e.g. "eval-allcriteria.sim".
Loader.load:  Put this file in the "data" subdirectory within the Framsticks distribution.
Simulator.load: Loading from 'f9-mut-030.sim'
Simulator.load: Settings loaded from 'f9-mut-030.sim'
