gen	nevals	avg     	stddev	min     	max     
0  	50    	0.218369	0     	0.218369	0.218369
1  	47    	0.0674348	0.11244	-0.0166667	0.356517
2  	47    	0.143016 	0.137344	-0.0166667	0.582913
3  	49    	0.17421  	0.15775 	-0.0166667	0.557663
4  	46    	0.238399 	0.172158	-0.017143 	0.703946
5  	44    	0.275931 	0.207026	-0.018    	0.812977
6  	44    	0.237361 	0.21808 	-0.0171429	0.812977
7  	41    	0.340829 	0.264053	-0.0166667	0.812977
8  	49    	0.248945 	0.228503	-0.0177778	0.811247
9  	48    	0.234155 	0.200295	-0.0171429	0.695373
10 	50    	0.279326 	0.18885 	-0.0174999	0.812977
11 	50    	0.270936 	0.232245	-0.0171429	0.812825
12 	46    	0.267541 	0.217898	-0.0175   	0.812825
13 	49    	0.301213 	0.209734	-0.0171428	0.732974
14 	46    	0.36119  	0.244851	-0.0166667	0.812977
15 	44    	0.353977 	0.245722	-0.0171339	0.812977
16 	39    	0.373487 	0.286276	-0.0166667	0.812977
17 	46    	0.326372 	0.291004	-0.0166667	0.812977
18 	49    	0.234997 	0.259562	-0.0166667	0.812825
19 	47    	0.236882 	0.24658 	-0.0166667	0.812977
20 	47    	0.274553 	0.269334	-0.0171429	0.812977
21 	44    	0.386243 	0.315405	-0.0166667	0.818826
22 	45    	0.398401 	0.261613	-0.0166667	0.818826
23 	46    	0.277414 	0.257495	-0.0171429	0.818826
24 	50    	0.296031 	0.219273	-0.0166667	0.812083
25 	48    	0.271244 	0.231281	-0.02     	0.804601
26 	45    	0.405403 	0.265129	-0.0199998	0.813708
27 	46    	0.279984 	0.263466	-0.02     	0.81995 
28 	43    	0.393121 	0.269129	-0.0160002	0.81995 
29 	47    	0.318121 	0.248556	-0.02     	0.81995 
30 	47    	0.404061 	0.218104	-0.0133332	0.81995 
31 	46    	0.427606 	0.254168	-0.0166652	0.819969
32 	46    	0.313898 	0.2721  	-0.0171429	0.819969
33 	50    	0.30782  	0.208244	-0.02     	0.706026
34 	48    	0.304526 	0.235615	-0.0177778	0.706012
35 	46    	0.360123 	0.235547	-0.0171429	0.812977
36 	47    	0.355566 	0.26346 	-0.0166666	0.813756
37 	45    	0.313397 	0.252806	-0.02     	0.813756
38 	45    	0.341027 	0.245027	-0.0177777	0.813756
39 	45    	0.299173 	0.244953	-0.02     	0.813756
40 	47    	0.284384 	0.250401	-0.0175   	0.81995 
41 	48    	0.297911 	0.206837	-0.0166594	0.81995 
42 	44    	0.447279 	0.238611	-0.0171429	0.819334
43 	46    	0.373761 	0.267266	-0.0166667	0.819334
44 	48    	0.25869  	0.227887	-0.0171429	0.813708
45 	46    	0.322757 	0.259698	-0.0166667	0.818806
46 	47    	0.398499 	0.243889	-0.0166666	0.818806
47 	44    	0.43164  	0.26509 	-0.0166666	0.818806
48 	44    	0.333889 	0.268506	-0.0166667	0.818806
49 	45    	0.313877 	0.268761	-0.0166667	0.813756
50 	47    	0.321784 	0.265711	-0.0166667	0.813756
51 	44    	0.347134 	0.304119	-0.0166667	0.813756
52 	49    	0.246662 	0.218269	-0.0171429	0.813756
53 	45    	0.225855 	0.215592	-0.0166667	0.813756
54 	46    	0.180355 	0.229213	-0.0166667	0.813756
55 	45    	0.219996 	0.223508	-0.0166667	0.813756
56 	42    	0.290535 	0.242198	-0.0166667	0.813708
57 	46    	0.259901 	0.263258	-0.0166667	0.813756
58 	47    	0.242699 	0.245783	-0.0175   	0.811396
59 	46    	0.277007 	0.25537 	-0.0166667	0.812825
60 	50    	0.238374 	0.207662	-0.0166667	0.818826
61 	48    	0.260637 	0.222351	-0.0171429	0.706026
62 	49    	0.329332 	0.215769	-0.0171429	0.81995 
63 	45    	0.369051 	0.224036	-0.0171429	0.81995 
64 	46    	0.33975  	0.23256 	-0.0171429	0.813756
65 	42    	0.381993 	0.289199	-0.0175   	0.840297
66 	44    	0.410356 	0.283655	-0.0175   	0.840297
67 	46    	0.38762  	0.271624	-0.0160001	0.840297
68 	47    	0.400137 	0.254875	-0.0160001	0.840297
69 	45    	0.454949 	0.261734	-0.0166667	0.827178
70 	46    	0.366919 	0.264379	-0.02     	0.823204
71 	46    	0.413153 	0.260892	-0.0177778	0.816954
72 	45    	0.445696 	0.236792	-0.0175   	0.816954
73 	48    	0.486517 	0.234087	-0.0166667	0.840208
74 	48    	0.459452 	0.244801	-0.0150001	0.870121
75 	42    	0.474269 	0.261917	-0.02     	0.870121
76 	46    	0.465593 	0.28761 	-0.0166667	0.870121
77 	49    	0.412205 	0.274178	-0.02     	0.866204
78 	46    	0.452477 	0.270433	0.0845448 	0.866204
79 	47    	0.416588 	0.27875 	-0.0160001	0.875968
80 	45    	0.532744 	0.30707 	-0.0160001	0.961956
81 	44    	0.528754 	0.274047	0.0890357 	0.961956
82 	45    	0.525828 	0.313423	-0.01     	0.961956
83 	49    	0.437991 	0.290334	-0.0133333	0.961956
84 	45    	0.413492 	0.262635	-0.0175001	0.961956
85 	45    	0.501934 	0.263572	0.0860515 	0.961956
86 	44    	0.470094 	0.276825	-0.016    	0.961956
87 	46    	0.489965 	0.277599	0.0597729 	0.975593
88 	44    	0.46726  	0.279372	-0.016    	0.975593
89 	48    	0.410786 	0.284345	-0.0159966	0.872172
90 	44    	0.471515 	0.249569	0.0749681 	0.872172
91 	45    	0.446145 	0.284986	-0.0166665	0.872172
92 	46    	0.402423 	0.266391	-0.0175   	0.946502
93 	48    	0.468896 	0.286474	-0.0133333	1.06675 
94 	48    	0.500051 	0.246034	0.0990969 	1.06675 
95 	42    	0.524596 	0.29917 	-0.0166666	1.06675 
96 	47    	0.494272 	0.305815	-0.0149999	1.06675 
97 	48    	0.49793  	0.328684	-0.0166667	0.978778
98 	47    	0.49431  	0.312425	-0.015    	1.06675 
99 	44    	0.513657 	0.31139 	-0.02     	1.06675 
100	48    	0.488771 	0.310885	0.0590585 	0.987773
101	49    	0.396963 	0.291356	-0.0177778	0.978778
102	45    	0.458859 	0.267441	0.128477  	0.979821
103	46    	0.533992 	0.305079	0.058848  	1.06675 
104	47    	0.486236 	0.31451 	-0.02     	1.06675 
105	46    	0.492185 	0.333967	-0.0133338	1.06963 
106	48    	0.353151 	0.283739	0.0644374 	0.982715
107	45    	0.498403 	0.314984	-0.0171429	0.982715
108	46    	0.491436 	0.334139	-0.0175   	1.06963 
109	44    	0.43818  	0.310851	0.114621  	1.06963 
110	46    	0.460431 	0.335126	-0.0175   	1.06963 
111	50    	0.43681  	0.339581	-0.0171429	1.15728 
112	44    	0.501799 	0.325239	0.066219  	1.15728 
113	47    	0.506328 	0.327295	0.124894  	1.15739 
114	47    	0.417664 	0.338993	-0.01     	1.13301 
115	45    	0.431938 	0.360746	-0.0150001	1.13301 
116	41    	0.53063  	0.390524	-0.0171429	1.15728 
117	46    	0.549171 	0.367942	0.0834043 	1.13301 
118	44    	0.485127 	0.361745	0.0803797 	1.13363 
119	48    	0.54523  	0.341682	0.133063  	1.13363 
120	47    	0.492541 	0.323453	-0.0171429	1.13363 
121	48    	0.444038 	0.321982	-0.0177778	1.13301 
122	47    	0.467041 	0.322743	-0.0166666	1.02577 
123	46    	0.520873 	0.278478	-0.0171429	1.02577 
124	44    	0.524404 	0.288426	0.0630925 	1.02577 
125	45    	0.495909 	0.272459	-0.0166667	1.02577 
126	47    	0.485715 	0.327017	-1        	0.928899
127	45    	0.598476 	0.237937	0.159426  	0.93817 
128	46    	0.494308 	0.275231	-0.0166667	0.998146
129	44    	0.494615 	0.282195	0.126873  	1.16114 
130	50    	0.47521  	0.27045 	-0.01     	1.00621 
131	46    	0.491482 	0.286769	0.0646187 	1.00621 
132	48    	0.470762 	0.257404	0.111426  	0.994456
133	45    	0.463516 	0.29521 	-0.01     	0.994456
134	46    	0.447971 	0.301132	0.0639729 	0.984921
135	46    	0.434143 	0.297238	-0.0166652	0.984921
136	48    	0.4229   	0.281358	-0.016    	0.984921
137	45    	0.39364  	0.280699	-0.0171429	0.994456
138	44    	0.468502 	0.311727	-0.0166667	0.994456
139	48    	0.456444 	0.288108	-0.01     	0.994456
140	48    	0.45874  	0.276152	0.14785   	0.994456
141	44    	0.469199 	0.289341	0.0858828 	0.994456
142	48    	0.404982 	0.348537	-1        	0.991287
143	47    	0.441029 	0.292453	0.13087   	1.06587 
144	46    	0.393598 	0.307462	-0.0166667	1.06587 
145	45    	0.448855 	0.312263	-0.0171341	1.06587 
146	47    	0.385204 	0.289443	-0.016    	1.06587 
147	44    	0.407281 	0.298126	-0.0200001	1.06587 
148	47    	0.403544 	0.286454	-0.0171429	1.06587 
149	47    	0.440222 	0.271339	-0.0171428	1.06587 
150	46    	0.391556 	0.265008	0.0731545 	0.972602
151	48    	0.505883 	0.279648	-0.0166667	0.972602
152	43    	0.53731  	0.270497	0.129509  	0.972602
153	47    	0.419761 	0.250914	0.0779955 	0.911075
154	47    	0.39941  	0.258012	-0.0159924	0.905254
155	45    	0.419643 	0.259349	0.116565  	0.905254
156	44    	0.412042 	0.230481	0.0702791 	0.905254
157	47    	0.39719  	0.239528	0.103132  	0.98649 
158	44    	0.476416 	0.234393	0.168272  	0.98649 
159	49    	0.47541  	0.259456	0.127982  	0.972602
160	44    	0.450783 	0.255563	-0.0159966	0.908638
161	47    	0.431692 	0.269669	-0.015    	0.98649 
162	48    	0.43904  	0.241551	-0.016    	0.98649 
163	49    	0.383377 	0.222671	0.10917   	0.911932
164	47    	0.414378 	0.246156	-0.0133333	0.840809
165	48    	0.468165 	0.224321	0.0982365 	0.840809
166	45    	0.456697 	0.229877	0.107261  	0.845921
167	46    	0.469162 	0.317569	-1        	0.801696
168	41    	0.547207 	0.22505 	0.148896  	0.960279
169	46    	0.460279 	0.251208	0.136081  	0.960279
170	46    	0.494494 	0.283183	-0.0149999	1.01008 
171	45    	0.470617 	0.333198	-1        	1.01008 
172	44    	0.477973 	0.306039	-0.0166666	1.01008 
173	43    	0.412288 	0.417113	-1        	1.01008 
174	43    	0.405921 	0.371915	-1        	1.01008 
175	44    	0.39328  	0.372028	-1        	1.01008 
176	47    	0.377237 	0.350266	-1        	1.01008 
177	46    	0.407371 	0.35486 	-1        	1.01008 
178	43    	0.454267 	0.358927	-1        	1.01008 
179	47    	0.372849 	0.345158	-1        	1.01008 
180	43    	0.495962 	0.290109	0.130165  	1.01008 
181	46    	0.379479 	0.289176	0.0895685 	1.01008 
182	48    	0.366494 	0.255715	-0.0150001	1.00863 
183	42    	0.460738 	0.286732	0.106995  	1.00863 
184	44    	0.504073 	0.296524	0.107356  	1.05464 
185	48    	0.405746 	0.281161	-0.018    	1.05087 
186	47    	0.405821 	0.315986	-1        	0.967907
187	46    	0.436121 	0.237441	0.1406    	0.905052
188	48    	0.437169 	0.323776	-1        	0.905052
189	42    	0.512134 	0.25105 	0.183442  	0.909257
190	45    	0.55578  	0.225985	0.220986  	0.909164
191	46    	0.424111 	0.307153	-1        	0.955583
192	47    	0.400939 	0.231219	0.116173  	0.955583
193	48    	0.401574 	0.372733	-1        	0.955583
194	46    	0.442744 	0.216594	0.0747698 	0.955583
195	48    	0.42859  	0.294866	-1        	0.955969
196	47    	0.43393  	0.2121  	0.12466   	0.939753
197	46    	0.452764 	0.37044 	-1        	0.904577
198	49    	0.403204 	0.312595	-1        	0.904577
199	41    	0.397969 	0.433604	-1        	0.854392
200	48    	0.420065 	0.296118	-1        	0.860737
201	43    	0.464478 	0.226491	0.108193  	0.854392
202	49    	0.388337 	0.270885	-1        	0.85572 
203	48    	0.45233  	0.204856	0.148235  	0.904706
204	44    	0.448972 	0.216634	0.169991  	0.904706
205	45    	0.39413  	0.235531	-0.0166667	0.904706
206	47    	0.462719 	0.232026	0.176665  	0.902336
207	46    	0.484457 	0.227268	0.116694  	0.903253
208	46    	0.468894 	0.221505	-0.0133333	0.903253
209	47    	0.532774 	0.216564	-0.0171427	0.907146
210	43    	0.476885 	0.261342	-0.0175   	0.907146
211	49    	0.445633 	0.243129	0.108917  	0.906393
212	49    	0.489805 	0.223362	0.099837  	0.910272
213	48    	0.424596 	0.306616	-1        	0.84915 
214	47    	0.448397 	0.30108 	-1        	0.896003
215	44    	0.415617 	0.370417	-1        	0.95653 
216	46    	0.456449 	0.315225	-1        	0.955681
217	48    	0.429399 	0.330426	-1        	0.982243
218	48    	0.466306 	0.231436	-0.0149999	0.891862
219	45    	0.51498  	0.242834	-0.0133338	0.898639
220	46    	0.426508 	0.242042	0.134653  	0.909079
221	42    	0.510614 	0.267495	-0.0171429	0.982243
222	47    	0.401572 	0.235563	0.0844852 	0.853538
223	46    	0.461114 	0.243397	0.058885  	0.907831
224	43    	0.544228 	0.252591	0.0652388 	0.910949
225	45    	0.444362 	0.257804	0.116599  	0.910949
226	45    	0.434497 	0.261421	0.0641336 	0.910949
227	44    	0.429447 	0.26354 	0.0784289 	0.980757
228	47    	0.461839 	0.284266	-0.0159922	0.976173
229	46    	0.45022  	0.232348	-0.0175   	0.903679
230	47    	0.491821 	0.256964	-0.0166667	0.903503
231	46    	0.545336 	0.248108	0.174851  	0.899977
232	39    	0.574237 	0.250629	0.159389  	0.95686 
233	49    	0.563874 	0.225974	0.0834333 	1.03339 
234	49    	0.445501 	0.212503	0.125232  	0.902888
235	47    	0.480926 	0.30522 	-1        	0.923636
236	45    	0.469918 	0.217712	0.125017  	0.923636
237	46    	0.428767 	0.226667	-0.0181819	0.923636
238	44    	0.505625 	0.22892 	-0.016    	0.923636
239	47    	0.50896  	0.233626	0.178563  	0.92549 
240	43    	0.51699  	0.258738	0.130822  	0.971782
241	49    	0.4338   	0.25525 	-0.0166667	0.971782
242	47    	0.57253  	0.256462	0.156664  	0.971782
243	48    	0.551569 	0.270995	0.125371  	0.984795
244	45    	0.518454 	0.268067	0.122106  	0.984795
245	47    	0.52275  	0.300856	0.0977382 	1.06856 
246	44    	0.46031  	0.31469 	0.100532  	1.06989 
247	47    	0.407598 	0.310886	-0.0177779	1.06957 
248	45    	0.497363 	0.31839 	-0.014999 	1.06957 
249	47    	0.510144 	0.334893	-0.016    	1.06957 
250	47    	0.610305 	0.303576	0.139025  	1.06957 
251	43    	0.639135 	0.32362 	0.0864107 	1.06957 
252	43    	0.582239 	0.325747	0.0728381 	1.06967 
253	46    	0.549218 	0.31481 	0.155118  	1.11939 
254	46    	0.560274 	0.297596	0.124085  	1.01938 
255	49    	0.491648 	0.273976	-0.0166667	0.985409
256	45    	0.529526 	0.288887	0.114923  	1.01938 
257	44    	0.617288 	0.296696	0.170863  	1.0447  
258	49    	0.493715 	0.304851	0.0848086 	1.11418 
259	49    	0.380814 	0.259256	-0.0171429	1.04665 
260	47    	0.468767 	0.268865	0.0788774 	1.04665 
261	49    	0.391364 	0.337509	-1        	0.982784
262	44    	0.490801 	0.344477	-1        	0.967462
263	50    	0.390464 	0.388485	-1        	0.909411
264	48    	0.463911 	0.260585	-0.0181818	0.933629
265	46    	0.377181 	0.433038	-1        	0.999084
266	48    	0.402161 	0.366052	-1        	0.974748
267	48    	0.462347 	0.328915	-1        	0.983659
268	47    	0.434702 	0.335728	-1        	0.975092
269	47    	0.346663 	0.474279	-1        	0.975092
270	49    	0.562413 	0.243848	0.110347  	0.982595
271	47    	0.503638 	0.297114	-0.0166667	1.03982 
272	47    	0.460206 	0.292578	-0.01     	0.982083
273	45    	0.558129 	0.335996	-0.0199998	1.10389 
274	45    	0.536038 	0.337554	0.113998  	1.10389 
275	47    	0.432007 	0.313372	-0.0181818	1.04458 
276	50    	0.461484 	0.311192	-0.0177778	1.10389 
277	45    	0.548436 	0.335277	0.0978348 	1.10389 
278	45    	0.570369 	0.401782	-0.0177779	1.12293 
279	47    	0.451063 	0.342184	-0.02     	1.12293 
280	48    	0.464833 	0.380825	-1        	1.12287 
281	49    	0.490424 	0.308855	-0.0171428	1.03697 
282	46    	0.430334 	0.431573	-1        	1.03697 
283	45    	0.578069 	0.326827	-0.01     	1.0473  
284	46    	0.486595 	0.308737	0.0421313 	1.04129 
285	45    	0.436598 	0.331804	-0.0175   	1.04726 
286	41    	0.472149 	0.30956 	-0.0175001	1.04105 
287	47    	0.491003 	0.301416	-0.0133338	0.981755
288	48    	0.511309 	0.293981	0.0505958 	1.11973 
289	46    	0.478267 	0.322803	0.0414274 	1.1213  
290	43    	0.521455 	0.318231	-0.0174999	1.11973 
291	49    	0.48061  	0.31545 	-0.0166584	1.09854 
292	47    	0.449167 	0.284211	0.0435463 	1.01567 
293	49    	0.483135 	0.263636	-0.0171428	0.957765
294	47    	0.510547 	0.2743  	-0.0171428	0.999131
295	44    	0.525492 	0.372171	-1        	0.999131
296	46    	0.621111 	0.279944	0.0666646 	1.00439 
297	47    	0.553175 	0.349859	-1        	1.00439 
298	48    	0.431768 	0.457836	-1        	1.00439 
299	49    	0.51601  	0.336793	-1        	1.00439 
300	42    	0.66804  	0.254789	0.074417  	1.00439 
301	43    	0.518    	0.476791	-1        	1.00439 
302	47    	0.597702 	0.347121	-1        	1.00502 
303	46    	0.544677 	0.434662	-1        	1.08544 
304	44    	0.606244 	0.305099	-0.0177777	1.06801 
305	41    	0.545227 	0.486074	-1        	1.06801 
306	43    	0.691729 	0.286707	0.153607  	1.06801 
307	47    	0.620252 	0.307906	-0.016    	1.14675 
308	48    	0.450321 	0.399705	-1        	1.14675 
309	47    	0.538449 	0.311615	-0.0180001	1.21945 
310	49    	0.439298 	0.395418	-1        	1.15862 
311	48    	0.532873 	0.338064	-1        	0.998536
312	46    	0.406426 	0.303589	-1        	0.939612
313	41    	0.451503 	0.409741	-1        	0.939612
314	44    	0.45404  	0.396984	-1        	0.959812
315	45    	0.489888 	0.399156	-1        	0.939612
316	45    	0.340972 	0.458386	-1        	0.939612
317	49    	0.385872 	0.468644	-1        	0.994929
318	45    	0.52546  	0.326646	-1        	1.09607 
319	46    	0.615902 	0.26364 	0.148621  	1.00266 
320	48    	0.463562 	0.476376	-1        	1.03841 
321	43    	0.65436  	0.247631	0.252139  	1.00497 
322	45    	0.605382 	0.258097	0.209315  	1.07169 
323	50    	0.460768 	0.409835	-1        	1.00284 
324	46    	0.570305 	0.337049	-1        	1.00284 
325	48    	0.427817 	0.405139	-1        	1.11107 
326	47    	0.503172 	0.339654	-1        	1.11107 
327	49    	0.524891 	0.346431	-1        	1.12135 
328	45    	0.453234 	0.532289	-1        	1.12135 
329	45    	0.457013 	0.401089	-1        	1.12135 
330	42    	0.525814 	0.323425	-0.0175   	1.12135 
331	48    	0.512391 	0.297282	0.123221  	1.12135 
332	46    	0.470702 	0.28196 	0.133435  	1.0467  
333	44    	0.538384 	0.332009	0.0924596 	1.18297 
334	46    	0.537838 	0.38043 	-1        	1.18297 
335	48    	0.268281 	0.499524	-1        	1.05185 
336	48    	0.448124 	0.386862	-1        	1.05736 
337	47    	0.504441 	0.434644	-1        	1.05736 
338	46    	0.455358 	0.43704 	-1        	1.11503 
339	48    	0.529144 	0.430311	-1        	1.10204 
340	49    	0.43155  	0.448102	-1        	1.10204 
341	46    	0.539651 	0.261572	-0.0171429	1.10204 
342	45    	0.618782 	0.298119	0.0755924 	1.10204 
343	46    	0.469491 	0.483098	-1        	1.11179 
344	47    	0.575115 	0.319673	0.178787  	1.19097 
345	49    	0.425894 	0.463146	-1        	1.07335 
346	46    	0.57508  	0.369745	-1        	1.13437 
347	49    	0.51891  	0.310187	0.124364  	1.07264 
348	43    	0.544454 	0.309192	0.11637   	1.10274 
349	49    	0.501944 	0.425225	-1        	1.13725 
350	46    	0.582463 	0.304623	0.0967742 	1.0049  
351	46    	0.594601 	0.323003	-0.0171428	1.0049  
352	43    	0.623748 	0.388266	-1        	1.04991 
353	44    	0.656157 	0.382269	-1        	1.07334 
354	42    	0.610535 	0.402327	-1        	1.07334 
355	47    	0.527621 	0.350513	-0.0183333	1.07805 
356	49    	0.57983  	0.322214	-0.0174999	1.14064 
357	48    	0.457692 	0.286966	0.0740974 	1.14064 
358	48    	0.527201 	0.313138	0.124799  	1.14064 
359	46    	0.525812 	0.367538	-0.0183334	1.14064 
360	47    	0.396317 	0.307569	0.115695  	1.14064 
361	44    	0.446422 	0.353615	0.0464093 	1.14064 
362	47    	0.500739 	0.324469	0.113638  	1.05911 
363	48    	0.472344 	0.308312	-0.0166666	1.05911 
364	45    	0.497114 	0.341563	-0.0133336	1.13977 
365	41    	0.640506 	0.351719	-0.015    	1.13977 
366	45    	0.582609 	0.357874	0.0637368 	1.13977 
367	49    	0.468116 	0.309295	0.102329  	1.13977 
368	45    	0.493479 	0.390225	-1        	1.14899 
369	48    	0.55391  	0.340375	-0.0175   	1.06541 
370	42    	0.549197 	0.368393	-0.0166666	1.07374 
371	49    	0.409343 	0.316479	-0.0175   	1.16896 
372	47    	0.465947 	0.324626	-0.02     	1.12558 
373	45    	0.524906 	0.327146	0.0530172 	1.12558 
374	47    	0.487356 	0.344753	-0.0171428	1.08575 
375	48    	0.483953 	0.337401	-0.016    	1.16896 
376	45    	0.468566 	0.354172	-0.0150001	1.16896 
377	47    	0.452505 	0.349444	-0.01     	1.16896 
378	42    	0.59343  	0.358327	0.09948   	1.16896 
379	43    	0.553706 	0.36164 	-0.016    	1.16896 
380	47    	0.468358 	0.347304	-0.0160001	1.16896 
381	49    	0.378045 	0.293698	-0.0166667	1.16896 
382	47    	0.413913 	0.295922	-0.0166592	1.16896 
383	45    	0.49894  	0.310253	-0.0175   	1.16896 
384	47    	0.490991 	0.313765	-0.0166667	1.04923 
385	47    	0.576991 	0.291931	-0.01     	1.12433 
386	46    	0.456152 	0.31189 	-0.015    	1.0758  
387	45    	0.54912  	0.281848	0.107125  	1.03205 
388	45    	0.590144 	0.29482 	0.110647  	1.03205 
389	47    	0.544196 	0.292011	0.113135  	1.03205 
390	47    	0.578011 	0.325618	0.119318  	1.09158 
391	47    	0.47152  	0.31315 	-0.02     	1.04643 
392	48    	0.573728 	0.322451	-0.0171428	1.18487 
393	44    	0.373561 	0.413776	-1        	1.18487 
394	44    	0.473579 	0.346533	-0.01     	1.18487 
395	43    	0.477267 	0.376794	0.0980635 	1.18487 
396	45    	0.556116 	0.364708	0.106397  	1.07038 
397	47    	0.453581 	0.322959	-0.015    	1.07038 
398	45    	0.50788  	0.324953	-0.0133333	1.07038 
399	47    	0.481784 	0.367503	-1        	1.07038 
400	46    	0.526358 	0.317514	-0.02     	1.01434 
401	45    	0.470761 	0.301158	-0.016    	1.01434 
402	45    	0.47352  	0.324894	-0.02     	1.18487 
403	47    	0.464585 	0.322847	-0.0166667	1.18487 
404	48    	0.362207 	0.269812	-0.02     	1.18487 
405	48    	0.427852 	0.264162	-0.0133333	1.06894 
406	46    	0.462628 	0.271543	-0.00670266	1.00099 
407	43    	0.539257 	0.293538	-0.0133333 	1.12528 
408	49    	0.449372 	0.297687	0.104103   	1.05779 
409	44    	0.526652 	0.316603	-0.017141  	1.05779 
410	47    	0.513455 	0.338589	-0.0166667 	1.13235 
411	47    	0.379313 	0.287984	-0.015     	1.04623 
412	46    	0.539205 	0.31462 	0.105792   	1.12308 
413	49    	0.420885 	0.320928	-0.02      	1.12308 
414	46    	0.416416 	0.291297	-0.0133333 	1.02346 
415	46    	0.469487 	0.301372	-0.0171429 	1.02346 
416	45    	0.471046 	0.306903	-0.0171415 	1.02346 
417	48    	0.503705 	0.296866	-0.01      	1.10054 
418	46    	0.51964  	0.312779	0.0910152  	1.11589 
419	44    	0.525836 	0.338227	0.116366   	1.11589 
420	45    	0.491926 	0.345275	-0.0177778 	1.11589 
421	48    	0.507128 	0.301103	-0.0171429 	1.11589 
422	45    	0.494046 	0.2869  	-0.0175    	1.00477 
423	45    	0.509863 	0.320149	-0.015     	1.06833 
424	49    	0.43     	0.285467	-0.01      	1.01034 
425	43    	0.428361 	0.300882	-0.02      	1.01034 
426	47    	0.500625 	0.306583	0.0866479  	1.01362 
427	47    	0.479515 	0.294377	0.0903231  	1.01362 
428	46    	0.473807 	0.321744	-0.017141  	1.01362 
429	47    	0.464852 	0.28319 	0.10045    	1.01362 
430	48    	0.455445 	0.282937	0.104227   	1.00513 
431	45    	0.510669 	0.275123	0.153742   	1.00513 
432	45    	0.566054 	0.310251	0.152028   	1.00513 
433	45    	0.572614 	0.335688	-0.0171429 	1.07591 
434	49    	0.513625 	0.34809 	0.0759436  	1.09787 
435	42    	0.472844 	0.406007	-1         	1.09787 
436	48    	0.488918 	0.289606	0.111098   	1.08049 
437	44    	0.512492 	0.305508	0.0959137  	1.08049 
438	46    	0.48365  	0.318669	0.089887   	1.08049 
439	46    	0.398555 	0.317719	-0.02      	1.08049 
440	44    	0.542895 	0.329684	0.0883615  	1.1349  
441	47    	0.378165 	0.291456	-0.0171429 	1.1349  
442	49    	0.469838 	0.329509	-0.0166667 	1.04778 
443	45    	0.445399 	0.278729	0.125109   	0.979434
444	45    	0.497684 	0.281366	0.112327   	0.979434
445	49    	0.451873 	0.272946	0.138517   	0.986098
446	46    	0.502881 	0.292503	-0.015     	1.02568 
447	47    	0.374702 	0.234238	0.101503   	0.986098
448	45    	0.483486 	0.28762 	-0.0133332 	1.06759 
449	46    	0.471191 	0.316171	-0.0166667 	1.06759 
450	43    	0.527547 	0.30756 	0.0850316  	1.06759 
451	46    	0.530246 	0.328644	-0.016     	1.13449 
452	48    	0.469431 	0.361925	-1         	0.997089
453	39    	0.622941 	0.296717	0.140923   	0.992725
454	44    	0.493174 	0.309699	0.0695148  	0.992725
455	45    	0.513843 	0.377882	-1         	1.07016 
456	49    	0.485815 	0.314149	-0.0180001 	1.15159 
457	47    	0.53678  	0.337572	-0.0171429 	1.06291 
458	45    	0.473119 	0.322927	-0.016     	1.06291 
459	46    	0.490825 	0.30758 	0.119677   	1.06291 
460	46    	0.550466 	0.324719	-0.015     	1.06291 
461	44    	0.495434 	0.324767	0.0985531  	1.15159 
462	47    	0.478158 	0.304654	0.0723815  	1.0772  
463	44    	0.547126 	0.327359	0.0530332  	1.0772  
464	47    	0.513974 	0.31639 	-0.015     	1.0772  
465	45    	0.451619 	0.293218	-0.0177779 	1.06813 
466	47    	0.479944 	0.287813	-0.0171428 	1.06328 
467	46    	0.540756 	0.280406	0.17438    	1.06328 
468	45    	0.588561 	0.318598	-0.0133333 	1.14149 
469	45    	0.502372 	0.355053	-0.0166667 	1.07728 
470	44    	0.484807 	0.345302	0.106668   	1.07728 
471	43    	0.516745 	0.365362	-0.0181818 	1.14149 
472	49    	0.384095 	0.279138	0.103229   	1.0669  
473	44    	0.453814 	0.314519	0.122712   	1.07728 
474	47    	0.546905 	0.29465 	0.113145   	1.0669  
475	48    	0.472649 	0.302894	0.113145   	1.00286 
476	47    	0.449452 	0.281131	0.12361    	0.9934  
477	47    	0.442469 	0.284413	-0.0177777 	0.984033
478	47    	0.459088 	0.270205	0.0430929  	0.983805
479	48    	0.428988 	0.278048	-0.0200001 	0.984033
480	47    	0.538073 	0.26874 	0.116985   	0.985153
481	47    	0.57829  	0.297373	0.0602871  	0.985012
482	46    	0.5826   	0.293083	0.119453   	0.984033
483	41    	0.563848 	0.345081	0.0530332  	0.98689 
484	45    	0.553744 	0.333658	-0.0150001 	0.98689 
485	45    	0.5031   	0.32047 	-0.0166666 	0.97534 
486	44    	0.527213 	0.31025 	-0.0166666 	0.97534 
487	46    	0.49497  	0.31046 	-0.02      	0.98689 
488	45    	0.5404   	0.317791	0.0735167  	1.15931 
489	45    	0.448347 	0.328018	-0.016     	1.15931 
490	42    	0.54628  	0.35256 	-0.02      	1.15931 
491	46    	0.497476 	0.358434	-0.0171428 	1.15931 
492	46    	0.504525 	0.369755	-0.0171429 	1.15931 
493	46    	0.557408 	0.357031	0.0916137  	1.15931 
494	45    	0.541299 	0.373524	-0.0160001 	1.15931 
495	47    	0.47495  	0.337862	-0.015     	1.15931 
496	47    	0.517987 	0.331816	-0.015     	1.05629 
497	45    	0.584265 	0.295708	0.116828   	1.05138 
498	49    	0.528922 	0.263974	0.0913322  	0.988575
499	46    	0.546301 	0.343318	-1         	0.988575
500	46    	0.487853 	0.389794	-1         	0.988575
501	45    	0.540583 	0.338715	-1         	0.988575
502	48    	0.501887 	0.286256	-0.0159964 	1.06768 
503	46    	0.482856 	0.348779	-1         	0.972803
504	44    	0.559076 	0.349745	-1         	0.980978
505	44    	0.587485 	0.355387	-1         	0.980978
506	44    	0.462796 	0.423531	-1         	0.980978
507	46    	0.528586 	0.264207	0.0934885  	0.980978
508	47    	0.404147 	0.328888	-1         	0.869703
509	45    	0.448977 	0.320674	-1         	0.900408
510	47    	0.458444 	0.364971	-1         	0.903902
511	46    	0.446614 	0.390086	-1         	0.923477
512	47    	0.468591 	0.396555	-1         	0.923477
513	44    	0.463263 	0.395491	-1         	0.940619
514	47    	0.480909 	0.252139	0.123083   	0.985606
515	46    	0.452349 	0.399848	-1         	0.985606
516	44    	0.514777 	0.244166	0.176502   	0.985606
517	42    	0.500905 	0.339062	-1         	0.985606
518	46    	0.3943   	0.426057	-1         	0.985606
519	43    	0.553898 	0.237378	0.208996   	0.985606
520	48    	0.400374 	0.36241 	-1         	0.895168
521	46    	0.468487 	0.301243	-1         	0.889575
522	44    	0.492287 	0.232993	0.158584   	0.987357
523	44    	0.406054 	0.531341	-1         	0.987357
524	45    	0.477416 	0.397675	-1         	0.940885
525	47    	0.477464 	0.44512 	-1         	0.947406
526	46    	0.492311 	0.438361	-1         	0.937229
527	45    	0.398072 	0.481484	-1         	0.937229
528	44    	0.504137 	0.328822	-1         	0.93519 
529	47    	0.411944 	0.428717	-1         	1.06052 
530	45    	0.496823 	0.338688	-1         	0.981173
531	47    	0.487125 	0.293077	0.143384   	0.981591
532	46    	0.377613 	0.292089	-0.0166666 	0.981591
533	45    	0.419275 	0.298476	-0.0166667 	0.981591
534	46    	0.452843 	0.295663	-0.015     	0.981591
535	47    	0.457315 	0.285414	-0.0174994 	0.978572
536	47    	0.431517 	0.275473	-0.0175001 	0.978572
537	47    	0.463247 	0.28674 	-0.0177778 	0.978572
538	45    	0.456163 	0.303346	-0.0166666 	0.983253
539	44    	0.439024 	0.315238	-0.0133333 	0.983253
540	43    	0.443471 	0.30988 	-0.016     	0.983253
541	46    	0.42073  	0.316796	-0.015     	0.984117
542	44    	0.484135 	0.319532	0.0983507  	0.984117
543	47    	0.399512 	0.316462	-0.0175    	0.984117
544	49    	0.466897 	0.296553	0.0745684  	0.911465
545	43    	0.483849 	0.281584	-0.0171429 	0.911465
546	49    	0.439662 	0.263633	0.056945   	0.985219
547	49    	0.406502 	0.247947	-0.0166666 	0.981302
548	45    	0.474896 	0.325397	-1         	0.981302
549	45    	0.442026 	0.396318	-1         	0.904185
550	48    	0.430103 	0.252836	0.115811   	0.981302
551	47    	0.466778 	0.261081	0.059865   	0.905102
552	45    	0.421918 	0.292285	-0.0160001 	0.981302
553	47    	0.458128 	0.282002	-0.0133333 	0.981302
554	47    	0.379778 	0.283344	-0.01      	0.981302
555	42    	0.512612 	0.282768	0.123664   	0.981302
556	42    	0.486661 	0.310499	-0.0149999 	0.981302
557	48    	0.39702  	0.276717	0.0952765  	0.981302
558	43    	0.47809  	0.285104	0.0659692  	0.981302
559	47    	0.320535 	0.252931	-0.0133337 	0.981302
560	45    	0.430943 	0.276476	0.0967255  	0.981302
561	45    	0.42701  	0.278193	0.0718987  	0.981302
562	44    	0.414744 	0.26739 	-0.0171429 	0.981302
563	46    	0.333972 	0.248229	-0.015     	0.981302
564	47    	0.380235 	0.288787	-0.01      	0.981302
565	45    	0.448811 	0.293691	-0.01      	1.05887 
566	48    	0.412789 	0.299195	-0.0166556 	1.05887 
567	46    	0.493047 	0.317638	-0.02      	1.05887 
568	46    	0.440406 	0.31628 	-0.0160001 	1.05887 
569	47    	0.393997 	0.280876	-0.0175001 	0.998294
570	48    	0.440596 	0.273671	0.106306   	0.961507
571	47    	0.461846 	0.28471 	-0.016     	0.973152
572	48    	0.45987  	0.258757	0.0648933  	1.03408 
573	45    	0.387108 	0.257811	-0.0171427 	0.857364
574	49    	0.447934 	0.255692	-0.02      	1.00134 
575	48    	0.491881 	0.244425	-0.0133332 	1.05233 
576	47    	0.465693 	0.253001	-0.0133332 	0.981648
577	44    	0.52381  	0.264195	0.109369   	0.981648
578	42    	0.509926 	0.301567	0.0957603  	1.05233 
579	49    	0.43994  	0.310134	-0.01      	1.0625  
580	42    	0.548591 	0.326823	-0.015     	1.0625  
581	45    	0.447311 	0.329728	-0.0159999 	1.0625  
582	45    	0.463059 	0.310878	0.105888   	1.0625  
583	44    	0.491454 	0.30996 	0.055152   	1.0625  
584	46    	0.517054 	0.33187 	-0.0149999 	1.1248  
585	49    	0.417793 	0.324641	-0.0166667 	1.15693 
586	47    	0.42996  	0.326652	-0.0171429 	1.15693 
587	43    	0.544471 	0.348468	-0.016     	1.15693 
588	47    	0.381327 	0.313715	-0.0174999 	1.06882 
589	49    	0.449612 	0.313473	-0.02      	0.994776
590	47    	0.449916 	0.301434	-0.0175    	1.05465 
591	44    	0.541247 	0.303511	0.0479745  	0.994776
592	43    	0.545346 	0.324671	-0.016     	0.994776
593	48    	0.50644  	0.293223	0.0721167  	0.98149 
594	47    	0.502687 	0.292261	-0.016     	0.986803
595	48    	0.447336 	0.284722	0.115437   	0.986803
596	44    	0.498117 	0.274001	0.0589839  	0.974435
597	45    	0.543079 	0.302101	0.112501   	1.05088 
598	46    	0.526617 	0.336558	-0.0175    	0.989926
599	47    	0.520339 	0.315952	0.0592488  	1.07756 
600	46    	0.412389 	0.317364	0.074418   	1.07756 
601	47    	0.411832 	0.318612	-0.02      	1.07756 
602	44    	0.513172 	0.367556	-0.0181819 	1.12281 
603	45    	0.488237 	0.353457	0.0638316  	1.12281 
604	47    	0.46439  	0.340566	0.106881   	1.07756 
605	44    	0.441787 	0.330129	-0.0159967 	1.07756 
606	46    	0.431171 	0.310291	-0.0133333 	1.07756 
607	48    	0.471555 	0.291037	-0.015     	1.06846 
608	45    	0.380206 	0.244937	-0.0133333 	0.99622 
609	46    	0.432344 	0.275952	-0.0171429 	0.99622 
610	44    	0.493682 	0.301276	0.168838   	0.99622 
611	46    	0.434997 	0.280513	0.0880405  	1.07756 
612	48    	0.401095 	0.299636	-0.0171429 	1.07756 
613	44    	0.488847 	0.319998	0.0580073  	1.07756 
614	47    	0.419221 	0.307701	-0.0160001 	1.07756 
615	45    	0.441297 	0.314337	-0.01      	1.07756 
616	45    	0.474815 	0.333612	0.0893869  	1.07756 
617	45    	0.493623 	0.344699	-0.0175    	1.07756 
618	47    	0.53391  	0.334851	-0.0159999 	1.07756 
619	47    	0.514774 	0.323432	-0.0175004 	1.00007 
620	47    	0.490306 	0.28201 	-0.0133333 	1.00007 
621	44    	0.471071 	0.276664	0.168468   	1.00007 
622	46    	0.511706 	0.30876 	0.0543996  	1.00437 
623	45    	0.496772 	0.309394	0.116254   	1.00437 
624	48    	0.410724 	0.285119	0.0721504  	1.00437 
625	45    	0.565086 	0.320371	-0.01      	1.07756 
626	44    	0.45768  	0.307522	-0.0174999 	1.07756 
627	48    	0.458972 	0.307678	-0.018     	1.00437 
628	45    	0.477949 	0.280586	0.086516   	1.00437 
629	45    	0.453292 	0.294574	-0.016     	1.00437 
630	48    	0.48799  	0.262442	0.124629   	0.944175
631	42    	0.564499 	0.27172 	0.138202   	0.996041
632	42    	0.486155 	0.348523	-1         	0.996041
633	49    	0.478504 	0.277386	0.0969444  	1.00532 
634	45    	0.478597 	0.351993	-1         	1.00532 
635	46    	0.521563 	0.286264	0.114797   	1.00532 
636	46    	0.490743 	0.26982 	0.0927593  	1.00334 
637	47    	0.477797 	0.280401	0.121104   	0.985326
638	48    	0.451112 	0.270223	0.122417   	1.07973 
639	47    	0.439867 	0.309236	-0.0171429 	1.00414 
640	43    	0.531327 	0.321487	-0.02      	1.05844 
641	45    	0.491282 	0.337326	-0.0166647 	1.05844 
642	49    	0.415067 	0.302691	-0.0171429 	0.939947
643	47    	0.538114 	0.278198	0.0708826  	1.05305 
644	47    	0.416486 	0.256611	-0.0159979 	0.936862
645	40    	0.57897  	0.274864	-0.0166667 	1.05949 
646	46    	0.52754  	0.303315	0.0976268  	1.05949 
647	47    	0.530747 	0.353073	-0.0166592 	1.06591 
648	44    	0.572417 	0.32457 	0.15288    	1.12491 
649	45    	0.515375 	0.332398	0.0971958  	1.06712 
650	45    	0.537433 	0.325572	0.0982082  	0.994527
651	46    	0.540771 	0.309701	-0.016     	1.0685  
652	48    	0.500247 	0.326578	-0.0166667 	1.15693 
653	46    	0.465315 	0.357608	0.0827611  	1.15693 
654	48    	0.43801  	0.353938	-0.0171429 	1.15693 
655	44    	0.468055 	0.357906	-0.0175    	1.05465 
656	49    	0.435134 	0.306686	0.0654887  	1.05465 
657	43    	0.542766 	0.334233	-0.0171428 	1.05465 
658	47    	0.524576 	0.350315	-0.0166667 	1.15693 
659	45    	0.576961 	0.375115	-0.016     	1.15693 
660	46    	0.520556 	0.343873	-0.02      	1.15693 
661	43    	0.537713 	0.331636	0.0751726  	1.15693 
662	48    	0.390682 	0.336463	-0.0175    	1.15693 
663	45    	0.557941 	0.313631	0.146386   	1.15693 
664	46    	0.448874 	0.316227	-0.01      	1.15693 
665	44    	0.514534 	0.305443	0.0949342  	1.05465 
666	47    	0.495869 	0.299514	-0.0150001 	0.982371
667	47    	0.565534 	0.326984	0.0896352  	1.15693 
668	46    	0.526799 	0.351953	-0.0150001 	1.15693 
669	48    	0.471047 	0.348999	-0.0166667 	1.04191 
670	45    	0.512256 	0.306597	0.0909109  	0.99736 
671	47    	0.594595 	0.286157	-0.0166667 	1.15693 
672	47    	0.512729 	0.319684	-0.0133334 	1.15693 
673	45    	0.552222 	0.29142 	0.0530332  	1.15693 
674	49    	0.516831 	0.335901	-0.0171428 	1.06015 
675	49    	0.596367 	0.279379	0.0636274  	1.06712 
676	46    	0.56836  	0.311383	-0.0166666 	1.06712 
677	46    	0.524353 	0.341318	0.086856   	1.02943 
678	45    	0.52938  	0.310679	-0.015     	1.05465 
679	48    	0.474385 	0.296765	-0.016     	0.994776
680	48    	0.530348 	0.289881	0.127074   	1.1185  
681	47    	0.515056 	0.267479	0.115465   	0.977554
682	45    	0.526026 	0.271746	0.138217   	0.984464
683	49    	0.479075 	0.268884	0.0974377  	1.04097 
684	48    	0.57133  	0.283268	0.0744495  	1.04097 
685	48    	0.555622 	0.286013	0.102188   	0.966035
686	49    	0.533071 	0.288489	0.0787735  	0.978354
687	46    	0.509829 	0.378859	-1         	1.05892 
688	45    	0.566074 	0.311593	0.154728   	1.05892 
689	45    	0.506314 	0.306928	0.127387   	1.05892 
690	44    	0.527507 	0.369852	-1         	1.05892 
691	44    	0.603345 	0.312768	-0.0166668 	1.05892 
692	46    	0.536567 	0.305681	-0.016     	0.977797
693	44    	0.505154 	0.320664	-0.0177778 	0.977797
694	45    	0.533409 	0.317966	0.119788   	0.982621
695	47    	0.447498 	0.297984	-0.0166667 	1.0707  
696	44    	0.476277 	0.296303	0.0909177  	1.0707  
697	46    	0.50708  	0.336934	0.0998029  	1.0707  
698	46    	0.524041 	0.353129	-0.0175    	1.0707  
699	43    	0.455206 	0.365201	-0.0177778 	1.0707  
700	45    	0.506305 	0.33054 	0.127212   	1.0707  
701	47    	0.523254 	0.344382	-0.0159977 	1.0707  
702	46    	0.477228 	0.344849	0.0623554  	1.0707  
703	43    	0.522565 	0.336211	-0.015     	1.0707  
704	46    	0.536422 	0.317328	0.098695   	1.0707  
705	49    	0.513635 	0.312646	0.108977   	1.0707  
706	47    	0.527154 	0.323563	0.0750309  	1.0707  
707	48    	0.458034 	0.30773 	-0.0133333 	1.0707  
708	46    	0.528947 	0.329837	-0.016     	1.0671  
709	46    	0.539211 	0.316904	-0.0159977 	0.983402
710	47    	0.448493 	0.327527	-0.0183333 	1.03686 
711	49    	0.43555  	0.314303	-0.0175    	0.981333
712	41    	0.540157 	0.306278	-0.015     	0.981333
713	44    	0.517832 	0.316607	0.0774874  	1.11171 
714	47    	0.532506 	0.318731	-0.0175    	1.11171 
715	46    	0.562121 	0.317461	-0.016     	1.11871 
716	46    	0.533338 	0.329601	-0.0177778 	1.04171 
717	46    	0.520939 	0.294268	-0.0175    	0.981333
718	46    	0.550871 	0.319748	-0.02      	0.981333
719	44    	0.626412 	0.293946	0.126452   	0.981333
720	46    	0.555629 	0.442821	-1         	1.06675 
721	46    	0.550466 	0.325555	-0.0133332 	1.06675 
722	48    	0.420578 	0.306259	0.0697715  	1.04836 
723	48    	0.463112 	0.280893	0.080081   	0.913288
724	46    	0.519241 	0.282675	-0.01      	1.07497 
725	42    	0.528923 	0.366517	-1         	1.07497 
726	43    	0.511391 	0.373549	-1         	1.07497 
727	47    	0.489438 	0.283168	0.0894959  	0.990414
728	44    	0.544401 	0.341518	-1         	1.04836 
729	47    	0.485818 	0.335594	-1         	0.938496
730	44    	0.54668  	0.333362	-1         	0.933937
731	46    	0.5324   	0.349992	-1         	1.06631 
732	47    	0.510795 	0.33982 	-1         	1.0425  
733	49    	0.471821 	0.247408	-0.0171429 	1.00977 
734	44    	0.511082 	0.347632	-1         	1.069   
735	49    	0.475866 	0.258313	-0.015     	0.978164
736	47    	0.422261 	0.403442	-1         	1.09973 
737	44    	0.492288 	0.340588	-1         	1.069   
738	41    	0.721992 	0.254281	0.158362   	1.069   
739	47    	0.641291 	0.323365	0.0972127  	1.055   
740	46    	0.556818 	0.310274	0.127617   	1.09309 
741	41    	0.608225 	0.295806	0.0956249  	1.09309 
742	49    	0.489887 	0.273439	0.100111   	1.12581 
743	46    	0.629481 	0.266475	0.127257   	1.12581 
744	49    	0.537239 	0.291633	-0.0171414 	1.12581 
745	44    	0.522828 	0.450023	-1         	1.12581 
746	46    	0.532577 	0.315823	0.0940174  	1.12581 
747	48    	0.553343 	0.297102	0.149775   	1.17834 
748	46    	0.488757 	0.390898	-1         	1.17834 
749	47    	0.559504 	0.328891	-0.0150001 	1.17834 
750	44    	0.544674 	0.316921	-0.0166667 	1.10808 
751	48    	0.583494 	0.302427	0.104498   	1.04349 
752	47    	0.604638 	0.299648	0.124194   	1.0486  
753	45    	0.505225 	0.307354	-0.0175    	1.11538 
754	48    	0.45368  	0.30186 	0.108288   	1.03502 
755	45    	0.564558 	0.320132	0.173775   	1.11959 
756	43    	0.591017 	0.330271	0.0858451  	1.11538 
757	47    	0.528028 	0.329949	-0.0175    	1.04585 
758	47    	0.437173 	0.365405	-1         	1.04585 
759	45    	0.527662 	0.297906	-0.015     	1.04585 
760	49    	0.51125  	0.372412	-1         	1.04585 
761	44    	0.554303 	0.32331 	-0.0177778 	1.04585 
762	49    	0.466912 	0.28761 	-0.0166666 	0.98095 
763	44    	0.512088 	0.266154	0.0665396  	0.982998
764	46    	0.49667  	0.368216	-1         	1.06251 
765	43    	0.533204 	0.310513	0.0756935  	1.12082 
766	44    	0.534837 	0.336302	-0.0166666 	1.12082 
767	42    	0.566648 	0.338196	-0.0177778 	1.12082 
768	48    	0.496747 	0.346236	-0.0175    	1.12082 
769	45    	0.460865 	0.334738	0.109164   	1.12082 
770	47    	0.484311 	0.32367 	-0.016     	1.11962 
771	49    	0.380177 	0.29105 	-0.018     	0.984876
772	45    	0.402879 	0.265329	0.067194   	0.982701
773	48    	0.523953 	0.287585	0.0995257  	1.04966 
774	50    	0.511424 	0.306773	-0.0171428 	1.05229 
775	47    	0.512705 	0.285923	0.113407   	1.05057 
776	47    	0.549261 	0.329455	0.120847   	1.05057 
777	45    	0.537469 	0.327638	0.0829597  	1.10933 
778	46    	0.511553 	0.334052	-0.0171429 	1.04986 
779	44    	0.551142 	0.312099	0.0404826  	1.04986 
780	44    	0.548598 	0.332617	-0.01      	1.04913 
781	49    	0.510881 	0.29763 	-0.018     	1.04131 
782	45    	0.532843 	0.308235	-0.0150002 	0.98163 
783	43    	0.539401 	0.316026	-0.016     	1.0438  
784	47    	0.541194 	0.309233	-0.0160001 	1.04373 
785	43    	0.544275 	0.347353	-0.0177778 	1.04373 
786	45    	0.504833 	0.332331	-0.0174999 	1.04373 
787	40    	0.647083 	0.327551	0.144829   	1.04373 
788	45    	0.466088 	0.325081	-0.0175    	1.04667 
789	50    	0.480977 	0.321758	0.113793   	1.10155 
790	47    	0.451584 	0.336483	-0.0177778 	1.12422 
791	47    	0.5965   	0.346736	0.0747054  	1.10951 
792	46    	0.616281 	0.346674	0.122464   	1.12628 
793	49    	0.41577  	0.327689	-0.0177779 	1.11147 
794	46    	0.609534 	0.363071	-0.0171429 	1.11147 
795	47    	0.430806 	0.301674	0.115873   	1.11147 
796	46    	0.460689 	0.331556	0.0580622  	1.11147 
797	48    	0.505793 	0.307088	0.0589863  	1.04802 
798	42    	0.698614 	0.341102	-0.016     	1.11147 
799	44    	0.599003 	0.351087	-0.01      	1.11685 
800	48    	0.57545  	0.355548	-0.0171429 	1.11508 
801	45    	0.538517 	0.362211	0.0838038  	1.12667 
802	47    	0.500515 	0.331228	0.0904335  	1.12667 
803	48    	0.542741 	0.303074	-0.0175    	1.12667 
804	50    	0.499278 	0.322892	-0.016     	1.04592 
805	44    	0.478671 	0.316073	0.113147   	1.04592 
806	46    	0.570928 	0.303246	0.160985   	1.04592 
807	48    	0.564565 	0.30631 	0.107612   	1.03329 
808	47    	0.55583  	0.316817	-0.015     	0.980491
809	47    	0.538803 	0.289457	-0.0175    	1.04522 
810	47    	0.608596 	0.313901	0.100093   	1.10143 
811	50    	0.461779 	0.330155	-0.016554  	1.04522 
812	48    	0.496051 	0.28288 	-0.0171427 	0.969115
813	47    	0.613169 	0.309042	0.15313    	1.1115  
814	46    	0.591633 	0.336044	0.125823   	1.04509 
815	42    	0.576662 	0.373712	-0.0133334 	1.10143 
816	45    	0.524076 	0.358854	-0.0133333 	1.12423 
817	46    	0.604217 	0.359567	-0.0166666 	1.04751 
818	44    	0.650829 	0.347383	0.082121   	1.12423 
819	44    	0.588877 	0.385375	-0.0166638 	1.12423 
820	49    	0.588462 	0.344899	-0.015     	1.04902 
821	47    	0.504173 	0.33608 	-0.0200001 	1.12423 
822	45    	0.605765 	0.349866	0.134768   	1.12477 
823	44    	0.683288 	0.33074 	0.113758   	1.12477 
824	46    	0.503367 	0.320061	0.15323    	1.12477 
825	50    	0.528398 	0.339368	-0.0171317 	1.12481 
826	47    	0.614672 	0.32983 	0.0857979  	1.12481 
827	47    	0.464215 	0.34728 	0.106827   	1.12477 
828	47    	0.481938 	0.300681	0.0401176  	0.979513
829	46    	0.554391 	0.294722	-0.016     	0.979513
830	48    	0.526932 	0.285999	-0.0177777 	1.02458 
831	46    	0.447387 	0.289291	-0.02      	0.911751
832	48    	0.455069 	0.295995	0.137747   	1.04886 
833	48    	0.461998 	0.275293	0.108973   	1.12059 
834	46    	0.436419 	0.316182	-0.0166667 	1.09142 
835	49    	0.528231 	0.308009	-0.018     	1.09142 
836	47    	0.459409 	0.288218	-0.0166668 	1.05013 
837	42    	0.578944 	0.29448 	-0.017491  	1.05061 
838	48    	0.53603  	0.313883	0.117242   	1.05074 
839	47    	0.530097 	0.295521	-0.016     	1.05013 
840	46    	0.448841 	0.364461	-1         	1.05013 
841	47    	0.553491 	0.281586	0.160346   	1.04736 
842	46    	0.576341 	0.292981	0.0741953  	1.04736 
843	47    	0.506383 	0.296633	0.139746   	1.04736 
844	46    	0.501396 	0.328144	0.0665664  	1.05029 
845	46    	0.534914 	0.352264	0.109996   	1.12667 
846	44    	0.457476 	0.395   	-1         	1.05029 
847	47    	0.554562 	0.331729	-0.0181818 	1.05029 
848	45    	0.51633  	0.369515	-0.016     	1.05029 
849	46    	0.533086 	0.359169	0.0740375  	1.04812 
850	46    	0.50614  	0.33306 	-0.015     	1.12523 
851	48    	0.510934 	0.313671	-0.0133332 	1.04541 
852	49    	0.472937 	0.296587	-0.0133333 	1.04541 
853	47    	0.507308 	0.322525	-0.017143  	1.04541 
854	46    	0.524126 	0.285544	0.103285   	1.05982 
855	48    	0.510166 	0.289144	0.0713915  	1.05982 
856	45    	0.537782 	0.296734	-0.01      	1.04895 
857	47    	0.519051 	0.294029	0.11149    	1.04898 
858	43    	0.593949 	0.301455	0.121238   	1.04895 
859	46    	0.495627 	0.393611	-1         	1.1241  
860	48    	0.45744  	0.377618	-1         	1.04731 
861	45    	0.582412 	0.324336	0.133099   	1.12006 
862	48    	0.4855   	0.313216	0.0639078  	1.04731 
863	44    	0.533442 	0.353721	-0.0175    	1.14843 
864	43    	0.527889 	0.368097	-0.0175    	1.12126 
865	45    	0.493042 	0.354513	-0.0171413 	1.0746  
866	46    	0.492433 	0.346975	-0.02      	1.05879 
867	45    	0.475859 	0.367591	0.075716   	1.05879 
868	46    	0.495637 	0.351982	-0.0200001 	1.05879 
869	47    	0.441796 	0.331831	-0.0133334 	1.07051 
870	43    	0.616316 	0.330981	-0.02      	1.07051 
871	45    	0.62528  	0.322708	0.118963   	1.07051 
872	47    	0.542496 	0.380925	0.137869   	1.18458 
873	43    	0.570244 	0.362455	-0.0166666 	1.16491 
874	47    	0.390594 	0.292577	-0.0177778 	1.07549 
875	46    	0.390975 	0.293676	-0.0177778 	1.07549 
876	45    	0.53426  	0.326416	0.0923529  	1.07549 
877	45    	0.536706 	0.401723	-1         	1.07549 
878	47    	0.522132 	0.342509	-0.0133333 	1.13371 
879	43    	0.502678 	0.407606	-1         	1.13371 
880	44    	0.535112 	0.366604	-0.0166667 	1.14513 
881	47    	0.572306 	0.349784	-0.0166667 	1.14513 
882	46    	0.542885 	0.368193	0.173297   	1.15326 
883	46    	0.450432 	0.429112	-1         	1.15326 
884	45    	0.476331 	0.352068	-0.016     	1.14513 
885	47    	0.560128 	0.362862	-0.0177764 	1.14513 
886	46    	0.526911 	0.352773	0.128269   	1.14513 
887	47    	0.521855 	0.359812	-0.0177777 	1.14513 
888	45    	0.492553 	0.36176 	-0.0175004 	1.14513 
889	49    	0.430492 	0.326391	-0.0171427 	1.14479 
890	46    	0.547008 	0.316868	0.127918   	1.15255 
891	43    	0.546546 	0.375973	-0.0171413 	1.15255 
892	44    	0.397239 	0.410014	-1         	1.15255 
893	49    	0.358015 	0.281114	-0.0183333 	1.14479 
894	41    	0.511702 	0.34079 	-0.0175    	1.14774 
895	46    	0.506069 	0.368573	0.0845414  	1.14478 
896	45    	0.472685 	0.332534	-0.0166592 	1.14478 
897	45    	0.557577 	0.315568	0.144165   	1.14104 
898	45    	0.552502 	0.31338 	0.195733   	1.14104 
899	46    	0.544314 	0.331946	-0.0200001 	1.14104 
900	47    	0.529071 	0.290159	0.112764   	1.00915 
901	45    	0.607901 	0.336153	-0.0171429 	1.14273 
902	45    	0.575317 	0.348013	-0.0177778 	1.14273 
903	45    	0.542165 	0.334552	-0.0171428 	1.14273 
904	47    	0.517327 	0.304086	0.0538652  	1.14273 
905	48    	0.435974 	0.33023 	-0.0175    	1.12357 
906	45    	0.400263 	0.487098	-1         	1.12357 
907	45    	0.463333 	0.336183	-0.0177778 	1.12357 
908	42    	0.605625 	0.367602	0.0588988  	1.14226 
909	46    	0.501253 	0.356314	0.106498   	1.12357 
910	44    	0.453534 	0.35413 	0.0638814  	1.12357 
911	50    	0.428023 	0.329124	-0.0177779 	1.05638 
912	48    	0.442492 	0.42667 	-1         	1.06623 
913	48    	0.56707  	0.278707	-0.0174925 	1.06623 
914	46    	0.444239 	0.425888	-1         	1.01689 
915	44    	0.498021 	0.427871	-1         	1.02471 
916	47    	0.475899 	0.3511  	-1         	1.04878 
917	47    	0.375081 	0.422819	-1         	1.02471 
918	48    	0.403913 	0.434871	-1         	0.989781
919	45    	0.472965 	0.403692	-1         	0.955635
920	45    	0.558631 	0.378884	-1         	0.955635
921	46    	0.508306 	0.3575  	-1         	0.998381
922	45    	0.585192 	0.367443	-1         	1.00437 
923	44    	0.604655 	0.307251	-0.0171415 	1.04371 
924	43    	0.526109 	0.389353	-1         	1.00437 
925	44    	0.509506 	0.378713	-1         	1.13761 
926	47    	0.599159 	0.335093	0.124869   	1.13761 
927	47    	0.549979 	0.330979	0.133027   	1.13761 
928	45    	0.488672 	0.347229	-0.0171429 	1.13761 
929	43    	0.5128   	0.339633	-0.0159977 	1.13761 
930	44    	0.498563 	0.331948	0.101595   	1.13761 
931	48    	0.506049 	0.299052	-0.0171428 	1.05835 
932	45    	0.591646 	0.305208	0.0658459  	1.05835 
933	47    	0.526911 	0.336224	-0.0133333 	1.12646 
934	47    	0.482505 	0.376113	-1         	1.04021 
935	46    	0.456623 	0.365161	-1         	1.04021 
936	48    	0.486404 	0.299137	-0.0133333 	1.05362 
937	42    	0.588231 	0.368222	-1         	1.10297 
938	48    	0.500936 	0.316797	0.162548   	1.05362 
939	45    	0.46784  	0.324974	-0.0174998 	1.05362 
940	49    	0.44186  	0.300298	0.0902787  	1.04188 
941	45    	0.554304 	0.301078	0.053625   	1.04631 
942	46    	0.504647 	0.401115	-1         	1.04362 
943	42    	0.503984 	0.333404	0.139688   	1.04362 
944	46    	0.518126 	0.328142	0.0964727  	1.04214 
945	47    	0.482188 	0.309048	-0.02      	1.04214 
946	48    	0.475522 	0.280017	0.092651   	1.00007 
947	48    	0.517996 	0.320935	-0.02      	1.00823 
948	45    	0.477331 	0.276787	0.04132    	1.00823 
949	47    	0.422382 	0.27486 	-0.0177778 	1.00823 
950	47    	0.417153 	0.412358	-1         	1.06951 
951	47    	0.463562 	0.300212	0.0755058  	1.06951 
952	44    	0.443705 	0.361669	-1         	1.06951 
953	49    	0.435881 	0.270823	0.0503831  	0.986758
954	48    	0.423552 	0.333199	-1         	1.01125 
955	44    	0.500486 	0.339811	-1         	1.02711 
956	46    	0.500284 	0.297943	-0.0166652 	1.02711 
957	49    	0.446301 	0.282673	-0.015     	1.09254 
958	45    	0.473987 	0.24738 	0.157511   	0.922909
959	43    	0.437194 	0.349626	-1         	0.953202
960	50    	0.363278 	0.241308	-0.0175    	0.972018
961	48    	0.365465 	0.332566	-1         	0.959928
962	47    	0.381158 	0.275724	-0.0181818 	0.963575
963	48    	0.451336 	0.323888	-1         	0.967691
964	47    	0.556886 	0.272241	0.109148   	1.08605 
965	43    	0.49935  	0.375273	-1         	1.08605 
966	48    	0.418671 	0.309135	-0.0133334 	1.14492 
967	45    	0.512951 	0.324741	-0.0166652 	1.14492 
968	48    	0.456282 	0.308244	-0.0171429 	1.14207 
969	47    	0.468668 	0.371249	-1         	1.08992 
970	46    	0.445208 	0.299712	-0.0133332 	1.08992 
971	47    	0.452789 	0.393065	-1         	1.08992 
972	42    	0.60492  	0.355592	-0.0181818 	1.08992 
973	47    	0.579551 	0.339622	0.173919   	1.0914  
974	49    	0.446478 	0.285333	0.147932   	1.0914  
975	45    	0.556001 	0.309115	0.124517   	1.15637 
976	45    	0.591273 	0.331087	-0.01      	1.15637 
977	45    	0.600824 	0.345283	0.119506   	1.16755 
978	42    	0.616268 	0.388436	0.112508   	1.16755 
979	42    	0.591652 	0.397732	0.0573411  	1.16755 
980	45    	0.493544 	0.369801	-0.0171413 	1.16755 
981	47    	0.452344 	0.335206	-0.0166667 	1.16755 
982	41    	0.569268 	0.386251	-0.0175    	1.16755 
983	45    	0.49919  	0.361016	-0.0171431 	1.16755 
984	48    	0.497726 	0.333326	0.140584   	1.04712 
985	45    	0.538327 	0.304661	0.0658134  	1.03697 
986	44    	0.566185 	0.324583	0.128328   	1.03697 
987	47    	0.490679 	0.312074	0.135072   	1.09956 
988	46    	0.478161 	0.312031	-0.015     	1.09956 
989	44    	0.564357 	0.314301	0.105662   	1.16755 
990	45    	0.46698  	0.462954	-1         	1.16755 
991	48    	0.483274 	0.335957	-0.0174905 	1.0829  
992	47    	0.468418 	0.295486	0.156417   	1.08068 
993	48    	0.409039 	0.368919	-1         	1.17528 
994	45    	0.463094 	0.365228	-1         	1.09343 
995	44    	0.564047 	0.287476	0.149851   	1.09343 
996	49    	0.5234   	0.286903	0.149095   	1.09817 
997	45    	0.517046 	0.305573	0.139963   	1.09817 
998	47    	0.519326 	0.336913	0.0754048  	1.11064 
999	44    	0.532426 	0.348801	-0.0175    	1.11064 
1000	47    	0.42405  	0.285389	0.104931   	1.06261 
