Argument values: path=C:\Users\1625203\Downloads\Framsticks50rc22\Framsticks50rc22, lib=None, sim=eval-allcriteria.sim;deterministic.sim;sample-period-2.sim;f9-mut-030.sim, genformat=None, initialgenotype=/*9*/BLU, opt=vertpos, popsize=50, generations=1000, tournament=10, pmut=0.9, pxov=0.2, hof_size=1, hof_savefile=None, max_numparts=30, max_numjoints=None, max_numneurons=None, max_numconnections=None, max_numgenochars=50
Using Framsticks version: 5.0rc22
Home (writable) dir     : C:\Users\1625203\Downloads\Framsticks50rc22\Framsticks50rc22\data
Resources dir           : C:\Users\1625203\Downloads\Framsticks50rc22\Framsticks50rc22\data

Available objects: ['CheckpointEvent', 'Collision', 'CrCollision', 'Creature', 'CreatureSettings', 'CreatureSignals', 'CreatureSnapshot', 'Dictionary', 'ExpProperties', 'ExpState', 'ExtValue', 'File', 'FunctionReference', 'GenMan', 'GenManStats', 'GenePool', 'GenePools', 'Geno', 'Genotype', 'Interface', 'Joint', 'Loader', 'Math', 'MechJoint', 'MechPart', 'MessageCatcher', 'Model', 'ModelGeometry', 'ModelSymmetry', 'Neuro', 'NeuroClass', 'NeuroClassLibrary', 'NeuroDef', 'NeuroSignals', 'NeuronsSimEnabled', 'ODE', 'Orient', 'Part', 'Population', 'Populations', 'Ref', 'Signal', 'SignalView', 'SimilMeasure', 'SimilMeasureDistribution', 'SimilMeasureGreedy', 'SimilMeasureHungarian', 'Simulator', 'SlaveSimulators', 'StopEvent', 'String', 'UserScripts', 'Vector', 'WireframeAppearance', 'World', 'WorldMap', 'WorldSignals', 'XYZ', '__builtins__', '__cached__', '__doc__', '__file__', '__loader__', '__name__', '__package__', '__spec__', 'c_api', 'ctypes', 'home_dir', 'init', 'os', 're', 'res_dir', 'sim_params', 'stats', 'sys']

Performing a basic test 1/2... OK.
Performing a basic test 2/2... OK.
Using settings: ['eval-allcriteria.sim', 'deterministic.sim', 'sample-period-2.sim', 'f9-mut-030.sim']
gen	nevals	avg     	stddev	min     	max     
0  	50    	0.218369	0     	0.218369	0.218369
1  	45    	0.0696103	0.109346	-0.016  	0.34171 
2  	46    	0.101519 	0.109326	-0.0166667	0.294832
3  	43    	0.135953 	0.143764	-0.02     	0.514537
4  	47    	0.190868 	0.133386	-0.0175   	0.514537
5  	44    	0.209643 	0.167777	-0.02     	0.812825
6  	45    	0.187653 	0.190073	-0.02     	0.812825
7  	49    	0.264933 	0.184717	-0.0166668	0.812825
8  	47    	0.225493 	0.186918	-0.02     	0.687912
9  	46    	0.277367 	0.198193	-0.02     	0.812825
10 	47    	0.230476 	0.189518	-0.0166667	0.687912
11 	47    	0.287495 	0.158406	-0.02     	0.693407
12 	46    	0.279051 	0.153291	-0.0166667	0.617138
13 	45    	0.301503 	0.156611	0.0961615 	0.705828
14 	46    	0.271774 	0.209601	-0.02     	0.686312
15 	47    	0.278213 	0.184065	-0.02     	0.729281
16 	42    	0.365041 	0.192078	0.0860911 	0.729969
17 	46    	0.301883 	0.210894	-0.02     	0.686312
18 	48    	0.280591 	0.176952	-0.0171428	0.650493
19 	47    	0.286974 	0.176929	-0.02     	0.650493
20 	47    	0.321701 	0.208956	-0.02     	0.729969
21 	46    	0.34231  	0.196616	-0.02     	0.732729
22 	44    	0.336392 	0.218138	-0.016    	0.732729
23 	46    	0.288398 	0.207221	-0.0177778	0.732729
24 	49    	0.219736 	0.177155	-0.02     	0.734842
25 	49    	0.280333 	0.156766	-0.0175   	0.804635
26 	46    	0.268501 	0.212247	-0.02     	0.804635
27 	48    	0.271216 	0.216453	-0.02     	0.804635
28 	45    	0.261191 	0.198766	-0.02     	0.729969
29 	46    	0.259679 	0.204542	-0.02     	0.706026
30 	49    	0.222877 	0.201672	-0.02     	0.703466
31 	46    	0.264701 	0.188366	-0.02     	0.703466
32 	46    	0.25348  	0.211137	-0.0175   	0.703466
33 	47    	0.231965 	0.192159	-0.0171429	0.811396
34 	45    	0.244013 	0.202669	-0.0175   	0.811396
35 	48    	0.242367 	0.191991	-0.0177778	0.705091
36 	45    	0.253036 	0.211246	-0.02     	0.703466
37 	49    	0.248261 	0.188414	-0.02     	0.706026
38 	46    	0.257651 	0.197177	-0.0175   	0.705984
39 	45    	0.265542 	0.2375  	-0.0175   	0.703852
40 	43    	0.263028 	0.250767	-0.0171429	0.811247
41 	46    	0.240252 	0.202853	-0.02     	0.703466
42 	47    	0.230379 	0.210076	-0.02     	0.704133
43 	44    	0.260209 	0.212566	-0.02     	0.811396
44 	46    	0.239202 	0.226802	-0.0171429	0.811396
45 	46    	0.285336 	0.205559	-0.02     	0.811396
46 	48    	0.193222 	0.186866	-0.0166668	0.811396
47 	48    	0.187752 	0.213371	-0.02     	0.812977
48 	46    	0.26646  	0.205476	-0.0179999	0.812308
49 	46    	0.228298 	0.208176	-0.02     	0.812083
50 	45    	0.238409 	0.208868	-0.0175   	0.811396
51 	49    	0.233535 	0.144144	-0.0177777	0.729823
52 	46    	0.220635 	0.161255	-0.02     	0.729823
53 	48    	0.241429 	0.170491	-0.0166666	0.729823
54 	45    	0.299442 	0.175093	-0.0150003	0.729823
55 	46    	0.279104 	0.176216	-0.016    	0.729823
56 	42    	0.307126 	0.189456	-0.0177778	0.729823
57 	45    	0.280398 	0.198117	-0.0177778	0.867041
58 	47    	0.298457 	0.195692	-0.015    	0.867493
59 	49    	0.293122 	0.130078	0.0696688 	0.61463 
60 	46    	0.289872 	0.145847	-0.02     	0.694742
61 	44    	0.314529 	0.164963	0.0640876 	0.692978
62 	48    	0.228122 	0.143199	-0.02     	0.66416 
63 	46    	0.248067 	0.109783	-0.0171429	0.61463 
64 	47    	0.251622 	0.118245	-0.02     	0.61463 
65 	43    	0.295113 	0.125476	-0.01     	0.61463 
66 	47    	0.292225 	0.136902	0.0603774 	0.614325
67 	47    	0.29849  	0.151126	0.0862626 	0.698685
68 	48    	0.275692 	0.153065	-0.0171429	0.698685
69 	46    	0.283549 	0.152642	-0.0177778	0.698558
70 	45    	0.301128 	0.1881  	-0.0171429	0.705072
71 	47    	0.32174  	0.175151	-0.0175   	0.705828
72 	44    	0.260124 	0.189522	-0.0175001	0.687912
73 	45    	0.266506 	0.18623 	-0.0228572	0.702212
74 	48    	0.247885 	0.183515	-0.0175   	0.802666
75 	47    	0.287472 	0.196611	-0.0160001	0.812825
76 	44    	0.293432 	0.246403	-0.0171429	0.812825
77 	46    	0.287758 	0.235606	-0.02     	0.818806
78 	47    	0.294883 	0.210492	-0.0171429	0.818806
79 	46    	0.30201  	0.188163	-0.0171427	0.818806
80 	42    	0.289981 	0.212532	-0.0177778	0.818806
81 	45    	0.319044 	0.234711	-0.0200001	0.818826
82 	48    	0.29368  	0.214542	-0.02     	0.818826
83 	42    	0.30202  	0.175653	-0.0166667	0.818826
84 	46    	0.27237  	0.192909	-0.0175   	0.818826
85 	45    	0.285521 	0.225423	-0.0171428	0.818826
86 	49    	0.247665 	0.163182	-0.0166666	0.818826
87 	45    	0.288153 	0.169842	-0.0160001	0.843322
88 	49    	0.199697 	0.1603  	-0.0175   	0.730774
89 	48    	0.233898 	0.158908	-0.02     	0.705828
90 	47    	0.223134 	0.167994	-0.0225001	0.644423
91 	46    	0.248499 	0.141473	-0.0160001	0.540102
92 	48    	0.257691 	0.16037 	-0.02     	0.703401
93 	45    	0.243614 	0.146149	-0.0166666	0.610346
94 	43    	0.31707  	0.145094	-0.016    	0.702995
95 	46    	0.255921 	0.168062	-0.0171429	0.671399
96 	44    	0.279371 	0.168172	-0.02     	0.671399
97 	47    	0.359822 	0.169567	-0.02     	0.706012
98 	47    	0.343488 	0.17303 	-0.0133334	0.676757
99 	44    	0.340303 	0.163005	-0.01     	0.676757
100	43    	0.340875 	0.185247	0.083188  	0.671399
101	46    	0.331671 	0.161563	-0.0133333	0.671399
102	45    	0.340379 	0.152191	0.112929  	0.683944
103	45    	0.371376 	0.171468	0.0815354 	0.729557
104	44    	0.310561 	0.153862	-0.0175001	0.683944
105	44    	0.354257 	0.137771	-0.02     	0.683944
106	44    	0.301572 	0.153894	-0.0166665	0.683944
107	46    	0.330437 	0.154237	0.0982805 	0.683944
108	47    	0.290805 	0.151326	0.05807   	0.683944
109	45    	0.313929 	0.166201	-0.0185714	0.683944
110	49    	0.316485 	0.137484	0.0819936 	0.708043
111	47    	0.302859 	0.14363 	-0.02     	0.623551
112	47    	0.29736  	0.128962	0.0740183 	0.623551
113	46    	0.301067 	0.157391	-0.0171429	0.807499
114	47    	0.308093 	0.163233	-0.02     	0.807499
115	47    	0.308003 	0.15161 	-0.0166667	0.807499
116	50    	0.326408 	0.144585	0.0588354 	0.624787
117	48    	0.300587 	0.120134	0.0844644 	0.592225
118	44    	0.345177 	0.150792	-0.015    	0.666311
119	46    	0.336347 	0.123322	0.0988255 	0.666311
120	46    	0.310348 	0.155051	-0.02     	0.666311
121	49    	0.291526 	0.138487	-0.02     	0.576544
122	49    	0.298256 	0.11884 	0.0769641 	0.649018
123	49    	0.302475 	0.0990686	0.0907625 	0.543207
124	45    	0.308525 	0.0991143	0.0755503 	0.518453
125	45    	0.313787 	0.097184 	0.0857957 	0.574678
126	49    	0.32387  	0.0819034	0.147684  	0.539624
127	48    	0.308016 	0.0924112	-0.00671136	0.511201
128	44    	0.331551 	0.0954175	0.124477   	0.541597
129	47    	0.296982 	0.20785  	-1         	0.594951
130	48    	0.227381 	0.326535 	-1         	0.553318
131	47    	0.32858  	0.215966 	-1         	0.607661
132	50    	0.297888 	0.100835 	0.114844   	0.610093
133	44    	0.25899  	0.338766 	-1         	0.639042
134	45    	0.256179 	0.338307 	-1         	0.639042
135	44    	0.283906 	0.287879 	-1         	0.639042
136	48    	0.0917123	0.513928 	-1         	0.457739
137	45    	0.00793041	0.570632 	-1         	0.468163
138	43    	0.0802104 	0.515622 	-1         	0.485143
139	48    	0.00720682	0.60004  	-1         	0.544273
140	44    	-0.273926 	0.67387  	-1         	0.544273
141	49    	-0.250033 	0.667119 	-1         	0.48024 
142	42    	0.031365  	0.58307  	-1         	0.469103
143	48    	-0.126885 	0.629909 	-1         	0.466307
144	45    	0.0129053 	0.574776 	-1         	0.512964
145	48    	-0.118248 	0.636142 	-1         	0.496512
146	49    	-0.0247805	0.581701 	-1         	0.526471
147	47    	0.000779461	0.567191 	-1         	0.526471
148	42    	0.113601   	0.533354 	-1         	0.783107
149	41    	0.14706    	0.484045 	-1         	0.783107
150	45    	0.196759   	0.42293  	-1         	0.783107
151	41    	0.252698   	0.396186 	-1         	0.783107
152	47    	0.0927792  	0.489628 	-1         	0.590519
153	48    	0.196471   	0.36814  	-1         	0.590519
154	47    	0.117768   	0.494675 	-1         	0.621407
155	44    	0.176962   	0.48219  	-1         	0.621407
156	49    	0.0249778  	0.552366 	-1         	0.52742 
157	47    	0.188339   	0.444971 	-1         	0.52742 
158	44    	0.0986332  	0.520528 	-1         	0.517247
159	47    	0.318692   	0.204095 	-1         	0.501812
160	46    	0.178715   	0.44872  	-1         	0.689702
161	47    	0.163225   	0.437162 	-1         	0.532838
162	46    	0.193963   	0.4073   	-1         	0.532838
163	49    	0.159959   	0.437068 	-1         	0.55468 
164	49    	0.197803   	0.364232 	-1         	0.496592
165	47    	-0.0751737 	0.609343 	-1         	0.454741
166	46    	0.000233878	0.569357 	-1         	0.565597
167	49    	0.0511349  	0.564748 	-1         	0.616354
168	48    	0.0910907  	0.486403 	-1         	0.616354
169	46    	0.126511   	0.470225 	-1         	0.55617 
170	45    	0.175282   	0.411688 	-1         	0.566886
171	49    	0.239643   	0.286221 	-1         	0.636055
172	47    	0.195334   	0.375845 	-1         	0.67767 
173	47    	0.185315   	0.385987 	-1         	0.636055
174	48    	0.251178   	0.231805 	-1         	0.577444
175	45    	0.29837    	0.211881 	-1         	0.616443
176	43    	0.222039   	0.38067  	-1         	0.616443
177	46    	0.248881   	0.234483 	-1         	0.616443
178	46    	0.32533    	0.150348 	-0.02      	0.722056
179	48    	0.276147   	0.129917 	-0.0181818 	0.616443
180	42    	0.286692   	0.156586 	-0.0177778 	0.558493
181	45    	0.267922   	0.121973 	0.0869406  	0.558493
182	45    	0.275283   	0.130409 	-0.018     	0.580919
183	45    	0.253812   	0.171855 	-0.02      	0.811396
184	44    	0.299914   	0.209789 	-0.0177777 	0.811396
185	44    	0.27062    	0.253061 	-0.0175    	0.813756
186	47    	0.212429   	0.209588 	-0.02      	0.811247
187	45    	0.237299   	0.246048 	-0.02      	0.813708
188	44    	0.267972   	0.260564 	-0.0171428 	0.813708
189	48    	0.182564   	0.204184 	-0.0171429 	0.706014
190	48    	0.164215   	0.170666 	-0.0175    	0.702711
191	45    	0.280348   	0.180206 	-0.0166666 	0.702711
192	48    	0.278664   	0.19554  	-0.0171431 	0.704133
193	49    	0.207858   	0.194384 	-0.02      	0.811396
194	41    	0.233407   	0.204361 	-0.02      	0.811396
195	47    	0.238844   	0.213523 	-0.0199999 	0.811396
196	46    	0.235634   	0.173393 	-0.0166666 	0.704133
197	46    	0.218584   	0.188445 	-0.0171428 	0.811247
198	47    	0.290882   	0.171567 	-0.016     	0.705337
199	48    	0.223361   	0.176681 	-0.02      	0.690827
200	47    	0.251157   	0.170225 	-0.02      	0.689693
201	43    	0.253858   	0.189192 	-0.02      	0.689693
202	43    	0.302303   	0.19802  	-0.0166666 	0.689693
203	47    	0.22672    	0.199986 	-0.0171429 	0.689693
204	47    	0.235132   	0.203314 	-0.02      	0.689693
205	44    	0.240715   	0.209501 	-0.02      	0.705984
206	47    	0.24193    	0.197446 	-0.02      	0.705984
207	43    	0.255065   	0.200894 	-0.02      	0.705984
208	47    	0.276552   	0.215043 	-0.0199999 	0.819334
209	49    	0.257443   	0.170347 	-0.02      	0.705984
210	49    	0.216093   	0.143497 	-0.0166667 	0.488123
211	45    	0.223384   	0.186143 	-0.0171429 	0.812308
212	47    	0.214932   	0.181134 	-0.0200001 	0.812083
213	42    	0.306033   	0.216737 	-0.0166667 	0.812083
214	46    	0.252938   	0.234595 	-0.0166667 	0.812083
215	46    	0.249572   	0.212031 	-0.0166667 	0.812083
216	45    	0.271315   	0.23537  	-0.0166666 	0.812308
217	48    	0.20264    	0.223355 	-0.0175    	0.812308
218	46    	0.230178   	0.220539 	-0.0175    	0.812308
219	48    	0.282905   	0.236288 	-0.0166667 	0.812308
220	48    	0.252008   	0.212738 	-0.0171429 	0.812083
221	45    	0.279825   	0.245571 	-0.0175    	0.811396
222	46    	0.287197   	0.22917  	-0.0175    	0.812308
223	48    	0.217394   	0.20697  	-0.0175    	0.812083
224	44    	0.251848   	0.240248 	-0.0175    	0.812308
225	48    	0.275434   	0.209604 	-0.0171428 	0.812083
226	45    	0.252491   	0.255516 	-0.02      	0.812083
227	50    	0.182087   	0.18305  	-0.02      	0.614823
228	42    	0.26129    	0.205824 	-0.02      	0.615472
229	44    	0.237843   	0.172766 	-0.0200001 	0.615472
230	47    	0.245621   	0.198094 	-0.02      	0.811247
231	45    	0.248023   	0.199609 	-0.0175    	0.704133
232	47    	0.22668    	0.158702 	-0.02      	0.656316
233	44    	0.280842   	0.201044 	-0.0171429 	0.731154
234	46    	0.323519   	0.193745 	-0.018     	0.731154
235	46    	0.314148   	0.192451 	-0.0175    	0.811247
236	43    	0.294074   	0.21581  	-0.0171429 	0.811247
237	49    	0.253601   	0.197609 	-0.0177778 	0.811396
238	48    	0.296991   	0.217162 	-0.0166667 	0.811396
239	47    	0.205332   	0.183349 	-0.0175    	0.697295
240	45    	0.284582   	0.189827 	-0.0171428 	0.599385
241	46    	0.247953   	0.192742 	-0.02      	0.695392
242	48    	0.246317   	0.182039 	-0.0175    	0.527702
243	43    	0.251018   	0.176669 	-0.0199999 	0.615975
244	49    	0.249002   	0.201421 	-0.02      	0.815691
245	45    	0.282063   	0.171182 	-0.0177778 	0.694815
246	44    	0.284351   	0.226477 	-0.0177778 	0.813756
247	47    	0.338079   	0.204571 	-0.0171429 	0.813756
248	46    	0.198504   	0.213538 	-0.0171429 	0.813708
249	46    	0.251203   	0.220173 	-0.0175    	0.813708
250	48    	0.236662   	0.198808 	-0.02      	0.812083
251	47    	0.249416   	0.205241 	-0.0177778 	0.706026
252	42    	0.300201   	0.210091 	-0.0166666 	0.706026
253	48    	0.236448   	0.203041 	-0.02      	0.695392
254	49    	0.260501   	0.190052 	-0.017143  	0.811396
255	46    	0.263075   	0.202697 	-0.0175    	0.811396
256	45    	0.247857   	0.241131 	-0.0174999 	0.812977
257	46    	0.320808   	0.23214  	-0.02      	0.812977
258	47    	0.209929   	0.203941 	-0.0166667 	0.812977
259	47    	0.241192   	0.213415 	-0.02      	0.811247
260	46    	0.292641   	0.215572 	-0.0166667 	0.811247
261	47    	0.278935   	0.207793 	-0.0160001 	0.704133
262	41    	0.333978   	0.263158 	-0.0171429 	0.812083
263	47    	0.306176   	0.217589 	-0.0171429 	0.812083
264	44    	0.241003   	0.268526 	-0.02      	0.812083
265	41    	0.308522   	0.292917 	-0.02      	0.812308
266	43    	0.273849   	0.284475 	-0.02      	0.812308
267	45    	0.257913   	0.261892 	-0.0166667 	0.813708
268	48    	0.243156   	0.227884 	-0.0166667 	0.812308
269	46    	0.180087   	0.231921 	-0.02      	0.812308
270	48    	0.184478   	0.210639 	-0.02      	0.813708
271	46    	0.213348   	0.228892 	-0.0171429 	0.813708
272	44    	0.273076   	0.269176 	-0.0171429 	0.813756
273	45    	0.250465   	0.272936 	-0.0166667 	0.813756
274	45    	0.235512   	0.246921 	-0.0166667 	0.813756
275	45    	0.243706   	0.239996 	-0.0166667 	0.813756
276	48    	0.198119   	0.238825 	-0.02      	0.813756
277	48    	0.16478    	0.197667 	-0.0171428 	0.813756
278	45    	0.22228    	0.201042 	-0.02      	0.813756
279	47    	0.227868   	0.224838 	-0.02      	0.813756
280	44    	0.23442    	0.202889 	-0.0166667 	0.813756
281	48    	0.228973   	0.190439 	-0.0166667 	0.813756
282	44    	0.296445   	0.237138 	-0.02      	0.813756
283	50    	0.18562    	0.180224 	-0.0171429 	0.640771
284	43    	0.226466   	0.189195 	-0.02      	0.640771
285	47    	0.237386   	0.186575 	-0.0175    	0.640771
286	44    	0.252132   	0.206119 	-0.0199999 	0.744833
287	45    	0.275825   	0.179443 	-0.02      	0.744833
288	48    	0.239773   	0.180717 	-0.0166667 	0.640771
289	47    	0.247627   	0.169965 	-0.02      	0.640771
290	42    	0.297592   	0.189072 	-0.02      	0.640771
291	49    	0.264136   	0.164884 	-0.0177778 	0.594058
292	49    	0.207475   	0.139602 	-0.02      	0.581352
293	47    	0.250033   	0.15052  	-0.0171429 	0.531839
294	47    	0.251692   	0.143681 	-0.02      	0.536543
295	45    	0.264465   	0.148263 	-0.0175    	0.544461
296	47    	0.289404   	0.145442 	-0.02      	0.544461
297	45    	0.285407   	0.15822  	-0.02      	0.544461
298	48    	0.266867   	0.171411 	-0.02      	0.684219
299	44    	0.260766   	0.166605 	-0.02      	0.583041
300	47    	0.255692   	0.154969 	-0.02      	0.598797
301	46    	0.258321   	0.169665 	-0.02      	0.666403
302	47    	0.274908   	0.110768 	-0.015     	0.666403
303	48    	0.286837   	0.105314 	0.0760906  	0.608967
304	46    	0.304445   	0.111786 	0.0800647  	0.608967
305	46    	0.271753   	0.127291 	-0.0175    	0.553786
306	48    	0.287099   	0.110507 	-0.0133338 	0.553786
307	47    	0.289604   	0.110732 	0.0765274  	0.654833
308	49    	0.295784   	0.125179 	0.0803332  	0.583668
309	46    	0.27469    	0.225206 	-1         	0.595378
310	41    	0.271493   	0.158142 	-0.0185714 	0.616074
311	44    	0.332449   	0.149478 	0.0538146  	0.616166
312	47    	0.304242   	0.143788 	-0.0149999 	0.616166
313	48    	0.27952    	0.105028 	0.0773495  	0.542421
314	45    	0.283155   	0.134675 	-0.018     	0.595055
315	47    	0.318567   	0.15046  	-0.016     	0.686837
316	48    	0.319315   	0.15117  	-0.02      	0.632095
317	46    	0.300738   	0.143239 	-0.0166666 	0.632095
318	47    	0.297918   	0.15163  	-0.018     	0.632095
319	45    	0.282317   	0.147718 	-0.0171429 	0.6982  
320	47    	0.338762   	0.154452 	0.154825   	0.709244
321	46    	0.283397   	0.178584 	-0.018     	0.6982  
322	43    	0.345051   	0.185516 	-0.0175    	0.704681
323	46    	0.325754   	0.202049 	-0.0171429 	0.812825
324	43    	0.276537   	0.216179 	-0.0177778 	0.812825
325	46    	0.263506   	0.215103 	-0.017143  	0.812083
326	45    	0.255159   	0.233887 	-0.0174998 	0.812083
327	47    	0.235341   	0.186448 	-0.0166667 	0.812083
328	47    	0.256718   	0.218495 	-0.0200001 	0.812083
329	45    	0.264934   	0.210985 	-0.0171429 	0.704074
330	47    	0.23945    	0.206745 	-0.0175    	0.732974
331	46    	0.228814   	0.193559 	-0.02      	0.732974
332	47    	0.204318   	0.168775 	-0.0171429 	0.702349
333	47    	0.237164   	0.175965 	-0.0175    	0.811247
334	45    	0.28322    	0.183858 	-0.0171429 	0.813708
335	49    	0.200525   	0.194942 	-0.02      	0.615682
336	46    	0.20551    	0.203772 	-0.02      	0.615682
337	45    	0.246846   	0.194621 	-0.0171429 	0.615809
338	48    	0.280653   	0.18294  	-0.02      	0.702382
339	48    	0.247651   	0.181405 	-0.02      	0.645256
340	41    	0.324603   	0.171839 	-0.0171429 	0.65294 
341	44    	0.29534    	0.190963 	-0.0177778 	0.832264
342	42    	0.263407   	0.214086 	-0.0228571 	0.734132
343	45    	0.292555   	0.193365 	-0.0174999 	0.694742
344	46    	0.29307    	0.243658 	-0.0175    	0.832264
345	48    	0.338274   	0.233151 	-0.0175    	0.812825
346	48    	0.26704    	0.228826 	-0.017143  	0.812825
347	48    	0.271601   	0.215372 	-0.02      	0.805245
348	50    	0.27898    	0.20449  	-0.0200001 	0.719547
349	46    	0.279843   	0.174409 	-0.02      	0.719547
350	44    	0.304954   	0.206964 	-0.02      	0.719547
351	47    	0.302876   	0.204757 	-0.0171429 	0.719547
352	46    	0.296156   	0.19898  	-0.017143  	0.69589 
353	47    	0.315913   	0.209572 	-0.0171428 	0.731493
354	41    	0.373873   	0.217202 	-0.0171429 	0.731493
355	48    	0.302972   	0.184465 	-0.0171428 	0.718749
356	45    	0.289707   	0.221846 	-0.02      	0.718749
357	47    	0.267347   	0.160797 	-0.0177778 	0.705857
358	46    	0.270471   	0.171666 	-0.0225001 	0.703659
359	43    	0.244979   	0.189252 	-0.02      	0.59187 
360	47    	0.291359   	0.154887 	-0.016     	0.601631
361	44    	0.2977     	0.186725 	-0.0175    	0.689247
362	48    	0.262362   	0.181203 	-0.02      	0.73105 
363	49    	0.284774   	0.171738 	-0.0175    	0.73105 
364	45    	0.302523   	0.210048 	-0.0171429 	0.73105 
365	43    	0.278315   	0.232671 	-0.02      	0.73105 
366	47    	0.279434   	0.188808 	-0.0160001 	0.730303
367	44    	0.323467   	0.200217 	-0.02      	0.73105 
368	47    	0.2537     	0.222129 	-0.0199999 	0.721369
369	43    	0.305058   	0.224545 	-0.02      	0.728702
370	47    	0.251168   	0.210551 	-0.02      	0.813981
371	45    	0.275516   	0.193322 	-0.02      	0.813981
372	41    	0.310043   	0.196256 	-0.02      	0.813981
373	49    	0.269573   	0.181984 	-0.02      	0.722118
374	47    	0.23674    	0.158496 	-0.017143  	0.722118
375	40    	0.314441   	0.193801 	-0.02      	0.650493
376	44    	0.338811   	0.217189 	-0.0199999 	0.706107
377	46    	0.273639   	0.206724 	-0.0175001 	0.698473
378	45    	0.298079   	0.20034  	-0.0166667 	0.706234
379	48    	0.271767   	0.186615 	-0.0199999 	0.706234
380	45    	0.322056   	0.20193  	-0.02      	0.730326
381	46    	0.239353   	0.185447 	-0.0171429 	0.730326
382	42    	0.280312   	0.189528 	-0.0175    	0.730326
383	47    	0.273383   	0.184109 	-0.0171429 	0.730326
384	44    	0.289034   	0.19737  	-0.02      	0.730326
385	48    	0.256306   	0.152526 	-0.0175    	0.540833
386	48    	0.184865   	0.173478 	-0.02      	0.559815
387	46    	0.249876   	0.147868 	-0.02      	0.559815
388	47    	0.260959   	0.153382 	-0.0171429 	0.507155
389	46    	0.248932   	0.156404 	-0.0166667 	0.507155
390	47    	0.255398   	0.194975 	-0.0199999 	0.692791
391	44    	0.269665   	0.205317 	-0.0166666 	0.702821
392	44    	0.208848   	0.194887 	-0.02      	0.702821
393	47    	0.231239   	0.193301 	-0.02      	0.705921
394	44    	0.214375   	0.182221 	-0.0171385 	0.559823
395	47    	0.177894   	0.180868 	-0.02      	0.515856
396	44    	0.189911   	0.171931 	-0.0166667 	0.515856
397	46    	0.166786   	0.175572 	-0.02      	0.654313
398	46    	0.168003   	0.178328 	-0.0199999 	0.583103
399	47    	0.154318   	0.179047 	-0.0171428 	0.583103
400	45    	0.184747   	0.190117 	-0.0166667 	0.583103
401	45    	0.24405    	0.20337  	-0.0166668 	0.583187
402	47    	0.170676   	0.20275  	-0.02      	0.583187
403	44    	0.190546   	0.213282 	-0.0175    	0.583187
404	45    	0.218224   	0.202987 	-0.02      	0.583187
405	45    	0.246254   	0.191459 	-0.02      	0.583187
406	42    	0.222636   	0.212147 	-0.02      	0.583187
407	46    	0.223103   	0.184574 	-0.0199999 	0.654276
408	50    	0.181644   	0.172689 	-0.0175    	0.705972
409	47    	0.220071   	0.175525 	-0.0171427 	0.706515
410	43    	0.172177   	0.179384 	-0.0175    	0.516016
411	47    	0.204949   	0.167196 	-0.0166667 	0.559967
412	44    	0.211488   	0.179578 	-0.0166667 	0.56009 
413	47    	0.25076    	0.167782 	-0.02      	0.595119
414	46    	0.216726   	0.179445 	-0.0171429 	0.615138
415	46    	0.196776   	0.174372 	-0.02      	0.615138
416	45    	0.222181   	0.176463 	-0.0177778 	0.723867
417	46    	0.232925   	0.165742 	-0.02      	0.615138
418	46    	0.236074   	0.145236 	-0.0166667 	0.615138
419	48    	0.246879   	0.185955 	-0.0177777 	0.656182
420	44    	0.267122   	0.198006 	-0.02      	0.656182
421	45    	0.305989   	0.190809 	-0.0175001 	0.656182
422	47    	0.258479   	0.176626 	-0.02      	0.706431
423	48    	0.247565   	0.15455  	-0.0171429 	0.703714
424	47    	0.20636    	0.178386 	-0.02      	0.703714
425	46    	0.254101   	0.186441 	-0.0171429 	0.706431
426	45    	0.268468   	0.17711  	-0.0175    	0.698473
427	47    	0.261335   	0.199536 	-0.0166667 	0.730832
428	44    	0.329531   	0.234194 	-0.0171427 	0.730832
429	48    	0.192348   	0.196619 	-0.0200001 	0.730832
430	47    	0.210059   	0.161308 	-0.0175    	0.581265
431	46    	0.214474   	0.169547 	-0.02      	0.581265
432	47    	0.273265   	0.152745 	-0.017143  	0.725421
433	48    	0.299516   	0.191952 	-0.02      	0.730832
434	45    	0.311011   	0.201857 	-0.0175    	0.730941
435	43    	0.29452    	0.211869 	-0.02      	0.730941
436	47    	0.303511   	0.189332 	-0.0171429 	0.730941
437	46    	0.28511    	0.192266 	-0.0166667 	0.730832
438	48    	0.269117   	0.199393 	-0.0228571 	0.730941
439	43    	0.312332   	0.193946 	-0.0171428 	0.730941
440	47    	0.280468   	0.192316 	-0.0177778 	0.730941
441	47    	0.269085   	0.198832 	-0.018     	0.740404
442	47    	0.311514   	0.128712 	0.105147   	0.740404
443	50    	0.240735   	0.158037 	-0.02      	0.706046
444	42    	0.287861   	0.201087 	-0.02      	0.706515
445	48    	0.286132   	0.184615 	-0.0177778 	0.837855
446	45    	0.303653   	0.183112 	-0.016     	0.837855
447	50    	0.266773   	0.200155 	-0.0181817 	0.710552
448	48    	0.243028   	0.1653   	-0.02      	0.692791
449	46    	0.303955   	0.176631 	-0.0175    	0.73105 
450	47    	0.239428   	0.189874 	-0.02      	0.727483
451	48    	0.291496   	0.184049 	-0.02      	0.730142
452	45    	0.281787   	0.201847 	-0.0166666 	0.693092
453	47    	0.245456   	0.184709 	-0.02      	0.698463
454	48    	0.284254   	0.169775 	-0.0166667 	0.706419
455	47    	0.261219   	0.204269 	-0.02      	0.732038
456	48    	0.258922   	0.161605 	-0.02      	0.732038
457	47    	0.229078   	0.159056 	-0.0175    	0.732038
458	44    	0.256031   	0.16045  	-0.0171429 	0.732038
459	47    	0.295678   	0.152383 	-0.02      	0.742109
460	44    	0.23466    	0.181233 	-0.02      	0.742109
461	46    	0.253679   	0.16844  	-0.02      	0.742109
462	45    	0.26726    	0.190148 	-0.0171429 	0.742109
463	48    	0.271564   	0.133082 	-0.0175    	0.695385
464	46    	0.28799    	0.157533 	-0.02      	0.73005 
465	47    	0.264021   	0.17328  	-0.02      	0.663928
466	45    	0.29348    	0.178654 	-0.02      	0.706285
467	46    	0.288418   	0.160494 	-0.01      	0.663928
468	45    	0.302873   	0.181578 	-0.02      	0.669348
469	45    	0.304993   	0.184238 	-0.02      	0.835049
470	43    	0.302321   	0.202035 	-0.02      	0.835049
471	48    	0.280541   	0.190658 	-0.02      	0.645806
472	48    	0.279619   	0.154412 	-0.0175    	0.74147 
473	45    	0.252256   	0.151422 	-0.0166667 	0.58128 
474	46    	0.230809   	0.148279 	-0.0166666 	0.58128 
475	46    	0.271838   	0.130506 	-0.0181817 	0.56377 
476	46    	0.27607    	0.151463 	-0.0175    	0.615176
477	45    	0.291056   	0.157611 	-0.0174999 	0.615502
478	48    	0.314969   	0.190644 	-0.02      	0.642186
479	47    	0.305071   	0.136636 	-0.0166666 	0.642186
480	48    	0.335833   	0.108442 	0.127334   	0.581713
481	46    	0.28965    	0.127469 	0.0694373  	0.607895
482	43    	0.320736   	0.143041 	-0.0177777 	0.607895
483	40    	0.332681   	0.161742 	-0.02      	0.607895
484	47    	0.281194   	0.14074  	-0.018     	0.607895
485	45    	0.282575   	0.141336 	-0.02      	0.607895
486	44    	0.30213    	0.125358 	-0.0177778 	0.607895
487	48    	0.299516   	0.111704 	0.0961698  	0.524482
488	43    	0.24926    	0.125386 	-0.02      	0.524482
489	43    	0.30605    	0.164847 	-0.02      	0.642607
490	47    	0.272444   	0.17952  	-0.018     	0.690403
491	47    	0.280414   	0.175514 	-0.0177778 	0.706515
492	48    	0.252031   	0.180537 	-0.0180001 	0.690725
493	47    	0.211116   	0.160369 	-0.02      	0.706515
494	47    	0.220366   	0.132131 	-0.0175    	0.706515
495	48    	0.241414   	0.200432 	-0.02      	0.698473
496	48    	0.264994   	0.197322 	-0.0175    	0.693426
497	46    	0.268129   	0.165979 	-0.02      	0.693426
498	49    	0.325799   	0.189447 	-0.0175001 	0.79542 
499	49    	0.26684    	0.171953 	-0.0175001 	0.706596
500	46    	0.302669   	0.199982 	-0.02      	0.697878
501	47    	0.256525   	0.211005 	-0.02      	0.71268 
502	45    	0.280145   	0.198844 	-0.0177778 	0.730872
503	47    	0.263771   	0.180327 	-0.016667  	0.730872
504	49    	0.247749   	0.156393 	-0.0200001 	0.726645
505	46    	0.306916   	0.201987 	-0.0183333 	0.730303
506	41    	0.341631   	0.221011 	-0.0175001 	0.730303
507	47    	0.291234   	0.204563 	-0.0175    	0.73132 
508	49    	0.28432    	0.213349 	-0.0177778 	0.790588
509	44    	0.266749   	0.227571 	-0.02      	0.790588
510	47    	0.256663   	0.202308 	-0.0225    	0.730303
511	45    	0.265865   	0.199619 	-0.0175    	0.730303
512	49    	0.233686   	0.114068 	-0.0175    	0.470662
513	43    	0.248327   	0.132211 	-0.0166667 	0.494131
514	45    	0.258337   	0.137903 	-0.0181818 	0.470662
515	45    	0.270081   	0.131439 	-0.0133332 	0.749483
516	43    	0.263695   	0.155873 	-0.02      	0.749483
517	47    	0.284503   	0.173327 	-0.0166666 	0.779788
518	45    	0.274585   	0.184974 	-0.0199999 	0.779788
519	48    	0.328143   	0.183494 	-0.0175    	0.827766
520	45    	0.332827   	0.188705 	-0.0171428 	0.779788
521	43    	0.351984   	0.228486 	-0.0171428 	0.836598
522	45    	0.406015   	0.214156 	0.0653924  	0.836598
523	46    	0.327854   	0.166274 	-0.0171429 	0.779788
524	46    	0.36025    	0.18848  	-0.0222222 	0.985746
525	46    	0.315051   	0.199152 	-0.0171428 	0.985746
526	47    	0.334614   	0.155422 	0.0986509  	0.779788
527	47    	0.347863   	0.162042 	0.0621222  	0.779788
528	45    	0.327548   	0.166889 	0.0662181  	0.738197
529	42    	0.351188   	0.161102 	0.0853631  	0.738197
530	45    	0.34554    	0.185267 	-0.0160001 	0.738197
531	45    	0.389716   	0.180531 	0.119558   	0.738197
532	48    	0.347165   	0.187932 	0.0626794  	0.865397
533	46    	0.35353    	0.231072 	-0.0133338 	0.897175
534	50    	0.301172   	0.130964 	-0.01      	0.640642
535	40    	0.35195    	0.147094 	0.0813392  	0.640642
536	45    	0.324115   	0.173206 	-0.0185714 	0.645192
537	47    	0.338819   	0.143958 	-0.02      	0.644554
538	46    	0.324157   	0.15862  	-0.02      	0.786787
539	49    	0.303837   	0.133797 	0.0761819  	0.657133
540	47    	0.286313   	0.217874 	-1         	0.596682
541	46    	0.333543   	0.128678 	-0.015     	0.596682
542	41    	0.354764   	0.149052 	-0.016     	0.760042
543	49    	0.381132   	0.166806 	0.0406448  	0.835047
544	49    	0.322536   	0.118442 	0.11514    	0.659256
545	45    	0.317879   	0.141456 	-0.0133333 	0.6274  
546	45    	0.326423   	0.121658 	0.108654   	0.6274  
547	44    	0.337511   	0.142245 	0.0662001  	0.6274  
548	46    	0.294363   	0.112979 	0.0606244  	0.562425
549	46    	0.30223    	0.104668 	0.0933329  	0.562425
550	45    	0.311312   	0.121145 	0.105228   	0.562425
551	42    	0.339114   	0.125871 	0.0436325  	0.617348
552	45    	0.311288   	0.126342 	-0.0183333 	0.562425
553	47    	0.350425   	0.138737 	-0.0133334 	0.657892
554	50    	0.29954    	0.119711 	0.109105   	0.689231
555	48    	0.308693   	0.126067 	-0.0171428 	0.60261 
556	47    	0.312098   	0.135669 	-0.0160002 	0.60261 
557	48    	0.31163    	0.159045 	0.0959744  	0.708046
558	47    	0.290585   	0.172287 	-0.0177777 	0.708046
559	47    	0.2972     	0.114435 	-0.016     	0.604969
560	47    	0.29471    	0.12498  	-0.0171428 	0.619046
561	45    	0.331659   	0.118588 	0.073129   	0.539213
562	47    	0.301933   	0.221513 	-1         	0.623151
563	45    	0.301776   	0.108401 	0.0728816  	0.623151
564	44    	0.335613   	0.148512 	-0.0166667 	0.698682
565	46    	0.279714   	0.288914 	-1         	0.623151
566	46    	0.324089   	0.12749  	0.0834431  	0.698843
567	46    	0.276668   	0.230133 	-1         	0.598233
568	46    	0.319928   	0.115532 	0.127608   	0.598233
569	47    	0.306168   	0.113598 	-0.018     	0.556955
570	49    	0.289392   	0.0937382	0.0607897  	0.489906
571	49    	0.286243   	0.0970016	0.0640119  	0.470935
572	45    	0.266198   	0.26961  	-1         	0.470935
573	49    	0.263054   	0.270729 	-1         	0.615644
574	45    	0.310416   	0.109482 	-0.02      	0.615644
575	44    	0.316517   	0.101352 	0.117324   	0.503873
576	47    	0.288431   	0.212461 	-1         	0.572817
577	46    	0.252555   	0.331455 	-1         	0.572817
578	44    	0.257319   	0.331724 	-1         	0.572817
579	49    	0.30023    	0.224234 	-1         	0.757738
580	46    	0.304022   	0.105971 	-0.015     	0.545183
581	46    	0.254978   	0.33018  	-1         	0.545183
582	45    	0.287575   	0.211643 	-1         	0.545183
583	48    	0.253527   	0.338496 	-1         	0.563521
584	47    	0.186749   	0.364232 	-1         	0.563521
585	44    	0.336265   	0.112085 	0.085025   	0.616758
586	43    	0.267307   	0.341297 	-1         	0.616758
587	48    	0.216872   	0.382228 	-1         	0.683236
588	48    	0.306057   	0.218937 	-1         	0.683236
589	45    	0.341142   	0.141415 	0.0596167  	0.69426 
590	47    	0.379615   	0.143152 	0.0589126  	0.695496
591	45    	0.340462   	0.156582 	0.0988872  	0.695496
592	47    	0.312963   	0.143779 	0.0396862  	0.683236
593	47    	0.326797   	0.226471 	-1         	0.762683
594	43    	0.296784   	0.299374 	-1         	0.762683
595	45    	0.330815   	0.146653 	-0.0150001 	0.674774
596	46    	0.353285   	0.129028 	0.0375801  	0.674774
597	42    	0.352874   	0.131597 	0.098612   	0.674774
598	44    	0.329343   	0.153893 	-0.0183334 	0.705837
599	47    	0.370442   	0.133053 	0.0660852  	0.674774
600	44    	0.37263    	0.128859 	0.118644   	0.674774
601	47    	0.283094   	0.122548 	0.0788198  	0.622472
602	46    	0.315216   	0.111479 	-0.0133338 	0.622472
603	47    	0.284567   	0.207631 	-1         	0.557782
604	48    	0.316771   	0.101662 	0.069249   	0.557782
605	47    	0.261373   	0.276106 	-1         	0.524483
606	44    	0.308852   	0.214616 	-1         	0.594715
607	47    	0.304322   	0.112346 	0.0408649  	0.552263
608	45    	0.318648   	0.113245 	-0.016     	0.552263
609	44    	0.276328   	0.216988 	-1         	0.552263
610	45    	0.2832     	0.21706  	-1         	0.54898 
611	46    	0.329934   	0.117423 	0.0840958  	0.582578
612	46    	0.342782   	0.103173 	0.173376   	0.582578
613	45    	0.336516   	0.113525 	0.103763   	0.582578
614	48    	0.319679   	0.109805 	0.0704915  	0.6786  
615	46    	0.301372   	0.119945 	-0.015     	0.588436
616	45    	0.316828   	0.107002 	0.150002   	0.60552 
617	48    	0.280603   	0.208184 	-1         	0.582578
618	46    	0.289572   	0.0979727	-0.0244444 	0.556401
619	45    	0.3011     	0.0886138	0.109769   	0.506681
620	40    	0.305205   	0.107279 	0.122397   	0.592295
621	48    	0.259645   	0.206292 	-1         	0.521948
622	46    	0.222867   	0.327162 	-1         	0.521948
623	46    	0.296334   	0.105115 	0.0999301  	0.521948
624	48    	0.240826   	0.269984 	-1         	0.55618 
625	46    	0.193377   	0.363404 	-1         	0.521948
626	46    	0.238232   	0.27171  	-1         	0.521948
627	48    	0.313228   	0.108112 	0.069681   	0.592582
628	49    	0.287441   	0.119856 	0.053023   	0.725341
629	45    	0.26756    	0.225903 	-1         	0.592582
630	44    	0.243434   	0.283127 	-1         	0.592582
631	46    	0.242111   	0.287351 	-1         	0.592582
632	49    	0.249992   	0.210446 	-1         	0.592582
633	47    	0.292193   	0.108063 	0.0883052  	0.615103
634	44    	0.30167    	0.132182 	-0.02      	0.615103
635	46    	0.310181   	0.114291 	0.044609   	0.596287
636	44    	0.323981   	0.127618 	0.0942665  	0.641496
637	45    	0.334616   	0.126917 	0.133554   	0.641496
638	47    	0.284342   	0.221596 	-1         	0.641496
639	44    	0.315113   	0.119724 	0.124409   	0.641496
640	45    	0.315968   	0.108183 	0.160735   	0.641496
641	48    	0.251191   	0.268057 	-1         	0.497725
642	44    	0.285607   	0.20596  	-1         	0.476206
643	42    	0.228499   	0.322746 	-1         	0.476206
644	46    	0.299749   	0.085677 	0.109421   	0.467412
645	48    	0.282303   	0.100253 	-0.0133337 	0.471938
646	43    	0.309704   	0.0869124	0.158797   	0.471938
647	42    	0.312016   	0.0896715	0.139649   	0.471938
648	47    	0.307667   	0.0702405	0.157817   	0.471938
649	44    	0.305077   	0.10894  	-0.016     	0.534362
650	48    	0.289941   	0.204373 	-1         	0.544087
651	47    	0.312462   	0.0807197	0.1563     	0.507931
652	46    	0.319401   	0.0900725	0.0744467  	0.507931
653	45    	0.292392   	0.0905275	0.0726002  	0.507931
654	48    	0.297524   	0.0781184	0.116254   	0.461764
655	46    	0.293725   	0.109592 	-0.0133333 	0.522955
656	47    	0.292139   	0.0986663	0.0320262  	0.480794
657	47    	0.313135   	0.110545 	0.0615553  	0.594151
658	48    	0.284503   	0.212682 	-1         	0.666656
659	44    	0.320485   	0.0956818	0.105803   	0.519381
660	47    	0.28109    	0.200365 	-1         	0.511148
661	47    	0.297848   	0.0925549	0.0906624  	0.511148
662	45    	0.307332   	0.212486 	-1         	0.718709
663	47    	0.243221   	0.327018 	-1         	0.511148
664	49    	0.295388   	0.204936 	-1         	0.511148
665	45    	0.29771    	0.217646 	-1         	0.576041
666	49    	0.244407   	0.276651 	-1         	0.528828
667	47    	0.211328   	0.331378 	-1         	0.576472
668	46    	0.228277   	0.332387 	-1         	0.576472
669	45    	0.311088   	0.135859 	-0.02      	0.606544
670	45    	0.354614   	0.113156 	0.156108   	0.695845
671	44    	0.326413   	0.221894 	-1         	0.695845
672	46    	0.246702   	0.38442  	-1         	0.62817 
673	47    	0.295659   	0.212753 	-1         	0.62817 
674	44    	0.32824    	0.228902 	-1         	0.667524
675	46    	0.341441   	0.130024 	0.116027   	0.667524
676	46    	0.317825   	0.122055 	0.0634264  	0.702768
677	47    	0.308258   	0.111724 	0.107155   	0.702768
678	45    	0.317982   	0.145922 	-0.02      	0.702768
679	42    	0.292021   	0.297876 	-1         	0.702768
680	45    	0.313852   	0.12256  	-0.0171427 	0.591909
681	47    	0.315284   	0.115186 	-0.0177778 	0.580697
682	47    	0.304392   	0.106315 	0.0651662  	0.580697
683	48    	0.295715   	0.115506 	-0.016     	0.552291
684	45    	0.279869   	0.10329  	0.0456152  	0.551785
685	43    	0.29831    	0.0985692	0.0878117  	0.551785
686	46    	0.318716   	0.127369 	0.140472   	0.695964
687	46    	0.309217   	0.124652 	0.112039   	0.700436
688	45    	0.307923   	0.160033 	-0.0133334 	0.700436
689	45    	0.337492   	0.153346 	0.0639866  	0.700436
690	43    	0.360875   	0.179561 	0.107113   	0.772822
691	44    	0.346857   	0.175904 	0.0809123  	0.772822
692	44    	0.355052   	0.192926 	-0.015     	0.772822
693	47    	0.33373    	0.178398 	0.0954747  	0.773147
694	46    	0.285499   	0.192633 	-0.016     	0.875161
695	44    	0.334364   	0.183334 	0.149851   	0.875161
696	49    	0.29662    	0.145137 	-0.02      	0.77712 
697	48    	0.277413   	0.151199 	0.0652612  	0.77712 
698	47    	0.279577   	0.229364 	-1         	0.668463
699	47    	0.315744   	0.135775 	0.0811368  	0.668463
700	47    	0.349026   	0.131418 	0.120933   	0.670622
701	49    	0.324064   	0.124928 	-0.0150001 	0.62856 
702	48    	0.296349   	0.160555 	-0.018     	0.747732
703	48    	0.332192   	0.196384 	-0.0175    	0.835026
704	45    	0.317064   	0.19651  	-0.0174999 	0.82722 
705	47    	0.298472   	0.187552 	-0.02      	0.710863
706	45    	0.319232   	0.205649 	-0.0177778 	0.827579
707	46    	0.294295   	0.196716 	-0.015     	0.827579
708	49    	0.285329   	0.205111 	-0.02      	0.821154
709	43    	0.349975   	0.212938 	0.074598   	0.821154
710	44    	0.340985   	0.222422 	-0.02      	0.821154
711	45    	0.303278   	0.239214 	-0.0177778 	0.821154
712	47    	0.306789   	0.200236 	-0.0160003 	0.821154
713	47    	0.313051   	0.185891 	-0.016     	0.821154
714	46    	0.28043    	0.204406 	-0.02      	0.805021
715	45    	0.329755   	0.204374 	-0.0177778 	0.805021
716	46    	0.306737   	0.198973 	-0.0200001 	0.725564
717	46    	0.251835   	0.203985 	-0.0166666 	0.725564
718	46    	0.298469   	0.181362 	-0.0171428 	0.725564
719	48    	0.28892    	0.138315 	-0.0133338 	0.725564
720	47    	0.281961   	0.134077 	-0.02      	0.614956
721	45    	0.272385   	0.17235  	-0.0200002 	0.697317
722	45    	0.241442   	0.135436 	-0.0222222 	0.614956
723	47    	0.30172    	0.130028 	0.0854543  	0.631029
724	43    	0.309875   	0.160433 	-0.02      	0.631029
725	46    	0.287554   	0.137386 	-0.02      	0.614956
726	49    	0.287499   	0.117997 	-0.0160001 	0.558253
727	48    	0.293638   	0.106426 	-0.016     	0.491945
728	48    	0.127837   	0.467988 	-1         	0.545148
729	48    	0.0993316  	0.492092 	-1         	0.545148
730	46    	0.256132   	0.278914 	-1         	0.59492 
731	48    	0.326954   	0.117803 	0.0964378  	0.622062
732	48    	0.295725   	0.213624 	-1         	0.602801
733	48    	0.294973   	0.130365 	-0.0133333 	0.63942 
734	45    	0.333646   	0.145207 	-0.02      	0.63942 
735	48    	0.290196   	0.116344 	0.0727953  	0.601167
736	47    	0.31717    	0.113609 	-0.016     	0.628951
737	46    	0.324801   	0.111092 	0.142393   	0.612333
738	45    	0.316117   	0.132756 	-0.0166667 	0.762021
739	45    	0.323726   	0.134043 	0.0618286  	0.762021
740	45    	0.289052   	0.142784 	-0.0177778 	0.762021
741	46    	0.308033   	0.154017 	-0.0171429 	0.762021
742	48    	0.290016   	0.130714 	0.0717429  	0.624024
743	45    	0.323542   	0.107479 	0.117483   	0.624024
744	44    	0.289751   	0.119451 	0.0395826  	0.543438
745	46    	0.290498   	0.113899 	0.0606557  	0.552867
746	46    	0.312711   	0.0992642	0.0920502  	0.539645
747	47    	0.26604    	0.132837 	-0.0175    	0.679328
748	46    	0.26911    	0.29708  	-1         	0.720453
749	46    	0.30279    	0.153069 	-0.016     	0.720453
750	48    	0.223264   	0.145698 	-0.018     	0.574396
751	47    	0.302176   	0.13897  	-0.0171428 	0.616909
752	46    	0.272646   	0.168355 	-0.0199999 	0.634885
753	45    	0.250148   	0.168773 	-0.0177778 	0.634885
754	46    	0.235285   	0.15142  	-0.02      	0.634885
755	48    	0.285756   	0.155353 	-0.016     	0.71738 
756	49    	0.276922   	0.151689 	-0.0175    	0.71738 
757	47    	0.288657   	0.188461 	-0.02      	0.702495
758	43    	0.360574   	0.169176 	0.0755198  	0.729031
759	46    	0.294742   	0.147341 	-0.016     	0.702495
760	50    	0.29918    	0.12906  	0.0959229  	0.78897 
761	48    	0.330606   	0.160237 	-0.0166667 	0.78897 
762	48    	0.363119   	0.166524 	0.0590763  	0.759707
763	45    	0.341024   	0.176324 	-0.016     	0.759707
764	43    	0.351352   	0.173677 	-0.0133334 	0.759707
765	45    	0.315708   	0.151705 	0.109144   	0.759707
766	46    	0.310018   	0.124793 	-0.0166667 	0.759707
767	47    	0.325219   	0.125081 	-0.01      	0.652417
768	44    	0.354852   	0.153395 	-0.0133333 	0.652417
769	46    	0.311213   	0.138312 	-0.015     	0.652417
770	45    	0.340849   	0.154499 	0.124154   	0.717237
771	45    	0.354487   	0.157919 	-0.0171429 	0.717237
772	46    	0.294651   	0.154893 	-0.0171429 	0.657572
773	49    	0.303155   	0.112329 	0.0659825  	0.62861 
774	48    	0.316626   	0.122388 	0.0889791  	0.634937
775	48    	0.289747   	0.108933 	0.107312   	0.535408
776	48    	0.327237   	0.127753 	0.09153    	0.679202
777	45    	0.334957   	0.154305 	-0.0175001 	0.679202
778	48    	0.306332   	0.13425  	0.0526739  	0.679202
779	48    	0.291804   	0.107427 	0.0855921  	0.679202
780	48    	0.298941   	0.130918 	-0.02      	0.60474 
781	47    	0.317079   	0.140658 	-0.0166667 	0.635183
782	46    	0.327895   	0.131308 	-0.0175    	0.635183
783	47    	0.32285    	0.156535 	-0.016     	0.699004
784	46    	0.325224   	0.126342 	0.0767884  	0.654329
785	45    	0.307091   	0.156901 	-0.02      	0.714124
786	44    	0.347543   	0.180486 	-0.01      	0.817268
787	46    	0.27611    	0.190012 	-0.0177778 	0.817051
788	49    	0.250694   	0.170817 	-0.02      	0.747074
789	46    	0.304509   	0.17172  	-0.0166652 	0.793479
790	45    	0.292774   	0.161899 	-0.02      	0.793479
791	43    	0.31263    	0.176032 	-0.02      	0.872198
792	49    	0.340709   	0.184891 	-0.015     	0.785099
793	44    	0.304774   	0.209345 	-0.016     	0.785099
794	46    	0.320886   	0.187749 	-0.02      	0.747074
795	45    	0.326396   	0.166632 	-0.015     	0.747074
796	46    	0.27566    	0.150063 	-0.016     	0.747074
797	46    	0.310769   	0.173174 	-0.0177778 	0.747074
798	48    	0.325196   	0.161628 	0.0624425  	0.747074
799	49    	0.288512   	0.159578 	-0.02      	0.709331
800	46    	0.285012   	0.142201 	-0.0177778 	0.652318
801	48    	0.285721   	0.129654 	-0.0133336 	0.652318
802	46    	0.28161    	0.130537 	-0.018     	0.652318
803	47    	0.287089   	0.146663 	-0.016     	0.775955
804	48    	0.289552   	0.135737 	-0.0133334 	0.738715
805	46    	0.276086   	0.141669 	-0.01      	0.738715
806	45    	0.332089   	0.142679 	-0.016     	0.58922 
807	46    	0.318507   	0.155568 	-0.0133336 	0.884919
808	46    	0.320039   	0.155444 	0.0760419  	0.745486
809	44    	0.339685   	0.159917 	-0.0177778 	0.745486
810	47    	0.31521    	0.145911 	-0.02      	0.694279
811	44    	0.332872   	0.146021 	0.104369   	0.752056
812	49    	0.297868   	0.15551  	-0.0200001 	0.752056
813	49    	0.304398   	0.146355 	-0.015     	0.752056
814	39    	0.359574   	0.156735 	0.0747782  	0.752056
815	48    	0.310868   	0.146935 	-0.02      	0.756617
816	47    	0.318323   	0.170643 	-0.0166666 	0.752056
817	47    	0.281039   	0.151384 	-0.0225    	0.752056
818	44    	0.303262   	0.164549 	-0.016     	0.64409 
819	39    	0.356005   	0.185717 	-0.02      	0.711705
820	46    	0.311131   	0.187657 	-0.0180001 	0.899023
821	48    	0.285718   	0.137137 	-0.0166668 	0.584214
822	46    	0.320879   	0.143468 	-0.016     	0.68584 
823	48    	0.360244   	0.156255 	0.0992858  	0.759708
824	48    	0.316893   	0.176516 	-0.0150001 	0.687145
825	44    	0.330988   	0.197971 	-0.02      	0.723373
826	47    	0.324422   	0.206694 	-0.0159999 	0.85254 
827	45    	0.274784   	0.177758 	-0.0171429 	0.687145
828	43    	0.271027   	0.189738 	-0.02      	0.687145
829	45    	0.311392   	0.177779 	-0.0175    	0.757899
830	47    	0.337782   	0.183095 	-0.0177777 	0.813556
831	45    	0.316038   	0.211251 	-0.0166667 	0.821042
832	43    	0.36256    	0.253908 	-0.0175    	0.832557
833	44    	0.333776   	0.239916 	-0.0181818 	0.832557
834	47    	0.29996    	0.188433 	-0.018     	0.832557
835	48    	0.281757   	0.188627 	-0.02      	0.880659
836	41    	0.298622   	0.199721 	-0.02      	0.880659
837	45    	0.342259   	0.203596 	-0.018     	0.880659
838	47    	0.288246   	0.209675 	-0.02      	0.880659
839	46    	0.330824   	0.187071 	0.0607084  	0.832539
840	46    	0.299801   	0.159605 	-0.015     	0.697377
841	46    	0.303524   	0.165528 	-0.02      	0.650373
842	45    	0.284353   	0.178162 	-0.0177778 	0.722689
843	46    	0.28728    	0.219265 	-0.02      	0.722689
844	47    	0.252802   	0.20187  	-0.0200001 	0.705005
845	46    	0.287349   	0.212251 	-0.02      	0.705005
846	46    	0.325426   	0.176658 	-0.02      	0.706014
847	47    	0.309401   	0.205778 	-0.0166667 	0.721788
848	44    	0.385274   	0.235024 	-0.02      	0.757097
849	45    	0.294421   	0.245185 	-0.02      	0.831497
850	47    	0.292216   	0.199462 	-0.02      	0.757097
851	46    	0.320905   	0.186133 	-0.0133332 	0.757097
852	44    	0.300777   	0.207472 	-0.0171429 	0.728391
853	45    	0.269635   	0.1919   	-0.02      	0.728391
854	46    	0.290298   	0.17421  	-0.018     	0.728391
855	49    	0.258473   	0.180198 	-0.02      	0.730095
856	45    	0.316      	0.217441 	-0.02      	0.845432
857	49    	0.246328   	0.175496 	-0.0199999 	0.644968
858	48    	0.228196   	0.161909 	-0.02      	0.644968
859	45    	0.244445   	0.181635 	-0.0177778 	0.705828
860	45    	0.291841   	0.192444 	-0.0174999 	0.705828
861	47    	0.226709   	0.198166 	-0.02      	0.705828
862	49    	0.186196   	0.173174 	-0.02      	0.704074
863	47    	0.149371   	0.201208 	-0.02      	0.704074
864	44    	0.262404   	0.184246 	-0.018     	0.704074
865	48    	0.296268   	0.20066  	-0.0171429 	0.813708
866	48    	0.2601     	0.216321 	-0.0171429 	0.704074
867	46    	0.234851   	0.175846 	-0.0171429 	0.694721
868	46    	0.260765   	0.180307 	-0.02      	0.690433
869	46    	0.28117    	0.189217 	-0.0177778 	0.704954
870	46    	0.309929   	0.175816 	-0.0171429 	0.868282
871	46    	0.304088   	0.180899 	-0.02      	0.685977
872	48    	0.239738   	0.15547  	-0.0175    	0.597335
873	47    	0.285723   	0.134841 	-0.0183333 	0.58496 
874	45    	0.292054   	0.136087 	-0.015     	0.581218
875	44    	0.268487   	0.165413 	-0.0166667 	0.581218
876	46    	0.273052   	0.167828 	-0.0177778 	0.581218
877	41    	0.331024   	0.170741 	-0.018     	0.594012
878	48    	0.258475   	0.149976 	-0.0171428 	0.588104
879	45    	0.253839   	0.171772 	-0.0177778 	0.592743
880	45    	0.280575   	0.180062 	-0.0166667 	0.693559
881	47    	0.199794   	0.198163 	-0.0166667 	0.69353 
882	47    	0.227401   	0.184126 	-0.02      	0.654898
883	45    	0.205261   	0.142552 	-0.0166638 	0.654898
884	45    	0.216769   	0.136587 	-0.02      	0.654898
885	46    	0.236586   	0.176488 	-0.0166666 	0.654898
886	46    	0.231092   	0.175699 	-0.02      	0.616942
887	46    	0.185231   	0.167746 	-0.0200001 	0.616942
888	44    	0.262981   	0.178371 	-0.0166667 	0.698446
889	47    	0.274331   	0.206192 	-0.0175    	0.785545
890	47    	0.304723   	0.208061 	-0.02      	0.813417
891	47    	0.249898   	0.199416 	-0.0174999 	0.813417
892	46    	0.22562    	0.181545 	-0.02      	0.813417
893	48    	0.25026    	0.177442 	-0.02      	0.698689
894	49    	0.253578   	0.184728 	-0.0199999 	0.730197
895	47    	0.285838   	0.193705 	-0.02      	0.705921
896	45    	0.288766   	0.191693 	-0.0171429 	0.689533
897	43    	0.209213   	0.204075 	-0.02      	0.68937 
898	47    	0.251544   	0.177297 	-0.0166667 	0.652995
899	47    	0.206583   	0.207865 	-0.0175    	0.818359
900	46    	0.277736   	0.194023 	-0.02      	0.818359
901	46    	0.294071   	0.214329 	-0.0171428 	0.78085 
902	46    	0.334256   	0.179805 	-0.016     	0.730197
903	45    	0.336255   	0.210517 	-0.02      	0.73105 
904	46    	0.281933   	0.201715 	-0.0175    	0.73105 
905	46    	0.240385   	0.168225 	-0.0171429 	0.70647 
906	45    	0.258338   	0.169184 	-0.0166667 	0.657718
907	44    	0.269248   	0.158759 	-0.0171429 	0.657718
908	47    	0.29748    	0.142605 	-0.02      	0.648024
909	47    	0.266053   	0.191794 	-0.02      	0.756161
910	49    	0.302292   	0.168408 	-0.016     	0.756161
911	49    	0.272817   	0.1673   	-0.0175    	0.61472 
912	46    	0.31746    	0.168104 	-0.0166667 	0.706168
913	44    	0.275439   	0.187953 	-0.0171429 	0.703179
914	44    	0.282504   	0.211629 	-0.0183333 	0.706285
915	44    	0.285829   	0.213106 	-0.0175    	0.703179
916	46    	0.211307   	0.208517 	-0.0171429 	0.706168
917	48    	0.225076   	0.176585 	-0.0175    	0.654077
918	44    	0.202863   	0.18781  	-0.02      	0.654077
919	43    	0.260833   	0.181159 	-0.0171428 	0.654077
920	46    	0.209324   	0.17662  	-0.0166667 	0.654077
921	48    	0.216241   	0.179658 	-0.02      	0.654077
922	47    	0.216455   	0.163851 	-0.02      	0.654077
923	46    	0.225473   	0.12383  	-0.0166667 	0.523017
924	46    	0.223931   	0.173436 	-0.0166668 	0.630622
925	46    	0.273274   	0.166105 	-0.02      	0.716274
926	48    	0.272139   	0.185999 	-0.02      	0.727075
927	50    	0.235511   	0.173512 	-0.02      	0.726446
928	47    	0.231615   	0.180407 	-0.0171429 	0.726446
929	46    	0.271833   	0.172758 	-0.0171429 	0.727075
930	45    	0.244984   	0.168834 	-0.02      	0.61452 
931	42    	0.252378   	0.211827 	-0.02      	0.703208
932	45    	0.235278   	0.19151  	-0.0171428 	0.600226
933	42    	0.318668   	0.179028 	-0.02      	0.628797
934	47    	0.223763   	0.201929 	-0.02      	0.693195
935	47    	0.230196   	0.177721 	-0.0166667 	0.693195
936	45    	0.245597   	0.149963 	-0.02      	0.595139
937	45    	0.275934   	0.16544  	-0.02      	0.583225
938	46    	0.179121   	0.176578 	-0.0171429 	0.58322 
939	45    	0.241831   	0.179006 	-0.0171429 	0.58322 
940	47    	0.205915   	0.166803 	-0.0174999 	0.58322 
941	47    	0.246707   	0.184568 	-0.02      	0.693195
942	47    	0.22563    	0.15837  	-0.0171428 	0.693195
943	47    	0.211489   	0.14397  	-0.0166667 	0.561726
944	44    	0.239559   	0.172795 	-0.02      	0.581222
945	44    	0.255209   	0.177841 	-0.02      	0.581222
946	48    	0.266063   	0.170919 	-0.0177778 	0.654723
947	46    	0.25755    	0.183729 	-0.02      	0.654723
948	47    	0.181978   	0.159721 	-0.0177777 	0.654207
949	48    	0.213386   	0.189001 	-0.0175    	0.693407
950	45    	0.239387   	0.188085 	-0.0166667 	0.693407
951	48    	0.237093   	0.141116 	-0.02      	0.693407
952	47    	0.225052   	0.132853 	-0.02      	0.58128 
953	46    	0.23942    	0.162548 	-0.02      	0.58128 
954	48    	0.215841   	0.172199 	-0.0166667 	0.59685 
955	48    	0.256667   	0.165446 	-0.0166668 	0.70647 
956	44    	0.250853   	0.193505 	-0.02      	0.70647 
957	46    	0.254222   	0.194185 	-0.0171429 	0.70647 
958	46    	0.226649   	0.193773 	-0.02      	0.59685 
959	48    	0.224535   	0.186866 	-0.02      	0.595075
960	47    	0.231627   	0.186206 	-0.02      	0.800245
961	47    	0.229397   	0.210731 	-0.02      	0.804435
962	48    	0.228206   	0.129747 	-0.0175    	0.515996
963	48    	0.232241   	0.172    	-0.02      	0.528566
964	48    	0.164152   	0.176009 	-0.0171429 	0.516016
965	49    	0.133854   	0.152942 	-0.0166667 	0.581208
966	46    	0.199813   	0.16037  	-0.0171428 	0.522821
967	45    	0.221639   	0.17113  	-0.02      	0.522821
968	47    	0.197533   	0.170734 	-0.018     	0.654207
969	45    	0.262449   	0.204231 	-0.0171429 	0.654207
970	49    	0.249769   	0.175249 	-0.0160001 	0.654207
971	46    	0.233265   	0.183805 	-0.02      	0.833493
972	47    	0.21207    	0.180492 	-0.02      	0.646394
973	47    	0.303284   	0.189808 	-0.02      	0.650508
974	45    	0.32059    	0.214724 	-0.0171428 	0.838461
975	45    	0.283007   	0.249642 	-0.02      	0.838461
976	48    	0.237136   	0.19476  	-0.02      	0.834818
977	47    	0.27102    	0.195417 	-0.0177778 	0.650508
978	48    	0.257572   	0.186299 	-0.02      	0.64835 
979	46    	0.299546   	0.190365 	-0.0171428 	0.675827
980	44    	0.316336   	0.193472 	-0.0171431 	0.847886
981	47    	0.298598   	0.187726 	-0.016     	0.847886
982	47    	0.263638   	0.149593 	-0.0175    	0.61258 
983	45    	0.29575    	0.121697 	-0.016     	0.61258 
984	48    	0.260785   	0.121514 	-0.0233333 	0.535788
985	46    	0.275741   	0.137316 	-0.0177778 	0.541354
986	47    	0.299808   	0.139512 	-0.015     	0.703208
987	44    	0.297394   	0.163002 	-0.0171428 	0.703208
988	45    	0.270973   	0.155293 	-0.0150003 	0.703208
989	48    	0.283232   	0.149324 	-0.0133332 	0.696718
990	45    	0.340466   	0.145285 	0.0733996  	0.638619
991	47    	0.290133   	0.184749 	-0.0200001 	0.85973 
992	48    	0.264586   	0.153932 	-0.02      	0.641956
993	45    	0.280555   	0.178758 	-0.0200001 	0.730613
994	46    	0.261851   	0.168586 	-0.02      	0.711219
995	44    	0.295305   	0.163236 	-0.0175    	0.682538
996	45    	0.309197   	0.150155 	-0.01      	0.682538
997	46    	0.341501   	0.178577 	-0.016     	0.723339
998	49    	0.304615   	0.181057 	-0.02      	0.818083
999	47    	0.291889   	0.182799 	-0.0171428 	0.757968
1000	47    	0.289813   	0.172196 	-0.0175    	0.757968
Best individuals:
(0.9857458997719146,) 	-->	 /*9*/DDDRFBFLBFRFBUUUF
VMNeuronManager.autoload: Neuro classes added: Delay Light Nn PIDP PIDV SeeLight SeeLight2 S0 S1 Thr 
UserScripts.autoload: 19 user scripts added.
Simulator.load: Loading from 'eval-allcriteria.sim'
Loader.load: Comments read from file follow:
Loader.load:  Sample settings for evaluating many criteria of performance of a Framsticks creature.
Loader.load:  See the "evalcount" parameter if you want to speed the evaluation up or have a more stable result.
Loader.load:  Other important parameters are "Energy0" and "perfperiod".
Loader.load:  Put this file in the "data" subdirectory within the Framsticks distribution.
Simulator.load: Settings loaded from 'eval-allcriteria.sim'
Simulator.load: Loading from 'deterministic.sim'
Loader.load: Comments read from file follow:
Loader.load:  Parameter values that make the evaluation of a Framsticks creature deterministic.
Loader.load:  The values turn off random noise, so evaluation of the same genotype will always yield the same performance.
Loader.load:  The advantage is that you do not need to evaluate a genotype many times, and performance values are reliable.
Loader.load:  The disadvantage is that evolved creatures are "overfitting", i.e. rely entirely on the specific environment,
Loader.load:  and their behavior may be different in any other environment or (even slightly) changed conditions or parameter values,
Loader.load:  so each creature evolved using these settings must be later inspected using exactly the same setup.
Loader.load: 
Loader.load:  Before loading this file, load base settings, e.g. "eval-allcriteria.sim".
Loader.load:  Put this file in the "data" subdirectory within the Framsticks distribution.
Simulator.load: Settings loaded from 'deterministic.sim'
Simulator.load: Loading from 'sample-period-2.sim'
Loader.load: Comments read from file follow:
Loader.load:  Very low "performance sampling period" in the first population to sample performance very often during lifespan
Loader.load:  and avoid overlooking some behavior. Averaged performance of sampled values is returned as the final value.
Loader.load:  See http://www.framsticks.com/a/al_params.html#exper-perfcalc
Loader.load: 
Loader.load:  Before loading this file, load base settings, e.g. "eval-allcriteria.sim".
Loader.load:  Put this file in the "data" subdirectory within the Framsticks distribution.
Simulator.load: Loading from 'f9-mut-030.sim'
Simulator.load: Settings loaded from 'f9-mut-030.sim'
