Argument values: path=C:\Users\1625203\Downloads\Framsticks50rc22\Framsticks50rc22, lib=None, sim=eval-allcriteria.sim;deterministic.sim;sample-period-2.sim;f9-mut-020.sim, genformat=None, initialgenotype=/*9*/BLU, opt=vertpos, popsize=50, generations=1000, tournament=10, pmut=0.9, pxov=0.2, hof_size=1, hof_savefile=None, max_numparts=30, max_numjoints=None, max_numneurons=None, max_numconnections=None, max_numgenochars=50
Using Framsticks version: 5.0rc22
Home (writable) dir     : C:\Users\1625203\Downloads\Framsticks50rc22\Framsticks50rc22\data
Resources dir           : C:\Users\1625203\Downloads\Framsticks50rc22\Framsticks50rc22\data

Available objects: ['CheckpointEvent', 'Collision', 'CrCollision', 'Creature', 'CreatureSettings', 'CreatureSignals', 'CreatureSnapshot', 'Dictionary', 'ExpProperties', 'ExpState', 'ExtValue', 'File', 'FunctionReference', 'GenMan', 'GenManStats', 'GenePool', 'GenePools', 'Geno', 'Genotype', 'Interface', 'Joint', 'Loader', 'Math', 'MechJoint', 'MechPart', 'MessageCatcher', 'Model', 'ModelGeometry', 'ModelSymmetry', 'Neuro', 'NeuroClass', 'NeuroClassLibrary', 'NeuroDef', 'NeuroSignals', 'NeuronsSimEnabled', 'ODE', 'Orient', 'Part', 'Population', 'Populations', 'Ref', 'Signal', 'SignalView', 'SimilMeasure', 'SimilMeasureDistribution', 'SimilMeasureGreedy', 'SimilMeasureHungarian', 'Simulator', 'SlaveSimulators', 'StopEvent', 'String', 'UserScripts', 'Vector', 'WireframeAppearance', 'World', 'WorldMap', 'WorldSignals', 'XYZ', '__builtins__', '__cached__', '__doc__', '__file__', '__loader__', '__name__', '__package__', '__spec__', 'c_api', 'ctypes', 'home_dir', 'init', 'os', 're', 'res_dir', 'sim_params', 'stats', 'sys']

Performing a basic test 1/2... OK.
Performing a basic test 2/2... OK.
Using settings: ['eval-allcriteria.sim', 'deterministic.sim', 'sample-period-2.sim', 'f9-mut-020.sim']
gen	nevals	avg     	stddev	min     	max     
0  	50    	0.218369	0     	0.218369	0.218369
1  	45    	0.0964132	0.112907	-0.0150001	0.306831
2  	46    	0.149215 	0.145377	-0.02     	0.514537
3  	47    	0.169862 	0.163444	-0.0166667	0.514611
4  	46    	0.206066 	0.187124	-0.0166667	0.514537
5  	46    	0.225352 	0.181945	-0.0160001	0.514537
6  	46    	0.174587 	0.182041	-0.0166667	0.581188
7  	48    	0.167408 	0.17058 	-0.0166667	0.581188
8  	47    	0.210196 	0.170249	-0.02     	0.581188
9  	43    	0.241757 	0.186235	-0.0166668	0.581352
10 	45    	0.258673 	0.182151	-0.0166665	0.594973
11 	49    	0.205535 	0.19765 	-0.0166667	0.702687
12 	46    	0.292558 	0.216791	-0.016    	0.705828
13 	48    	0.247919 	0.209039	-0.02     	0.693407
14 	46    	0.263527 	0.202071	-0.0166667	0.695964
15 	48    	0.249847 	0.168435	-0.0177778	0.730131
16 	47    	0.270189 	0.1979  	-0.0175001	0.705921
17 	46    	0.241657 	0.184316	-0.0171429	0.705921
18 	46    	0.304281 	0.211036	-0.02     	0.83112 
19 	47    	0.296852 	0.18958 	-0.0175   	0.730348
20 	49    	0.288182 	0.151818	-0.0177778	0.654276
21 	46    	0.278203 	0.197663	-0.02     	0.693234
22 	48    	0.301726 	0.211907	-0.02     	0.730153
23 	46    	0.315712 	0.20639 	-0.0175   	0.730872
24 	45    	0.356418 	0.243508	-0.0177777	0.730153
25 	47    	0.324598 	0.265505	-0.02     	0.730872
26 	45    	0.271796 	0.257491	-0.02     	0.730872
27 	42    	0.345311 	0.249143	-0.02     	0.730872
28 	46    	0.284989 	0.253885	-0.0175   	0.731304
29 	46    	0.323692 	0.242589	-0.02     	0.730872
30 	48    	0.289087 	0.200962	-0.02     	0.730872
31 	47    	0.301418 	0.220051	-0.0166666	0.730872
32 	45    	0.281202 	0.228061	-0.02     	0.730872
33 	45    	0.311424 	0.232238	-0.0175001	0.731923
34 	47    	0.310178 	0.214292	-0.02     	0.730872
35 	43    	0.278614 	0.23024 	-0.0177778	0.730872
36 	47    	0.293292 	0.227853	-0.0200001	0.730155
37 	46    	0.353794 	0.25178 	-0.0200001	0.835693
38 	46    	0.267891 	0.240734	-0.0200001	0.835693
39 	47    	0.246783 	0.203676	-0.0177778	0.730348
40 	44    	0.308142 	0.214343	-0.0175001	0.73167 
41 	45    	0.313958 	0.210865	-0.02     	0.73167 
42 	47    	0.317844 	0.203454	-0.02     	0.731304
43 	46    	0.317928 	0.223526	-0.024    	0.731304
44 	46    	0.324679 	0.216405	-0.0171427	0.731304
45 	45    	0.298839 	0.244535	-0.02     	0.731304
46 	46    	0.299273 	0.23769 	-0.02     	0.730348
47 	46    	0.323087 	0.250392	-0.0175   	0.810192
48 	47    	0.326149 	0.23615 	-0.02     	0.810192
49 	49    	0.265096 	0.200068	-0.02     	0.726095
50 	45    	0.30886  	0.19918 	-0.0175   	0.726095
51 	45    	0.290768 	0.205826	-0.02     	0.730348
52 	50    	0.241802 	0.210244	-0.02     	0.75429 
53 	47    	0.280008 	0.200999	-0.02     	0.693849
54 	48    	0.315104 	0.219419	-0.0166667	0.812083
55 	48    	0.280442 	0.205974	-0.0175001	0.812083
56 	48    	0.321483 	0.182054	-0.0159976	0.702687
57 	49    	0.314695 	0.209223	-0.0171429	0.812083
58 	47    	0.329366 	0.218624	-0.0166667	0.812308
59 	48    	0.246767 	0.192993	-0.0171429	0.812308
60 	47    	0.312271 	0.187444	-0.02     	0.812308
61 	49    	0.270186 	0.22029 	-0.02     	0.819334
62 	44    	0.338944 	0.231879	-0.0175   	0.819334
63 	46    	0.332501 	0.252623	-0.0199998	0.819334
64 	46    	0.293752 	0.244208	-0.0166667	0.819334
65 	47    	0.292121 	0.246117	-0.02     	0.812308
66 	47    	0.298293 	0.226778	-0.0166667	0.812308
67 	46    	0.326726 	0.247349	-0.02     	0.819334
68 	46    	0.301134 	0.198839	-0.0171429	0.819334
69 	44    	0.323365 	0.181303	-0.0175   	0.733048
70 	48    	0.330432 	0.194887	-0.0160001	0.732661
71 	45    	0.331551 	0.259253	-0.0175   	0.732661
72 	45    	0.292032 	0.214764	-0.02     	0.732661
73 	44    	0.373341 	0.234626	-0.0175   	0.819317
74 	47    	0.294005 	0.214091	-0.02     	0.732661
75 	45    	0.255778 	0.220222	-0.02     	0.732661
76 	45    	0.293004 	0.193658	-0.0175   	0.732661
77 	47    	0.31544  	0.201638	-0.0175   	0.732661
78 	46    	0.353862 	0.232031	-0.0175   	0.732661
79 	45    	0.283505 	0.220452	-0.018    	0.732661
80 	49    	0.262916 	0.198181	-0.0175   	0.7266  
81 	47    	0.298593 	0.184414	-0.0171429	0.811708
82 	47    	0.283604 	0.178616	-0.02     	0.811708
83 	45    	0.336902 	0.21882 	-0.0175001	0.835613
84 	43    	0.300042 	0.223509	-0.0171428	0.835613
85 	46    	0.327926 	0.203901	-0.016    	0.835613
86 	44    	0.313431 	0.210684	-0.0199999	0.835613
87 	49    	0.306207 	0.16765 	-0.02     	0.675461
88 	48    	0.359381 	0.168298	-0.0166667	0.751587
89 	46    	0.341597 	0.18558 	-0.0133332	0.751587
90 	44    	0.356969 	0.236822	-0.0175   	0.84411 
91 	47    	0.350158 	0.204447	-0.0171429	0.84411 
92 	49    	0.279502 	0.138094	-0.01     	0.695725
93 	49    	0.311586 	0.139388	-0.01     	0.64219 
94 	42    	0.34404  	0.171058	-0.02     	0.621611
95 	48    	0.326441 	0.177042	-0.016    	0.77351 
96 	44    	0.357215 	0.166828	-0.0150001	0.77351 
97 	47    	0.280582 	0.166124	-0.0166667	0.785086
98 	47    	0.286135 	0.201152	-0.0175   	0.783394
99 	44    	0.34734  	0.200095	-0.0171429	0.786268
100	48    	0.374881 	0.170466	0.0991652 	0.859217
101	46    	0.343689 	0.147684	0.151548  	0.709152
102	45    	0.33267  	0.168243	-0.0166667	0.785201
103	42    	0.367841 	0.171398	-0.015    	0.785201
104	43    	0.36835  	0.173989	-0.0171429	0.721943
105	42    	0.34318  	0.180639	-0.0175   	0.698602
106	47    	0.328426 	0.170016	-0.0166667	0.645077
107	48    	0.300196 	0.171478	-0.0171428	0.750227
108	47    	0.299828 	0.147692	-0.0106474	0.691696
109	47    	0.299411 	0.23576 	-1        	0.603346
110	46    	0.363143 	0.157121	-0.0177777	0.775675
111	45    	0.383516 	0.178323	-0.016    	0.775675
112	48    	0.324436 	0.199205	-0.0133332	0.82736 
113	46    	0.375639 	0.216271	0.0856332 	0.827362
114	47    	0.335756 	0.224114	-0.015    	0.82736 
115	46    	0.351522 	0.217211	-0.0159999	0.82736 
116	44    	0.425068 	0.224274	-0.0175001	0.82736 
117	47    	0.354499 	0.215986	-0.0166667	0.82736 
118	45    	0.342442 	0.187025	-0.0200001	0.704103
119	46    	0.317343 	0.2056  	-0.02     	0.755645
120	49    	0.31575  	0.203189	-0.0183333	0.83537 
121	46    	0.36254  	0.219718	-0.02     	0.797347
122	47    	0.321534 	0.201216	-0.0177778	0.797347
123	45    	0.32951  	0.178741	-0.0133332	0.706419
124	49    	0.302433 	0.167749	-0.0171429	0.718132
125	49    	0.282805 	0.167335	0.0613833 	0.73105 
126	46    	0.340466 	0.192998	-0.0166667	0.725122
127	42    	0.359226 	0.221078	-0.0177778	0.73105 
128	47    	0.282927 	0.215714	-0.0175   	0.725122
129	46    	0.282618 	0.194988	-0.0181818	0.795029
130	46    	0.297139 	0.182702	-0.0171428	0.702322
131	45    	0.32509  	0.203695	-0.016    	0.706431
132	46    	0.30588  	0.200072	-0.0177777	0.706431
133	44    	0.320418 	0.218288	-0.0175   	0.70665 
134	47    	0.250624 	0.211725	-0.0175   	0.70665 
135	45    	0.314981 	0.216108	-0.02     	0.70665 
136	48    	0.277757 	0.200844	-0.0175   	0.70665 
137	42    	0.327831 	0.24874 	-0.0177778	0.730303
138	47    	0.328117 	0.239849	-0.02     	0.72995 
139	48    	0.300673 	0.234673	-0.0200001	0.706431
140	47    	0.351782 	0.21153 	-0.02     	0.70665 
141	44    	0.345357 	0.246552	-0.0171429	0.72995 
142	45    	0.330972 	0.253464	-0.02     	0.730303
143	45    	0.318508 	0.228848	-0.02     	0.72995 
144	46    	0.351224 	0.240813	-0.0175   	0.736128
145	46    	0.338614 	0.24728 	-0.0175   	0.736128
146	45    	0.270542 	0.243247	-0.0175   	0.835693
147	47    	0.301952 	0.211826	-0.0177777	0.835693
148	46    	0.297818 	0.237473	-0.02     	0.835693
149	48    	0.294877 	0.24572 	-0.02     	0.835693
150	47    	0.359949 	0.217594	-0.02     	0.835693
151	46    	0.270162 	0.234241	-0.02     	0.835693
152	46    	0.333512 	0.243816	-0.02     	0.75521 
153	47    	0.323709 	0.250932	-0.02     	0.75584 
154	47    	0.309986 	0.226412	-0.018    	0.835049
155	48    	0.348659 	0.221311	-0.0181818	0.835619
156	40    	0.357258 	0.279346	-0.02     	0.835619
157	44    	0.270882 	0.275764	-0.02     	0.835619
158	46    	0.34044  	0.264594	-0.02     	0.835619
159	49    	0.311505 	0.260438	-0.02     	0.835619
160	47    	0.359428 	0.243023	-0.02     	0.835619
161	44    	0.390519 	0.252298	-0.02     	0.835619
162	49    	0.318955 	0.209364	-0.016    	0.731699
163	44    	0.341089 	0.231338	-0.02     	0.835619
164	48    	0.253694 	0.237035	-0.02     	0.835619
165	46    	0.337167 	0.199924	-0.02     	0.835619
166	49    	0.304376 	0.190313	-0.0177778	0.835619
167	48    	0.293279 	0.197358	-0.0199999	0.835619
168	42    	0.313734 	0.207931	-0.016    	0.835619
169	43    	0.331886 	0.277914	-0.02     	0.835619
170	49    	0.318912 	0.25147 	-0.0177778	0.835619
171	45    	0.312086 	0.249905	-0.02     	0.833256
172	46    	0.312974 	0.233094	-0.02     	0.833256
173	48    	0.315243 	0.219697	-0.0166667	0.832068
174	46    	0.348168 	0.235741	-0.0171428	0.832068
175	45    	0.34518  	0.261932	-0.018    	0.836005
176	45    	0.313166 	0.253809	-0.02     	0.836005
177	46    	0.255925 	0.255834	-0.02     	0.836005
178	48    	0.252628 	0.21757 	-0.0200001	0.808247
179	48    	0.245599 	0.189528	-0.02     	0.832264
180	48    	0.352099 	0.189407	-0.0175001	0.832264
181	48    	0.266933 	0.213573	-0.0177778	0.732772
182	46    	0.311521 	0.226746	-0.02     	0.732772
183	47    	0.34932  	0.231177	-0.02     	0.733835
184	44    	0.332597 	0.225861	-0.0177778	0.732772
185	46    	0.329271 	0.237361	-0.02     	0.812083
186	44    	0.347075 	0.270325	-0.02     	0.811247
187	47    	0.271635 	0.250439	-0.0175   	0.732974
188	48    	0.299627 	0.217717	-0.0175001	0.84219 
189	46    	0.315442 	0.226744	-0.0174999	0.84219 
190	50    	0.325995 	0.246866	-0.0171428	0.839912
191	49    	0.258315 	0.220777	-0.02     	0.744567
192	45    	0.29116  	0.216077	-0.0175   	0.732974
193	48    	0.264979 	0.236479	-0.0171429	0.812825
194	47    	0.307072 	0.21252 	-0.02     	0.812825
195	45    	0.290804 	0.244522	-0.02     	0.812825
196	48    	0.264523 	0.236016	-0.0166667	0.842636
197	46    	0.309016 	0.201851	-0.0171415	0.812083
198	45    	0.251401 	0.203337	-0.0171429	0.812083
199	43    	0.291462 	0.239143	-0.0166667	0.812308
200	44    	0.296513 	0.254852	-0.0171429	0.813756
201	44    	0.314568 	0.261775	-0.02     	0.813708
202	46    	0.267957 	0.251244	-0.02     	0.819969
203	47    	0.273623 	0.23462 	-0.0171429	0.819969
204	44    	0.328763 	0.258277	-0.0166667	0.819969
205	48    	0.341088 	0.227083	-0.0175001	0.819969
206	47    	0.28602  	0.208695	-0.02     	0.812825
207	49    	0.297822 	0.187632	-0.02     	0.706012
208	44    	0.330639 	0.199791	-0.0171429	0.706012
209	44    	0.35685  	0.212142	-0.02     	0.706012
210	50    	0.3306   	0.20231 	-0.02     	0.812977
211	45    	0.280918 	0.242743	-0.0171428	0.812977
212	46    	0.277294 	0.226583	-0.02     	0.811396
213	49    	0.323436 	0.2033  	-0.0199999	0.819969
214	45    	0.313135 	0.210679	-0.0171428	0.706026
215	48    	0.318805 	0.239911	-0.0175001	0.812825
216	49    	0.251466 	0.20751 	-0.0166667	0.703466
217	48    	0.272538 	0.221152	-0.0171429	0.812825
218	47    	0.220444 	0.245523	-0.02     	0.812825
219	46    	0.297623 	0.221718	-0.0171429	0.858247
220	50    	0.283499 	0.214038	-0.0171427	0.819969
221	46    	0.3693   	0.204932	-0.0171429	0.819969
222	45    	0.303126 	0.211785	-0.0175   	0.819969
223	41    	0.391784 	0.258353	-0.0171428	0.819969
224	43    	0.358184 	0.255507	-0.0174999	0.819969
225	46    	0.309484 	0.240487	-0.02     	0.819969
226	47    	0.350668 	0.238874	-0.0166667	0.819969
227	43    	0.360137 	0.240409	-0.0166667	0.819969
228	47    	0.346498 	0.254235	-0.02     	0.819969
229	44    	0.392388 	0.287732	-0.02     	0.819969
230	47    	0.390953 	0.276751	-0.0171231	0.819969
231	46    	0.314215 	0.250767	-0.0166667	0.819969
232	44    	0.331956 	0.251757	-0.02     	0.819969
233	49    	0.276793 	0.23845 	-0.0171429	0.819969
234	48    	0.272532 	0.208656	-0.0175   	0.706306
235	49    	0.267744 	0.181225	-0.0175   	0.706014
236	47    	0.33229  	0.191823	-0.0166667	0.723283
237	46    	0.309319 	0.222867	-0.0175   	0.70864 
238	48    	0.376181 	0.232085	-0.0175   	0.812308
239	47    	0.240824 	0.216201	-0.02     	0.730883
240	42    	0.367919 	0.215775	-0.02     	0.730883
241	47    	0.296985 	0.219374	-0.0177777	0.734132
242	45    	0.321621 	0.22028 	-0.02     	0.713296
243	49    	0.330369 	0.223809	-0.0174999	0.734188
244	48    	0.321831 	0.23267 	-0.0175   	0.823755
245	44    	0.333203 	0.227626	-0.02     	0.823755
246	45    	0.31155  	0.222192	-0.02     	0.823755
247	49    	0.271511 	0.17082 	-0.0179999	0.645308
248	41    	0.357532 	0.173165	-0.0133333	0.703344
249	45    	0.336142 	0.19557 	-0.0171428	0.749688
250	46    	0.355713 	0.173595	-0.0166666	0.756618
251	43    	0.369938 	0.219986	-0.0166667	0.826543
252	48    	0.321155 	0.231825	-0.016    	0.826543
253	49    	0.365478 	0.214631	-0.0177777	0.732661
254	44    	0.433138 	0.215068	-0.0159893	0.819909
255	46    	0.341158 	0.245963	-0.0175   	0.834671
256	45    	0.378927 	0.229864	-0.0175   	0.834671
257	45    	0.39131  	0.239896	-0.0171428	0.834671
258	44    	0.428688 	0.250697	-0.0175   	0.834769
259	50    	0.289031 	0.21588 	-0.02     	0.811695
260	45    	0.400771 	0.233349	-0.01     	0.82231 
261	47    	0.30143  	0.242133	-0.0225   	0.827175
262	49    	0.320734 	0.214819	-0.0177779	0.825816
263	46    	0.337822 	0.197935	-0.02     	0.760556
264	46    	0.330564 	0.226474	-0.0177776	0.775357
265	42    	0.384002 	0.237332	-0.015    	0.775357
266	44    	0.346449 	0.231744	-0.0175   	0.775357
267	47    	0.362746 	0.221663	-0.0175   	0.854388
268	42    	0.365689 	0.219824	-0.0166667	0.854388
269	46    	0.356017 	0.222852	-0.0177778	0.854388
270	47    	0.327142 	0.192813	0.0928011 	0.78501 
271	48    	0.406593 	0.191644	0.129125  	0.863084
272	44    	0.354271 	0.194803	0.0755159 	0.863084
273	47    	0.332089 	0.202009	-0.0200001	0.863084
274	46    	0.368919 	0.207346	0.0631575 	0.863503
275	39    	0.398144 	0.230852	-0.018    	0.863084
276	46    	0.420719 	0.220602	0.134679  	0.863084
277	46    	0.343892 	0.228318	-0.015    	0.863084
278	47    	0.369926 	0.20715 	-0.0166667	0.756776
279	45    	0.343036 	0.181044	-0.0175   	0.738857
280	49    	0.328917 	0.187314	-0.016    	0.683562
281	45    	0.393057 	0.187982	-0.0199999	0.706847
282	42    	0.382776 	0.208606	0.0576146 	0.79997 
283	47    	0.379686 	0.209148	0.0751865 	0.828499
284	48    	0.35969  	0.223341	-0.0184615	0.840519
285	44    	0.359614 	0.207531	0.0609395 	0.840519
286	43    	0.390529 	0.251409	-0.0166667	0.842221
287	48    	0.323456 	0.209388	-0.0177778	0.840519
288	48    	0.343591 	0.191201	0.0573376 	0.871429
289	44    	0.385336 	0.216644	-0.015    	0.871429
290	44    	0.375094 	0.194983	0.0959708 	0.871429
291	47    	0.334679 	0.173891	-0.0160002	0.732592
292	48    	0.306347 	0.137903	0.113828  	0.628581
293	48    	0.345454 	0.151308	-0.0175   	0.707913
294	48    	0.350331 	0.141303	-0.015    	0.707913
295	48    	0.333342 	0.134282	-0.0133338	0.669392
296	44    	0.350053 	0.161758	-0.0133333	0.669392
297	49    	0.342874 	0.15403 	-0.0159963	0.639084
298	44    	0.344571 	0.174408	-0.0177777	0.590659
299	45    	0.327424 	0.181016	-0.018    	0.809737
300	46    	0.347022 	0.171002	-0.018    	0.737611
301	46    	0.345237 	0.154558	-0.0171429	0.650353
302	46    	0.313039 	0.152886	-0.018    	0.598306
303	46    	0.30454  	0.176195	-0.0171429	0.599865
304	48    	0.284573 	0.166306	-0.0228572	0.652995
305	45    	0.294964 	0.159947	-0.0150001	0.588051
306	44    	0.37225  	0.154931	0.116181  	0.677873
307	47    	0.362292 	0.146017	0.0664919 	0.677873
308	43    	0.376197 	0.17456 	0.131437  	0.745352
309	46    	0.292516 	0.217346	-0.0171429	0.804217
310	44    	0.35403  	0.203131	-0.0175   	0.756681
311	50    	0.298938 	0.193585	-0.0171429	0.752256
312	48    	0.358837 	0.202841	-0.0171429	0.82191 
313	47    	0.321217 	0.221669	-0.0171427	0.838519
314	48    	0.337969 	0.211155	-0.0166667	0.838519
315	44    	0.396182 	0.219182	-0.02     	0.838519
316	46    	0.388483 	0.241952	-0.0177777	0.838519
317	46    	0.357488 	0.245148	-0.0166666	0.889869
318	44    	0.37616  	0.244949	-0.0177778	0.905278
319	48    	0.364367 	0.224627	0.0745759 	0.905278
320	44    	0.397215 	0.247487	-0.0177778	0.905278
321	46    	0.339199 	0.235346	0.0674973 	0.824569
322	47    	0.393054 	0.224822	-0.0166667	0.825458
323	42    	0.43753  	0.242733	-0.015    	0.826408
324	42    	0.4113   	0.248718	-0.0199999	0.824569
325	47    	0.343422 	0.245511	-0.0175   	0.935203
326	47    	0.359048 	0.251782	-0.0199999	0.756269
327	49    	0.285949 	0.199754	-0.0171429	0.753431
328	45    	0.339733 	0.202738	-0.0175   	0.888428
329	43    	0.394908 	0.222566	0.0836271 	0.888428
330	45    	0.381791 	0.27042 	-0.0174999	0.888428
331	48    	0.408672 	0.22432 	-0.016    	0.827022
332	47    	0.383109 	0.222103	-0.018    	0.899571
333	44    	0.375627 	0.261575	-0.018    	0.899571
334	43    	0.423474 	0.283909	-0.0181818	0.906405
335	45    	0.373588 	0.269707	0.0612645 	0.906405
336	46    	0.353461 	0.249522	-0.02     	0.827182
337	46    	0.320814 	0.242877	-0.018    	0.889783
338	46    	0.401314 	0.200268	0.0739351 	0.889105
339	49    	0.327596 	0.212264	-0.016    	0.994759
340	45    	0.354805 	0.215737	0.0860863 	0.994759
341	43    	0.431867 	0.297449	-0.0171428	1.15793 
342	45    	0.480228 	0.312426	-0.016    	1.15793 
343	47    	0.448733 	0.279267	-0.0133337	1.15793 
344	49    	0.372454 	0.255581	-0.0200001	0.874446
345	47    	0.364457 	0.231508	-0.0225   	0.882292
346	47    	0.339673 	0.19853 	-0.0166667	0.821628
347	48    	0.375681 	0.171214	0.0699414 	0.702774
348	44    	0.38244  	0.175959	0.110481  	0.698162
349	49    	0.344765 	0.195351	-0.02     	0.825852
350	46    	0.381089 	0.191927	0.0989958 	0.825852
351	46    	0.404874 	0.201287	0.0985765 	0.825852
352	46    	0.372443 	0.250452	-0.02     	0.755336
353	50    	0.358491 	0.206788	-0.0200001	0.750885
354	45    	0.357442 	0.199412	-0.02     	0.832826
355	44    	0.329488 	0.246563	-0.0177778	0.832826
356	48    	0.320124 	0.211177	-0.0177778	0.765879
357	47    	0.331989 	0.219798	-0.02     	0.83182 
358	48    	0.304176 	0.199042	-0.0171429	0.812304
359	48    	0.330755 	0.204404	-0.0177778	0.733716
360	46    	0.372283 	0.211992	-0.0171429	0.76256 
361	50    	0.368046 	0.18554 	-0.0181819	0.846889
362	48    	0.350242 	0.164038	-0.0166666	0.72938 
363	49    	0.330805 	0.132349	0.0796759 	0.698672
364	42    	0.380683 	0.150337	0.128984  	0.73019 
365	45    	0.330124 	0.20354 	-0.0215385	0.730197
366	50    	0.320179 	0.221423	-0.02     	0.72976 
367	46    	0.325232 	0.219949	-0.0177778	0.801454
368	42    	0.384349 	0.242848	-0.0200001	0.801454
369	49    	0.288726 	0.215793	-0.02     	0.80147 
370	45    	0.313405 	0.250399	-0.02     	0.80147 
371	44    	0.293247 	0.233962	-0.02     	0.80147 
372	50    	0.278402 	0.218997	-0.0200001	0.856252
373	47    	0.292434 	0.179133	-0.0181819	0.838463
374	47    	0.303784 	0.171322	-0.0171429	0.810578
375	44    	0.325445 	0.1973  	-0.0177778	0.810578
376	49    	0.256019 	0.184196	-0.015    	0.814342
377	47    	0.32143  	0.20386 	-0.02     	0.810578
378	47    	0.283136 	0.191509	-0.0171429	0.810578
379	47    	0.323377 	0.193008	-0.0159999	0.73028 
380	45    	0.323217 	0.222119	-0.0199999	0.732505
381	47    	0.323171 	0.20804 	-0.0177778	0.834128
382	47    	0.290138 	0.207698	-0.0177779	0.722376
383	47    	0.307021 	0.18935 	-0.0200001	0.668708
384	47    	0.359515 	0.191847	-0.015    	0.720304
385	48    	0.304666 	0.204559	-0.0177778	0.770208
386	45    	0.313875 	0.182635	-0.0166652	0.73179 
387	47    	0.320828 	0.198843	-0.0177777	0.705499
388	46    	0.319656 	0.192511	-0.01     	0.73483 
389	45    	0.331527 	0.225231	-0.0177778	0.812083
390	46    	0.356835 	0.213286	-0.0171429	0.812083
391	48    	0.310766 	0.232892	-0.02     	0.812083
392	48    	0.251304 	0.212849	-0.0171429	0.706026
393	45    	0.346149 	0.249759	-0.0171428	0.819969
394	48    	0.336266 	0.22383 	-0.0160001	0.812977
395	44    	0.345106 	0.251132	-0.02     	0.819969
396	48    	0.287001 	0.223964	-0.02     	0.819969
397	49    	0.240188 	0.187993	-0.0171429	0.705352
398	43    	0.309757 	0.194114	-0.02     	0.731988
399	47    	0.337326 	0.239129	-0.02     	0.813756
400	45    	0.31739  	0.210697	-0.016    	0.813756
401	49    	0.263045 	0.192814	-0.02     	0.721791
402	46    	0.296466 	0.176754	-0.016    	0.721791
403	45    	0.268814 	0.203784	-0.0199999	0.841117
404	47    	0.329788 	0.243644	-0.0166667	0.941697
405	49    	0.305487 	0.233268	-0.0175   	0.856979
406	46    	0.347205 	0.217988	-0.015    	0.856979
407	46    	0.309385 	0.231043	-0.0166666	0.941697
408	46    	0.356796 	0.241008	-0.02     	0.869012
409	48    	0.38213  	0.227495	-0.0171428	0.942812
410	46    	0.324937 	0.25439 	-0.0181818	0.869012
411	48    	0.345886 	0.22735 	-0.0171429	0.869012
412	42    	0.396064 	0.242711	-0.015    	0.869243
413	48    	0.35343  	0.250842	-0.0199999	0.959549
414	48    	0.307968 	0.168389	-0.0133333	0.746161
415	39    	0.404377 	0.197832	0.073976  	0.746161
416	48    	0.338886 	0.178261	0.0656685 	0.746161
417	45    	0.318754 	0.1915  	-0.0175   	0.746161
418	43    	0.361276 	0.210037	-0.0171429	0.746161
419	49    	0.347854 	0.177513	-0.0171429	0.75411 
420	41    	0.338846 	0.217558	-0.0200001	0.76189 
421	45    	0.383184 	0.222155	-0.018    	0.840706
422	47    	0.356734 	0.202075	0.0912719 	0.832743
423	46    	0.300419 	0.222832	-0.02     	0.842505
424	45    	0.249529 	0.22978 	-0.0200001	0.842505
425	46    	0.331431 	0.224056	-0.0175   	0.842505
426	43    	0.340211 	0.27213 	-0.0166667	0.842505
427	47    	0.324594 	0.259234	-0.018    	0.845304
428	43    	0.325309 	0.24738 	-0.0175   	0.845304
429	44    	0.296571 	0.263899	-0.0177778	0.84445 
430	46    	0.285223 	0.254829	-0.017143 	0.840982
431	48    	0.299017 	0.214135	-0.018    	0.840982
432	50    	0.260903 	0.182653	-0.0177778	0.838445
433	39    	0.322762 	0.204647	-0.0222222	0.838445
434	46    	0.296876 	0.218079	-0.018    	0.790832
435	47    	0.258695 	0.20859 	-0.02     	0.804435
436	45    	0.290927 	0.189689	-0.016    	0.804435
437	45    	0.298661 	0.170863	-0.0166667	0.703019
438	47    	0.312057 	0.186958	-0.0171429	0.647231
439	42    	0.360522 	0.225167	-0.0177778	0.75373 
440	45    	0.318905 	0.236922	-0.0171428	0.771931
441	45    	0.29977  	0.231818	-0.02     	0.736005
442	49    	0.219836 	0.170452	-0.0175001	0.720232
443	47    	0.275065 	0.190842	-0.0200002	0.724211
444	44    	0.340976 	0.198335	-0.0171429	0.689503
445	47    	0.332558 	0.164544	-0.01     	0.680266
446	46    	0.324163 	0.203079	-0.018    	0.698282
447	46    	0.359785 	0.188345	-0.0133333	0.813756
448	49    	0.377518 	0.225884	-0.015    	0.847797
449	44    	0.35526  	0.221798	-0.0166666	0.823665
450	45    	0.358473 	0.257332	-0.0180001	0.823665
451	48    	0.356162 	0.237017	-0.0159999	0.906327
452	48    	0.325303 	0.232424	-0.0177778	0.811247
453	46    	0.385384 	0.230789	-0.02     	0.812308
454	45    	0.279498 	0.243247	-0.0166667	0.812308
455	44    	0.284237 	0.289972	-0.02     	0.812308
456	48    	0.289869 	0.238922	-0.0166667	0.812977
457	46    	0.389061 	0.263776	-0.02     	0.812977
458	45    	0.314492 	0.255214	-0.0177778	0.812977
459	45    	0.272811 	0.248229	-0.0200001	0.812308
460	45    	0.24625  	0.237362	-0.018    	0.812308
461	46    	0.270496 	0.242682	-0.0160001	0.812977
462	46    	0.264739 	0.240042	-0.02     	0.812977
463	44    	0.31669  	0.261052	-0.0166667	0.819317
464	48    	0.198562 	0.237794	-0.0171429	0.812977
465	42    	0.315589 	0.24336 	-0.02     	0.812977
466	49    	0.227415 	0.218449	-0.02     	0.813756
467	49    	0.265216 	0.219565	-0.0166667	0.812977
468	49    	0.21134  	0.21315 	-0.02     	0.705984
469	45    	0.276961 	0.213979	-0.0175   	0.751086
470	46    	0.253377 	0.212215	-0.0171428	0.751086
471	48    	0.263029 	0.219186	-0.0171429	0.751086
472	47    	0.311032 	0.209323	-0.02     	0.70176 
473	47    	0.341611 	0.172149	-0.016    	0.689693
474	45    	0.33873  	0.198198	-0.0175   	0.726282
475	43    	0.294328 	0.204654	-0.0177778	0.652063
476	46    	0.354222 	0.184061	-0.0171429	0.726282
477	44    	0.333685 	0.225164	-0.02     	0.723283
478	47    	0.285656 	0.210515	-0.015    	0.83182 
479	48    	0.306108 	0.209981	-0.02     	0.730341
480	46    	0.34631  	0.21526 	-0.0175001	0.812083
481	44    	0.369182 	0.238321	-0.0171429	0.812083
482	48    	0.277239 	0.259726	-0.0177778	0.812977
483	45    	0.282265 	0.248667	-0.0177778	0.812977
484	46    	0.308864 	0.260045	-0.02     	0.812977
485	48    	0.244299 	0.217812	-0.0175   	0.812977
486	46    	0.270293 	0.213854	-0.018    	0.748986
487	45    	0.271419 	0.197268	-0.0200001	0.748986
488	48    	0.284557 	0.212823	-0.0171429	0.812977
489	46    	0.333084 	0.245467	-0.02     	0.820133
490	49    	0.287026 	0.178291	-0.0166667	0.812977
491	48    	0.301458 	0.162947	-0.0171428	0.705197
492	46    	0.337481 	0.190324	-0.0171428	0.705225
493	47    	0.311885 	0.207634	-0.0177778	0.73408 
494	46    	0.320414 	0.199834	-0.0175   	0.73408 
495	46    	0.274731 	0.197492	-0.0177778	0.73408 
496	47    	0.221344 	0.161623	-0.0175   	0.603945
497	47    	0.232787 	0.200932	-0.02     	0.721038
498	45    	0.299707 	0.180448	-0.02     	0.637839
499	47    	0.301384 	0.182592	-0.0171429	0.637839
500	47    	0.304936 	0.184874	-0.02     	0.622811
501	47    	0.323589 	0.193056	-0.02     	0.698452
502	49    	0.374833 	0.184563	-0.0166667	0.817161
503	45    	0.307537 	0.197278	-0.0177778	0.723684
504	45    	0.312851 	0.186213	-0.0228571	0.635596
505	46    	0.328315 	0.181298	-0.0177779	0.720202
506	48    	0.29862  	0.19539 	-0.0171429	0.720202
507	48    	0.374653 	0.200416	-0.02     	0.799112
508	45    	0.343912 	0.18673 	0.0697548 	0.799112
509	47    	0.328752 	0.186176	-0.0177778	0.727969
510	47    	0.351186 	0.190063	-0.0181818	0.733845
511	45    	0.363945 	0.19695 	-0.016    	0.811247
512	47    	0.334886 	0.187974	-0.0166666	0.811396
513	47    	0.346819 	0.253874	-0.0166649	0.887982
514	48    	0.343227 	0.229278	-0.0199998	0.820916
515	47    	0.344565 	0.205725	-0.016    	0.760741
516	46    	0.415543 	0.217563	-0.0149999	0.826404
517	45    	0.393535 	0.274243	-0.0171428	0.826404
518	44    	0.391614 	0.244625	-0.02     	0.825001
519	47    	0.363171 	0.227928	-0.0166667	0.900949
520	48    	0.418417 	0.223605	-0.0171429	0.889118
521	45    	0.366121 	0.235932	-0.0133333	0.889118
522	49    	0.398691 	0.214503	0.072172  	0.820756
523	45    	0.431608 	0.20758 	-0.0166665	0.979399
524	48    	0.371402 	0.19695 	0.0567551 	0.85528 
525	45    	0.404574 	0.199849	-0.0171428	0.913804
526	48    	0.375896 	0.20671 	0.0668654 	0.913804
527	46    	0.371446 	0.222535	-0.0175   	0.913804
528	44    	0.414996 	0.218619	0.0602748 	0.913804
529	46    	0.367045 	0.221873	-0.0159967	0.913804
530	48    	0.367271 	0.213328	-0.0174999	0.812502
531	42    	0.41974  	0.229386	0.0647669 	0.974354
532	47    	0.322889 	0.196042	-0.0181818	0.812502
533	45    	0.344979 	0.195208	-0.02     	0.815487
534	46    	0.326999 	0.182867	-0.02     	0.719916
535	46    	0.34296  	0.165326	0.0856215 	0.719916
536	46    	0.355172 	0.187139	-0.0177778	0.739383
537	46    	0.344741 	0.175264	0.0856215 	0.753505
538	42    	0.347898 	0.201607	-0.0171428	0.790596
539	45    	0.326024 	0.18979 	-0.02     	0.753505
540	48    	0.289915 	0.192758	-0.02     	0.83136 
541	48    	0.316987 	0.1844  	-0.015    	0.83136 
542	47    	0.298341 	0.173673	-0.0166667	0.83136 
543	45    	0.302378 	0.175921	-0.0228571	0.7468  
544	46    	0.32499  	0.141131	0.0882622 	0.718223
545	46    	0.31601  	0.161656	-0.0133333	0.825404
546	46    	0.302155 	0.186168	-0.0133333	0.825404
547	46    	0.296961 	0.189655	-0.02     	0.761544
548	44    	0.377401 	0.228133	-0.0171429	0.825404
549	43    	0.398655 	0.19542 	0.112976  	0.764027
550	42    	0.445247 	0.230586	-0.0149999	0.826917
551	42    	0.413358 	0.235689	-0.0133332	0.826917
552	47    	0.341964 	0.203335	-0.0150001	0.826917
553	43    	0.340492 	0.247567	-0.0177778	0.826917
554	46    	0.338684 	0.203848	-0.015    	0.826917
555	45    	0.296162 	0.166716	0.0748417 	0.826917
556	44    	0.313468 	0.187318	-0.0133333	0.826917
557	42    	0.359509 	0.203169	-0.0171429	0.826917
558	42    	0.372392 	0.24639 	-0.0166667	0.826917
559	47    	0.332198 	0.207689	-0.018    	0.832099
560	46    	0.324616 	0.20751 	-0.0177779	0.826917
561	44    	0.410431 	0.24821 	-0.0177778	0.841948
562	44    	0.36278  	0.222298	-0.02     	0.826917
563	48    	0.341181 	0.218896	-0.0159999	0.826917
564	44    	0.382145 	0.20353 	0.0664372 	0.826917
565	46    	0.407542 	0.204855	-0.0166666	0.826917
566	45    	0.404356 	0.195797	0.0905523 	0.760032
567	48    	0.344547 	0.214911	-0.02     	0.832099
568	47    	0.344363 	0.203938	-0.016    	0.832099
569	46    	0.331953 	0.183809	-0.02     	0.769965
570	44    	0.342147 	0.207646	-0.02     	0.856944
571	46    	0.349519 	0.194087	-0.0171429	0.856944
572	42    	0.381026 	0.231469	-0.0200001	0.856944
573	47    	0.305358 	0.18533 	-0.0200001	0.750309
574	42    	0.408897 	0.235173	-0.015    	0.826917
575	47    	0.337527 	0.203197	0.0663369 	0.826917
576	47    	0.327862 	0.211379	-0.018    	0.832099
577	42    	0.365291 	0.233455	-0.02     	0.832099
578	48    	0.27215  	0.145389	-0.02     	0.826917
579	49    	0.26667  	0.156525	-0.0171429	0.830294
580	42    	0.316809 	0.170853	-0.0166667	0.830294
581	38    	0.386844 	0.184498	0.0670453 	0.830294
582	50    	0.320057 	0.184307	-0.0175001	0.752429
583	48    	0.321689 	0.1913  	-0.0171429	0.749605
584	45    	0.316503 	0.184506	-0.0149999	0.749605
585	45    	0.324361 	0.20169 	-0.0175   	0.749605
586	45    	0.29621  	0.194348	-0.0175   	0.749605
587	46    	0.269775 	0.158415	-0.02     	0.680788
588	47    	0.327205 	0.186001	-0.0171429	0.783946
589	44    	0.32662  	0.201136	-0.0166667	0.783946
590	49    	0.330447 	0.18446 	-0.0133336	0.812961
591	46    	0.374607 	0.203748	-0.0133336	0.755439
592	48    	0.304848 	0.175032	-0.02     	0.755439
593	47    	0.371239 	0.190839	-0.0175   	0.716501
594	47    	0.358647 	0.228384	-0.02     	0.76673 
595	45    	0.326493 	0.205926	-0.02     	0.76673 
596	47    	0.316651 	0.202688	-0.0171429	0.755439
597	46    	0.332607 	0.190013	-0.0160001	0.755439
598	48    	0.295353 	0.211591	-0.016    	0.7506  
599	40    	0.381182 	0.200669	-0.0171428	0.752434
600	46    	0.322943 	0.192164	-0.015    	0.747146
601	48    	0.338589 	0.175108	-0.015    	0.747146
602	44    	0.370568 	0.196039	0.111966  	0.756677
603	46    	0.288337 	0.193933	-0.02     	0.756677
604	42    	0.374779 	0.207724	-0.015    	0.831804
605	48    	0.309736 	0.198482	-0.02     	0.755814
606	47    	0.299348 	0.171713	-0.02     	0.765875
607	49    	0.280091 	0.134374	0.0534475 	0.755814
608	49    	0.25872  	0.120641	-0.0150002	0.615334
609	48    	0.282953 	0.125228	-0.0166667	0.604136
610	46    	0.316501 	0.126506	-0.016    	0.703175
611	47    	0.261612 	0.139766	-0.02     	0.695964
612	45    	0.298516 	0.141803	-0.0171428	0.703684
613	45    	0.300314 	0.144874	-0.0171429	0.587408
614	45    	0.30846  	0.183443	-0.0174999	0.790427
615	43    	0.297556 	0.19582 	-0.0177777	0.825404
616	46    	0.315558 	0.182579	-0.0150001	0.833353
617	45    	0.287602 	0.210371	-0.02     	0.825404
618	48    	0.276891 	0.172139	-0.02     	0.750309
619	44    	0.322968 	0.185714	-0.0175001	0.750309
620	46    	0.291423 	0.170441	-0.0177778	0.654313
621	48    	0.301365 	0.172076	-0.02     	0.608465
622	47    	0.317432 	0.194249	-0.0166667	0.811246
623	43    	0.296348 	0.22743 	-0.0166667	0.811246
624	46    	0.339406 	0.225866	-0.0175   	0.811246
625	48    	0.315338 	0.21595 	-0.02     	0.811246
626	48    	0.271629 	0.231582	-0.02     	0.703303
627	45    	0.308099 	0.221637	-0.0175   	0.729979
628	46    	0.268598 	0.204096	-0.0175001	0.729979
629	47    	0.309949 	0.241811	-0.0166667	0.729979
630	43    	0.349093 	0.256851	-0.02     	0.83112 
631	48    	0.291185 	0.194335	-0.0171428	0.730872
632	45    	0.350929 	0.213785	-0.02     	0.730153
633	47    	0.306242 	0.253298	-0.02     	0.737467
634	47    	0.298118 	0.222764	-0.0171428	0.730872
635	47    	0.339356 	0.247407	-0.0200001	0.730872
636	46    	0.351888 	0.250449	-0.0171428	0.83112 
637	49    	0.28371  	0.214236	-0.0175001	0.730872
638	47    	0.252545 	0.203765	-0.02     	0.79999 
639	49    	0.296345 	0.218387	-0.0175   	0.79999 
640	46    	0.284026 	0.216724	-0.0200001	0.79999 
641	46    	0.314903 	0.239155	-0.0200001	0.813834
642	48    	0.302501 	0.22531 	-0.0200001	0.734351
643	46    	0.361458 	0.248252	-0.0166667	0.83112 
644	43    	0.341802 	0.237677	-0.0222222	0.83112 
645	45    	0.321564 	0.241038	-0.02     	0.83112 
646	48    	0.259846 	0.226952	-0.0200001	0.83112 
647	41    	0.361641 	0.240824	-0.0175   	0.83112 
648	46    	0.255447 	0.229438	-0.0175   	0.730348
649	44    	0.396198 	0.21774 	-0.0171429	0.730348
650	47    	0.295675 	0.220065	-0.0177778	0.730348
651	47    	0.281012 	0.201896	-0.0175   	0.730422
652	45    	0.323863 	0.232768	-0.0160001	0.834784
653	49    	0.314909 	0.240025	-0.0175   	0.834784
654	46    	0.316741 	0.245942	-0.02     	0.751787
655	47    	0.244643 	0.227142	-0.0175   	0.731322
656	44    	0.290169 	0.211213	-0.0171429	0.731322
657	45    	0.321696 	0.209824	-0.0175   	0.703179
658	46    	0.312689 	0.224181	-0.0166667	0.706539
659	48    	0.276569 	0.204785	-0.0166667	0.706539
660	46    	0.26907  	0.214795	-0.02     	0.706539
661	48    	0.273164 	0.220208	-0.0171428	0.729979
662	47    	0.327365 	0.225921	-0.02     	0.730153
663	47    	0.283257 	0.243539	-0.0200001	0.83112 
664	45    	0.31201  	0.239335	-0.0175   	0.83112 
665	48    	0.275738 	0.246471	-0.02     	0.83112 
666	43    	0.276418 	0.238937	-0.0175   	0.730153
667	45    	0.301675 	0.2324  	-0.0171429	0.730153
668	46    	0.300307 	0.21619 	-0.0175   	0.730153
669	42    	0.337326 	0.255653	-0.0166667	0.730153
670	44    	0.347476 	0.245658	-0.0200001	0.730348
671	44    	0.36158  	0.26052 	-0.0175   	0.83112 
672	47    	0.299297 	0.23837 	-0.0175   	0.83112 
673	45    	0.271901 	0.233508	-0.02     	0.83112 
674	42    	0.337315 	0.239451	-0.0171428	0.83112 
675	48    	0.25123  	0.21347 	-0.0171429	0.83112 
676	48    	0.253311 	0.20471 	-0.0171429	0.831232
677	41    	0.380674 	0.253828	-0.0171429	0.834784
678	47    	0.242922 	0.21979 	-0.02     	0.831232
679	42    	0.243123 	0.221051	-0.0200001	0.831232
680	44    	0.267086 	0.202953	-0.0177778	0.831232
681	46    	0.289159 	0.21907 	-0.0200001	0.83112 
682	46    	0.259682 	0.18493 	-0.0171428	0.731238
683	45    	0.281578 	0.181756	-0.0175   	0.721304
684	45    	0.292886 	0.196724	-0.0175001	0.722188
685	44    	0.323084 	0.199166	-0.0179999	0.722188
686	44    	0.304769 	0.204333	-0.0166667	0.72696 
687	47    	0.312005 	0.210437	-0.0166667	0.72696 
688	44    	0.301267 	0.198308	-0.02     	0.72696 
689	46    	0.299646 	0.206516	-0.02     	0.731267
690	49    	0.308257 	0.162172	0.0733037 	0.831232
691	45    	0.287321 	0.181025	-0.0171429	0.831232
692	47    	0.356838 	0.206855	-0.0175   	0.831232
693	46    	0.318121 	0.212193	-0.0200001	0.831232
694	46    	0.282129 	0.183411	-0.018    	0.730023
695	45    	0.306553 	0.19912 	-0.0166668	0.703851
696	47    	0.281455 	0.196241	-0.02     	0.730941
697	44    	0.293305 	0.207337	-0.0177777	0.730941
698	49    	0.283051 	0.190044	-0.02     	0.76989 
699	43    	0.294517 	0.178499	-0.0171428	0.76989 
700	47    	0.288522 	0.180337	-0.0175002	0.738014
701	49    	0.294525 	0.151782	-0.016    	0.698742
702	42    	0.327022 	0.229003	-0.0171428	0.698742
703	42    	0.362092 	0.212351	-0.0150001	0.698742
704	50    	0.32669  	0.227003	-0.02     	0.825923
705	45    	0.342093 	0.226476	-0.0171428	0.825923
706	47    	0.314192 	0.189302	-0.0175001	0.825923
707	46    	0.300107 	0.225967	-0.02     	0.825923
708	45    	0.387377 	0.209096	-0.0175001	0.825923
709	45    	0.276875 	0.208698	-0.02     	0.825923
710	42    	0.326723 	0.200366	-0.0171428	0.825923
711	44    	0.349307 	0.203127	0.0991256 	0.825923
712	48    	0.293789 	0.222221	-0.0166667	0.827673
713	43    	0.351988 	0.238979	-0.0166667	0.827673
714	49    	0.379503 	0.202027	0.0756935 	0.825923
715	47    	0.32946  	0.204833	-0.0175001	0.831945
716	47    	0.354112 	0.231476	-0.0166667	0.83537 
717	48    	0.315402 	0.233216	-0.0175   	0.837266
718	46    	0.319013 	0.235541	-0.02     	0.835619
719	50    	0.319682 	0.242293	-0.02     	0.833256
720	46    	0.293005 	0.199754	-0.0175   	0.725896
721	46    	0.319936 	0.194694	-0.0175   	0.725896
722	47    	0.303757 	0.18205 	-0.0166667	0.725954
723	45    	0.31466  	0.216352	-0.0175   	0.725954
724	49    	0.277826 	0.187321	-0.0177777	0.72968 
725	48    	0.26066  	0.163958	-0.0171428	0.703491
726	47    	0.277014 	0.20285 	-0.02     	0.703491
727	47    	0.270632 	0.198517	-0.0166666	0.703491
728	45    	0.279298 	0.22626 	-0.0166667	0.70647 
729	46    	0.2772   	0.236333	-0.0166668	0.706539
730	48    	0.250015 	0.24096 	-0.0171428	0.729979
731	47    	0.288108 	0.226884	-0.02     	0.729979
732	45    	0.299316 	0.229103	-0.0171428	0.730872
733	47    	0.292778 	0.216932	-0.0175   	0.729979
734	46    	0.320871 	0.225402	-0.02     	0.729979
735	45    	0.296715 	0.242529	-0.02     	0.729979
736	45    	0.274128 	0.223362	-0.02     	0.726164
737	46    	0.289573 	0.228798	-0.0166668	0.729979
738	42    	0.355771 	0.227927	-0.0166666	0.729979
739	46    	0.35905  	0.224799	-0.0133334	0.729979
740	48    	0.292333 	0.229681	-0.02     	0.730872
741	44    	0.365915 	0.228553	-0.02     	0.729998
742	46    	0.305714 	0.235273	-0.0171429	0.729979
743	48    	0.252288 	0.214274	-0.0175   	0.730872
744	44    	0.348323 	0.231135	-0.02     	0.730613
745	44    	0.334328 	0.232638	-0.0175   	0.731322
746	45    	0.283105 	0.23233 	-0.02     	0.731322
747	47    	0.297244 	0.209906	-0.0175   	0.731322
748	46    	0.312601 	0.227624	-0.02     	0.731322
749	47    	0.290392 	0.228847	-0.0175001	0.731322
750	45    	0.280308 	0.247581	-0.0171429	0.830908
751	47    	0.272488 	0.198068	-0.02     	0.73119 
752	42    	0.311826 	0.233571	-0.0175   	0.731322
753	44    	0.326506 	0.256925	-0.02     	0.731322
754	46    	0.281313 	0.248728	-0.02     	0.797563
755	46    	0.283917 	0.270383	-0.0175   	0.830908
756	44    	0.260182 	0.236127	-0.0171428	0.797563
757	44    	0.291929 	0.248073	-0.02     	0.797563
758	46    	0.285562 	0.220108	-0.0200001	0.797563
759	47    	0.285384 	0.20933 	-0.02     	0.726164
760	48    	0.329697 	0.201585	-0.016    	0.730872
761	47    	0.329157 	0.20069 	-0.0171429	0.730872
762	45    	0.364758 	0.210275	-0.016    	0.831298
763	48    	0.249459 	0.191619	-0.0177778	0.730866
764	48    	0.285724 	0.199073	-0.0175001	0.730153
765	43    	0.312128 	0.22435 	-0.0166667	0.730153
766	48    	0.278376 	0.221185	-0.0200001	0.730155
767	45    	0.305629 	0.214484	-0.02     	0.730155
768	45    	0.326075 	0.242792	-0.0175001	0.730155
769	44    	0.33324  	0.235578	-0.0175001	0.730155
770	44    	0.285483 	0.240108	-0.0199999	0.795646
771	40    	0.340864 	0.245946	-0.0200001	0.789847
772	45    	0.31852  	0.225014	-0.0175   	0.789847
773	45    	0.319387 	0.223385	-0.02     	0.789847
774	46    	0.353966 	0.253383	-0.02     	0.790832
775	46    	0.302222 	0.210368	-0.0171429	0.810192
776	43    	0.329954 	0.222407	-0.02     	0.810192
777	45    	0.297736 	0.23011 	-0.02     	0.790832
778	49    	0.243095 	0.182815	-0.02     	0.693195
779	46    	0.311749 	0.180364	-0.0175   	0.695012
780	49    	0.294968 	0.173331	-0.0159976	0.790832
781	44    	0.307542 	0.225651	-0.02     	0.790832
782	49    	0.257596 	0.201431	-0.02     	0.789847
783	46    	0.283858 	0.195523	-0.0175   	0.790832
784	43    	0.32738  	0.20905 	-0.02     	0.790832
785	50    	0.234545 	0.171377	-0.02     	0.73105 
786	48    	0.226324 	0.173317	-0.02     	0.649051
787	47    	0.321142 	0.185795	-0.0177778	0.77318 
788	47    	0.301808 	0.177609	-0.016    	0.77318 
789	47    	0.302976 	0.145855	0.0956465 	0.66963 
790	45    	0.289976 	0.191679	-0.018    	0.723703
791	44    	0.301825 	0.191371	-0.0175001	0.936503
792	43    	0.306409 	0.172626	-0.0175   	0.698473
793	46    	0.286476 	0.206811	-0.0171429	0.720326
794	46    	0.330523 	0.19502 	-0.0175   	0.698473
795	48    	0.293546 	0.184492	-0.0171429	0.698473
796	45    	0.306902 	0.19877 	-0.0166667	0.698473
797	49    	0.255872 	0.185621	-0.02     	0.702709
798	47    	0.288672 	0.17358 	-0.0166667	0.706431
799	45    	0.322182 	0.201244	-0.0171429	0.785638
800	46    	0.353966 	0.201401	-0.0166667	0.706431
801	49    	0.300655 	0.216044	-0.018    	0.706596
802	46    	0.253948 	0.224539	-0.02     	0.706596
803	42    	0.29348  	0.238978	-0.02     	0.706431
804	47    	0.328576 	0.229149	-0.0175   	0.706515
805	48    	0.287554 	0.239549	-0.0166667	0.729248
806	47    	0.318424 	0.201403	-0.0171429	0.731537
807	49    	0.266783 	0.201807	-0.0166674	0.70647 
808	48    	0.244692 	0.181081	-0.02     	0.702435
809	47    	0.25119  	0.163414	-0.02     	0.617084
810	47    	0.278556 	0.1877  	-0.0200001	0.649253
811	42    	0.380147 	0.208203	-0.0175   	0.818806
812	45    	0.341557 	0.251983	-0.02     	0.812308
813	48    	0.364022 	0.221179	-0.0171428	0.812308
814	47    	0.332124 	0.23188 	-0.0175   	0.812308
815	46    	0.327145 	0.236339	-0.0171429	0.812977
816	47    	0.307328 	0.256629	-0.0177778	0.835026
817	45    	0.29419  	0.242631	-0.0177778	0.840104
818	49    	0.328009 	0.220473	-0.02     	0.705561
819	47    	0.32909  	0.220492	-0.0175   	0.818826
820	46    	0.383966 	0.220448	-0.0175   	0.818826
821	46    	0.333014 	0.244039	-0.0171429	0.818826
822	45    	0.307546 	0.241369	-0.0171429	0.818826
823	49    	0.22008  	0.217386	-0.0174999	0.812083
824	46    	0.274303 	0.191007	-0.0175   	0.732772
825	44    	0.384888 	0.239829	-0.0166667	0.818806
826	40    	0.366346 	0.270246	-0.0175   	0.818806
827	49    	0.261509 	0.241433	-0.0175001	0.818826
828	48    	0.344004 	0.22099 	-0.0171429	0.732505
829	44    	0.3349   	0.242385	-0.02     	0.732138
830	45    	0.334958 	0.256394	-0.02     	0.813708
831	46    	0.307346 	0.262167	-0.02     	0.806024
832	49    	0.29662  	0.191049	-0.0171429	0.705123
833	46    	0.337153 	0.202996	-0.0171429	0.818826
834	48    	0.292643 	0.192402	-0.016    	0.705842
835	49    	0.33757  	0.212448	-0.0171429	0.818826
836	48    	0.324159 	0.193292	-0.0160001	0.812083
837	41    	0.326385 	0.216113	-0.0166667	0.812083
838	46    	0.347316 	0.219758	-0.0171429	0.812308
839	48    	0.287045 	0.23027 	-0.0166667	0.818826
840	44    	0.375798 	0.209563	-0.0166667	0.732138
841	45    	0.299105 	0.226837	-0.017143 	0.818826
842	43    	0.290703 	0.246198	-0.0175001	0.818826
843	46    	0.322335 	0.226593	-0.0171429	0.818826
844	47    	0.290105 	0.239434	-0.0171429	0.812083
845	48    	0.313451 	0.229773	-0.02     	0.813708
846	46    	0.27169  	0.245606	-0.02     	0.813708
847	43    	0.351247 	0.278488	-0.02     	0.813708
848	46    	0.285071 	0.278112	-0.02     	0.868492
849	46    	0.268939 	0.27285 	-0.02     	0.868492
850	41    	0.330447 	0.299131	-0.0171428	0.868492
851	42    	0.311621 	0.30375 	-0.0177778	0.868492
852	44    	0.30274  	0.276903	-0.0175   	0.858759
853	44    	0.35857  	0.264249	-0.0166666	0.868492
854	43    	0.402859 	0.282269	-0.0166667	0.868492
855	47    	0.284152 	0.245344	-0.0177778	0.862452
856	49    	0.279501 	0.183282	-0.0166667	0.64549 
857	44    	0.372166 	0.226436	-0.0166667	0.722293
858	45    	0.366675 	0.220901	-0.0177777	0.722293
859	49    	0.349619 	0.193164	-0.0171429	0.838518
860	44    	0.407623 	0.199906	-0.0171428	0.838518
861	45    	0.382469 	0.229654	-0.02     	0.838518
862	43    	0.388836 	0.248874	-0.0200001	0.838518
863	45    	0.336822 	0.270879	-0.0175   	0.838518
864	46    	0.414607 	0.250783	-0.0177778	0.838518
865	45    	0.366896 	0.232898	-0.0177778	0.834818
866	47    	0.385925 	0.243495	-0.0171429	0.859279
867	46    	0.351425 	0.230695	-0.02     	0.859279
868	46    	0.401051 	0.237087	0.105616  	0.859279
869	47    	0.340413 	0.211627	-0.0166667	0.833493
870	46    	0.327709 	0.220624	-0.0199999	0.833493
871	46    	0.329725 	0.201704	-0.0183333	0.809463
872	46    	0.392747 	0.198307	0.0198465 	0.843495
873	48    	0.333057 	0.190659	-0.0175   	0.760884
874	49    	0.32471  	0.192106	-0.02     	0.753875
875	48    	0.318004 	0.185689	-0.0171429	0.995079
876	48    	0.339896 	0.203929	-0.02     	0.995079
877	44    	0.360391 	0.200275	-0.0133333	0.995079
878	44    	0.466923 	0.241466	0.0751206 	0.995079
879	50    	0.404355 	0.221802	0.133838  	0.966377
880	41    	0.433242 	0.247308	-0.015    	0.966377
881	44    	0.36244  	0.246839	-0.02     	0.966377
882	47    	0.379693 	0.247901	-0.0166666	0.966377
883	45    	0.409083 	0.247445	-0.0185714	0.973077
884	42    	0.399821 	0.239919	0.127702  	0.973077
885	42    	0.39143  	0.267125	-0.0150001	1.00083 
886	45    	0.411582 	0.24971 	0.115558  	1.00453 
887	49    	0.351132 	0.21692 	0.0726501 	1.12239 
888	49    	0.3439   	0.182546	0.0598692 	1.00453 
889	46    	0.332747 	0.184106	0.0747601 	1.00453 
890	45    	0.348938 	0.213592	-0.017778 	1.01816 
891	45    	0.375699 	0.238845	-0.0133333	1.01816 
892	48    	0.301165 	0.158414	0.116676  	1.01816 
893	49    	0.284278 	0.112256	0.107469  	0.620576
894	49    	0.295639 	0.108738	0.0836574 	0.675428
895	45    	0.306467 	0.138393	0.0541991 	0.675428
896	46    	0.334908 	0.134158	-0.0166577	0.686916
897	50    	0.327612 	0.104392	0.127591  	0.739054
898	46    	0.327419 	0.141996	0.0754031 	0.739054
899	46    	0.347963 	0.148367	-0.0149999	0.719181
900	46    	0.348282 	0.170289	-0.0180001	0.79881 
901	46    	0.303642 	0.175952	-0.018    	0.79881 
902	48    	0.324502 	0.159372	-0.018    	0.868746
903	47    	0.290136 	0.178325	-0.0171429	0.863905
904	45    	0.305753 	0.173575	-0.015    	0.868746
905	48    	0.310701 	0.162872	-0.0199999	0.759476
906	45    	0.355482 	0.16573 	0.0983262 	0.759476
907	47    	0.344065 	0.166013	-0.016    	0.759476
908	48    	0.280871 	0.1426  	-0.0175001	0.672129
909	49    	0.280154 	0.133341	-0.0133333	0.705022
910	44    	0.365612 	0.169476	0.0864865 	0.723045
911	44    	0.354286 	0.192361	-0.0177778	0.733314
912	45    	0.330054 	0.188106	0.0754955 	0.733314
913	45    	0.264138 	0.178388	-0.0177778	0.733314
914	47    	0.313264 	0.186916	-0.0175   	0.733314
915	46    	0.31816  	0.206747	-0.0177778	0.733663
916	44    	0.375197 	0.222619	-0.018    	0.733663
917	46    	0.290284 	0.242293	-0.02     	0.733663
918	47    	0.34147  	0.25051 	-0.0177778	0.734856
919	43    	0.327322 	0.236249	-0.0175   	0.734648
920	46    	0.371493 	0.246426	-0.02     	0.838445
921	49    	0.250406 	0.204489	-0.022    	0.838445
922	49    	0.332239 	0.218259	-0.02     	0.750927
923	45    	0.360385 	0.187608	-0.0171428	0.750927
924	46    	0.342928 	0.21431 	-0.016    	0.820916
925	47    	0.446015 	0.21259 	0.0889592 	0.91346 
926	48    	0.411687 	0.20129 	0.0989916 	0.841676
927	47    	0.362003 	0.233458	-0.0177778	0.898644
928	47    	0.287248 	0.222397	-0.0175   	0.898644
929	46    	0.369756 	0.218958	-0.0175001	0.98277 
930	42    	0.428671 	0.259475	0.0521538 	0.98277 
931	49    	0.322777 	0.232347	-0.00506809	0.98277 
932	48    	0.373518 	0.239024	-0.0133333 	0.98277 
933	43    	0.333141 	0.237634	-0.0166667 	0.862536
934	44    	0.312257 	0.222673	-0.0175    	0.862536
935	47    	0.367568 	0.221429	-0.02      	0.862536
936	45    	0.327138 	0.226199	-0.02      	0.758092
937	47    	0.349628 	0.225872	-0.0160001 	0.863894
938	45    	0.329271 	0.224336	-0.02      	0.802478
939	47    	0.316798 	0.186697	-0.0199999 	0.758092
940	48    	0.320597 	0.201336	-0.0181819 	0.68617 
941	49    	0.322777 	0.197915	-0.0177778 	0.757317
942	46    	0.338747 	0.219787	-0.02      	0.822142
943	46    	0.365491 	0.207001	-0.018     	0.822142
944	46    	0.321814 	0.251781	-0.0181818 	0.827308
945	48    	0.351847 	0.242313	-0.02      	0.826275
946	46    	0.40362  	0.236884	-0.0159999 	0.826275
947	46    	0.374363 	0.241791	-0.0171428 	0.826275
948	50    	0.297823 	0.215447	-0.0181818 	0.810778
949	47    	0.303295 	0.21105 	-0.0177778 	0.750528
950	43    	0.392695 	0.19922 	-0.0171428 	0.721483
951	46    	0.356577 	0.200117	-0.0171429 	0.730683
952	46    	0.353822 	0.182408	-0.0175    	0.68848 
953	46    	0.385474 	0.189899	0.0663532  	0.757874
954	46    	0.347655 	0.174874	-0.02      	0.686129
955	47    	0.355998 	0.191306	-0.0133333 	0.686129
956	47    	0.323444 	0.183831	-0.0177778 	0.686129
957	47    	0.338564 	0.228699	-0.0166668 	0.815882
958	48    	0.360486 	0.215223	-0.0159999 	0.815882
959	42    	0.359877 	0.223433	-0.0171429 	0.799115
960	48    	0.329889 	0.207112	-0.0171428 	0.794551
961	44    	0.393327 	0.218522	-0.016     	0.794551
962	44    	0.301278 	0.244089	-0.0179998 	0.794551
963	46    	0.336206 	0.222445	-0.018     	0.794551
964	43    	0.323781 	0.233305	-0.0177778 	0.794551
965	49    	0.293116 	0.230202	-0.017143  	0.826104
966	46    	0.319219 	0.22519 	-0.0177778 	0.804041
967	45    	0.400817 	0.244189	-0.0177778 	0.811577
968	43    	0.359832 	0.246876	-0.0181819 	0.811577
969	42    	0.377799 	0.263401	-0.0183334 	0.811577
970	46    	0.409047 	0.210435	0.066553   	0.906295
971	45    	0.352292 	0.231095	-0.018     	0.799115
972	44    	0.341607 	0.237543	-0.0166667 	0.799115
973	47    	0.354392 	0.170111	0.0862281  	0.761026
974	44    	0.398388 	0.178004	0.112302   	0.708872
975	46    	0.33119  	0.174647	-0.0133334 	0.795967
976	42    	0.377714 	0.189976	0.0683055  	0.799218
977	49    	0.342333 	0.190863	-0.0166667 	0.749828
978	47    	0.350715 	0.216469	-0.02      	0.751113
979	44    	0.384713 	0.197193	0.0622022  	0.751373
980	44    	0.374737 	0.230354	-0.01      	0.756686
981	50    	0.286682 	0.196057	-0.018     	0.729979
982	43    	0.410098 	0.179031	0.0955878  	0.75781 
983	47    	0.358531 	0.222288	-0.0133334 	0.995043
984	46    	0.361153 	0.277257	-0.02      	0.995043
985	44    	0.374421 	0.25103 	-0.0199999 	0.995043
986	44    	0.419097 	0.269236	-0.02      	0.995043
987	45    	0.445547 	0.263731	-0.02      	0.995043
988	48    	0.427835 	0.244386	-0.016     	0.901837
989	48    	0.447436 	0.231459	-0.0171428 	0.901837
990	44    	0.412175 	0.220885	0.114811   	0.901837
991	47    	0.38952  	0.227857	-0.0171428 	0.81078 
992	49    	0.347399 	0.223983	-0.0179999 	0.811006
993	47    	0.34975  	0.214698	-0.0199999 	0.857896
994	44    	0.334924 	0.209779	0.0534512  	0.888406
995	44    	0.419214 	0.227419	0.0578542  	0.888406
996	45    	0.39198  	0.214517	-0.0149998 	0.888406
997	45    	0.401621 	0.222398	-0.02      	0.888406
998	46    	0.393847 	0.213397	-0.0166666 	0.888406
999	46    	0.437171 	0.221675	-0.0166666 	0.888406
1000	48    	0.353003 	0.199373	-0.0166667 	0.888406
Best individuals:
(1.157932439153437,) 	-->	 /*9*/DDDRFLBRFUUUU
VMNeuronManager.autoload: Neuro classes added: Delay Light Nn PIDP PIDV SeeLight SeeLight2 S0 S1 Thr 
UserScripts.autoload: 19 user scripts added.
Simulator.load: Loading from 'eval-allcriteria.sim'
Loader.load: Comments read from file follow:
Loader.load:  Sample settings for evaluating many criteria of performance of a Framsticks creature.
Loader.load:  See the "evalcount" parameter if you want to speed the evaluation up or have a more stable result.
Loader.load:  Other important parameters are "Energy0" and "perfperiod".
Loader.load:  Put this file in the "data" subdirectory within the Framsticks distribution.
Simulator.load: Settings loaded from 'eval-allcriteria.sim'
Simulator.load: Loading from 'deterministic.sim'
Loader.load: Comments read from file follow:
Loader.load:  Parameter values that make the evaluation of a Framsticks creature deterministic.
Loader.load:  The values turn off random noise, so evaluation of the same genotype will always yield the same performance.
Loader.load:  The advantage is that you do not need to evaluate a genotype many times, and performance values are reliable.
Loader.load:  The disadvantage is that evolved creatures are "overfitting", i.e. rely entirely on the specific environment,
Loader.load:  and their behavior may be different in any other environment or (even slightly) changed conditions or parameter values,
Loader.load:  so each creature evolved using these settings must be later inspected using exactly the same setup.
Loader.load: 
Loader.load:  Before loading this file, load base settings, e.g. "eval-allcriteria.sim".
Loader.load:  Put this file in the "data" subdirectory within the Framsticks distribution.
Simulator.load: Settings loaded from 'deterministic.sim'
Simulator.load: Loading from 'sample-period-2.sim'
Loader.load: Comments read from file follow:
Loader.load:  Very low "performance sampling period" in the first population to sample performance very often during lifespan
Loader.load:  and avoid overlooking some behavior. Averaged performance of sampled values is returned as the final value.
Loader.load:  See http://www.framsticks.com/a/al_params.html#exper-perfcalc
Loader.load: 
Loader.load:  Before loading this file, load base settings, e.g. "eval-allcriteria.sim".
Loader.load:  Put this file in the "data" subdirectory within the Framsticks distribution.
Simulator.load: Loading from 'f9-mut-020.sim'
Simulator.load: Settings loaded from 'f9-mut-020.sim'
