gen	nevals	avg     	stddev	min     	max     
0  	50    	0.218369	0     	0.218369	0.218369
1  	48    	0.0602937	0.111664	-0.0160001	0.353624
2  	48    	0.11207  	0.142308	-0.02     	0.504487
3  	46    	0.171078 	0.142973	-0.02     	0.540725
4  	46    	0.190736 	0.164192	-0.02     	0.586094
5  	47    	0.20199  	0.16333 	-0.02     	0.61748 
6  	47    	0.192681 	0.14084 	-0.0199999	0.61748 
7  	46    	0.217188 	0.148927	-0.0171429	0.702687
8  	46    	0.207957 	0.139339	-0.0171429	0.61748 
9  	46    	0.209267 	0.117307	-0.02     	0.540371
10 	49    	0.239138 	0.126553	-0.0171428	0.58856 
11 	43    	0.258907 	0.121635	-0.02     	0.58856 
12 	46    	0.258783 	0.147311	-0.0171428	0.680542
13 	47    	0.255528 	0.125571	-0.02     	0.638832
14 	44    	0.27385  	0.0892578	0.0857418 	0.425014
15 	48    	0.268686 	0.114004 	-0.0166665	0.659654
16 	46    	0.255915 	0.125692 	-0.02     	0.659654
17 	46    	0.225946 	0.136776 	-0.0181818	0.659654
18 	49    	0.250676 	0.119594 	-0.0175   	0.659654
19 	48    	0.279627 	0.118676 	-0.02     	0.641553
20 	50    	0.246507 	0.0923506	-0.0181818	0.499104
21 	48    	0.24408  	0.0939779	-0.0175   	0.428064
22 	48    	0.258299 	0.117173 	-0.0166667	0.533252
23 	45    	0.280913 	0.0972547	0.0667389 	0.533252
24 	45    	0.271921 	0.125056 	-0.016    	0.632595
25 	40    	0.300665 	0.146295 	-0.02     	0.632595
26 	46    	0.278121 	0.132031 	-0.022    	0.560316
27 	46    	0.261316 	0.108362 	0.0839114 	0.560316
28 	48    	0.291962 	0.124662 	-0.0166668	0.591185
29 	44    	0.276318 	0.138342 	-0.0133333	0.591185
30 	48    	0.250904 	0.118688 	-0.0166667	0.591185
31 	46    	0.266374 	0.102864 	0.0590567 	0.53082 
32 	47    	0.265905 	0.102709 	-0.0171428	0.498883
33 	44    	0.269195 	0.099201 	0.0898355 	0.530577
34 	45    	0.273754 	0.287519 	-1        	0.57465 
35 	46    	0.33491  	0.110068 	0.0975215 	0.611356
36 	48    	0.283113 	0.11419  	0.0394993 	0.557456
37 	45    	0.308657 	0.10388  	0.141699  	0.557456
38 	43    	0.338147 	0.112781 	0.135143  	0.606564
39 	48    	0.2809   	0.201669 	-1        	0.533427
40 	49    	0.225206 	0.265636 	-1        	0.440821
41 	46    	0.2952   	0.0781374	0.100608  	0.464449
42 	47    	0.267041 	0.209093 	-1        	0.553973
43 	46    	0.253309 	0.104304 	-0.015    	0.472332
44 	43    	0.305036 	0.0934438	0.0930055 	0.476695
45 	47    	0.290114 	0.0927448	-0.0175   	0.476695
46 	47    	0.263934 	0.199205 	-1        	0.452398
47 	47    	0.219041 	0.318039 	-1        	0.544613
48 	45    	0.303912 	0.100322 	0.0396771 	0.510922
49 	47    	0.230168 	0.321222 	-1        	0.50262 
50 	48    	0.276989 	0.19432  	-1        	0.428261
51 	46    	0.284662 	0.0962362	-0.016    	0.52557 
52 	46    	0.296877 	0.0809991	0.0774424 	0.478734
53 	45    	0.334214 	0.0808808	0.16806   	0.544919
54 	47    	0.326286 	0.10732  	0.118085  	0.680754
55 	46    	0.269841 	0.22118  	-1        	0.680754
56 	46    	0.323481 	0.137726 	0.106313  	0.680754
57 	44    	0.280195 	0.290732 	-1        	0.680754
58 	44    	0.267946 	0.28804  	-1        	0.680754
59 	47    	-0.0905402	0.600796 	-1        	0.545408
60 	48    	0.162278  	0.398858 	-1        	0.545408
61 	47    	0.0698561 	0.512285 	-1        	0.489121
62 	44    	0.0186487 	0.577017 	-1        	0.489121
63 	48    	-0.00874365	0.566174 	-1        	0.548471
64 	45    	-0.0273753 	0.582293 	-1        	0.505413
65 	44    	0.26234    	0.283043 	-1        	0.698206
66 	45    	0.260204   	0.214748 	-1        	0.698206
67 	45    	0.209807   	0.338004 	-1        	0.698206
68 	48    	0.269443   	0.107891 	-0.0171429	0.613124
69 	49    	0.247063   	0.0928658	0.0468138 	0.447657
70 	45    	0.255109   	0.0878063	-0.0175001	0.408665
71 	47    	0.271629   	0.0902922	-0.02     	0.409675
72 	45    	0.258911   	0.107951 	-0.0175   	0.455323
73 	43    	0.298256   	0.0816546	0.116703  	0.500995
74 	42    	0.292829   	0.134768 	-0.02     	0.523064
75 	47    	0.254202   	0.115935 	-0.0177778	0.500995
76 	41    	0.270203   	0.137833 	-0.0166666	0.514549
77 	47    	0.229738   	0.128777 	-0.02     	0.514549
78 	50    	0.241351   	0.114908 	-0.0160001	0.479911
79 	49    	0.247308   	0.10397  	-0.0177777	0.44361 
80 	48    	0.253827   	0.133659 	-0.02     	0.491441
81 	45    	0.253201   	0.131982 	-0.02     	0.491441
82 	45    	0.28023    	0.146523 	-0.0200001	0.732505
83 	45    	0.261265   	0.152408 	-0.02     	0.732505
84 	49    	0.250264   	0.140919 	-0.0177777	0.706014
85 	47    	0.232333   	0.144982 	-0.02     	0.596931
86 	45    	0.270664   	0.153228 	-0.02     	0.596931
87 	48    	0.230992   	0.141444 	-0.0175   	0.812825
88 	45    	0.23056    	0.159518 	-0.02     	0.812825
89 	40    	0.248351   	0.208471 	-0.02     	0.812825
90 	45    	0.227742   	0.205742 	-0.0160001	0.812825
91 	45    	0.226554   	0.216147 	-0.0175   	0.812825
92 	47    	0.193117   	0.208194 	-0.0199999	0.812825
93 	48    	0.173574   	0.178608 	-0.0166652	0.812825
94 	46    	0.186018   	0.170946 	-0.0171429	0.812825
95 	44    	0.249863   	0.173793 	-0.0166667	0.812825
96 	47    	0.226581   	0.188756 	-0.0166667	0.813756
97 	44    	0.257455   	0.18996  	-0.0171428	0.813708
98 	44    	0.212188   	0.226088 	-0.02     	0.813708
99 	45    	0.277332   	0.213127 	-0.0166667	0.813708
100	46    	0.215925   	0.240674 	-0.02     	0.813756
101	43    	0.219242   	0.236071 	-0.0166667	0.813756
102	48    	0.175108   	0.195776 	-0.0166667	0.813756
103	48    	0.215069   	0.138514 	-0.02     	0.554265
104	46    	0.197763   	0.169169 	-0.02     	0.554265
105	47    	0.249805   	0.171861 	-0.0177778	0.813756
106	48    	0.209909   	0.222979 	-0.02     	0.813756
107	45    	0.190797   	0.225456 	-0.02     	0.813756
108	44    	0.176855   	0.211735 	-0.0166667	0.813756
109	50    	0.189207   	0.157012 	-0.0171428	0.694815
110	45    	0.21599    	0.181758 	-0.0171429	0.804176
111	44    	0.23903    	0.178176 	-0.0175   	0.804176
112	47    	0.208392   	0.163726 	-0.0171429	0.804435
113	48    	0.21085    	0.180025 	-0.0171429	0.804435
114	47    	0.178633   	0.183249 	-0.0175   	0.804435
115	45    	0.18507    	0.173942 	-0.02     	0.514537
116	47    	0.198137   	0.17654  	-0.02     	0.654763
117	42    	0.240318   	0.178563 	-0.0175   	0.654763
118	46    	0.19662    	0.168168 	-0.02     	0.654763
119	46    	0.195926   	0.191847 	-0.02     	0.725831
120	47    	0.216532   	0.181995 	-0.02     	0.725831
121	48    	0.179624   	0.16753  	-0.0199999	0.725831
122	46    	0.19682    	0.123906 	-0.02     	0.594321
123	48    	0.21798    	0.162442 	-0.0177778	0.842137
124	44    	0.25103    	0.163134 	-0.02     	0.842137
125	46    	0.26105    	0.186998 	-0.0225   	0.842137
126	45    	0.239543   	0.198427 	-0.02     	0.842137
127	48    	0.225645   	0.149113 	-0.018    	0.842137
128	47    	0.236374   	0.1154   	-0.02     	0.514229
129	44    	0.240166   	0.158778 	-0.02     	0.582513
130	48    	0.285786   	0.0965694	0.114006  	0.514229
131	46    	0.271756   	0.20858  	-1        	0.55332 
132	46    	0.294841   	0.114375 	-0.0133334	0.587441
133	47    	0.252012   	0.103705 	-0.02     	0.452785
134	44    	0.261307   	0.112373 	-0.0133333	0.502592
135	47    	0.252497   	0.204204 	-1        	0.502592
136	49    	0.243937   	0.1986   	-1        	0.47857 
137	42    	0.299524   	0.0817149	0.116745  	0.47857 
138	48    	0.253559   	0.195005 	-1        	0.47857 
139	43    	0.313316   	0.0883422	-0.0150001	0.47857 
140	47    	0.186049   	0.400909 	-1        	0.490656
141	45    	0.0571796  	0.535498 	-1        	0.490656
142	48    	0.130975   	0.462333 	-1        	0.486228
143	44    	0.178504   	0.444522 	-1        	0.578331
144	44    	0.0424763  	0.56166  	-1        	0.578331
145	44    	0.0127089  	0.5779   	-1        	0.578331
146	45    	0.112431   	0.495029 	-1        	0.578331
147	46    	0.2224     	0.372805 	-1        	0.578331
148	47    	0.206852   	0.366036 	-1        	0.534009
149	49    	0.180539   	0.363366 	-1        	0.534009
150	44    	0.251549   	0.280606 	-1        	0.592635
151	49    	0.120951   	0.420766 	-1        	0.534009
152	47    	0.158888   	0.395868 	-1        	0.534009
153	46    	0.194726   	0.320876 	-1        	0.553196
154	45    	0.193694   	0.322555 	-1        	0.534009
155	44    	0.30011    	0.0986395	0.150233  	0.534009
156	47    	0.205419   	0.368879 	-1        	0.604842
157	47    	0.268385   	0.205509 	-1        	0.604842
158	44    	0.0251375  	0.550949 	-1        	0.604842
159	47    	0.0065263  	0.543223 	-1        	0.522721
160	46    	0.0846357  	0.515283 	-1        	0.522721
161	46    	0.10807    	0.490981 	-1        	0.522721
162	43    	-0.0234852 	0.582601 	-1        	0.462669
163	45    	0.20608    	0.364299 	-1        	0.462669
164	47    	0.146281   	0.430009 	-1        	0.462669
165	46    	0.135961   	0.463262 	-1        	0.462649
166	46    	0.165802   	0.3966   	-1        	0.454625
167	44    	-0.0359288 	0.577226 	-1        	0.454625
168	47    	0.120398   	0.458505 	-1        	0.44294 
169	47    	0.161672   	0.392004 	-1        	0.44145 
170	46    	0.0540447  	0.5317   	-1        	0.547644
171	48    	0.0837646  	0.512117 	-1        	0.435444
172	46    	0.144964   	0.467125 	-1        	0.484708
173	48    	0.157068   	0.43495  	-1        	0.536928
174	45    	0.268724   	0.275355 	-1        	0.536928
175	44    	0.190587   	0.368243 	-1        	0.536928
176	45    	0.103791   	0.490908 	-1        	0.542029
177	47    	0.186433   	0.363813 	-1        	0.51262 
178	46    	0.275631   	0.203382 	-1        	0.51262 
179	47    	0.28934    	0.209959 	-1        	0.530968
180	48    	0.254514   	0.277016 	-1        	0.592595
181	44    	0.237559   	0.331356 	-1        	0.671144
182	44    	0.284796   	0.28975  	-1        	0.833264
183	48    	0.165979   	0.401536 	-1        	0.592595
184	48    	0.289693   	0.0994985	0.0732515 	0.507806
185	47    	0.29984    	0.0975525	0.0510099 	0.619697
186	48    	0.273323   	0.202979 	-1        	0.619697
187	45    	0.302159   	0.103592 	0.0524787 	0.619697
188	46    	0.30788    	0.0976945	0.108014  	0.619697
189	46    	0.311152   	0.1087   	-0.016    	0.618602
190	46    	0.248008   	0.268391 	-1        	0.48131 
191	47    	0.301914   	0.103672 	-0.016    	0.512931
192	50    	0.281985   	0.0871532	0.100019  	0.521366
193	45    	0.295913   	0.0948118	0.1154    	0.521366
194	46    	0.290749   	0.107913 	-0.02     	0.533914
195	46    	0.308624   	0.10391  	0.112682  	0.557811
196	47    	0.299633   	0.0998406	0.111685  	0.557811
197	45    	0.294181   	0.228351 	-1        	0.59277 
198	42    	0.267898   	0.287146 	-1        	0.59277 
199	42    	0.249758   	0.292622 	-1        	0.59277 
200	46    	0.298921   	0.138776 	-0.0150003	0.650534
201	43    	0.282216   	0.15776  	-0.02     	0.59277 
202	46    	0.265659   	0.145769 	-0.02     	0.59277 
203	46    	0.265578   	0.129459 	-0.0183333	0.59277 
204	49    	0.295627   	0.0993087	-0.0166666	0.59277 
205	49    	0.243322   	0.0807442	0.057106  	0.421375
206	44    	0.277164   	0.0805305	0.066522  	0.437398
207	44    	0.301178   	0.0865917	-0.0150002	0.437398
208	48    	0.19655    	0.364935 	-1        	0.567051
209	48    	0.159123   	0.391889 	-1        	0.444831
210	46    	0.209046   	0.365888 	-1        	0.526728
211	48    	0.272939   	0.19805  	-1        	0.526728
212	46    	0.304654   	0.0938697	0.120556  	0.526728
213	46    	0.323481   	0.082511 	0.1953    	0.557265
214	48    	0.235762   	0.32304  	-1        	0.557265
215	48    	0.26605    	0.208625 	-1        	0.587019
216	45    	0.214139   	0.329112 	-1        	0.587019
217	44    	0.22619    	0.325647 	-1        	0.557265
218	47    	0.283113   	0.10275  	0.0482717 	0.557265
219	48    	0.27583    	0.205029 	-1        	0.557265
220	46    	0.294242   	0.0902747	0.0942932 	0.482951
221	44    	0.270832   	0.19841  	-1        	0.435248
222	44    	0.289469   	0.212053 	-1        	0.516304
223	45    	0.302289   	0.0972783	0.090544  	0.500533
224	47    	0.317705   	0.0924043	0.118821  	0.519277
225	45    	0.310408   	0.206944 	-1        	0.533945
226	46    	0.248823   	0.274102 	-1        	0.533945
227	48    	0.258375   	0.0996079	0.0632305 	0.493511
228	49    	0.272219   	0.211247 	-1        	0.626727
229	49    	0.15979    	0.396401 	-1        	0.507079
230	48    	0.227158   	0.322109 	-1        	0.497541
231	47    	0.320514   	0.0994478	0.14868   	0.555194
232	48    	0.299387   	0.0954077	0.142481  	0.55101 
233	46    	0.238035   	0.263299 	-1        	0.489548
234	47    	0.236686   	0.264846 	-1        	0.489548
235	47    	0.263114   	0.208612 	-1        	0.501244
236	40    	0.298355   	0.207313 	-1        	0.514163
237	49    	0.230257   	0.328288 	-1        	0.658749
238	45    	0.143429   	0.471906 	-1        	0.658749
239	44    	0.147818   	0.434202 	-1        	0.564167
240	45    	0.20387    	0.366094 	-1        	0.564167
241	48    	0.0638095  	0.504984 	-1        	0.458903
242	46    	0.0788206  	0.513614 	-1        	0.458903
243	46    	-0.314481  	0.662626 	-1        	0.471326
244	48    	-0.16057   	0.632284 	-1        	0.460565
245	48    	0.130214   	0.461194 	-1        	0.531769
246	45    	0.112157   	0.456454 	-1        	0.4971  
247	46    	0.162673   	0.436737 	-1        	0.4971  
248	48    	0.189831   	0.359118 	-1        	0.524355
249	45    	0.232955   	0.321894 	-1        	0.524355
250	46    	0.187112   	0.404321 	-1        	0.524355
251	47    	0.209894   	0.362142 	-1        	0.446108
252	43    	0.133675   	0.463474 	-1        	0.508262
253	46    	0.180286   	0.401709 	-1        	0.49981 
254	46    	0.25894    	0.202835 	-1        	0.49981 
255	46    	0.283308   	0.0929981	0.047762  	0.49981 
256	46    	0.281986   	0.0845548	0.089749  	0.41572 
257	45    	0.272492   	0.0917763	0.05776   	0.45211 
258	49    	0.282888   	0.0952232	-0.01     	0.475455
259	46    	0.295587   	0.0861978	0.116224  	0.503385
260	43    	0.265486   	0.277934 	-1        	0.624117
261	44    	0.278828   	0.288186 	-1        	0.624117
262	45    	0.317784   	0.112124 	-0.0149999	0.624117
263	43    	0.319143   	0.131785 	-0.01     	0.624117
264	45    	0.322012   	0.119115 	0.10301   	0.624117
265	44    	0.312609   	0.112851 	0.113915  	0.624117
266	45    	0.306597   	0.11616  	0.132875  	0.624117
267	45    	0.317915   	0.129861 	-0.015    	0.624117
268	45    	0.331536   	0.114668 	0.155937  	0.655181
269	48    	0.261724   	0.208848 	-1        	0.655181
270	48    	0.229742   	0.270965 	-1        	0.655181
271	43    	0.299325   	0.216193 	-1        	0.655181
272	47    	0.278799   	0.210385 	-1        	0.655181
273	48    	0.280851   	0.20863  	-1        	0.655181
274	45    	0.317812   	0.0881243	0.121118  	0.655181
275	45    	0.253018   	0.28009  	-1        	0.655181
276	48    	0.300463   	0.121282 	-0.0166667	0.73294 
277	44    	0.327967   	0.117514 	0.121516  	0.655181
278	47    	0.283534   	0.121455 	-0.0133337	0.655181
279	48    	0.279915   	0.205331 	-1        	0.637718
280	44    	0.244235   	0.272391 	-1        	0.637718
281	44    	0.290902   	0.291742 	-1        	0.712725
282	47    	0.197017   	0.318662 	-1        	0.548913
283	43    	0.282149   	0.209742 	-1        	0.548913
284	47    	0.294241   	0.209338 	-1        	0.535653
285	44    	0.30842    	0.113825 	-0.0166665	0.535653
286	43    	0.260439   	0.274088 	-1        	0.535653
287	45    	0.282669   	0.210559 	-1        	0.535653
288	45    	0.119953   	0.495589 	-1        	0.535653
289	45    	0.0295742  	0.554483 	-1        	0.535653
290	43    	0.171157   	0.443443 	-1        	0.605653
291	48    	0.086542   	0.517684 	-1        	0.605653
292	47    	0.20997    	0.31678  	-1        	0.535653
293	47    	0.202661   	0.315557 	-1        	0.470392
294	45    	0.258826   	0.273973 	-1        	0.478888
295	45    	0.272685   	0.201766 	-1        	0.475923
296	46    	0.22674    	0.269185 	-1        	0.475923
297	45    	0.349202   	0.096032 	0.115817  	0.551899
298	49    	0.178594   	0.401097 	-1        	0.534474
299	44    	0.208004   	0.365334 	-1        	0.534474
300	45    	0.16944    	0.4018   	-1        	0.534474
301	45    	0.231012   	0.31971  	-1        	0.489149
302	42    	0.286773   	0.281221 	-1        	0.648955
303	50    	0.184893   	0.354917 	-1        	0.420551
304	43    	0.171277   	0.40038  	-1        	0.529234
305	44    	0.158676   	0.478285 	-1        	0.54063 
306	47    	0.183311   	0.405539 	-1        	0.538455
307	46    	0.210931   	0.368132 	-1        	0.538455
308	43    	0.144629   	0.471273 	-1        	0.538455
309	48    	0.161182   	0.396407 	-1        	0.538455
310	46    	0.244219   	0.323515 	-1        	0.475113
311	47    	0.10875    	0.491313 	-1        	0.525071
312	46    	0.20019    	0.360786 	-1        	0.519707
313	47    	0.087009   	0.481073 	-1        	0.435139
314	48    	-0.174018  	0.623248 	-1        	0.428775
315	49    	0.147738   	0.430391 	-1        	0.54349 
316	46    	0.124283   	0.459427 	-1        	0.454746
317	46    	0.140939   	0.42791  	-1        	0.433046
318	46    	0.187248   	0.404832 	-1        	0.709325
319	47    	0.0848183  	0.518121 	-1        	0.709325
320	44    	0.114615   	0.493707 	-1        	0.541953
321	46    	0.296763   	0.203713 	-1        	0.541953
322	46    	0.26559    	0.333066 	-1        	0.543633
323	48    	0.131332   	0.464332 	-1        	0.564778
324	47    	0.0332171  	0.554679 	-1        	0.564778
325	46    	0.176087   	0.402919 	-1        	0.524637
326	45    	0.226493   	0.318845 	-1        	0.524637
327	47    	0.284431   	0.201724 	-1        	0.524637
328	47    	0.109229   	0.487858 	-1        	0.524637
329	47    	0.178002   	0.399652 	-1        	0.524637
330	48    	0.118586   	0.457934 	-1        	0.526543
331	48    	0.146337   	0.432752 	-1        	0.508975
332	45    	0.266255   	0.271267 	-1        	0.508975
333	49    	0.269512   	0.271429 	-1        	0.485807
334	44    	0.186382   	0.403125 	-1        	0.480318
335	45    	0.174011   	0.441604 	-1        	0.53537 
336	44    	0.205258   	0.409594 	-1        	0.53537 
337	48    	0.281404   	0.291474 	-1        	0.813708
338	47    	0.151905   	0.363396 	-1        	0.466411
339	47    	0.22979    	0.323426 	-1        	0.490919
340	46    	0.222183   	0.330145 	-1        	0.514281
341	46    	0.141478   	0.436515 	-1        	0.514281
342	45    	0.0149824  	0.522897 	-1        	0.51442 
343	47    	0.150765   	0.40118  	-1        	0.51442 
344	49    	0.089706   	0.461011 	-1        	0.813708
345	45    	0.183145   	0.365242 	-1        	0.514281
346	46    	0.118869   	0.428137 	-1        	0.48438 
347	48    	0.09739    	0.484253 	-1        	0.49683 
348	43    	0.280759   	0.272505 	-1        	0.49683 
349	49    	0.155118   	0.434534 	-1        	0.558853
350	46    	0.260746   	0.206323 	-1        	0.478837
351	48    	0.173159   	0.400722 	-1        	0.482796
352	48    	0.137647   	0.469251 	-1        	0.601868
353	46    	0.287039   	0.209213 	-1        	0.601868
354	48    	0.307964   	0.11505  	0.0535892 	0.555988
355	46    	0.311761   	0.0983698	0.12154   	0.555988
356	46    	0.254301   	0.275749 	-1        	0.555988
357	45    	0.32029    	0.105143 	0.126695  	0.606022
358	46    	0.244112   	0.271871 	-1        	0.53168 
359	46    	0.0740226  	0.512686 	-1        	0.53168 
360	48    	0.0674016  	0.508029 	-1        	0.517139
361	45    	0.0976013  	0.48691  	-1        	0.581946
362	43    	-0.0500045 	0.629525 	-1        	0.65424 
363	47    	0.199364   	0.414393 	-1        	0.65424 
364	47    	-0.155226  	0.641217 	-1        	0.65424 
365	47    	-0.0270339 	0.582941 	-1        	0.515846
366	45    	0.160438   	0.434932 	-1        	0.447183
367	45    	0.222607   	0.316787 	-1        	0.461637
368	42    	0.23353    	0.321834 	-1        	0.469984
369	46    	0.1485     	0.432045 	-1        	0.480459
370	48    	0.0311688  	0.554744 	-1        	0.612447
371	45    	0.3327     	0.108849 	-0.0181819	0.612447
372	47    	0.261035   	0.277154 	-1        	0.523709
373	44    	0.229206   	0.326135 	-1        	0.507485
374	46    	0.20607    	0.371577 	-1        	0.613049
375	49    	0.194568   	0.362514 	-1        	0.590472
376	47    	0.177913   	0.3989   	-1        	0.494379
377	48    	0.106498   	0.452823 	-1        	0.419526
378	48    	0.0690434  	0.480554 	-1        	0.55199 
379	45    	0.14091    	0.429551 	-1        	0.524055
380	46    	0.0110661  	0.540946 	-1        	0.450867
381	47    	0.195903   	0.312299 	-1        	0.418907
382	48    	0.225678   	0.31614  	-1        	0.44353 
383	49    	0.136279   	0.426455 	-1        	0.471181
384	48    	0.0910406  	0.480952 	-1        	0.471181
385	43    	0.146804   	0.468462 	-1        	0.542256
386	48    	-0.019756  	0.585624 	-1        	0.484637
387	44    	0.237254   	0.373169 	-1        	0.514891
388	44    	-0.106869  	0.644628 	-1        	0.514891
389	47    	-0.0857661 	0.604101 	-1        	0.514891
390	41    	-0.157468  	0.662979 	-1        	0.514891
391	47    	-0.0353383 	0.576507 	-1        	0.514891
392	45    	-0.131519  	0.628147 	-1        	0.514891
393	44    	-0.117955  	0.635168 	-1        	0.444143
394	44    	-0.0840717 	0.60328  	-1        	0.444143
395	47    	0.0253938  	0.549448 	-1        	0.484175
396	43    	0.120966   	0.493929 	-1        	0.484175
397	46    	-0.00926762	0.562996 	-1        	0.484175
398	49    	-0.0808562 	0.604693 	-1        	0.484   
399	46    	-0.0554041 	0.592809 	-1        	0.473299
400	45    	-0.246372  	0.669965 	-1        	0.473299
401	45    	-0.282896  	0.665687 	-1        	0.473299
402	48    	-0.284072  	0.664172 	-1        	0.521239
403	45    	-0.226221  	0.662666 	-1        	0.531769
404	48    	-0.235381  	0.652876 	-1        	0.531769
405	46    	-0.258091  	0.659608 	-1        	0.523652
406	47    	-0.210943  	0.648185 	-1        	0.482248
407	49    	-0.348982  	0.653528 	-1        	0.482248
408	46    	-0.0546073 	0.592523 	-1        	0.482248
409	46    	-0.344503  	0.658034 	-1        	0.437194
410	45    	0.135654   	0.43025  	-1        	0.46609 
411	48    	-0.113179  	0.613519 	-1        	0.503173
412	45    	0.110431   	0.457285 	-1        	0.469974
413	45    	-0.154863  	0.638902 	-1        	0.546363
414	47    	-0.135496  	0.598302 	-1        	0.469974
415	45    	-0.113455  	0.612008 	-1        	0.469974
416	45    	-0.111259  	0.641594 	-1        	0.469974
417	43    	-0.0849891 	0.631609 	-1        	0.477464
418	47    	-0.0153247 	0.590119 	-1        	0.475478
419	48    	-0.171187  	0.651403 	-1        	0.469814
420	46    	-0.354502  	0.67461  	-1        	0.548659
421	44    	-0.251716  	0.670149 	-1        	0.548659
422	44    	-0.125092  	0.659865 	-1        	0.548659
423	44    	-0.311296  	0.691669 	-1        	0.548659
424	46    	-0.235429  	0.653923 	-1        	0.469954
425	44    	-0.241825  	0.675545 	-1        	0.569734
426	48    	-0.448569  	0.650758 	-1        	0.495195
427	47    	-0.198835  	0.656937 	-1        	0.477003
428	48    	-0.0611097 	0.592551 	-1        	0.576173
429	48    	0.0197494  	0.548151 	-1        	0.557278
430	47    	0.151821   	0.472031 	-1        	0.557278
431	46    	0.185372   	0.404195 	-1        	0.557278
432	46    	0.147298   	0.433978 	-1        	0.557278
433	47    	0.132945   	0.463831 	-1        	0.462307
434	49    	-0.0157908 	0.557503 	-1        	0.513386
435	43    	-0.0220352 	0.583922 	-1        	0.521221
436	45    	-0.0188356 	0.557798 	-1        	0.521221
437	48    	0.0673036  	0.505484 	-1        	0.497307
438	47    	0.0850192  	0.513148 	-1        	0.497307
439	47    	0.074598   	0.510157 	-1        	0.56526 
440	45    	0.0711268  	0.508348 	-1        	0.56526 
441	49    	-0.142019  	0.620364 	-1        	0.503651
442	45    	0.147523   	0.432678 	-1        	0.494874
443	45    	-0.156185  	0.638242 	-1        	0.494874
444	43    	-0.0892668 	0.62789  	-1        	0.494874
445	43    	-0.189569  	0.665308 	-1        	0.52564 
446	49    	-0.322289  	0.656526 	-1        	0.58501 
447	50    	-0.368321  	0.658837 	-1        	0.419611
448	47    	-0.0161028 	0.587294 	-1        	0.526508
449	47    	-0.178908  	0.647809 	-1        	0.562407
450	48    	0.0221029  	0.547068 	-1        	0.552269
451	47    	-0.107132  	0.615446 	-1        	0.508322
452	44    	0.0834714  	0.513137 	-1        	0.497067
453	48    	0.116444   	0.456128 	-1        	0.459021
454	44    	0.193948   	0.361678 	-1        	0.459021
455	46    	0.22402    	0.318799 	-1        	0.541267
456	48    	0.240323   	0.204212 	-1        	0.431554
457	48    	0.267112   	0.20281  	-1        	0.469777
458	48    	0.246913   	0.264715 	-1        	0.446454
459	46    	0.246663   	0.199174 	-1        	0.446428
460	45    	0.266947   	0.275965 	-1        	0.537851
461	44    	0.297441   	0.113794 	-0.0133334	0.537851
462	41    	0.318832   	0.111036 	0.063442  	0.537851
463	44    	0.319365   	0.122716 	0.0676182 	0.635287
464	46    	0.290098   	0.130927 	0.0624362 	0.635287
465	45    	0.297268   	0.110351 	0.0754811 	0.555988
466	46    	0.263284   	0.126918 	-0.0199999	0.556105
467	44    	0.297526   	0.1304   	-0.0183331	0.556105
468	44    	0.276102   	0.153933 	-0.02     	0.604061
469	45    	0.282253   	0.145588 	-0.0166667	0.604061
470	48    	0.246291   	0.112089 	-0.0171428	0.543051
471	48    	0.251011   	0.112767 	-0.0181819	0.543051
472	48    	0.248036   	0.116183 	-0.0183333	0.543051
473	46    	0.266135   	0.107918 	-0.018    	0.514975
474	45    	0.278335   	0.12584  	-0.0177778	0.535072
475	43    	0.30478    	0.117603 	-0.0166667	0.535072
476	44    	0.287235   	0.138097 	-0.016    	0.647141
477	44    	0.251798   	0.135856 	-0.0171429	0.556908
478	47    	0.255341   	0.129057 	-0.0175   	0.717802
479	49    	0.261832   	0.0927875	-0.0179987	0.514975
480	47    	0.268725   	0.106991 	-0.016    	0.514975
481	46    	0.238589   	0.141368 	-0.0183333	0.447289
482	45    	0.269431   	0.118693 	-0.0175   	0.575388
483	49    	0.284841   	0.0937536	-0.016    	0.502688
484	44    	0.296036   	0.107408 	-0.0120008	0.502688
485	45    	0.289916   	0.10597  	-0.02     	0.493239
486	46    	0.284228   	0.201935 	-1        	0.470604
487	44    	0.283688   	0.0951749	-0.0177777	0.470604
488	44    	0.261013   	0.21872  	-1        	0.610918
489	45    	0.298302   	0.118956 	-0.02     	0.610918
490	44    	0.29042    	0.108176 	-0.01     	0.505037
491	45    	0.265388   	0.20552  	-1        	0.505905
492	48    	0.268971   	0.103087 	-0.0133333	0.505905
493	44    	0.237762   	0.214213 	-1        	0.559902
494	46    	0.295198   	0.102487 	0.0751774 	0.559902
495	46    	0.248227   	0.166755 	-0.0171427	0.804601
496	47    	0.271939   	0.142799 	-0.02     	0.804601
497	45    	0.285789   	0.126148 	-0.0133333	0.554453
498	46    	0.287616   	0.13527  	-0.02     	0.554453
499	46    	0.275044   	0.121808 	-0.0171429	0.603841
500	47    	0.252558   	0.126067 	-0.02     	0.603195
501	44    	0.272081   	0.145082 	-0.018    	0.702821
502	47    	0.243542   	0.158654 	-0.0175001	0.702821
503	45    	0.248688   	0.158277 	-0.02     	0.702821
504	47    	0.231775   	0.1797   	-0.02     	0.702821
505	48    	0.20033    	0.186518 	-0.02     	0.705972
506	48    	0.216573   	0.182088 	-0.02     	0.705972
507	49    	0.190145   	0.158143 	-0.0175   	0.695392
508	49    	0.204849   	0.143007 	-0.0200001	0.614694
509	50    	0.217843   	0.135578 	-0.02     	0.498008
510	49    	0.234385   	0.132314 	-0.02     	0.576252
511	41    	0.266725   	0.161106 	-0.017143 	0.581739
512	49    	0.190661   	0.134319 	-0.0171428	0.504553
513	49    	0.285899   	0.139869 	0.0867553 	0.765165
514	47    	0.236949   	0.108148 	-0.0171429	0.575387
515	46    	0.239077   	0.134687 	-0.02     	0.575387
516	47    	0.247317   	0.121403 	-0.0199999	0.575387
517	47    	0.258434   	0.114169 	-0.0159999	0.575387
518	46    	0.260704   	0.118901 	-0.01     	0.575387
519	47    	0.246918   	0.137505 	-0.02     	0.575387
520	41    	0.278008   	0.1001   	0.0742807 	0.575387
521	43    	0.295696   	0.0929395	0.132657  	0.575387
522	48    	0.257212   	0.0944273	0.0731874 	0.45413 
523	45    	0.266639   	0.113    	-0.0181818	0.518209
524	44    	0.251423   	0.210222 	-1        	0.534672
525	47    	0.275257   	0.0973167	0.0646279 	0.534672
526	44    	0.309198   	0.116247 	-0.0181818	0.538756
527	45    	0.283507   	0.106468 	0.126782  	0.538756
528	48    	0.24688    	0.216688 	-1        	0.538756
529	44    	0.304744   	0.12718  	0.112598  	0.743585
530	45    	0.313265   	0.138795 	0.0589718 	0.743585
531	46    	0.301018   	0.105383 	-0.0171428	0.56704 
532	43    	0.308449   	0.0967856	0.115065  	0.56704 
533	46    	0.318064   	0.10542  	0.0851917 	0.582309
534	46    	0.271112   	0.204582 	-1        	0.582309
535	47    	0.159147   	0.393033 	-1        	0.472362
536	46    	0.177232   	0.405624 	-1        	0.628011
537	46    	0.288597   	0.119903 	-0.02     	0.628011
538	44    	0.26309    	0.336923 	-1        	0.628011
539	47    	0.17855    	0.40194  	-1        	0.511325
540	47    	0.224909   	0.324466 	-1        	0.490352
541	47    	0.23326    	0.320875 	-1        	0.490352
542	44    	0.219036   	0.32164  	-1        	0.467646
543	47    	0.211867   	0.323582 	-1        	0.467646
544	44    	0.182399   	0.401815 	-1        	0.481399
545	46    	0.0921443  	0.517321 	-1        	0.481399
546	46    	0.0984354  	0.487775 	-1        	0.506676
547	47    	0.0635925  	0.536425 	-1        	0.459601
548	45    	-0.0436752 	0.601859 	-1        	0.472709
549	46    	0.189604   	0.406379 	-1        	0.528019
550	43    	0.149258   	0.471868 	-1        	0.528019
551	43    	0.203912   	0.409638 	-1        	0.535649
552	45    	0.155344   	0.434812 	-1        	0.528019
553	43    	0.204896   	0.41091  	-1        	0.528019
554	46    	0.167206   	0.438419 	-1        	0.528019
555	45    	0.114658   	0.492244 	-1        	0.528019
556	48    	0.00266725 	0.56746  	-1        	0.528019
557	47    	0.0226579  	0.549888 	-1        	0.528255
558	43    	0.130613   	0.467727 	-1        	0.528255
559	47    	0.155649   	0.43476  	-1        	0.559905
560	45    	0.16612    	0.439764 	-1        	0.559905
561	43    	0.1022     	0.488696 	-1        	0.508443
562	49    	0.192839   	0.408208 	-1        	0.539149
563	46    	0.264497   	0.273516 	-1        	0.601412
564	46    	0.100621   	0.488508 	-1        	0.601412
565	42    	0.245608   	0.379082 	-1        	0.601412
566	45    	0.179579   	0.44734  	-1        	0.601412
567	45    	0.127036   	0.466959 	-1        	0.601412
568	42    	0.12339    	0.499467 	-1        	0.601412
569	44    	0.095653   	0.520799 	-1        	0.601412
570	45    	0.134777   	0.466388 	-1        	0.601412
571	44    	0.165937   	0.440796 	-1        	0.601412
572	45    	0.158371   	0.437862 	-1        	0.601412
573	43    	0.177626   	0.405044 	-1        	0.601412
574	49    	0.00758596 	0.541856 	-1        	0.437852
575	47    	-0.156444  	0.637583 	-1        	0.551111
576	49    	0.0566348  	0.53416  	-1        	0.491279
577	47    	0.194412   	0.36124  	-1        	0.480519
578	49    	0.0854644  	0.478431 	-1        	0.495616
579	45    	0.108825   	0.488517 	-1        	0.495616
580	47    	0.106638   	0.489229 	-1        	0.56958 
581	46    	0.169794   	0.442945 	-1        	0.594972
582	48    	0.096679   	0.484017 	-1        	0.492746
583	45    	0.0806744  	0.512608 	-1        	0.492746
584	48    	-0.013948  	0.558456 	-1        	0.466837
585	45    	-0.00994888	0.561083 	-1        	0.496493
586	44    	0.0874091  	0.516106 	-1        	0.589612
587	47    	0.212019   	0.369845 	-1        	0.589612
588	46    	0.0983762  	0.522708 	-1        	0.589612
589	43    	0.217863   	0.377742 	-1        	0.612168
590	46    	0.250539   	0.281191 	-1        	0.589612
591	46    	0.246784   	0.33099  	-1        	0.559777
592	46    	0.277265   	0.217496 	-1        	0.54332 
593	48    	0.274594   	0.201674 	-1        	0.518367
594	45    	0.166767   	0.402878 	-1        	0.456901
595	46    	0.162761   	0.436455 	-1        	0.494777
596	49    	0.270518   	0.198719 	-1        	0.494082
597	49    	0.193096   	0.365465 	-1        	0.455861
598	48    	0.121111   	0.459758 	-1        	0.560611
599	44    	0.24847    	0.327689 	-1        	0.560611
600	47    	0.260009   	0.275004 	-1        	0.579468
601	48    	0.251588   	0.196368 	-1        	0.560611
602	48    	0.204005   	0.315581 	-1        	0.467723
603	45    	0.28034    	0.20055  	-1        	0.502528
604	46    	0.275482   	0.202803 	-1        	0.514373
605	47    	0.263246   	0.196713 	-1        	0.504194
606	49    	0.221055   	0.259611 	-1        	0.462659
607	49    	0.290453   	0.0914575	0.0657778 	0.497872
608	47    	0.260311   	0.203659 	-1        	0.497872
609	44    	0.303379   	0.0934306	0.121087  	0.497872
610	45    	0.272964   	0.102005 	-0.0177777	0.47273 
611	46    	0.300977   	0.0939069	0.107669  	0.527707
612	44    	0.292886   	0.219182 	-1        	0.581524
613	48    	0.227306   	0.120527 	-0.0177778	0.542617
614	48    	0.244767   	0.140931 	-0.02     	0.570845
615	46    	0.258486   	0.143841 	-0.018    	0.7394  
616	48    	0.245671   	0.138183 	-0.0175   	0.7394  
617	43    	0.269335   	0.165694 	-0.016    	0.7394  
618	45    	0.277356   	0.154951 	-0.02     	0.7394  
619	48    	0.22313    	0.0976427	-0.015    	0.459403
620	46    	0.253863   	0.117519 	-0.02     	0.459403
621	47    	0.263564   	0.115134 	-0.0133334	0.498668
622	49    	0.249663   	0.0990704	-0.0177778	0.487427
623	44    	0.262444   	0.11118  	-0.0166667	0.504189
624	47    	0.290019   	0.117481 	-0.0171429	0.544842
625	47    	0.295576   	0.110409 	0.0834711 	0.654939
626	48    	0.287981   	0.0906866	0.104335  	0.466783
627	47    	0.3098     	0.116191 	-0.02     	0.541508
628	44    	0.257446   	0.206309 	-1        	0.492659
629	45    	0.296153   	0.0860822	0.139249  	0.492659
630	47    	0.291205   	0.103786 	0.0841567 	0.582482
631	47    	0.238656   	0.276342 	-1        	0.497965
632	46    	0.173119   	0.440211 	-1        	0.485634
633	43    	0.0965103  	0.523053 	-1        	0.485634
634	48    	-0.0399044 	0.572837 	-1        	0.485634
635	44    	-0.0241188 	0.582555 	-1        	0.461634
636	48    	0.140024   	0.466403 	-1        	0.587986
637	46    	0.0611709  	0.538817 	-1        	0.541694
638	46    	0.214364   	0.333107 	-1        	0.611186
639	48    	0.262901   	0.130928 	-0.015    	0.66782 
640	46    	0.255336   	0.120999 	-0.02     	0.66782 
641	47    	0.21684    	0.222573 	-1        	0.5358  
642	46    	0.275671   	0.0998373	-0.0166667	0.519543
643	47    	0.292769   	0.0882258	0.0983849 	0.519543
644	47    	0.241937   	0.210002 	-1        	0.612762
645	49    	0.257857   	0.126067 	-0.0166667	0.812825
646	43    	0.284212   	0.164099 	-0.02     	0.812825
647	47    	0.235245   	0.197154 	-0.02     	0.812825
648	45    	0.238595   	0.214152 	-0.02     	0.812825
649	47    	0.234765   	0.171506 	-0.02     	0.812825
650	44    	0.252086   	0.239458 	-0.0177778	0.812977
651	43    	0.252754   	0.232236 	-0.0166667	0.812977
652	42    	0.248564   	0.232096 	-0.0199999	0.812977
653	47    	0.19965    	0.181903 	-0.02     	0.812977
654	45    	0.176123   	0.134092 	-0.02     	0.51442 
655	47    	0.212251   	0.127186 	-0.0166667	0.514537
656	47    	0.235728   	0.130399 	-0.016    	0.462965
657	46    	0.27448    	0.198656 	-1        	0.465353
658	47    	0.281589   	0.0949901	0.096364  	0.465353
659	47    	0.259647   	0.204733 	-1        	0.506001
660	45    	0.266174   	0.205585 	-1        	0.506001
661	48    	0.281232   	0.101411 	-0.0133337	0.49123 
662	50    	0.233981   	0.260958 	-1        	0.437431
663	44    	0.260659   	0.202812 	-1        	0.511132
664	49    	0.241879   	0.205106 	-1        	0.471818
665	46    	0.256905   	0.214844 	-1        	0.619525
666	48    	0.26113    	0.203701 	-1        	0.619525
667	42    	0.321046   	0.123588 	-0.0149998	0.619525
668	42    	0.316778   	0.140282 	-0.02     	0.619525
669	47    	0.298713   	0.103366 	0.0905945 	0.619525
670	43    	0.326057   	0.10485  	0.178647  	0.619525
671	47    	0.283672   	0.218131 	-1        	0.619525
672	46    	0.209427   	0.328085 	-1        	0.619525
673	44    	0.234653   	0.330679 	-1        	0.595938
674	46    	0.171296   	0.403495 	-1        	0.49535 
675	45    	0.134883   	0.463538 	-1        	0.49535 
676	47    	0.234538   	0.325918 	-1        	0.49535 
677	45    	0.229586   	0.322762 	-1        	0.49535 
678	48    	0.211432   	0.36433  	-1        	0.49535 
679	44    	0.259603   	0.32911  	-1        	0.533318
680	45    	0.154223   	0.437441 	-1        	0.533318
681	43    	0.339042   	0.093536 	0.152889  	0.533318
682	46    	0.244287   	0.327308 	-1        	0.562687
683	46    	0.270719   	0.271626 	-1        	0.540255
684	49    	0.154225   	0.432801 	-1        	0.533318
685	45    	0.295949   	0.207252 	-1        	0.533318
686	47    	0.211129   	0.367197 	-1        	0.511616
687	44    	-0.0729704 	0.612928 	-1        	0.488749
688	46    	-0.0182413 	0.586532 	-1        	0.483393
689	42    	0.0510423  	0.56259  	-1        	0.497547
690	45    	0.141629   	0.470618 	-1        	0.507123
691	46    	0.0134021  	0.575501 	-1        	0.507123
692	46    	0.183435   	0.443199 	-1        	0.499605
693	48    	0.077697   	0.510866 	-1        	0.483393
694	48    	0.0937889  	0.482009 	-1        	0.461648
695	45    	0.179613   	0.398397 	-1        	0.477969
696	45    	0.184962   	0.35858  	-1        	0.481027
697	47    	0.240096   	0.328513 	-1        	0.51483 
698	49    	0.0228161  	0.551229 	-1        	0.488819
699	48    	0.182813   	0.40103  	-1        	0.500708
700	45    	0.189196   	0.401573 	-1        	0.500708
701	48    	0.135782   	0.464835 	-1        	0.49925 
702	43    	0.253836   	0.32657  	-1        	0.505878
703	44    	0.061186   	0.539736 	-1        	0.505878
704	47    	0.188374   	0.405193 	-1        	0.505878
705	46    	0.219607   	0.325688 	-1        	0.530802
706	45    	0.269051   	0.274377 	-1        	0.53496 
707	49    	0.234245   	0.323464 	-1        	0.464692
708	46    	0.240058   	0.324415 	-1        	0.499868
709	47    	0.235351   	0.325628 	-1        	0.501577
710	46    	0.128896   	0.464919 	-1        	0.529952
711	44    	0.191185   	0.360897 	-1        	0.501577
712	50    	0.181145   	0.351855 	-1        	0.380615
713	48    	0.163159   	0.438387 	-1        	0.51713 
714	44    	0.252057   	0.327728 	-1        	0.51713 
715	42    	0.237097   	0.377794 	-1        	0.587982
716	47    	0.261064   	0.271344 	-1        	0.587982
717	47    	0.149153   	0.432534 	-1        	0.51713 
718	47    	0.263976   	0.271762 	-1        	0.51713 
719	46    	0.322677   	0.0889042	0.0553475 	0.517375
720	47    	0.300973   	0.090602 	-0.02     	0.517375
721	46    	0.163834   	0.438589 	-1        	0.517375
722	45    	0.305617   	0.20515  	-1        	0.523662
723	48    	0.281725   	0.204148 	-1        	0.517375
724	50    	0.255809   	0.194986 	-1        	0.581334
725	48    	0.163632   	0.400459 	-1        	0.581334
726	46    	0.180693   	0.402838 	-1        	0.516502
727	46    	0.230001   	0.326138 	-1        	0.512382
728	46    	0.297104   	0.111396 	-0.0175   	0.509278
729	49    	0.268352   	0.0872968	0.0997228 	0.509278
730	47    	0.308167   	0.0892754	0.147241  	0.587763
731	41    	0.248907   	0.274384 	-1        	0.587763
732	49    	0.273412   	0.092084 	0.0987498 	0.497927
733	47    	0.266198   	0.21076  	-1        	0.724664
734	48    	0.272839   	0.129887 	-0.0159999	0.614937
735	44    	0.316855   	0.125632 	-0.0218182	0.614937
736	45    	0.253841   	0.155147 	-0.02     	0.560016
737	43    	0.256173   	0.150093 	-0.02     	0.560016
738	48    	0.225098   	0.136945 	-0.02     	0.576104
739	46    	0.302239   	0.105573 	0.0646888 	0.540008
740	50    	0.223021   	0.199809 	-1        	0.508852
741	45    	0.266034   	0.115011 	-0.0175   	0.474988
742	45    	0.290668   	0.117498 	-0.0149998	0.511252
743	43    	0.294457   	0.0973633	0.097886  	0.485078
744	45    	0.281954   	0.116079 	-0.0179999	0.497713
745	48    	0.272314   	0.094215 	0.0735019 	0.487572
746	47    	0.311686   	0.0889608	0.0748881 	0.487572
747	46    	0.276881   	0.126509 	0.0834499 	0.732943
748	45    	0.284791   	0.112147 	-0.015    	0.512244
749	44    	0.276017   	0.0990454	0.115304  	0.512244
750	45    	0.281371   	0.110058 	-0.0149938	0.501736
751	45    	0.251463   	0.120791 	0.0725158 	0.522084
752	49    	0.260506   	0.105844 	-0.015    	0.57288 
753	46    	0.252609   	0.130597 	-0.016    	0.574606
754	46    	0.244867   	0.120044 	-0.0183333	0.57288 
755	48    	0.270225   	0.112703 	-0.02     	0.57288 
756	42    	0.262594   	0.243002 	-1        	0.64116 
757	46    	0.294936   	0.136487 	0.0755823 	0.64364 
758	44    	0.276782   	0.174547 	-0.0166667	0.853023
759	45    	0.257629   	0.116762 	-0.0225   	0.64116 
760	46    	0.249016   	0.122268 	-0.0166667	0.469996
761	48    	0.241718   	0.122356 	-0.02     	0.544998
762	48    	0.253688   	0.119919 	-0.0166666	0.610351
763	47    	0.255496   	0.109396 	-0.0175   	0.610351
764	47    	0.260794   	0.106294 	-0.02     	0.531358
765	47    	0.239142   	0.101292 	-0.0175   	0.438604
766	46    	0.28706    	0.0873998	-0.016    	0.458672
767	47    	0.283403   	0.103656 	-0.0133333	0.549156
768	44    	0.293225   	0.0993779	0.0746439 	0.549156
769	47    	0.260695   	0.137392 	-0.0183333	0.530698
770	49    	0.250292   	0.103893 	-0.016    	0.514444
771	48    	0.250917   	0.133366 	-0.016    	0.638518
772	48    	0.23711    	0.124145 	-0.0171429	0.638518
773	47    	0.276888   	0.11107  	-0.0166667	0.509558
774	47    	0.281053   	0.0977485	-0.02     	0.509558
775	49    	0.207341   	0.32143  	-1        	0.572204
776	44    	0.124429   	0.461241 	-1        	0.572204
777	45    	0.256982   	0.268186 	-1        	0.470979
778	44    	0.130791   	0.466556 	-1        	0.501323
779	45    	0.0619974  	0.536511 	-1        	0.501323
780	49    	0.134434   	0.427248 	-1        	0.486561
781	45    	0.163679   	0.436701 	-1        	0.471688
782	48    	0.256868   	0.199486 	-1        	0.470209
783	46    	0.259909   	0.266933 	-1        	0.470209
784	43    	0.29216    	0.204282 	-1        	0.476447
785	39    	0.241817   	0.332684 	-1        	0.702225
786	48    	0.1599     	0.396292 	-1        	0.476447
787	46    	0.241786   	0.270894 	-1        	0.496638
788	45    	0.237477   	0.326154 	-1        	0.496638
789	46    	0.1328     	0.465588 	-1        	0.496638
790	46    	0.109437   	0.493609 	-1        	0.505862
791	48    	-0.0174727 	0.560081 	-1        	0.505862
792	47    	0.0805799  	0.515892 	-1        	0.579624
793	43    	-0.11499   	0.640717 	-1        	0.579624
794	40    	-0.256438  	0.692734 	-1        	0.579624
795	45    	-0.176346  	0.6554   	-1        	0.579624
796	49    	-0.315086  	0.66252  	-1        	0.542877
797	48    	0.0633773  	0.504689 	-1        	0.51157 
798	49    	-0.034125  	0.576225 	-1        	0.444495
799	42    	0.0554138  	0.533071 	-1        	0.485668
800	43    	0.291977   	0.205022 	-1        	0.485668
801	47    	0.31424    	0.0843261	0.155637  	0.525566
802	46    	0.200117   	0.312758 	-1        	0.525566
803	46    	0.291613   	0.213282 	-1        	0.525566
804	44    	0.280822   	0.207891 	-1        	0.525566
805	42    	0.274422   	0.279547 	-1        	0.525566
806	47    	0.304547   	0.0872659	0.120243  	0.525566
807	47    	0.139521   	0.435825 	-1        	0.57    
808	49    	0.21315    	0.323945 	-1        	0.525566
809	48    	0.209216   	0.313916 	-1        	0.525566
810	45    	0.313791   	0.110114 	-0.0150001	0.546105
811	46    	0.289641   	0.208209 	-1        	0.546105
812	46    	0.311781   	0.0843016	0.126639  	0.508491
813	47    	0.29823    	0.204296 	-1        	0.529034
814	46    	0.292415   	0.205014 	-1        	0.523156
815	47    	0.265998   	0.268809 	-1        	0.518831
816	46    	0.127536   	0.462991 	-1        	0.672048
817	46    	0.249163   	0.276205 	-1        	0.622477
818	49    	0.219067   	0.319151 	-1        	0.504056
819	42    	0.284614   	0.106981 	-0.0171429	0.504056
820	43    	0.314723   	0.0913398	0.108188  	0.517108
821	46    	0.263894   	0.212221 	-1        	0.517108
822	42    	0.27398    	0.280245 	-1        	0.517108
823	48    	0.302075   	0.088706 	0.072396  	0.517108
824	47    	0.110192   	0.456699 	-1        	0.523132
825	48    	0.118764   	0.460055 	-1        	0.547697
826	48    	0.187821   	0.408129 	-1        	0.539058
827	46    	0.297673   	0.0957231	0.115676  	0.523132
828	45    	0.239825   	0.276237 	-1        	0.523132
829	46    	0.266072   	0.273924 	-1        	0.596651
830	48    	0.198633   	0.371952 	-1        	0.653984
831	47    	0.246385   	0.271903 	-1        	0.596651
832	48    	0.0932035  	0.484313 	-1        	0.47964 
833	47    	0.15623    	0.432045 	-1        	0.463471
834	46    	0.219872   	0.366965 	-1        	0.463471
835	47    	0.105002   	0.487515 	-1        	0.505245
836	48    	0.238411   	0.262599 	-1        	0.500176
837	49    	0.159905   	0.3909   	-1        	0.414613
838	47    	0.159053   	0.398986 	-1        	0.46927 
839	45    	0.26993    	0.27367  	-1        	0.538125
840	47    	0.269459   	0.198449 	-1        	0.473662
841	47    	0.292422   	0.206015 	-1        	0.710757
842	45    	0.310531   	0.119804 	-0.0175001	0.710757
843	42    	0.309785   	0.231642 	-1        	0.710757
844	45    	0.268799   	0.290452 	-1        	0.710757
845	47    	0.310051   	0.110803 	0.0754958 	0.710757
846	47    	0.203226   	0.366037 	-1        	0.561075
847	48    	0.122507   	0.42167  	-1        	0.467983
848	45    	0.212239   	0.315063 	-1        	0.433156
849	47    	0.239775   	0.26943  	-1        	0.490577
850	45    	0.228129   	0.32207  	-1        	0.490577
851	47    	0.104443   	0.490797 	-1        	0.490577
852	44    	0.155573   	0.435883 	-1        	0.490577
853	46    	0.162411   	0.438315 	-1        	0.50149 
854	46    	0.128517   	0.459748 	-1        	0.481329
855	45    	0.143969   	0.467784 	-1        	0.481905
856	45    	0.181767   	0.401278 	-1        	0.481905
857	47    	0.119214   	0.461909 	-1        	0.526241
858	43    	0.216518   	0.373186 	-1        	0.526241
859	48    	0.258083   	0.269461 	-1        	0.526241
860	48    	0.213323   	0.315066 	-1        	0.436802
861	46    	0.203913   	0.36306  	-1        	0.440743
862	47    	0.148293   	0.430461 	-1        	0.491063
863	44    	0.194023   	0.40602  	-1        	0.491063
864	49    	0.101736   	0.45235  	-1        	0.467489
865	44    	0.252626   	0.2742   	-1        	0.555984
866	46    	0.0321689  	0.557856 	-1        	0.713024
867	49    	0.158715   	0.434827 	-1        	0.473419
868	49    	0.197961   	0.361568 	-1        	0.471381
869	46    	0.206584   	0.327009 	-1        	0.49043 
870	46    	0.278738   	0.202729 	-1        	0.471381
871	47    	0.215705   	0.31888  	-1        	0.556077
872	46    	0.284739   	0.090369 	-0.0160001	0.406187
873	46    	0.290171   	0.0876709	0.0702066 	0.485032
874	46    	0.276998   	0.195459 	-1        	0.432799
875	48    	0.223343   	0.265822 	-1        	0.436408
876	45    	0.228225   	0.262903 	-1        	0.433136
877	47    	0.166495   	0.397366 	-1        	0.468671
878	48    	0.275998   	0.201969 	-1        	0.468671
879	47    	0.263497   	0.196982 	-1        	0.444752
880	50    	0.190396   	0.313281 	-1        	0.526788
881	47    	0.316795   	0.100384 	0.0350501 	0.603123
882	45    	0.206024   	0.329927 	-1        	0.603123
883	47    	0.288045   	0.115505 	-0.0181818	0.526788
884	44    	0.295867   	0.119649 	-0.015    	0.568695
885	46    	0.267706   	0.113618 	-0.0150001	0.526788
886	46    	0.287782   	0.103018 	0.0907398 	0.526788
887	48    	0.218899   	0.267379 	-1        	0.526788
888	44    	0.284741   	0.0929747	0.07351   	0.526788
889	47    	0.282836   	0.111878 	-0.015    	0.526788
890	46    	0.276107   	0.10986  	0.0687665 	0.5456  
891	47    	0.285323   	0.208619 	-1        	0.5456  
892	45    	0.276557   	0.209519 	-1        	0.552978
893	48    	0.2273     	0.263407 	-1        	0.444418
894	47    	0.262181   	0.0846599	0.045065  	0.444418
895	48    	0.291418   	0.110573 	-0.0160001	0.728775
896	45    	0.311115   	0.119318 	-0.0160001	0.728775
897	47    	0.215355   	0.281567 	-1        	0.728775
898	45    	0.290247   	0.146054 	-0.015    	0.728775
899	49    	0.25065    	0.157674 	-0.0166666	0.728775
900	46    	0.266993   	0.159977 	-0.02     	0.64559 
901	45    	0.268564   	0.168603 	-0.02     	0.726857
902	50    	0.251731   	0.142962 	-0.02     	0.689247
903	46    	0.241539   	0.157361 	-0.0171428	0.689247
904	45    	0.235463   	0.15701  	-0.017143 	0.689247
905	44    	0.225472   	0.167482 	-0.0175   	0.704932
906	47    	0.245337   	0.147498 	-0.0171429	0.581279
907	48    	0.23337    	0.148715 	-0.02     	0.514444
908	46    	0.206405   	0.153273 	-0.0160001	0.514444
909	45    	0.251897   	0.134366 	-0.016    	0.502829
910	46    	0.250429   	0.122128 	-0.0166667	0.502829
911	47    	0.256204   	0.108459 	0.0748099 	0.637183
912	47    	0.277059   	0.096635 	0.100491  	0.518496
913	44    	0.274071   	0.209085 	-1        	0.558241
914	47    	0.25631    	0.122239 	-0.016    	0.558241
915	42    	0.308318   	0.128418 	0.0827903 	0.558241
916	46    	0.27596    	0.223061 	-1        	0.61881 
917	47    	0.28878    	0.10517  	0.0924431 	0.61881 
918	48    	0.275257   	0.202294 	-1        	0.551334
919	48    	0.257499   	0.206003 	-1        	0.551334
920	50    	0.280701   	0.10888  	-0.02     	0.531229
921	46    	0.226194   	0.268985 	-1        	0.460039
922	47    	0.222116   	0.276642 	-1        	0.460039
923	44    	0.208833   	0.370725 	-1        	0.466907
924	44    	0.290921   	0.213551 	-1        	0.562125
925	44    	0.28705    	0.219359 	-1        	0.624851
926	45    	0.291087   	0.110374 	-0.0175   	0.528552
927	48    	0.247397   	0.266422 	-1        	0.528552
928	44    	0.240572   	0.275675 	-1        	0.528552
929	46    	0.198568   	0.364128 	-1        	0.528552
930	50    	0.13543    	0.426215 	-1        	0.45382 
931	45    	0.0910799  	0.514713 	-1        	0.464421
932	49    	0.149277   	0.471126 	-1        	0.529638
933	49    	0.147632   	0.432771 	-1        	0.503764
934	47    	0.00616601 	0.570548 	-1        	0.503764
935	43    	0.258854   	0.273218 	-1        	0.49337 
936	48    	0.20703    	0.361736 	-1        	0.475876
937	46    	0.119948   	0.457039 	-1        	0.433045
938	45    	0.19968    	0.362769 	-1        	0.548144
939	45    	0.179752   	0.360801 	-1        	0.475592
940	44    	0.247851   	0.274062 	-1        	0.517016
941	48    	0.189918   	0.402759 	-1        	0.499168
942	47    	0.273833   	0.210151 	-1        	0.535201
943	47    	0.220079   	0.320943 	-1        	0.500318
944	46    	0.230855   	0.322838 	-1        	0.478943
945	41    	0.317817   	0.211567 	-1        	0.586789
946	44    	0.283816   	0.282271 	-1        	0.586789
947	45    	0.171818   	0.444118 	-1        	0.62851 
948	45    	0.247868   	0.331901 	-1        	0.62851 
949	44    	0.276204   	0.340848 	-1        	0.62851 
950	43    	0.250179   	0.334458 	-1        	0.62851 
951	47    	0.111631   	0.494947 	-1        	0.62851 
952	48    	0.0428897  	0.524869 	-1        	0.483746
953	48    	0.168087   	0.395214 	-1        	0.429512
954	47    	0.201712   	0.362923 	-1        	0.567601
955	48    	0.245399   	0.268818 	-1        	0.654207
956	46    	0.212584   	0.366091 	-1        	0.654207
957	48    	0.248956   	0.211356 	-1        	0.52734 
958	44    	0.182251   	0.405312 	-1        	0.528123
959	50    	0.229443   	0.263554 	-1        	0.569855
960	49    	0.24791    	0.26804  	-1        	0.485474
961	47    	0.129414   	0.462071 	-1        	0.530415
962	49    	0.181663   	0.357191 	-1        	0.459198
963	48    	0.031266   	0.520434 	-1        	0.461062
964	46    	0.229337   	0.32016  	-1        	0.47049 
965	45    	0.265255   	0.269999 	-1        	0.474968
966	46    	0.29277    	0.213287 	-1        	0.624064
967	47    	-0.000528133	0.567772 	-1        	0.541567
968	45    	0.253382    	0.326848 	-1        	0.498936
969	48    	0.0639682   	0.538342 	-1        	0.515162
970	47    	0.113893    	0.492304 	-1        	0.515162
971	46    	0.271841    	0.27668  	-1        	0.515162
972	45    	0.154551    	0.402293 	-1        	0.515162
973	49    	0.268437    	0.201667 	-1        	0.467812
974	41    	0.266423    	0.329892 	-1        	0.576486
975	47    	0.198796    	0.366641 	-1        	0.576486
976	47    	0.173493    	0.402542 	-1        	0.576486
977	45    	0.246072    	0.328599 	-1        	0.576486
978	45    	0.221894    	0.374052 	-1        	0.610698
979	43    	0.123669    	0.501352 	-1        	0.610698
980	42    	-0.0621671  	0.622371 	-1        	0.610698
981	45    	0.0304049   	0.558802 	-1        	0.675355
982	46    	0.223744    	0.344645 	-1        	0.675355
983	50    	0.239734    	0.155922 	-0.0171429	0.740082
984	47    	0.278159    	0.124224 	-0.0171429	0.70059 
985	48    	0.290295    	0.0767823	0.141253  	0.433881
986	47    	0.197218    	0.359545 	-1        	0.432515
987	46    	0.24967     	0.199775 	-1        	0.443027
988	47    	0.254307    	0.203806 	-1        	0.453282
989	41    	0.182803    	0.40246  	-1        	0.465971
990	48    	0.274011    	0.0796699	0.0829721 	0.453282
991	49    	0.298133    	0.0812001	0.105242  	0.505504
992	45    	0.303626    	0.0947659	0.139941  	0.562808
993	46    	0.317948    	0.0891047	0.138718  	0.562808
994	49    	0.299399    	0.0863345	0.144431  	0.562808
995	44    	0.299363    	0.0984685	0.0971502 	0.463381
996	44    	0.317745    	0.0823224	0.150054  	0.448544
997	47    	0.280469    	0.106347 	0.0874688 	0.544344
998	44    	0.283235    	0.105859 	-0.0150001	0.544344
999	44    	0.316034    	0.115932 	-0.0171429	0.544482
1000	46    	0.29851     	0.105468 	-0.0133333	0.544482
