Argument values: path=C:\Users\1625203\Downloads\Framsticks50rc22\Framsticks50rc22, lib=None, sim=eval-allcriteria.sim;deterministic.sim;sample-period-2.sim;f9-mut-050.sim, genformat=None, initialgenotype=/*9*/BLU, opt=vertpos, popsize=50, generations=1000, tournament=10, pmut=0.9, pxov=0.2, hof_size=1, hof_savefile=None, max_numparts=30, max_numjoints=None, max_numneurons=None, max_numconnections=None, max_numgenochars=50
Using Framsticks version: 5.0rc22
Home (writable) dir     : C:\Users\1625203\Downloads\Framsticks50rc22\Framsticks50rc22\data
Resources dir           : C:\Users\1625203\Downloads\Framsticks50rc22\Framsticks50rc22\data

Available objects: ['CheckpointEvent', 'Collision', 'CrCollision', 'Creature', 'CreatureSettings', 'CreatureSignals', 'CreatureSnapshot', 'Dictionary', 'ExpProperties', 'ExpState', 'ExtValue', 'File', 'FunctionReference', 'GenMan', 'GenManStats', 'GenePool', 'GenePools', 'Geno', 'Genotype', 'Interface', 'Joint', 'Loader', 'Math', 'MechJoint', 'MechPart', 'MessageCatcher', 'Model', 'ModelGeometry', 'ModelSymmetry', 'Neuro', 'NeuroClass', 'NeuroClassLibrary', 'NeuroDef', 'NeuroSignals', 'NeuronsSimEnabled', 'ODE', 'Orient', 'Part', 'Population', 'Populations', 'Ref', 'Signal', 'SignalView', 'SimilMeasure', 'SimilMeasureDistribution', 'SimilMeasureGreedy', 'SimilMeasureHungarian', 'Simulator', 'SlaveSimulators', 'StopEvent', 'String', 'UserScripts', 'Vector', 'WireframeAppearance', 'World', 'WorldMap', 'WorldSignals', 'XYZ', '__builtins__', '__cached__', '__doc__', '__file__', '__loader__', '__name__', '__package__', '__spec__', 'c_api', 'ctypes', 'home_dir', 'init', 'os', 're', 'res_dir', 'sim_params', 'stats', 'sys']

Performing a basic test 1/2... OK.
Performing a basic test 2/2... OK.
Using settings: ['eval-allcriteria.sim', 'deterministic.sim', 'sample-period-2.sim', 'f9-mut-050.sim']
gen	nevals	avg     	stddev	min     	max     
0  	50    	0.218369	0     	0.218369	0.218369
1  	47    	0.0516035	0.106132	-0.0166667	0.306831
2  	46    	0.090154 	0.114587	-0.0166667	0.362556
3  	45    	0.112923 	0.120459	-0.0171429	0.356517
4  	48    	0.125577 	0.136722	-0.02     	0.381534
5  	46    	0.187331 	0.138065	-0.02     	0.693849
6  	45    	0.197957 	0.132825	-0.02     	0.593803
7  	46    	0.167809 	0.140791	-0.02     	0.433817
8  	44    	0.234522 	0.15496 	-0.0171429	0.733637
9  	45    	0.249416 	0.139459	-0.02     	0.711538
10 	47    	0.229979 	0.13432 	-0.0177778	0.560437
11 	47    	0.207574 	0.135601	-0.02     	0.560437
12 	50    	0.219882 	0.099812	-0.0166667	0.427999
13 	48    	0.267258 	0.126669	-0.02     	0.507031
14 	46    	0.219257 	0.142477	-0.0199999	0.515856
15 	45    	0.226435 	0.148916	-0.0171428	0.515856
16 	47    	0.266209 	0.1465  	-0.02     	0.70456 
17 	45    	0.279308 	0.130047	-0.02     	0.619705
18 	44    	0.272077 	0.146809	-0.0177778	0.619705
19 	48    	0.260952 	0.118069	-0.0171428	0.494321
20 	45    	0.258149 	0.131043	-0.0184615	0.550199
21 	49    	0.24264  	0.107484	-0.0175   	0.503633
22 	43    	0.24051  	0.134743	-0.02     	0.540365
23 	44    	0.250154 	0.152578	-0.02     	0.540365
24 	48    	0.27056  	0.135574	-0.0177778	0.579623
25 	47    	0.262995 	0.142567	-0.0177778	0.641606
26 	44    	0.257829 	0.177143	-0.02     	0.641606
27 	46    	0.255518 	0.166626	-0.0175   	0.641606
28 	46    	0.268495 	0.153655	-0.0222222	0.641606
29 	47    	0.268931 	0.165519	-0.02     	0.703812
30 	47    	0.242747 	0.160412	-0.0177778	0.703812
31 	43    	0.296405 	0.171278	-0.02     	0.703812
32 	47    	0.254866 	0.140282	-0.0166666	0.703812
33 	43    	0.286436 	0.134543	-0.02     	0.703812
34 	48    	0.285238 	0.159662	-0.016    	0.806782
35 	47    	0.266514 	0.168575	-0.02     	0.749035
36 	42    	0.292099 	0.174648	-0.02     	0.749035
37 	43    	0.279119 	0.176426	-0.02     	0.749035
38 	46    	0.273849 	0.13551 	-0.0133333	0.749035
39 	44    	0.316156 	0.110982	0.15021   	0.749035
40 	44    	0.269715 	0.114737	0.0896793 	0.562845
41 	45    	0.293658 	0.103662	-0.02     	0.562845
42 	47    	0.270136 	0.096158	-0.0160002	0.497837
43 	45    	0.286504 	0.0904561	0.051576  	0.497837
44 	46    	0.285097 	0.0955686	0.102033  	0.519472
45 	47    	0.268819 	0.21278  	-1        	0.62153 
46 	47    	0.291846 	0.0985675	0.0330625 	0.588177
47 	47    	0.269416 	0.0945616	0.0382066 	0.455982
48 	45    	0.261878 	0.202921 	-1        	0.559327
49 	47    	0.231037 	0.271959 	-1        	0.559327
50 	50    	0.280123 	0.198141 	-1        	0.524747
51 	46    	0.269757 	0.274072 	-1        	0.57635 
52 	46    	0.230834 	0.326693 	-1        	0.522314
53 	46    	0.240851 	0.325237 	-1        	0.529446
54 	47    	0.0819591	0.511963 	-1        	0.529446
55 	46    	0.0628556	0.537498 	-1        	0.529446
56 	44    	0.173297 	0.438547 	-1        	0.541986
57 	46    	0.166348 	0.401687 	-1        	0.541986
58 	47    	0.241311 	0.323992 	-1        	0.49505 
59 	47    	0.228019 	0.317188 	-1        	0.458644
60 	44    	0.266017 	0.266423 	-1        	0.474322
61 	45    	0.184807 	0.401975 	-1        	0.52649 
62 	46    	0.284714 	0.108624 	-0.0133334	0.519328
63 	44    	0.150379 	0.43784  	-1        	0.582524
64 	45    	0.277313 	0.207771 	-1        	0.582524
65 	47    	0.209031 	0.324479 	-1        	0.519328
66 	46    	0.242591 	0.276171 	-1        	0.519328
67 	48    	0.254673 	0.2016   	-1        	0.519328
68 	49    	0.21473  	0.321773 	-1        	0.519328
69 	42    	0.280999 	0.0999698	-0.02     	0.489489
70 	43    	0.247617 	0.216728 	-1        	0.545284
71 	47    	0.30952  	0.124508 	-0.0177777	0.703049
72 	46    	0.304389 	0.129889 	-0.02     	0.703049
73 	47    	0.273722 	0.109688 	-0.0175   	0.524366
74 	48    	0.287256 	0.108243 	0.0846672 	0.656665
75 	43    	0.303812 	0.142582 	0.0575928 	0.656665
76 	49    	0.266415 	0.117485 	-0.0160001	0.520756
77 	44    	0.295267 	0.113575 	-0.01     	0.529124
78 	46    	0.233741 	0.214433 	-1        	0.520756
79 	44    	0.303283 	0.108061 	0.104362  	0.520756
80 	46    	0.253094 	0.281035 	-1        	0.569996
81 	47    	0.274152 	0.198275 	-1        	0.520756
82 	49    	0.269663 	0.205535 	-1        	0.545559
83 	46    	0.269174 	0.20393  	-1        	0.489718
84 	49    	0.270332 	0.0797038	0.077564  	0.463999
85 	46    	0.257107 	0.110316 	-0.02     	0.463999
86 	47    	0.294033 	0.0970879	-0.02     	0.547748
87 	46    	0.300345 	0.109984 	-0.015    	0.488607
88 	48    	0.298411 	0.0744925	0.176572  	0.463999
89 	43    	0.288181 	0.0881864	0.078684  	0.460617
90 	46    	0.294078 	0.0819601	0.145117  	0.475076
91 	47    	0.315543 	0.100176 	0.121505  	0.697898
92 	48    	0.287146 	0.108145 	-0.015    	0.697898
93 	47    	0.285326 	0.098636 	0.0743261 	0.697898
94 	44    	0.220945 	0.326598 	-1        	0.697898
95 	47    	0.307905 	0.140298 	-0.015    	0.697898
96 	45    	0.286072 	0.13479  	-0.016    	0.697898
97 	44    	0.307275 	0.144176 	-0.0166667	0.697898
98 	46    	0.314424 	0.159058 	-0.0150001	0.697898
99 	48    	0.288863 	0.152127 	-0.01     	0.698187
100	46    	0.287516 	0.214878 	-1        	0.697898
101	45    	0.270187 	0.286946 	-1        	0.697898
102	44    	0.332242 	0.134094 	-0.0150001	0.697898
103	48    	0.286364 	0.146407 	-0.02     	0.7158  
104	47    	0.278409 	0.129426 	0.0862273 	0.7158  
105	46    	0.275413 	0.123107 	0.0476504 	0.7158  
106	50    	0.23752  	0.0878671	-0.0133332	0.429899
107	49    	0.26461  	0.0845234	-0.02     	0.45574 
108	49    	0.28708  	0.0886372	0.0883314 	0.52221 
109	47    	0.252854 	0.202023 	-1        	0.48246 
110	47    	0.286069 	0.0731898	0.0832013 	0.428383
111	44    	0.278223 	0.19956  	-1        	0.464202
112	44    	0.257414 	0.267001 	-1        	0.464202
113	47    	0.225513 	0.319501 	-1        	0.464202
114	47    	0.29284  	0.0783721	0.103166  	0.464202
115	47    	0.229851 	0.320213 	-1        	0.445622
116	46    	0.124686 	0.458798 	-1        	0.467278
117	47    	-0.0962271	0.59513  	-1        	0.458655
118	46    	0.152254  	0.391504 	-1        	0.458655
119	43    	0.193455  	0.36288  	-1        	0.480463
120	45    	0.244606  	0.27391  	-1        	0.524787
121	48    	0.220231  	0.201853 	-1        	0.480463
122	45    	0.295048  	0.0935809	0.078497  	0.560405
123	45    	0.236586  	0.2751   	-1        	0.560405
124	47    	0.253778  	0.203308 	-1        	0.495354
125	48    	0.244219  	0.270731 	-1        	0.634737
126	43    	0.271158  	0.211307 	-1        	0.634737
127	48    	0.296436  	0.210999 	-1        	0.511634
128	46    	0.258912  	0.275961 	-1        	0.538365
129	48    	0.186806  	0.357902 	-1        	0.473332
130	44    	0.255203  	0.201266 	-1        	0.473332
131	49    	0.193422  	0.359407 	-1        	0.473332
132	45    	0.258681  	0.269443 	-1        	0.520813
133	47    	0.249603  	0.269734 	-1        	0.593354
134	47    	0.275228  	0.200552 	-1        	0.489984
135	48    	0.120217  	0.495374 	-1        	0.5344  
136	45    	0.158762  	0.445663 	-1        	0.53466 
137	48    	-0.0804851	0.60589  	-1        	0.5344  
138	42    	0.0600793 	0.538211 	-1        	0.5344  
139	43    	0.157553  	0.442492 	-1        	0.538719
140	45    	0.328004  	0.120597 	-0.018    	0.738856
141	47    	0.311696  	0.096909 	0.118782  	0.5344  
142	43    	0.310233  	0.103072 	0.121476  	0.5344  
143	48    	0.279379  	0.2027   	-1        	0.5344  
144	47    	0.269104  	0.273508 	-1        	0.5344  
145	46    	0.232341  	0.324931 	-1        	0.607274
146	46    	0.255375  	0.215038 	-1        	0.607274
147	48    	0.228265  	0.265274 	-1        	0.482692
148	50    	0.30192   	0.0926172	0.146787  	0.525883
149	47    	0.323841  	0.0832706	0.171473  	0.55976 
150	47    	0.307282  	0.0961677	0.133977  	0.55976 
151	49    	0.276143  	0.199595 	-1        	0.462316
152	45    	0.181168  	0.361671 	-1        	0.462316
153	44    	0.248312  	0.269873 	-1        	0.462316
154	46    	0.303811  	0.0838995	0.0937769 	0.504391
155	41    	0.285497  	0.202406 	-1        	0.467954
156	47    	0.266521  	0.20031  	-1        	0.4622  
157	43    	0.170188  	0.400982 	-1        	0.4622  
158	47    	0.266733  	0.270852 	-1        	0.502475
159	45    	0.277014  	0.207337 	-1        	0.545025
160	48    	0.285609  	0.084765 	0.112729  	0.46459 
161	45    	0.292373  	0.0941491	0.121048  	0.532644
162	49    	0.194498  	0.311373 	-1        	0.419648
163	45    	0.237564  	0.371545 	-1        	0.496857
164	47    	0.250194  	0.265558 	-1        	0.496857
165	45    	0.303951  	0.0819272	0.145426  	0.499996
166	43    	0.265654  	0.270905 	-1        	0.496857
167	48    	0.218773  	0.318811 	-1        	0.555281
168	49    	0.222519  	0.315972 	-1        	0.555281
169	47    	0.286674  	0.0991791	0.0566628 	0.555281
170	43    	0.290792  	0.117445 	-0.0166667	0.555281
171	44    	0.2694    	0.216643 	-1        	0.555281
172	47    	0.258406  	0.197009 	-1        	0.50954 
173	49    	0.25369   	0.194124 	-1        	0.526294
174	41    	0.22441   	0.324043 	-1        	0.526294
175	47    	0.254004  	0.203368 	-1        	0.526294
176	45    	0.30163   	0.095052 	0.0905836 	0.526294
177	46    	0.290952  	0.090789 	0.133957  	0.526294
178	46    	0.286578  	0.0936863	-0.0199999	0.526294
179	47    	0.287415  	0.204555 	-1        	0.545721
180	43    	0.291679  	0.209607 	-1        	0.545721
181	45    	0.30338   	0.211539 	-1        	0.565965
182	49    	0.280519  	0.085548 	-0.0133334	0.430847
183	47    	0.277028  	0.0837837	0.123228  	0.507424
184	45    	0.295762  	0.112131 	-0.0133334	0.507424
185	48    	0.290323  	0.210635 	-1        	0.642663
186	45    	0.263819  	0.278454 	-1        	0.507424
187	45    	0.275502  	0.205022 	-1        	0.514579
188	44    	0.249295  	0.284252 	-1        	0.702687
189	49    	0.295574  	0.11684  	-0.016    	0.544684
190	45    	0.298156  	0.209751 	-1        	0.614122
191	48    	0.239625  	0.140335 	-0.02     	0.558525
192	42    	0.27634   	0.205091 	-1        	0.558525
193	48    	0.244583  	0.118295 	-0.0175   	0.447865
194	48    	0.251226  	0.202235 	-1        	0.471344
195	46    	0.286479  	0.0934352	0.116549  	0.471344
196	46    	0.180358  	0.362977 	-1        	0.48089 
197	46    	0.24256   	0.207254 	-1        	0.48089 
198	48    	0.166758  	0.358182 	-1        	0.486712
199	48    	0.284503  	0.104011 	0.0654244 	0.498136
200	48    	0.230575  	0.269494 	-1        	0.542522
201	44    	0.254946  	0.275863 	-1        	0.542522
202	47    	0.275385  	0.203677 	-1        	0.50866 
203	49    	0.206314  	0.268671 	-1        	0.498136
204	44    	0.252925  	0.270372 	-1        	0.446446
205	47    	0.26206   	0.196843 	-1        	0.446155
206	43    	0.296155  	0.201236 	-1        	0.447959
207	49    	0.221961  	0.318969 	-1        	0.446155
208	47    	0.277818  	0.207394 	-1        	0.530661
209	46    	0.248352  	0.325035 	-1        	0.530661
210	47    	0.234245  	0.322431 	-1        	0.488658
211	45    	0.266223  	0.197162 	-1        	0.488658
212	45    	0.271048  	0.272744 	-1        	0.574742
213	45    	0.239416  	0.270034 	-1        	0.457087
214	45    	0.309738  	0.10362  	0.103597  	0.580641
215	41    	0.303134  	0.214434 	-1        	0.580641
216	44    	0.277533  	0.212668 	-1        	0.525546
217	46    	0.325127  	0.113653 	0.0340493 	0.621056
218	42    	0.285726  	0.108368 	0.0999973 	0.592781
219	46    	0.263842  	0.115261 	-0.016    	0.559306
220	47    	0.26432   	0.204833 	-1        	0.597963
221	45    	0.310526  	0.100905 	0.117681  	0.597963
222	48    	0.281582  	0.0993417	-0.0166666	0.597963
223	49    	0.265545  	0.0967014	-0.0133333	0.488052
224	46    	0.295161  	0.094832 	0.0915751 	0.528894
225	44    	0.277183  	0.102116 	-0.015    	0.587537
226	46    	0.292724  	0.0885586	-0.0171429	0.457129
227	47    	0.27939   	0.112674 	-0.0166667	0.558844
228	48    	0.256391  	0.198622 	-1        	0.535414
229	48    	0.237107  	0.203481 	-1        	0.471618
230	49    	0.235181  	0.206255 	-1        	0.512144
231	44    	0.293576  	0.0959212	0.0737616 	0.512144
232	46    	0.201309  	0.320401 	-1        	0.460871
233	43    	0.18712   	0.403336 	-1        	0.500436
234	42    	0.0752034 	0.480363 	-1        	0.500436
235	49    	-0.0217139	0.558501 	-1        	0.535111
236	46    	0.149517  	0.432802 	-1        	0.535111
237	46    	-0.0347662	0.605658 	-1        	0.519011
238	45    	0.172587  	0.404996 	-1        	0.519011
239	49    	0.170495  	0.402501 	-1        	0.539588
240	44    	0.14895   	0.472258 	-1        	0.554849
241	46    	0.285075  	0.203227 	-1        	0.554997
242	45    	0.31587   	0.089189 	0.144541  	0.554849
243	46    	0.242177  	0.325904 	-1        	0.554849
244	47    	0.194672  	0.410757 	-1        	0.554849
245	49    	0.310765  	0.212211 	-1        	0.565808
246	46    	0.20528   	0.367559 	-1        	0.54093 
247	45    	0.30253   	0.203765 	-1        	0.54093 
248	47    	0.0694467 	0.50528  	-1        	0.486662
249	48    	0.133683  	0.462396 	-1        	0.486662
250	47    	0.284126  	0.117548 	-0.015    	0.604133
251	42    	0.314658  	0.11284  	-0.0166667	0.604133
252	49    	0.292781  	0.100626 	0.103262  	0.5315  
253	46    	0.288569  	0.0994634	0.0597722 	0.49363 
254	49    	0.310036  	0.203589 	-1        	0.49363 
255	48    	0.317498  	0.106272 	0.0746237 	0.546317
256	46    	0.267435  	0.200461 	-1        	0.509365
257	42    	0.313631  	0.100435 	0.122369  	0.509365
258	45    	0.21022   	0.366504 	-1        	0.509365
259	44    	0.256117  	0.331035 	-1        	0.524445
260	47    	0.195998  	0.363368 	-1        	0.518104
261	45    	0.296978  	0.0839129	0.152602  	0.499072
262	46    	0.296699  	0.0928102	0.0691903 	0.489008
263	42    	0.220547  	0.32269  	-1        	0.474091
264	47    	0.263078  	0.272876 	-1        	0.498075
265	44    	0.128423  	0.462148 	-1        	0.498075
266	48    	0.274557  	0.202578 	-1        	0.458364
267	44    	0.261297  	0.272965 	-1        	0.508667
268	46    	0.320048  	0.0894828	0.146988  	0.508667
269	47    	0.23298   	0.322302 	-1        	0.508667
270	43    	0.275644  	0.274617 	-1        	0.590072
271	46    	0.18823   	0.409313 	-1        	0.590072
272	47    	0.129954  	0.463656 	-1        	0.483244
273	43    	0.203112  	0.408683 	-1        	0.483244
274	48    	0.0676991 	0.507014 	-1        	0.460094
275	47    	0.178381  	0.403169 	-1        	0.509337
276	46    	0.232809  	0.323314 	-1        	0.448602
277	46    	0.232952  	0.32294  	-1        	0.52565 
278	44    	0.133824  	0.463197 	-1        	0.52565 
279	44    	0.137014  	0.467799 	-1        	0.560233
280	47    	0.0490729 	0.530855 	-1        	0.560233
281	43    	0.268599  	0.277636 	-1        	0.560233
282	46    	0.0378171 	0.588955 	-1        	0.560233
283	45    	-0.0202676	0.586602 	-1        	0.560233
284	49    	-0.0811946	0.607561 	-1        	0.484074
285	47    	0.0271937 	0.550489 	-1        	0.4915  
286	47    	-0.00360209	0.565072 	-1        	0.457651
287	46    	0.0477126  	0.528714 	-1        	0.447803
288	45    	0.170484   	0.398599 	-1        	0.490601
289	46    	0.170588   	0.39893  	-1        	0.42919 
290	48    	0.173959   	0.402797 	-1        	0.515265
291	40    	0.138267   	0.473342 	-1        	0.515265
292	46    	0.103032   	0.459576 	-1        	0.515265
293	45    	0.149523   	0.398149 	-1        	0.572327
294	45    	0.177254   	0.408183 	-1        	0.572327
295	47    	0.164135   	0.370401 	-1        	0.598812
296	50    	0.184788   	0.366014 	-1        	0.543131
297	49    	0.245599   	0.217508 	-1        	0.702687
298	43    	0.26174    	0.165887 	-0.0174996	0.729582
299	47    	0.251156   	0.128997 	-0.0171429	0.611578
300	45    	0.230128   	0.128487 	-0.0175   	0.602177
301	45    	0.253565   	0.139512 	-0.0166667	0.6647  
302	45    	0.261516   	0.146068 	-0.0174999	0.602177
303	41    	0.264581   	0.16135  	-0.0175   	0.602177
304	45    	0.269536   	0.159947 	-0.0181818	0.602177
305	44    	0.293095   	0.150886 	-0.016    	0.602177
306	46    	0.260517   	0.129539 	-0.02     	0.610787
307	44    	0.260597   	0.12044  	-0.018    	0.610787
308	47    	0.267711   	0.134855 	-0.016652 	0.706353
309	46    	0.256936   	0.154861 	-0.0181818	0.706353
310	50    	0.216982   	0.127907 	-0.018    	0.574318
311	47    	0.219189   	0.120078 	-0.02     	0.441351
312	46    	0.193007   	0.115486 	-0.0171428	0.362682
313	45    	0.252979   	0.0974374	-0.0175   	0.510747
314	47    	0.260051   	0.121436 	-0.0171429	0.510747
315	44    	0.256081   	0.121068 	-0.0171429	0.518276
316	49    	0.224817   	0.131856 	-0.02     	0.560214
317	45    	0.270415   	0.136229 	-0.02     	0.650471
318	47    	0.250225   	0.13727  	-0.015    	0.746596
319	49    	0.211108   	0.12011  	-0.02     	0.516028
320	45    	0.271705   	0.0786297	0.122953  	0.511212
321	43    	0.293821   	0.109699 	0.0401721 	0.520055
322	46    	0.275308   	0.121568 	-0.0171429	0.520055
323	46    	0.298915   	0.0919553	0.116846  	0.520055
324	46    	0.266977   	0.0990719	0.0832039 	0.502757
325	45    	0.274166   	0.0973646	0.105784  	0.46622 
326	48    	0.239217   	0.264629 	-1        	0.47902 
327	49    	0.261599   	0.211113 	-1        	0.483235
328	41    	0.310066   	0.103753 	-0.0166667	0.483235
329	45    	0.291584   	0.21284  	-1        	0.657832
330	45    	0.280901   	0.21431  	-1        	0.657832
331	44    	0.310844   	0.124168 	-0.0133333	0.657832
332	48    	0.30016    	0.117664 	-0.0183333	0.657832
333	48    	0.235808   	0.27994  	-1        	0.657832
334	47    	0.257526   	0.20232  	-1        	0.657832
335	46    	0.203074   	0.32674  	-1        	0.657832
336	44    	0.266741   	0.280475 	-1        	0.657832
337	42    	0.216814   	0.374819 	-1        	0.657832
338	44    	0.293785   	0.221118 	-1        	0.657832
339	45    	0.316258   	0.124521 	0.0821533 	0.657832
340	46    	0.289827   	0.221788 	-1        	0.657832
341	46    	0.285439   	0.119106 	0.0633192 	0.657832
342	46    	0.282522   	0.0876167	0.107338  	0.46889 
343	45    	0.231205   	0.324412 	-1        	0.48341 
344	46    	0.261406   	0.218023 	-1        	0.577163
345	46    	0.217536   	0.275734 	-1        	0.577163
346	46    	0.276583   	0.103367 	0.0917657 	0.577163
347	49    	0.269003   	0.0961501	-0.0175001	0.466446
348	49    	0.276591   	0.0848281	0.0519395 	0.430788
349	49    	0.240192   	0.267209 	-1        	0.477366
350	47    	0.279586   	0.198583 	-1        	0.477366
351	44    	0.23609    	0.321777 	-1        	0.477366
352	49    	0.311692   	0.0786559	0.188791  	0.477366
353	47    	0.303477   	0.0857537	0.0479746 	0.459397
354	44    	0.173705   	0.405505 	-1        	0.450509
355	43    	0.303631   	0.106927 	-0.015    	0.450509
356	43    	0.21296    	0.370432 	-1        	0.552978
357	49    	0.263074   	0.268307 	-1        	0.502305
358	45    	0.186172   	0.401827 	-1        	0.48985 
359	45    	0.0941556  	0.483868 	-1        	0.465058
360	47    	0.260895   	0.267415 	-1        	0.57629 
361	46    	0.0222435  	0.519895 	-1        	0.57629 
362	44    	0.274292   	0.279725 	-1        	0.57629 
363	46    	0.290334   	0.103469 	-0.0133333	0.57629 
364	45    	0.300339   	0.0894289	0.120349  	0.57629 
365	41    	0.31918    	0.0902395	0.178215  	0.57629 
366	47    	0.318477   	0.0877483	0.179326  	0.57629 
367	47    	0.297425   	0.0991251	0.0846673 	0.57629 
368	47    	0.293902   	0.103313 	0.103404  	0.583766
369	48    	0.266494   	0.202195 	-1        	0.57629 
370	43    	0.274636   	0.211662 	-1        	0.57629 
371	47    	0.272929   	0.203889 	-1        	0.57629 
372	45    	0.195244   	0.363017 	-1        	0.57629 
373	46    	0.302982   	0.0974413	0.0551908 	0.57629 
374	45    	0.278746   	0.113728 	0.0245501 	0.57629 
375	46    	0.278972   	0.102889 	-0.02     	0.497717
376	48    	0.253897   	0.200155 	-1        	0.497717
377	47    	0.285107   	0.0931809	-0.01     	0.470557
378	48    	0.229484   	0.263453 	-1        	0.411378
379	46    	0.253917   	0.193113 	-1        	0.46932 
380	48    	0.272405   	0.199775 	-1        	0.496439
381	48    	0.269282   	0.193711 	-1        	0.448749
382	45    	0.238671   	0.323408 	-1        	0.54435 
383	45    	0.306029   	0.0980575	0.110791  	0.597936
384	45    	0.279491   	0.219744 	-1        	0.607098
385	47    	0.265976   	0.203146 	-1        	0.607098
386	47    	0.278164   	0.118011 	-0.0166667	0.54435 
387	48    	0.294644   	0.0783081	0.185137  	0.539675
388	41    	0.305711   	0.098797 	0.113572  	0.539675
389	46    	0.292127   	0.0923182	0.120755  	0.539675
390	46    	0.264622   	0.200738 	-1        	0.510807
391	49    	0.215306   	0.266299 	-1        	0.442994
392	46    	0.223702   	0.266987 	-1        	0.461842
393	45    	0.215916   	0.317834 	-1        	0.461842
394	46    	0.146495   	0.395664 	-1        	0.437995
395	45    	0.186842   	0.404433 	-1        	0.489293
396	44    	0.304741   	0.105157 	0.0339093 	0.505325
397	48    	0.189592   	0.363392 	-1        	0.489293
398	44    	0.217181   	0.32518  	-1        	0.448663
399	46    	0.195538   	0.323618 	-1        	0.515499
400	47    	0.12578    	0.46878  	-1        	0.520909
401	44    	0.0295698  	0.554608 	-1        	0.520909
402	45    	0.0776218  	0.511046 	-1        	0.520909
403	45    	0.182263   	0.401544 	-1        	0.520909
404	46    	0.139346   	0.429111 	-1        	0.541347
405	46    	0.102331   	0.490783 	-1        	0.485346
406	46    	0.186785   	0.362763 	-1        	0.459176
407	46    	0.133374   	0.425748 	-1        	0.451976
408	45    	0.2837     	0.208001 	-1        	0.477552
409	43    	0.29855    	0.208797 	-1        	0.477552
410	46    	0.290917   	0.0711241	0.10852   	0.462539
411	49    	0.167074   	0.398437 	-1        	0.467296
412	46    	0.261087   	0.196515 	-1        	0.437917
413	42    	0.296981   	0.0741709	0.15394   	0.469044
414	45    	0.266085   	0.197816 	-1        	0.469044
415	46    	0.226125   	0.321668 	-1        	0.495444
416	42    	0.275447   	0.209089 	-1        	0.558861
417	47    	0.176224   	0.400787 	-1        	0.558861
418	46    	0.159563   	0.403846 	-1        	0.472745
419	46    	0.22293    	0.319335 	-1        	0.455963
420	47    	0.233445   	0.318514 	-1        	0.457883
421	43    	0.15728    	0.434991 	-1        	0.505952
422	44    	0.0247427  	0.549862 	-1        	0.505952
423	50    	0.141171   	0.427633 	-1        	0.45553 
424	44    	0.20957    	0.368351 	-1        	0.520238
425	47    	0.200598   	0.364027 	-1        	0.517286
426	46    	0.106309   	0.487454 	-1        	0.517286
427	47    	-0.0640963 	0.587017 	-1        	0.517286
428	47    	0.0271957  	0.549146 	-1        	0.457231
429	44    	0.0566812  	0.534594 	-1        	0.515429
430	45    	0.0451401  	0.529838 	-1        	0.56767 
431	47    	0.148171   	0.468713 	-1        	0.56767 
432	48    	-0.123182  	0.633338 	-1        	0.56767 
433	43    	0.100526   	0.48692  	-1        	0.496409
434	45    	0.271548   	0.271518 	-1        	0.496409
435	49    	0.0359426  	0.52348  	-1        	0.512568
436	44    	0.152765   	0.435296 	-1        	0.546394
437	46    	0.101405   	0.490548 	-1        	0.546394
438	48    	0.0814421  	0.512043 	-1        	0.479035
439	49    	0.136993   	0.426284 	-1        	0.432895
440	43    	0.197512   	0.361024 	-1        	0.521462
441	47    	0.265579   	0.203664 	-1        	0.439575
442	43    	0.292709   	0.219558 	-1        	0.642226
443	46    	0.289888   	0.218742 	-1        	0.641789
444	45    	0.262835   	0.213264 	-1        	0.641789
445	44    	0.308385   	0.131199 	-0.0171428	0.642885
446	46    	0.320596   	0.13293  	0.118957  	0.78239 
447	48    	0.272258   	0.110776 	0.0470111 	0.641789
448	45    	0.30633    	0.0908801	0.144404  	0.641789
449	46    	0.290073   	0.140335 	-0.0166667	0.641789
450	45    	0.308209   	0.133081 	-0.0166667	0.641789
451	44    	0.320622   	0.131942 	0.108768  	0.641789
452	48    	0.296576   	0.130596 	-0.0133337	0.641789
453	48    	0.27896    	0.107931 	-0.0222222	0.628527
454	49    	0.267175   	0.123509 	-0.0171429	0.538089
455	48    	0.199686   	0.319764 	-1        	0.538089
456	47    	0.293275   	0.0927358	-0.0166667	0.473969
457	45    	0.302078   	0.108055 	0.0640269 	0.558449
458	46    	0.254233   	0.27875  	-1        	0.558449
459	48    	0.296939   	0.0948449	0.105553  	0.528612
460	45    	0.261164   	0.207947 	-1        	0.579401
461	48    	0.269724   	0.205399 	-1        	0.579401
462	47    	0.280143   	0.21213  	-1        	0.579401
463	47    	0.258777   	0.280759 	-1        	0.579401
464	43    	0.303142   	0.21122  	-1        	0.579401
465	45    	0.292427   	0.203837 	-1        	0.579401
466	47    	0.105857   	0.489167 	-1        	0.475724
467	46    	-0.0445216 	0.599788 	-1        	0.475724
468	47    	-0.0400008 	0.603419 	-1        	0.511047
469	47    	-0.18589   	0.642241 	-1        	0.511047
470	48    	0.0138379  	0.543965 	-1        	0.457843
471	49    	-0.0201531 	0.557168 	-1        	0.497558
472	47    	0.13422    	0.466848 	-1        	0.497558
473	47    	0.222423   	0.319478 	-1        	0.497558
474	41    	0.32711    	0.0949948	-0.0189474	0.522387
475	46    	0.279319   	0.277023 	-1        	0.522387
476	45    	0.264831   	0.278335 	-1        	0.522387
477	48    	0.288638   	0.202271 	-1        	0.522387
478	46    	0.160516   	0.437117 	-1        	0.63916 
479	46    	0.167812   	0.399094 	-1        	0.522387
480	49    	0.194692   	0.360983 	-1        	0.443965
481	41    	0.218235   	0.368865 	-1        	0.505593
482	47    	0.235878   	0.270375 	-1        	0.505593
483	46    	0.247636   	0.268951 	-1        	0.505593
484	44    	0.245721   	0.27003  	-1        	0.576508
485	46    	0.230127   	0.277278 	-1        	0.506048
486	46    	0.227761   	0.327952 	-1        	0.523133
487	49    	0.248739   	0.209896 	-1        	0.51907 
488	46    	0.256989   	0.136201 	-0.0177778	0.48345 
489	47    	0.258101   	0.116919 	-0.0171429	0.485467
490	45    	0.287248   	0.13093  	-0.02     	0.592539
491	45    	0.248747   	0.149292 	-0.0175001	0.592539
492	46    	0.284025   	0.141587 	-0.0166667	0.691083
493	45    	0.245242   	0.133855 	-0.0171429	0.691083
494	45    	0.254132   	0.146121 	-0.0200001	0.691083
495	48    	0.213324   	0.112153 	-0.0175   	0.455508
496	50    	0.199201   	0.12905  	-0.0199999	0.581368
497	44    	0.240079   	0.145645 	-0.02     	0.543567
498	47    	0.218972   	0.146963 	-0.0166667	0.662856
499	46    	0.247172   	0.152122 	-0.02     	0.662856
500	46    	0.245571   	0.165854 	-0.02     	0.662856
501	45    	0.28224    	0.175612 	-0.0225   	0.662856
502	45    	0.255799   	0.184781 	-0.0171429	0.863977
503	44    	0.291562   	0.165047 	-0.0179999	0.844377
504	48    	0.247161   	0.137356 	-0.02     	0.61499 
505	47    	0.215847   	0.125724 	-0.02     	0.558099
506	47    	0.227064   	0.118827 	-0.0177778	0.558099
507	48    	0.223734   	0.14924  	-0.0166666	0.614782
508	47    	0.193569   	0.158107 	-0.02     	0.614782
509	48    	0.250629   	0.134301 	-0.015    	0.535513
510	48    	0.240999   	0.126973 	-0.02     	0.514579
511	46    	0.261026   	0.138734 	-0.0175   	0.488022
512	47    	0.258092   	0.0949812	0.0852728 	0.543533
513	48    	0.261843   	0.126929 	-0.0171428	0.67104 
514	47    	0.294581   	0.158817 	-0.02     	0.842636
515	48    	0.257904   	0.140404 	-0.0133338	0.745543
516	45    	0.273615   	0.135189 	-0.016    	0.616898
517	47    	0.234422   	0.163285 	-0.0171429	0.612114
518	49    	0.202225   	0.165603 	-0.02     	0.612114
519	47    	0.245084   	0.125152 	-0.02     	0.612114
520	42    	0.30434    	0.153667 	-0.0171429	0.612114
521	49    	0.238413   	0.118641 	-0.0177778	0.48393 
522	46    	0.220853   	0.125735 	-0.02     	0.556413
523	48    	0.212744   	0.124284 	-0.02     	0.556413
524	46    	0.254645   	0.113768 	-0.0166667	0.514214
525	46    	0.24686    	0.124185 	-0.0171429	0.514214
526	47    	0.219176   	0.156624 	-0.02     	0.516903
527	46    	0.282986   	0.100283 	-0.0199999	0.516903
528	43    	0.269799   	0.12039  	-0.0171429	0.516903
529	49    	0.252324   	0.114487 	-0.018    	0.495202
530	46    	0.224251   	0.213937 	-1        	0.497094
531	48    	0.243683   	0.199976 	-1        	0.497094
532	44    	0.288028   	0.103858 	0.0455046 	0.508092
533	43    	0.307066   	0.115652 	-0.02     	0.508092
534	48    	0.314353   	0.0797742	0.119999  	0.508092
535	44    	0.288886   	0.113648 	-0.0181818	0.524655
536	47    	0.295745   	0.0942001	0.115784  	0.560209
537	48    	0.296244   	0.105621 	-0.016    	0.560209
538	50    	0.238309   	0.106956 	-0.0171429	0.398959
539	48    	0.207997   	0.31675  	-1        	0.448143
540	47    	0.270758   	0.19945  	-1        	0.514384
541	41    	0.204052   	0.369054 	-1        	0.488704
542	47    	0.251874   	0.213883 	-1        	0.488704
543	46    	0.281984   	0.20868  	-1        	0.586498
544	45    	0.259028   	0.274451 	-1        	0.586498
545	45    	0.32028    	0.104137 	0.168327  	0.586498
546	45    	0.306155   	0.118831 	-0.0133333	0.586498
547	46    	0.283683   	0.207535 	-1        	0.586498
548	45    	0.321461   	0.11032  	0.0730238 	0.586498
549	47    	0.313394   	0.111142 	-0.02     	0.683093
550	47    	0.269277   	0.198226 	-1        	0.586498
551	48    	0.244561   	0.265244 	-1        	0.586498
552	47    	0.280184   	0.204432 	-1        	0.586498
553	49    	0.269558   	0.20006  	-1        	0.586498
554	43    	0.301472   	0.10184  	-0.016    	0.586498
555	48    	0.249001   	0.263416 	-1        	0.505127
556	50    	0.269818   	0.199467 	-1        	0.467093
557	48    	0.270028   	0.199339 	-1        	0.491734
558	45    	0.246281   	0.268245 	-1        	0.500967
559	44    	0.231071   	0.323695 	-1        	0.500967
560	44    	0.327987   	0.0688252	0.202156  	0.500967
561	49    	0.221883   	0.32143  	-1        	0.578563
562	43    	0.329404   	0.113377 	0.146454  	0.767887
563	43    	0.331973   	0.109725 	0.147427  	0.767887
564	47    	0.278615   	0.20436  	-1        	0.495903
565	48    	0.313132   	0.0749618	0.114751  	0.4621  
566	44    	0.287985   	0.198282 	-1        	0.4621  
567	48    	0.275873   	0.196434 	-1        	0.426103
568	46    	0.258718   	0.190268 	-1        	0.421064
569	42    	0.283973   	0.193196 	-1        	0.449369
570	41    	0.293511   	0.199647 	-1        	0.484727
571	45    	0.327468   	0.095652 	0.129671  	0.486563
572	45    	0.33206    	0.0883935	0.183036  	0.513864
573	47    	0.260521   	0.27013  	-1        	0.486563
574	44    	0.248229   	0.271009 	-1        	0.495429
575	48    	0.184698   	0.363817 	-1        	0.497249
576	46    	0.194274   	0.364995 	-1        	0.646879
577	45    	0.268726   	0.200588 	-1        	0.486563
578	45    	0.246197   	0.272172 	-1        	0.492419
579	46    	0.194189   	0.364191 	-1        	0.512574
580	44    	0.178671   	0.40447  	-1        	0.512574
581	44    	0.232274   	0.273226 	-1        	0.512574
582	47    	0.114292   	0.492108 	-1        	0.512574
583	44    	0.241841   	0.328298 	-1        	0.579606
584	49    	0.245923   	0.21105  	-1        	0.470046
585	48    	0.155764   	0.35368  	-1        	0.455545
586	43    	0.188537   	0.358765 	-1        	0.493448
587	48    	0.144908   	0.431609 	-1        	0.576401
588	47    	0.31364    	0.075326 	0.194897  	0.576401
589	47    	0.222107   	0.316778 	-1        	0.437285
590	46    	0.0932915  	0.51682  	-1        	0.458804
591	45    	0.285483   	0.204728 	-1        	0.45965 
592	47    	0.120784   	0.460017 	-1        	0.462114
593	48    	0.204578   	0.316353 	-1        	0.462114
594	47    	0.253089   	0.268537 	-1        	0.506108
595	46    	0.0394549  	0.52574  	-1        	0.598778
596	48    	0.00169054 	0.567017 	-1        	0.480836
597	46    	0.0784424  	0.477748 	-1        	0.480836
598	46    	0.290062   	0.217219 	-1        	0.756473
599	42    	0.128774   	0.471106 	-1        	0.756473
600	49    	0.125681   	0.427826 	-1        	0.506651
601	49    	0.236136   	0.113827 	-0.02     	0.615818
602	47    	0.221829   	0.22198  	-1        	0.518757
603	41    	0.308807   	0.0992195	0.104057  	0.518757
604	46    	0.282332   	0.116108 	0.0855724 	0.56689 
605	44    	0.287181   	0.111217 	-0.0133333	0.56689 
606	42    	0.300067   	0.145855 	-0.02     	0.56689 
607	47    	0.307241   	0.126155 	0.0233216 	0.573387
608	46    	0.297597   	0.123    	0.0996628 	0.57584 
609	46    	0.262457   	0.130963 	-0.02     	0.57584 
610	45    	0.291859   	0.0835578	0.112426  	0.57584 
611	45    	0.249245   	0.200458 	-1        	0.458785
612	45    	0.326625   	0.0956847	0.114065  	0.533252
613	45    	0.315302   	0.1136   	0.0832313 	0.607402
614	49    	0.287286   	0.108287 	0.0512759 	0.527175
615	45    	0.29868    	0.0912328	0.0965887 	0.527175
616	47    	0.290227   	0.0995967	0.059694  	0.527175
617	49    	0.269952   	0.117184 	-0.0200001	0.482483
618	47    	0.30041    	0.0880241	0.0989845 	0.482483
619	49    	0.263471   	0.209937 	-1        	0.515503
620	47    	0.0932756  	0.421954 	-1        	0.515503
621	45    	0.118189   	0.393607 	-1        	0.500482
622	40    	0.221108   	0.371991 	-1        	0.500482
623	45    	0.133597   	0.467722 	-1        	0.500482
624	41    	0.06299    	0.538004 	-1        	0.500482
625	46    	0.0920844  	0.51954  	-1        	0.512323
626	49    	0.151022   	0.431862 	-1        	0.498185
627	46    	0.230052   	0.269054 	-1        	0.498185
628	48    	0.0986214  	0.451864 	-1        	0.498185
629	47    	0.192516   	0.317753 	-1        	0.59681 
630	43    	0.231918   	0.208873 	-1        	0.59681 
631	47    	0.230123   	0.273322 	-1        	0.495653
632	44    	0.185517   	0.369281 	-1        	0.501248
633	44    	0.244039   	0.282948 	-1        	0.501248
634	48    	0.27302    	0.269994 	-1        	0.501248
635	48    	0.264277   	0.266789 	-1        	0.516961
636	45    	0.156808   	0.434362 	-1        	0.516961
637	47    	0.21472    	0.365603 	-1        	0.516961
638	47    	0.170613   	0.438972 	-1        	0.516961
639	47    	0.122535   	0.49446  	-1        	0.516961
640	49    	0.16725    	0.39553  	-1        	0.516961
641	45    	0.0757593  	0.508057 	-1        	0.497153
642	48    	0.286116   	0.210519 	-1        	0.604126
643	47    	0.19807    	0.365905 	-1        	0.512112
644	45    	0.233724   	0.26638  	-1        	0.512112
645	45    	0.187248   	0.40808  	-1        	0.512112
646	48    	0.235175   	0.326101 	-1        	0.516809
647	45    	0.215128   	0.324655 	-1        	0.491791
648	45    	0.235633   	0.276315 	-1        	0.512924
649	44    	0.28297    	0.109683 	0.0499236 	0.512924
650	43    	0.303095   	0.135241 	-0.02     	0.599623
651	45    	0.289159   	0.124985 	0.0745509 	0.599623
652	45    	0.295128   	0.133596 	-0.0183334	0.599623
653	47    	0.268663   	0.130957 	-0.02     	0.599623
654	48    	0.25003    	0.119282 	-0.0184616	0.519805
655	48    	0.22803    	0.20271  	-1        	0.439292
656	41    	0.311511   	0.0874826	0.132345  	0.452496
657	47    	0.259776   	0.114615 	-0.0133333	0.478566
658	45    	0.236981   	0.275135 	-1        	0.495109
659	44    	0.29762    	0.10286  	0.0262957 	0.495109
660	44    	0.298415   	0.102081 	0.0501607 	0.495109
661	48    	0.264749   	0.202862 	-1        	0.495109
662	46    	0.303911   	0.0924161	0.09005   	0.495109
663	49    	0.275066   	0.0845339	0.059024  	0.464655
664	44    	0.308105   	0.0894401	0.0520777 	0.49609 
665	48    	0.258376   	0.202922 	-1        	0.552098
666	47    	0.291377   	0.207321 	-1        	0.62384 
667	47    	0.255308   	0.273406 	-1        	0.582167
668	46    	0.25714    	0.276636 	-1        	0.572557
669	48    	0.325953   	0.0932677	0.147904  	0.594357
670	48    	0.275933   	0.0975054	-0.016    	0.54746 
671	48    	0.283933   	0.0997121	-0.0166667	0.50515 
672	48    	0.268231   	0.203945 	-1        	0.529236
673	43    	0.308893   	0.208533 	-1        	0.579644
674	45    	0.243844   	0.326984 	-1        	0.529236
675	45    	0.322437   	0.212684 	-1        	0.598469
676	46    	0.159961   	0.44155  	-1        	0.598469
677	45    	0.208067   	0.371129 	-1        	0.598469
678	46    	0.0252735  	0.555902 	-1        	0.598469
679	46    	0.257531   	0.20898  	-1        	0.598469
680	44    	0.290311   	0.118105 	-0.02     	0.598469
681	45    	0.284867   	0.108238 	0.085157  	0.598469
682	45    	0.265999   	0.22201  	-1        	0.598469
683	44    	0.319101   	0.131477 	-0.0133333	0.598469
684	45    	0.285563   	0.11885  	0.0751284 	0.598469
685	44    	0.307302   	0.125342 	-0.0171428	0.598469
686	45    	0.289287   	0.108614 	0.0987125 	0.598469
687	45    	0.294934   	0.109639 	0.0917977 	0.647047
688	44    	0.299399   	0.129905 	-0.015    	0.647047
689	47    	0.292094   	0.119213 	0.0479028 	0.647047
690	45    	0.27725    	0.120284 	-0.0171429	0.527616
691	46    	0.299191   	0.11018  	-0.0171428	0.577561
692	45    	0.253315   	0.113501 	-0.0181818	0.577561
693	44    	0.249151   	0.117464 	-0.0175001	0.517151
694	46    	0.275423   	0.111115 	-0.015    	0.517151
695	48    	0.258798   	0.101927 	-0.015    	0.447738
696	49    	0.279919   	0.0840074	0.0668502 	0.447239
697	49    	0.276606   	0.108156 	-0.0166667	0.598179
698	45    	0.258411   	0.108335 	-0.0149999	0.520371
699	49    	0.284641   	0.0812627	0.0722428 	0.520371
700	43    	0.233612   	0.274216 	-1        	0.520371
701	45    	0.262224   	0.273184 	-1        	0.520371
702	45    	0.305927   	0.102236 	-0.0149973	0.520371
703	44    	0.250061   	0.331921 	-1        	0.503705
704	47    	0.125903   	0.45966  	-1        	0.476577
705	47    	0.139876   	0.425471 	-1        	0.435647
706	47    	0.105957   	0.488509 	-1        	0.564837
707	43    	0.140806   	0.470037 	-1        	0.564837
708	47    	0.173302   	0.398458 	-1        	0.455932
709	48    	0.224075   	0.323421 	-1        	0.456164
710	47    	0.167297   	0.396267 	-1        	0.482328
711	42    	0.178393   	0.443191 	-1        	0.54195 
712	48    	0.189408   	0.404832 	-1        	0.492184
713	48    	0.122352   	0.459606 	-1        	0.492184
714	45    	0.0984503  	0.484122 	-1        	0.449922
715	44    	0.286473   	0.199675 	-1        	0.513471
716	49    	0.203986   	0.364797 	-1        	0.511918
717	44    	0.286854   	0.209815 	-1        	0.648202
718	48    	0.216466   	0.31989  	-1        	0.511918
719	48    	0.210725   	0.317914 	-1        	0.463918
720	45    	0.184991   	0.360207 	-1        	0.458741
721	47    	0.252606   	0.277201 	-1        	0.493444
722	48    	0.222342   	0.318986 	-1        	0.493444
723	47    	0.211541   	0.31943  	-1        	0.493444
724	46    	0.297629   	0.11594  	0.0546299 	0.658152
725	47    	0.226609   	0.270226 	-1        	0.514281
726	47    	0.182185   	0.275214 	-1        	0.443002
727	43    	0.284333   	0.0979337	-0.02     	0.518408
728	46    	0.266248   	0.106921 	-0.0166666	0.518408
729	45    	0.246994   	0.114115 	-0.0175   	0.433337
730	43    	0.271508   	0.117575 	-0.015    	0.460107
731	48    	0.282748   	0.121456 	-0.018    	0.58868 
732	49    	0.244228   	0.109133 	-0.02     	0.477472
733	47    	0.271065   	0.098756 	-0.016    	0.489043
734	47    	0.254882   	0.106709 	-0.02     	0.489043
735	45    	0.300914   	0.113015 	-0.02     	0.528018
736	43    	0.29169    	0.117556 	-0.02     	0.528018
737	48    	0.294309   	0.0866195	0.0672792 	0.469724
738	45    	0.293382   	0.0968983	0.0453176 	0.552712
739	46    	0.284293   	0.121766 	-0.016    	0.550119
740	44    	0.298506   	0.105259 	-0.02     	0.550119
741	46    	0.279263   	0.211838 	-1        	0.550119
742	47    	0.260536   	0.211952 	-1        	0.550119
743	48    	0.244205   	0.268514 	-1        	0.565651
744	47    	0.18816    	0.36199  	-1        	0.482246
745	44    	0.0461384  	0.529679 	-1        	0.51173 
746	44    	0.259369   	0.269087 	-1        	0.484026
747	44    	0.235308   	0.323733 	-1        	0.527626
748	46    	0.254088   	0.198703 	-1        	0.467657
749	46    	0.175112   	0.397174 	-1        	0.467657
750	44    	0.166727   	0.436831 	-1        	0.65099 
751	45    	0.110069   	0.494546 	-1        	0.65099 
752	46    	0.0425635  	0.524635 	-1        	0.461785
753	39    	0.051682   	0.530576 	-1        	0.461785
754	48    	-0.157634  	0.63668  	-1        	0.463402
755	45    	-0.0990309 	0.621251 	-1        	0.463402
756	46    	-0.026963  	0.580165 	-1        	0.450938
757	48    	-0.129277  	0.627778 	-1        	0.473412
758	46    	-0.062428  	0.587941 	-1        	0.4292  
759	46    	-0.0114985 	0.561011 	-1        	0.49059 
760	47    	0.229366   	0.322073 	-1        	0.572872
761	47    	0.249004   	0.267633 	-1        	0.49066 
762	44    	0.234156   	0.370871 	-1        	0.49066 
763	48    	0.0935436  	0.482028 	-1        	0.449368
764	42    	0.270407   	0.27849  	-1        	0.640002
765	46    	0.155217   	0.433945 	-1        	0.514972
766	44    	0.265431   	0.270244 	-1        	0.514972
767	46    	0.237737   	0.322858 	-1        	0.514972
768	45    	0.180559   	0.40439  	-1        	0.514972
769	48    	0.160044   	0.436505 	-1        	0.498112
770	45    	0.26457    	0.328394 	-1        	0.565993
771	45    	0.177734   	0.406095 	-1        	0.565993
772	48    	0.0995591  	0.484862 	-1        	0.498112
773	45    	0.180263   	0.401876 	-1        	0.498112
774	46    	0.218103   	0.368043 	-1        	0.565989
775	42    	0.0706509  	0.544747 	-1        	0.565989
776	45    	-0.0123228 	0.591506 	-1        	0.565989
777	46    	-0.0165012 	0.590389 	-1        	0.565989
778	43    	0.00212745 	0.600461 	-1        	0.565989
779	47    	0.00988894 	0.573635 	-1        	0.565989
780	48    	-0.117128  	0.608018 	-1        	0.399843
781	44    	0.037269   	0.523961 	-1        	0.448352
782	48    	-0.0661885 	0.560303 	-1        	0.398519
783	48    	0.0159098  	0.573746 	-1        	0.475574
784	47    	0.231097   	0.317736 	-1        	0.447074
785	47    	0.235328   	0.320886 	-1        	0.453323
786	46    	0.172379   	0.399315 	-1        	0.453323
787	47    	0.127947   	0.426786 	-1        	0.526217
788	46    	0.310005   	0.0986027	0.0979628 	0.586187
789	48    	0.277195   	0.206278 	-1        	0.537502
790	43    	0.166223   	0.400397 	-1        	0.471714
791	49    	0.256991   	0.0883366	-0.015    	0.470078
792	46    	0.263973   	0.19656  	-1        	0.482864
793	49    	0.21167    	0.367862 	-1        	0.512897
794	46    	0.263407   	0.273227 	-1        	0.512897
795	47    	0.208622   	0.365909 	-1        	0.542437
796	50    	0.237736   	0.265615 	-1        	0.489301
797	46    	0.174624   	0.398886 	-1        	0.489301
798	47    	0.269335   	0.269514 	-1        	0.503115
799	47    	0.158007   	0.395355 	-1        	0.566789
800	45    	0.222848   	0.324028 	-1        	0.566789
801	46    	0.263177   	0.329612 	-1        	0.5189  
802	41    	0.257202   	0.272808 	-1        	0.5189  
803	47    	0.247176   	0.326718 	-1        	0.5189  
804	48    	0.238677   	0.325502 	-1        	0.520002
805	46    	0.0481616  	0.562584 	-1        	0.582224
806	47    	0.24162    	0.326624 	-1        	0.582224
807	46    	0.209792   	0.367098 	-1        	0.582224
808	46    	0.102059   	0.488897 	-1        	0.495936
809	48    	0.163568   	0.438589 	-1        	0.505372
810	45    	0.225879   	0.320381 	-1        	0.495936
811	44    	0.242815   	0.32639  	-1        	0.495936
812	45    	0.142732   	0.467343 	-1        	0.495936
813	44    	0.169913   	0.438117 	-1        	0.495936
814	49    	0.0889818  	0.483851 	-1        	0.535017
815	47    	0.177741   	0.407608 	-1        	0.672595
816	47    	0.169344   	0.39755  	-1        	0.478584
817	44    	0.222108   	0.369664 	-1        	0.524319
818	43    	0.105118   	0.491886 	-1        	0.524319
819	45    	0.282754   	0.207176 	-1        	0.525425
820	49    	0.189101   	0.359184 	-1        	0.45235 
821	46    	0.245986   	0.264145 	-1        	0.4804  
822	45    	0.21917    	0.370947 	-1        	0.533251
823	46    	0.206744   	0.363813 	-1        	0.533251
824	46    	0.210044   	0.364773 	-1        	0.533251
825	43    	0.301048   	0.209604 	-1        	0.533251
826	46    	0.29659    	0.208223 	-1        	0.610304
827	48    	0.212447   	0.369018 	-1        	0.533251
828	45    	0.0546     	0.533601 	-1        	0.533251
829	43    	0.272437   	0.279575 	-1        	0.544915
830	41    	0.26338    	0.272252 	-1        	0.520403
831	48    	0.209406   	0.363977 	-1        	0.505479
832	46    	0.204255   	0.364056 	-1        	0.469075
833	47    	0.256774   	0.272443 	-1        	0.577096
834	46    	0.205837   	0.364101 	-1        	0.488765
835	47    	0.248723   	0.271173 	-1        	0.494227
836	47    	0.241639   	0.264045 	-1        	0.44572 
837	43    	0.250295   	0.32351  	-1        	0.47767 
838	45    	0.24714    	0.268713 	-1        	0.47767 
839	45    	0.193067   	0.363816 	-1        	0.522672
840	39    	0.275023   	0.276396 	-1        	0.522672
841	46    	0.277469   	0.199425 	-1        	0.499089
842	47    	0.162489   	0.395715 	-1        	0.464362
843	46    	0.128105   	0.461391 	-1        	0.492756
844	47    	0.196866   	0.362178 	-1        	0.492756
845	47    	0.259229   	0.268408 	-1        	0.493212
846	46    	0.262208   	0.274917 	-1        	0.493604
847	46    	0.285988   	0.204404 	-1        	0.483486
848	43    	0.216485   	0.371443 	-1        	0.484166
849	49    	0.0560155  	0.500534 	-1        	0.46703 
850	47    	0.317139   	0.0767279	0.174417  	0.500259
851	47    	0.161258   	0.435049 	-1        	0.500259
852	48    	0.131534   	0.425254 	-1        	0.54314 
853	48    	0.208427   	0.36319  	-1        	0.500185
854	47    	0.175459   	0.398539 	-1        	0.446865
855	45    	0.310025   	0.0807107	0.129226  	0.510801
856	47    	0.2625     	0.213907 	-1        	0.525689
857	44    	0.289845   	0.207527 	-1        	0.525689
858	48    	0.27014    	0.272826 	-1        	0.525689
859	49    	0.22603    	0.318206 	-1        	0.503157
860	49    	0.0326001  	0.525254 	-1        	0.56881 
861	46    	0.293354   	0.207903 	-1        	0.55533 
862	46    	0.260945   	0.273386 	-1        	0.63233 
863	48    	0.248507   	0.199191 	-1        	0.544475
864	47    	0.276173   	0.103584 	-0.0183333	0.544475
865	46    	0.273897   	0.197662 	-1        	0.491782
866	47    	0.284177   	0.0883437	-0.0175   	0.491782
867	45    	0.210058   	0.365307 	-1        	0.491782
868	48    	0.148538   	0.391157 	-1        	0.408711
869	47    	0.160564   	0.396335 	-1        	0.485981
870	45    	0.269502   	0.207485 	-1        	0.516491
871	47    	0.27438    	0.0944741	-0.0175   	0.511162
872	45    	0.289001   	0.211145 	-1        	0.511162
873	46    	0.287874   	0.0886329	0.144018  	0.511162
874	45    	0.294132   	0.0835802	0.137052  	0.525264
875	46    	0.27996    	0.205103 	-1        	0.525264
876	46    	0.295844   	0.0911275	0.0791203 	0.525264
877	46    	0.305721   	0.086294 	0.0776173 	0.480468
878	46    	0.295343   	0.199486 	-1        	0.502174
879	46    	0.283613   	0.0990399	0.0610316 	0.502174
880	47    	0.283629   	0.0702677	0.168283  	0.426462
881	46    	0.286167   	0.0898419	-0.018    	0.490483
882	47    	0.295825   	0.0949988	0.11474   	0.581431
883	45    	0.274576   	0.128886 	-0.016    	0.581431
884	49    	0.213302   	0.134382 	-0.02     	0.544325
885	43    	0.279178   	0.115437 	-0.0175   	0.481701
886	47    	0.176279   	0.361366 	-1        	0.481701
887	49    	0.214801   	0.319531 	-1        	0.513219
888	48    	0.295746   	0.0830468	0.141518  	0.535191
889	46    	0.274568   	0.204382 	-1        	0.528896
890	47    	0.282753   	0.103961 	-0.016    	0.581909
891	47    	0.240326   	0.262965 	-1        	0.581909
892	44    	0.278553   	0.279935 	-1        	0.581909
893	44    	0.261319   	0.290518 	-1        	0.595719
894	44    	0.241202   	0.332    	-1        	0.581909
895	44    	0.232063   	0.377498 	-1        	0.581909
896	44    	0.213979   	0.368508 	-1        	0.581909
897	47    	0.295792   	0.205834 	-1        	0.581909
898	46    	0.241428   	0.323456 	-1        	0.521108
899	47    	0.197998   	0.368948 	-1        	0.484567
900	47    	0.2426     	0.26519  	-1        	0.441697
901	45    	0.199024   	0.363415 	-1        	0.48194 
902	43    	0.287412   	0.217115 	-1        	0.530651
903	47    	0.256943   	0.214587 	-1        	0.59495 
904	43    	0.244181   	0.282334 	-1        	0.752219
905	45    	0.259875   	0.211299 	-1        	0.567169
906	48    	0.170426   	0.41081  	-1        	0.567169
907	48    	0.222764   	0.202726 	-1        	0.567169
908	44    	0.219765   	0.328649 	-1        	0.587504
909	47    	0.175944   	0.407173 	-1        	0.567169
910	39    	0.162201   	0.442498 	-1        	0.525324
911	49    	0.0935024  	0.517166 	-1        	0.522467
912	48    	0.297085   	0.0794295	0.144654  	0.457769
913	47    	0.212616   	0.371382 	-1        	0.682947
914	47    	0.258413   	0.273506 	-1        	0.585202
915	45    	0.297397   	0.128538 	0.0908617 	0.585202
916	47    	0.316231   	0.118957 	-0.016    	0.661305
917	47    	0.29404    	0.112256 	-0.02     	0.585202
918	49    	0.201041   	0.320088 	-1        	0.585202
919	45    	0.261096   	0.201618 	-1        	0.438993
920	45    	0.278812   	0.0796419	0.0992525 	0.457149
921	39    	0.310955   	0.0887487	0.138253  	0.606031
922	48    	0.277874   	0.115296 	0.0462206 	0.606031
923	47    	0.281429   	0.100001 	0.0770979 	0.528873
924	46    	0.294006   	0.091205 	0.123116  	0.495698
925	49    	0.262339   	0.197822 	-1        	0.43974 
926	48    	0.260801   	0.198674 	-1        	0.49306 
927	46    	0.27275    	0.211979 	-1        	0.628703
928	45    	0.281005   	0.215292 	-1        	0.628703
929	47    	0.258877   	0.205689 	-1        	0.533253
930	47    	0.276398   	0.0867425	0.107038  	0.494048
931	49    	0.261794   	0.204033 	-1        	0.52231 
932	46    	0.31116    	0.0875707	0.18394   	0.547528
933	45    	0.261971   	0.215505 	-1        	0.556732
934	44    	-0.00233788	0.569929 	-1        	0.556732
935	38    	0.249631   	0.343529 	-1        	0.556732
936	47    	0.212321   	0.317304 	-1        	0.556732
937	49    	0.287863   	0.0910997	0.0847851 	0.527502
938	48    	0.276035   	0.0862339	0.107162  	0.527502
939	47    	0.246348   	0.210264 	-1        	0.467371
940	47    	0.285714   	0.116227 	-0.0166667	0.527058
941	47    	0.286801   	0.129544 	-0.02     	0.686312
942	49    	0.250716   	0.0969333	0.0898542 	0.527269
943	44    	0.259049   	0.0948685	-0.016    	0.467371
944	46    	0.223871   	0.115012 	-0.0177778	0.508872
945	46    	0.234745   	0.110013 	-0.0177778	0.498297
946	47    	0.240053   	0.131325 	-0.0181818	0.549457
947	49    	0.199248   	0.098359 	-0.0222222	0.498297
948	46    	0.235531   	0.10973  	-0.02     	0.439618
949	45    	0.215688   	0.123761 	-0.0171429	0.439618
950	44    	0.250325   	0.122406 	-0.018    	0.481074
951	46    	0.262207   	0.105457 	-0.0171428	0.481074
952	46    	0.232047   	0.123396 	-0.02     	0.481074
953	45    	0.275374   	0.136758 	-0.02     	0.53986 
954	47    	0.274857   	0.127364 	-0.0133333	0.610852
955	44    	0.269796   	0.169458 	-0.02     	0.678942
956	47    	0.268943   	0.158117 	-0.016    	0.822948
957	49    	0.241362   	0.129495 	-0.0171428	0.581352
958	49    	0.200639   	0.151887 	-0.02     	0.495348
959	47    	0.216494   	0.136277 	-0.0177778	0.495348
960	50    	0.218539   	0.100679 	-0.0175   	0.514469
961	48    	0.220236   	0.130906 	-0.02     	0.495119
962	45    	0.25733    	0.140299 	-0.0171429	0.613124
963	48    	0.227489   	0.131371 	-0.02     	0.592293
964	42    	0.249764   	0.127602 	-0.0175   	0.592293
965	46    	0.28164    	0.106546 	-0.015    	0.485347
966	45    	0.259181   	0.139993 	-0.02     	0.515766
967	44    	0.236036   	0.151208 	-0.0175   	0.535145
968	42    	0.26597    	0.171505 	-0.02     	0.594012
969	46    	0.231704   	0.148772 	-0.02     	0.598268
970	49    	0.210197   	0.145029 	-0.0175   	0.703466
971	47    	0.225159   	0.132319 	-0.0175   	0.697391
972	47    	0.206483   	0.124122 	-0.02     	0.697295
973	47    	0.24106    	0.150284 	-0.02     	0.581456
974	50    	0.228056   	0.125021 	-0.02     	0.497133
975	46    	0.236958   	0.128907 	-0.02     	0.486993
976	46    	0.248221   	0.143441 	-0.02     	0.486993
977	48    	0.256963   	0.119147 	-0.0181818	0.492317
978	50    	0.236443   	0.135558 	-0.0175   	0.70633 
979	46    	0.245892   	0.122296 	-0.0166667	0.70633 
980	46    	0.240149   	0.15943  	-0.02     	0.70633 
981	49    	0.239275   	0.149761 	-0.0171429	0.70635 
982	49    	0.236607   	0.10792  	-0.0133333	0.468599
983	44    	0.238112   	0.124942 	-0.0171428	0.501597
984	41    	0.249327   	0.116362 	-0.0171429	0.501597
985	46    	0.287302   	0.0974862	0.0766669 	0.501597
986	49    	0.26763    	0.0905592	-0.0166667	0.501597
987	46    	0.258638   	0.200656 	-1        	0.501597
988	47    	0.283144   	0.0990952	-0.02     	0.501597
989	46    	0.290982   	0.0966515	0.0528563 	0.481343
990	47    	0.25862    	0.0767297	0.111272  	0.469972
991	46    	0.270536   	0.0800454	0.0998624 	0.469972
992	47    	0.272227   	0.103916 	-0.01     	0.533329
993	47    	0.262159   	0.0973529	-0.015    	0.533329
994	47    	0.246352   	0.273589 	-1        	0.570431
995	46    	0.267738   	0.117327 	0.0732683 	0.570431
996	43    	0.253955   	0.28914  	-1        	0.533329
997	47    	0.28089    	0.118994 	-0.025    	0.533329
998	47    	0.265406   	0.123206 	-0.02     	0.533329
999	47    	0.266685   	0.126646 	-0.018    	0.533329
1000	44    	0.280914   	0.127481 	-0.0183333	0.533329
Best individuals:
(0.8639771586281036,) 	-->	 /*9*/RBLFLRUUUU
VMNeuronManager.autoload: Neuro classes added: Delay Light Nn PIDP PIDV SeeLight SeeLight2 S0 S1 Thr 
UserScripts.autoload: 19 user scripts added.
Simulator.load: Loading from 'eval-allcriteria.sim'
Loader.load: Comments read from file follow:
Loader.load:  Sample settings for evaluating many criteria of performance of a Framsticks creature.
Loader.load:  See the "evalcount" parameter if you want to speed the evaluation up or have a more stable result.
Loader.load:  Other important parameters are "Energy0" and "perfperiod".
Loader.load:  Put this file in the "data" subdirectory within the Framsticks distribution.
Simulator.load: Settings loaded from 'eval-allcriteria.sim'
Simulator.load: Loading from 'deterministic.sim'
Loader.load: Comments read from file follow:
Loader.load:  Parameter values that make the evaluation of a Framsticks creature deterministic.
Loader.load:  The values turn off random noise, so evaluation of the same genotype will always yield the same performance.
Loader.load:  The advantage is that you do not need to evaluate a genotype many times, and performance values are reliable.
Loader.load:  The disadvantage is that evolved creatures are "overfitting", i.e. rely entirely on the specific environment,
Loader.load:  and their behavior may be different in any other environment or (even slightly) changed conditions or parameter values,
Loader.load:  so each creature evolved using these settings must be later inspected using exactly the same setup.
Loader.load: 
Loader.load:  Before loading this file, load base settings, e.g. "eval-allcriteria.sim".
Loader.load:  Put this file in the "data" subdirectory within the Framsticks distribution.
Simulator.load: Settings loaded from 'deterministic.sim'
Simulator.load: Loading from 'sample-period-2.sim'
Loader.load: Comments read from file follow:
Loader.load:  Very low "performance sampling period" in the first population to sample performance very often during lifespan
Loader.load:  and avoid overlooking some behavior. Averaged performance of sampled values is returned as the final value.
Loader.load:  See http://www.framsticks.com/a/al_params.html#exper-perfcalc
Loader.load: 
Loader.load:  Before loading this file, load base settings, e.g. "eval-allcriteria.sim".
Loader.load:  Put this file in the "data" subdirectory within the Framsticks distribution.
Simulator.load: Loading from 'f9-mut-050.sim'
Simulator.load: Settings loaded from 'f9-mut-050.sim'
