Argument values: path=C:\Users\1625203\Downloads\Framsticks50rc22\Framsticks50rc22, lib=None, sim=eval-allcriteria.sim;deterministic.sim;sample-period-2.sim;f9-mut-040.sim, genformat=None, initialgenotype=/*9*/BLU, opt=vertpos, popsize=50, generations=1000, tournament=10, pmut=0.9, pxov=0.2, hof_size=1, hof_savefile=None, max_numparts=30, max_numjoints=None, max_numneurons=None, max_numconnections=None, max_numgenochars=50
Using Framsticks version: 5.0rc22
Home (writable) dir     : C:\Users\1625203\Downloads\Framsticks50rc22\Framsticks50rc22\data
Resources dir           : C:\Users\1625203\Downloads\Framsticks50rc22\Framsticks50rc22\data

Available objects: ['CheckpointEvent', 'Collision', 'CrCollision', 'Creature', 'CreatureSettings', 'CreatureSignals', 'CreatureSnapshot', 'Dictionary', 'ExpProperties', 'ExpState', 'ExtValue', 'File', 'FunctionReference', 'GenMan', 'GenManStats', 'GenePool', 'GenePools', 'Geno', 'Genotype', 'Interface', 'Joint', 'Loader', 'Math', 'MechJoint', 'MechPart', 'MessageCatcher', 'Model', 'ModelGeometry', 'ModelSymmetry', 'Neuro', 'NeuroClass', 'NeuroClassLibrary', 'NeuroDef', 'NeuroSignals', 'NeuronsSimEnabled', 'ODE', 'Orient', 'Part', 'Population', 'Populations', 'Ref', 'Signal', 'SignalView', 'SimilMeasure', 'SimilMeasureDistribution', 'SimilMeasureGreedy', 'SimilMeasureHungarian', 'Simulator', 'SlaveSimulators', 'StopEvent', 'String', 'UserScripts', 'Vector', 'WireframeAppearance', 'World', 'WorldMap', 'WorldSignals', 'XYZ', '__builtins__', '__cached__', '__doc__', '__file__', '__loader__', '__name__', '__package__', '__spec__', 'c_api', 'ctypes', 'home_dir', 'init', 'os', 're', 'res_dir', 'sim_params', 'stats', 'sys']

Performing a basic test 1/2... OK.
Performing a basic test 2/2... OK.
Using settings: ['eval-allcriteria.sim', 'deterministic.sim', 'sample-period-2.sim', 'f9-mut-040.sim']
gen	nevals	avg     	stddev	min     	max     
0  	50    	0.218369	0     	0.218369	0.218369
1  	46    	0.0559622	0.116282	-0.0166666	0.514537
2  	46    	0.0948344	0.150357	-0.016    	0.514537
3  	42    	0.180763 	0.177505	-0.02     	0.516373
4  	47    	0.149501 	0.175603	-0.0171429	0.516373
5  	46    	0.194073 	0.16798 	-0.02     	0.615351
6  	46    	0.223907 	0.166239	-0.02     	0.703466
7  	44    	0.293021 	0.201476	-0.0171429	0.705842
8  	44    	0.246434 	0.219888	-0.0175   	0.706026
9  	46    	0.249217 	0.204701	-0.0175   	0.811247
10 	46    	0.263563 	0.239884	-0.02     	0.811247
11 	49    	0.197707 	0.144952	-0.02     	0.614911
12 	48    	0.244284 	0.195715	-0.0175   	0.831654
13 	43    	0.272054 	0.227116	-0.02     	0.831654
14 	46    	0.300313 	0.218365	-0.0175   	0.831654
15 	42    	0.272661 	0.242714	-0.0171429	0.831654
16 	41    	0.325807 	0.259821	-0.02     	0.831654
17 	46    	0.262825 	0.239267	-0.02     	0.831654
18 	47    	0.249091 	0.204133	-0.0200001	0.730941
19 	46    	0.257286 	0.203733	-0.02     	0.730941
20 	48    	0.238117 	0.138946	-0.0166666	0.73019 
21 	48    	0.261087 	0.1608  	-0.0175   	0.73019 
22 	48    	0.231937 	0.16086 	-0.02     	0.688355
23 	46    	0.263622 	0.147572	-0.02     	0.688355
24 	44    	0.321847 	0.159297	-0.0166667	0.73019 
25 	45    	0.318036 	0.165933	-0.0175   	0.73019 
26 	45    	0.228191 	0.195765	-0.02     	0.69065 
27 	48    	0.294054 	0.168634	-0.02     	0.728377
28 	43    	0.26705  	0.188644	-0.02     	0.728377
29 	48    	0.24077  	0.164936	-0.02     	0.728377
30 	44    	0.248091 	0.151122	-0.018    	0.728377
31 	44    	0.263436 	0.17032 	-0.02     	0.728377
32 	49    	0.239708 	0.15164 	-0.0171429	0.728377
33 	45    	0.250565 	0.173218	-0.0200001	0.706439
34 	46    	0.248781 	0.186371	-0.0177777	0.706439
35 	48    	0.264211 	0.187034	-0.02     	0.805245
36 	46    	0.267192 	0.209971	-0.02     	0.802666
37 	43    	0.257444 	0.220578	-0.02     	0.803492
38 	45    	0.279462 	0.23334 	-0.0175   	0.811247
39 	50    	0.203155 	0.16008 	-0.0175001	0.54284 
40 	47    	0.189431 	0.147259	-0.02     	0.54284 
41 	45    	0.238548 	0.167801	-0.0200001	0.705228
42 	45    	0.280996 	0.182886	-0.02     	0.636938
43 	48    	0.280193 	0.174322	-0.0171428	0.636938
44 	46    	0.237753 	0.163733	-0.02     	0.636938
45 	44    	0.253823 	0.156687	-0.02     	0.636938
46 	42    	0.320227 	0.160054	0.0593435 	0.651617
47 	46    	0.243184 	0.170693	-0.02     	0.616909
48 	44    	0.258276 	0.186101	-0.0175001	0.616909
49 	48    	0.237654 	0.154871	-0.0171429	0.616251
50 	46    	0.267271 	0.195952	-0.02     	0.702995
51 	41    	0.296071 	0.200752	-0.0171428	0.67116 
52 	44    	0.265575 	0.203455	-0.02     	0.689693
53 	48    	0.229982 	0.162395	-0.0171429	0.803492
54 	46    	0.234077 	0.179252	-0.017143 	0.803492
55 	45    	0.252594 	0.199736	-0.02     	0.812308
56 	47    	0.293612 	0.202169	-0.02     	0.846101
57 	46    	0.292729 	0.228676	-0.02     	0.846101
58 	45    	0.238252 	0.18626 	-0.02     	0.846101
59 	46    	0.21731  	0.173432	-0.0200002	0.586931
60 	47    	0.189189 	0.175302	-0.02     	0.643321
61 	46    	0.245895 	0.128364	-0.016    	0.589749
62 	49    	0.234902 	0.143241	-0.0171429	0.601959
63 	44    	0.285102 	0.165919	-0.0228571	0.722933
64 	46    	0.27057  	0.161973	-0.0177778	0.695726
65 	47    	0.231259 	0.142366	-0.0166667	0.695726
66 	44    	0.265098 	0.137378	-0.0166667	0.652834
67 	44    	0.274821 	0.144227	-0.016    	0.652834
68 	47    	0.222176 	0.182803	-0.02     	0.705984
69 	46    	0.1886   	0.175955	-0.02     	0.581279
70 	47    	0.228096 	0.159448	-0.0166667	0.581368
71 	48    	0.165949 	0.175301	-0.0166667	0.581368
72 	46    	0.179092 	0.145483	-0.0177778	0.514252
73 	43    	0.150992 	0.152824	-0.0171429	0.514252
74 	45    	0.182061 	0.14587 	-0.02     	0.514537
75 	47    	0.184326 	0.137988	-0.02     	0.428012
76 	47    	0.203195 	0.127405	-0.0171429	0.42733 
77 	46    	0.215135 	0.123352	-0.02     	0.424618
78 	45    	0.211631 	0.16563 	-0.02     	0.687824
79 	47    	0.224051 	0.147703	-0.02     	0.58002 
80 	44    	0.252415 	0.145597	-0.016    	0.58002 
81 	46    	0.22685  	0.174068	-0.0171428	0.594009
82 	37    	0.285282 	0.185524	-0.0166667	0.594009
83 	46    	0.241416 	0.201569	-0.02     	0.594991
84 	47    	0.205492 	0.167115	-0.0171428	0.594991
85 	47    	0.210375 	0.144571	-0.02     	0.522607
86 	45    	0.194959 	0.132396	-0.02     	0.497843
87 	46    	0.225682 	0.2002  	-0.0199999	0.705842
88 	44    	0.295619 	0.20682 	-0.02     	0.705828
89 	47    	0.21443  	0.197117	-0.0175   	0.812977
90 	47    	0.198746 	0.166678	-0.017143 	0.697396
91 	48    	0.262668 	0.191673	-0.0171429	0.697396
92 	45    	0.250204 	0.211792	-0.0166667	0.830908
93 	45    	0.305433 	0.200428	-0.0166668	0.863964
94 	45    	0.303344 	0.182164	-0.0171429	0.813708
95 	47    	0.276583 	0.176227	-0.0171429	0.811247
96 	48    	0.2372   	0.196713	-0.0166667	0.83464 
97 	45    	0.239056 	0.166703	-0.0175   	0.83464 
98 	46    	0.272204 	0.159464	-0.0177778	0.83464 
99 	47    	0.270743 	0.164782	-0.02     	0.83464 
100	47    	0.305541 	0.158338	-0.0171429	0.83464 
101	46    	0.291147 	0.166846	-0.02     	0.83464 
102	46    	0.270473 	0.156871	-0.02     	0.627202
103	43    	0.304538 	0.160087	-0.0171429	0.688378
104	47    	0.258611 	0.115439	0.0754286 	0.688378
105	45    	0.24742  	0.147067	-0.02     	0.688378
106	47    	0.268395 	0.145646	-0.0149998	0.850887
107	48    	0.257504 	0.134873	-0.0183333	0.497101
108	44    	0.262684 	0.119229	-0.02     	0.498709
109	47    	0.260313 	0.124242	-0.0183333	0.530476
110	48    	0.285229 	0.118768	0.0270714 	0.530476
111	48    	0.297955 	0.116536	0.0420071 	0.666248
112	44    	0.318979 	0.123823	-0.0159906	0.666248
113	46    	0.260003 	0.212515	-1        	0.578131
114	49    	0.303291 	0.0819949	0.0811604 	0.495884
115	47    	0.31281  	0.0881215	-0.01     	0.495884
116	47    	0.322952 	0.0953344	0.120718  	0.558946
117	47    	0.302168 	0.0945614	-0.02     	0.558946
118	48    	0.275286 	0.212165 	-1        	0.579835
119	41    	0.295495 	0.0846268	0.105404  	0.478526
120	44    	0.29495  	0.0938214	0.0747773 	0.500697
121	46    	0.28548  	0.104585 	0.043641  	0.500697
122	49    	0.291957 	0.0754344	0.143906  	0.500697
123	44    	0.288179 	0.211574 	-1        	0.613428
124	45    	0.312724 	0.121282 	0.112476  	0.613428
125	43    	0.277313 	0.145224 	-0.0166667	0.706515
126	47    	0.27688  	0.156231 	-0.0175   	0.616094
127	44    	0.233509 	0.17958  	-0.02     	0.616094
128	46    	0.265243 	0.161183 	-0.0174999	0.706515
129	43    	0.249532 	0.1613   	-0.0175001	0.706515
130	46    	0.261772 	0.166648 	-0.0175   	0.706515
131	47    	0.242296 	0.17822  	-0.02     	0.706515
132	41    	0.216885 	0.244957 	-1        	0.706515
133	46    	0.220968 	0.163918 	-0.02     	0.706515
134	43    	0.24851  	0.130288 	-0.02     	0.535303
135	47    	0.191352 	0.150852 	-0.02     	0.535303
136	48    	0.237271 	0.146691 	-0.0177778	0.706596
137	47    	0.219818 	0.197351 	-0.0166667	0.706596
138	44    	0.215373 	0.19776  	-0.02     	0.706168
139	47    	0.232352 	0.20284  	-0.0175   	0.70665 
140	47    	0.211837 	0.169339 	-0.0171429	0.70665 
141	47    	0.230539 	0.178003 	-0.0166667	0.706658
142	47    	0.223913 	0.169732 	-0.0166667	0.706658
143	47    	0.187952 	0.15026  	-0.02     	0.515766
144	46    	0.194734 	0.162523 	-0.0171428	0.70665 
145	48    	0.203873 	0.136345 	-0.02     	0.70293 
146	43    	0.269992 	0.172853 	-0.02     	0.70293 
147	45    	0.24086  	0.14707  	-0.016    	0.70293 
148	46    	0.228877 	0.173988 	-0.02     	0.705972
149	48    	0.217678 	0.165666 	-0.0175   	0.70293 
150	47    	0.211499 	0.161684 	-0.0171429	0.614694
151	48    	0.214746 	0.136425 	-0.02     	0.614694
152	44    	0.222158 	0.142509 	-0.0177778	0.614694
153	44    	0.237952 	0.162396 	-0.0177778	0.614694
154	43    	0.278378 	0.177531 	-0.0199999	0.614694
155	42    	0.284824 	0.192307 	-0.0200001	0.615362
156	47    	0.222529 	0.174085 	-0.02     	0.615362
157	49    	0.184832 	0.164998 	-0.02     	0.693521
158	47    	0.248418 	0.175009 	-0.02     	0.693521
159	48    	0.233173 	0.155627 	-0.02     	0.693407
160	45    	0.272463 	0.184818 	-0.02     	0.698473
161	49    	0.218691 	0.155155 	-0.022    	0.58322 
162	46    	0.250197 	0.156583 	-0.0175   	0.580112
163	46    	0.271962 	0.159433 	-0.02     	0.734052
164	46    	0.260352 	0.157515 	-0.0177778	0.734052
165	46    	0.249805 	0.148405 	-0.0171429	0.734052
166	44    	0.22938  	0.15481  	-0.0177778	0.814389
167	43    	0.25876  	0.170008 	-0.0175   	0.814389
168	44    	0.254805 	0.189179 	-0.0228571	0.814389
169	48    	0.22304  	0.113769 	-0.02     	0.512485
170	49    	0.22757  	0.11998  	-0.02     	0.629722
171	42    	0.293452 	0.126457 	-0.016    	0.629722
172	48    	0.268308 	0.117254 	-0.016    	0.547736
173	46    	0.28846  	0.113004 	-0.0171428	0.514513
174	44    	0.256848 	0.12249  	-0.02     	0.514513
175	45    	0.245664 	0.137809 	-0.02     	0.531682
176	42    	0.261633 	0.134068 	-0.0175   	0.531682
177	42    	0.247927 	0.153121 	-0.02     	0.531682
178	48    	0.253353 	0.12628  	-0.0133334	0.541742
179	48    	0.25193  	0.122918 	-0.0200001	0.496642
180	46    	0.291693 	0.113838 	-0.0171428	0.564126
181	49    	0.252068 	0.12871  	-0.02     	0.616217
182	45    	0.269023 	0.12505  	-0.0175   	0.616217
183	47    	0.221971 	0.135403 	-0.02     	0.616217
184	49    	0.234955 	0.144623 	-0.02     	0.658909
185	46    	0.223028 	0.150859 	-0.02     	0.605809
186	48    	0.221242 	0.130049 	-0.02     	0.56044 
187	48    	0.206486 	0.148425 	-0.0175   	0.601294
188	50    	0.257588 	0.128094 	-0.016    	0.654313
189	47    	0.249009 	0.113656 	-0.0166666	0.426267
190	48    	0.27007  	0.0816423	-0.0133334	0.432417
191	46    	0.258884 	0.134528 	-0.0171428	0.59814 
192	48    	0.300887 	0.113292 	-0.0166666	0.506792
193	44    	0.303016 	0.102249 	0.0308679 	0.498652
194	48    	0.253688 	0.125135 	-0.0186666	0.498652
195	43    	0.289005 	0.0973415	0.0938304 	0.498652
196	45    	0.283921 	0.111406 	-0.01875  	0.530251
197	44    	0.298118 	0.13987  	-0.016    	0.539051
198	45    	0.238224 	0.155105 	-0.0160001	0.530251
199	47    	0.240637 	0.162423 	-0.0171428	0.592036
200	49    	0.237435 	0.173855 	-0.0171429	0.603215
201	49    	0.27739  	0.166055 	-0.02     	0.756579
202	49    	0.263718 	0.147967 	-0.0166667	0.685791
203	46    	0.293085 	0.138964 	-0.0166667	0.590907
204	46    	0.279799 	0.130853 	-0.0171428	0.561885
205	49    	0.297132 	0.154678 	-0.0181818	0.750562
206	49    	0.26215  	0.132676 	-0.02     	0.627446
207	44    	0.316159 	0.139239 	-0.0175   	0.627446
208	46    	0.316972 	0.230861 	-1        	0.634917
209	47    	0.331993 	0.135301 	0.0718035 	0.749629
210	41    	0.380879 	0.192026 	0.0751199 	0.814853
211	45    	0.339417 	0.189559 	0.0748441 	0.814853
212	45    	0.309998 	0.163087 	0.0675699 	0.814853
213	45    	0.288784 	0.177136 	-0.0171429	0.814853
214	44    	0.314618 	0.186895 	-0.0177777	0.814853
215	47    	0.287804 	0.200656 	-0.02     	0.814853
216	48    	0.248119 	0.151688 	-0.0133334	0.689529
217	49    	0.279766 	0.13448  	-0.0171428	0.641085
218	47    	0.294507 	0.140305 	0.0448886 	0.651957
219	45    	0.290885 	0.163171 	-0.02     	0.68542 
220	50    	0.261993 	0.152205 	-0.0166667	0.627468
221	47    	0.243826 	0.135718 	-0.0175   	0.574559
222	44    	0.242313 	0.156527 	-0.0175   	0.57714 
223	47    	0.268237 	0.129122 	-0.02     	0.546273
224	49    	0.247114 	0.138086 	-0.0177778	0.583701
225	47    	0.270485 	0.117112 	-0.0199999	0.498879
226	43    	0.322754 	0.127687 	-0.0166667	0.549372
227	41    	0.315652 	0.123984 	-0.02     	0.549372
228	47    	0.27944  	0.210486 	-1        	0.549372
229	46    	0.258211 	0.207769 	-1        	0.549372
230	44    	0.279614 	0.21867  	-1        	0.549372
231	49    	0.254674 	0.0915744	-0.0222222	0.431214
232	46    	0.285381 	0.0954627	-0.02     	0.520277
233	47    	0.30886  	0.105281 	-0.015    	0.552228
234	46    	0.275644 	0.206809 	-1        	0.552228
235	49    	0.247927 	0.265876 	-1        	0.447463
236	45    	0.259162 	0.199544 	-1        	0.433642
237	45    	0.289004 	0.198919 	-1        	0.447697
238	49    	0.305897 	0.110174 	0.0709846 	0.546412
239	47    	0.259885 	0.23041  	-1        	0.530035
240	44    	0.286358 	0.144523 	-0.0171429	0.515749
241	48    	0.222301 	0.152169 	-0.016    	0.515503
242	44    	0.265254 	0.131219 	-0.016    	0.515503
243	47    	0.253654 	0.143162 	-0.0166667	0.516754
244	43    	0.283758 	0.137048 	-0.0166667	0.516754
245	45    	0.303876 	0.116159 	0.0435501 	0.605186
246	47    	0.318519 	0.108417 	-0.0159997	0.516754
247	46    	0.263879 	0.106424 	-0.016    	0.484406
248	46    	0.289863 	0.114823 	-0.0171429	0.614541
249	48    	0.313634 	0.0928851	0.117205  	0.614541
250	49    	0.272592 	0.12326  	-0.0174997	0.614541
251	43    	0.27989  	0.137597 	-0.0171429	0.574161
252	46    	0.289898 	0.130236 	-0.016    	0.574281
253	46    	0.270388 	0.129963 	-0.02     	0.574281
254	46    	0.250336 	0.159292 	-0.0233333	0.720367
255	47    	0.261228 	0.147802 	-0.0177778	0.574281
256	46    	0.262891 	0.171167 	-0.0177778	0.734164
257	47    	0.273959 	0.178317 	-0.02     	0.734164
258	49    	0.242892 	0.167899 	-0.02     	0.818806
259	45    	0.305678 	0.169802 	-0.0133333	0.818806
260	48    	0.215377 	0.165803 	-0.02     	0.574318
261	46    	0.220959 	0.169915 	-0.0171429	0.574396
262	47    	0.243321 	0.161438 	-0.0175   	0.574396
263	48    	0.215938 	0.152536 	-0.02     	0.594076
264	48    	0.245625 	0.16199  	-0.0171429	0.602696
265	42    	0.244602 	0.166373 	-0.0175   	0.602696
266	45    	0.244366 	0.153661 	-0.02     	0.559664
267	46    	0.233274 	0.138486 	-0.02     	0.559664
268	45    	0.198893 	0.148062 	-0.02     	0.559664
269	45    	0.233571 	0.141081 	-0.0177778	0.559664
270	46    	0.245522 	0.132142 	-0.0177778	0.493906
271	42    	0.269062 	0.112954 	-0.02     	0.493906
272	44    	0.280655 	0.115412 	-0.02     	0.493906
273	44    	0.286271 	0.117555 	-0.0175   	0.493906
274	46    	0.252984 	0.109777 	-0.0171428	0.475524
275	45    	0.2552   	0.10798  	-0.0166667	0.475524
276	45    	0.26427  	0.124664 	-0.0171429	0.526213
277	45    	0.255168 	0.13926  	-0.0233333	0.58637 
278	45    	0.294577 	0.149652 	-0.02     	0.593813
279	42    	0.285597 	0.183339 	-0.0183333	0.593813
280	44    	0.288992 	0.171459 	-0.0166667	0.593813
281	47    	0.213632 	0.17956  	-0.0166667	0.593813
282	46    	0.245578 	0.154261 	-0.02     	0.58637 
283	48    	0.298771 	0.149796 	-0.0166667	0.729028
284	48    	0.276868 	0.110498 	-0.0133333	0.573227
285	46    	0.300608 	0.125105 	-0.015    	0.573227
286	45    	0.284665 	0.104441 	-0.0184615	0.573227
287	45    	0.280156 	0.108271 	0.051563  	0.573227
288	44    	0.285605 	0.142708 	-0.02     	0.775777
289	45    	0.30849  	0.0995397	-0.015    	0.654207
290	45    	0.261807 	0.133998 	-0.02     	0.654207
291	48    	0.269678 	0.0909922	-0.0133333	0.454892
292	47    	0.301261 	0.111008 	-0.0171425	0.619044
293	44    	0.301221 	0.133024 	-0.0133333	0.619044
294	48    	0.269094 	0.105561 	0.0567865 	0.563799
295	46    	0.289135 	0.104245 	0.0670784 	0.513359
296	46    	0.295811 	0.116266 	0.0773978 	0.649974
297	47    	0.28025  	0.112802 	-0.01     	0.664828
298	47    	0.294118 	0.116242 	0.0011608 	0.664828
299	38    	0.300298 	0.122582 	0.0782861 	0.665261
300	47    	0.283476 	0.110529 	-0.0200002	0.513359
301	47    	0.279392 	0.208003 	-1        	0.601237
302	47    	0.256925 	0.279932 	-1        	0.601237
303	46    	0.286983 	0.128714 	-0.0133333	0.601237
304	41    	0.285178 	0.238654 	-1        	0.601237
305	46    	0.309276 	0.110222 	0.077541  	0.601237
306	44    	0.287871 	0.136479 	0.0491957 	0.601237
307	47    	0.293977 	0.117482 	-0.01     	0.601237
308	42    	0.307021 	0.127817 	0.113661  	0.601237
309	43    	0.309933 	0.13828  	0.104402  	0.601237
310	50    	0.286877 	0.105294 	-0.0133334	0.590851
311	47    	0.287238 	0.146052 	-0.0216667	0.590851
312	48    	0.272095 	0.0975351	-0.0184615	0.584883
313	48    	0.270165 	0.0990206	-0.01875  	0.563714
314	46    	0.285751 	0.121601 	0.0640567 	0.563714
315	48    	0.263737 	0.112928 	-0.016    	0.563714
316	46    	0.291915 	0.109072 	0.0663941 	0.563714
317	44    	0.288885 	0.0994937	0.0640281 	0.599845
318	46    	0.273711 	0.20528  	-1        	0.492317
319	45    	0.274933 	0.120213 	-0.0177778	0.521845
320	46    	0.253559 	0.125684 	-0.0166568	0.521845
321	44    	0.243723 	0.107468 	-0.02     	0.449137
322	43    	0.290109 	0.111542 	-0.0177778	0.497511
323	46    	0.241221 	0.125424 	-0.02     	0.497511
324	49    	0.256274 	0.107978 	-0.02     	0.517994
325	46    	0.253894 	0.101754 	-0.015    	0.517994
326	44    	0.300149 	0.118087 	0.0740569 	0.597927
327	47    	0.269423 	0.126728 	-0.0171429	0.523513
328	49    	0.295988 	0.123663 	-0.016    	0.599002
329	45    	0.301982 	0.132952 	-0.0181818	0.599002
330	44    	0.330402 	0.127488 	0.123609  	0.692617
331	49    	0.285554 	0.101219 	0.137099  	0.599002
332	49    	0.289467 	0.0843967	0.0845261 	0.50339 
333	41    	0.308624 	0.0889593	0.137919  	0.50339 
334	43    	0.316797 	0.106352 	0.0477167 	0.50339 
335	46    	0.33492  	0.128286 	0.0638145 	0.643558
336	48    	0.271417 	0.0982319	-0.0171429	0.472627
337	47    	0.281753 	0.0960843	-0.0160001	0.455246
338	44    	0.261261 	0.205123 	-1        	0.459755
339	45    	0.260952 	0.20333  	-1        	0.450966
340	44    	0.239019 	0.27082  	-1        	0.450966
341	47    	0.254297 	0.215043 	-1        	0.557086
342	45    	0.265376 	0.117045 	-0.02     	0.557086
343	48    	0.302562 	0.112155 	-0.0133333	0.590386
344	44    	0.31696  	0.120254 	-0.02     	0.606086
345	47    	0.301313 	0.0946149	0.162208  	0.606086
346	49    	0.23504  	0.199363 	-1        	0.581352
347	48    	0.24631  	0.117934 	-0.0166667	0.47365 
348	47    	0.222296 	0.327524 	-1        	0.565388
349	46    	0.275966 	0.211164 	-1        	0.565388
350	48    	0.145094 	0.432294 	-1        	0.565388
351	45    	0.279477 	0.275445 	-1        	0.565388
352	45    	0.166101 	0.438306 	-1        	0.565388
353	46    	0.158834 	0.438277 	-1        	0.565388
354	47    	0.146115 	0.435198 	-1        	0.565388
355	44    	0.20367  	0.368781 	-1        	0.565388
356	45    	0.310578 	0.0916995	0.177379  	0.565388
357	45    	0.26727  	0.204961 	-1        	0.565388
358	47    	0.325465 	0.0918662	0.161408  	0.565388
359	48    	0.278667 	0.272091 	-1        	0.565388
360	48    	0.205419 	0.364202 	-1        	0.565388
361	46    	0.262884 	0.276714 	-1        	0.532828
362	43    	0.304321 	0.105394 	0.0797318 	0.532828
363	44    	0.320446 	0.0878092	0.0946389 	0.46312 
364	44    	0.321141 	0.0901595	0.135909  	0.46312 
365	45    	0.271738 	0.202665 	-1        	0.46312 
366	47    	0.302488 	0.0843598	0.170713  	0.510667
367	49    	0.247956 	0.189683 	-1        	0.46312 
368	47    	0.137121 	0.427017 	-1        	0.440442
369	45    	0.306652 	0.0680868	0.158864  	0.486819
370	43    	0.283804 	0.273303 	-1        	0.486819
371	43    	0.122824 	0.462237 	-1        	0.486819
372	44    	0.157384 	0.433873 	-1        	0.445482
373	47    	-0.0444581	0.598906 	-1        	0.514898
374	47    	-0.0809732	0.607506 	-1        	0.516101
375	46    	-0.048079 	0.601288 	-1        	0.636642
376	46    	0.0284859 	0.550613 	-1        	0.529812
377	44    	0.252535  	0.270022 	-1        	0.529812
378	41    	0.109721  	0.527061 	-1        	0.529812
379	45    	0.272568  	0.334671 	-1        	0.555604
380	45    	0.0508921 	0.532899 	-1        	0.555604
381	46    	0.135682  	0.465443 	-1        	0.517818
382	44    	0.290388  	0.278066 	-1        	0.528247
383	46    	0.156457  	0.438185 	-1        	0.528247
384	47    	0.244786  	0.325203 	-1        	0.530992
385	45    	0.317519  	0.208084 	-1        	0.517818
386	44    	0.169055  	0.446272 	-1        	0.599582
387	43    	0.269714  	0.337359 	-1        	0.538248
388	47    	0.244559  	0.274541 	-1        	0.593912
389	42    	0.326153  	0.10556  	0.0929151 	0.593912
390	47    	0.215852  	0.414223 	-1        	0.593912
391	46    	0.191774  	0.41098  	-1        	0.593912
392	44    	0.154469  	0.477141 	-1        	0.593912
393	45    	0.283597  	0.279285 	-1        	0.593912
394	45    	0.240786  	0.330962 	-1        	0.593912
395	48    	0.273111  	0.206852 	-1        	0.619739
396	45    	0.257323  	0.269151 	-1        	0.555416
397	47    	0.276238  	0.278213 	-1        	0.555416
398	48    	0.130039  	0.46379  	-1        	0.555416
399	48    	0.221608  	0.321608 	-1        	0.573363
400	47    	0.251854  	0.325234 	-1        	0.519847
401	46    	0.294861  	0.100515 	0.0662467 	0.519847
402	45    	0.153661  	0.439447 	-1        	0.532029
403	44    	0.244776  	0.331588 	-1        	0.532029
404	46    	0.282415  	0.204391 	-1        	0.532587
405	49    	0.268999  	0.103009 	-0.0166667	0.532587
406	45    	0.261448  	0.228795 	-1        	0.532587
407	46    	0.291573  	0.126077 	-0.02     	0.594251
408	46    	0.236679  	0.217168 	-1        	0.615818
409	50    	0.204935  	0.158407 	-0.02     	0.616094
410	47    	0.243237  	0.159767 	-0.0175   	0.604451
411	45    	0.244422  	0.228173 	-1        	0.604451
412	45    	0.202032  	0.22379  	-1        	0.581751
413	46    	0.2427    	0.163689 	-0.0175   	0.611699
414	45    	0.249625  	0.15312  	-0.018    	0.581136
415	48    	0.261792  	0.1407   	-0.02     	0.645427
416	44    	0.272242  	0.16465  	-0.0175   	0.652063
417	47    	0.259986  	0.135056 	-0.02     	0.718936
418	44    	0.276739  	0.13561  	-0.0175   	0.718936
419	46    	0.298024  	0.129805 	-0.02     	0.718936
420	47    	0.266035  	0.176606 	-0.0175001	0.718936
421	45    	0.248345  	0.17029  	-0.0181818	0.654763
422	45    	0.239058  	0.174764 	-0.02     	0.654763
423	49    	0.238896  	0.150002 	-0.02     	0.654763
424	45    	0.243988  	0.128977 	-0.0166667	0.647123
425	48    	0.266031  	0.127508 	-0.0175   	0.706515
426	47    	0.244868  	0.126329 	-0.018    	0.560435
427	45    	0.249634  	0.128073 	-0.0200001	0.604774
428	49    	0.251716  	0.096413 	-0.02     	0.52245 
429	45    	0.273712  	0.106644 	-0.016    	0.523041
430	49    	0.273683  	0.126319 	-0.0175   	0.698411
431	48    	0.264322  	0.0981262	-0.0175002	0.550063
432	45    	0.282823  	0.102628 	0.0823496 	0.550063
433	45    	0.277054  	0.122391 	-0.0166667	0.550063
434	46    	0.309746  	0.116974 	0.0750855 	0.58917 
435	45    	0.308096  	0.127806 	-0.0175   	0.58917 
436	45    	0.327986  	0.139734 	-0.0160001	0.58917 
437	45    	0.315491  	0.117292 	-0.02     	0.558401
438	46    	0.273898  	0.126975 	-0.02     	0.558401
439	46    	0.287559  	0.150802 	-0.02     	0.575952
440	47    	0.308865  	0.132914 	-0.0166667	0.587483
441	49    	0.291677  	0.140746 	-0.0133334	0.713265
442	47    	0.276419  	0.147925 	-0.0166667	0.719244
443	46    	0.308181  	0.148682 	-0.0174999	0.719244
444	46    	0.275342  	0.130117 	-0.0177778	0.719244
445	47    	0.268162  	0.105302 	-0.0133332	0.510508
446	43    	0.27603   	0.117004 	-0.02     	0.510508
447	47    	0.280622  	0.121245 	-0.02     	0.657534
448	46    	0.269443  	0.154385 	-0.0175   	0.819403
449	44    	0.292127  	0.157181 	-0.0175   	0.819403
450	47    	0.246975  	0.160362 	-0.0177778	0.531877
451	48    	0.307148  	0.139568 	-0.02     	0.643479
452	46    	0.264353  	0.176536 	-0.0177777	0.646063
453	45    	0.254845  	0.175099 	-0.0175   	0.728702
454	46    	0.262379  	0.209706 	-0.02     	0.728702
455	46    	0.263412  	0.190078 	-0.0171428	0.813364
456	48    	0.268417  	0.159451 	-0.0171428	0.813364
457	48    	0.248425  	0.162366 	-0.018    	0.813364
458	45    	0.31361   	0.149095 	-0.015    	0.653173
459	46    	0.238219  	0.159064 	-0.0175   	0.653173
460	48    	0.294867  	0.167135 	-0.0171429	0.653173
461	46    	0.261115  	0.146908 	-0.016    	0.653173
462	50    	0.283084  	0.139063 	0.0862658 	0.653173
463	47    	0.299654  	0.173331 	-0.0166667	0.782628
464	46    	0.236748  	0.17769  	-0.0171429	0.782628
465	47    	0.252035  	0.155683 	-0.02     	0.599266
466	44    	0.25513   	0.168202 	-0.02     	0.579739
467	47    	0.275369  	0.161693 	-0.0177778	0.748114
468	48    	0.280211  	0.196331 	-0.02     	0.83268 
469	46    	0.283865  	0.137816 	-0.0171429	0.579739
470	45    	0.308834  	0.14346  	-0.0166666	0.579739
471	48    	0.254447  	0.130894 	-0.0177777	0.579739
472	46    	0.251818  	0.144811 	-0.02     	0.579739
473	47    	0.247758  	0.13408  	-0.02     	0.579739
474	43    	0.300994  	0.162525 	-0.0225   	0.706213
475	43    	0.29726   	0.167012 	-0.0171428	0.706213
476	49    	0.320199  	0.17082  	-0.0171429	0.734188
477	44    	0.30374   	0.183393 	-0.02     	0.734188
478	44    	0.348802  	0.228662 	-0.0171429	0.734188
479	43    	0.324742  	0.218399 	-0.0174999	0.734188
480	48    	0.270041  	0.170473 	-0.02     	0.734188
481	47    	0.280559  	0.179028 	-0.0177778	0.813756
482	48    	0.272368  	0.20017  	-0.0200001	0.813756
483	45    	0.24469   	0.222343 	-0.02     	0.811396
484	47    	0.252682  	0.19697  	-0.0171429	0.811396
485	46    	0.215083  	0.184528 	-0.02     	0.811396
486	48    	0.163436  	0.145253 	-0.0171429	0.514252
487	45    	0.223917  	0.151566 	-0.02     	0.612917
488	48    	0.253831  	0.129197 	0.0735726 	0.615568
489	46    	0.254082  	0.162057 	-0.0199999	0.615568
490	45    	0.297328  	0.164347 	-0.0200001	0.641834
491	46    	0.291918  	0.138149 	0.0676056 	0.612169
492	45    	0.286803  	0.181277 	-0.0200001	0.656436
493	48    	0.260831  	0.161665 	-0.0175005	0.656436
494	47    	0.29398   	0.160588 	-0.0199999	0.732214
495	48    	0.270465  	0.162833 	-0.0171429	0.732214
496	50    	0.245913  	0.105303 	-0.0133333	0.488198
497	46    	0.248473  	0.115028 	-0.0106474	0.573165
498	44    	0.284924  	0.101986 	-0.02     	0.573165
499	45    	0.256827  	0.119002 	-0.0150002	0.573165
500	47    	0.279881  	0.143542 	-0.0175   	0.839629
501	45    	0.317662  	0.159427 	0.07403   	0.839629
502	42    	0.324727  	0.17849  	-0.0166666	0.839629
503	44    	0.353007  	0.201066 	0.0777428 	0.839629
504	44    	0.332267  	0.228343 	-0.0171428	0.918241
505	46    	0.307637  	0.19804  	-0.0171428	0.839629
506	45    	0.328513  	0.188957 	-0.0166666	0.839629
507	46    	0.322761  	0.182089 	-0.0133333	0.839629
508	44    	0.356302  	0.179303 	0.133111  	0.839629
509	46    	0.291478  	0.167189 	-0.0160001	0.839629
510	48    	0.322971  	0.151543 	-0.02     	0.692284
511	42    	0.334411  	0.124619 	0.112403  	0.680259
512	48    	0.319698  	0.117873 	0.0530187 	0.672822
513	47    	0.295571  	0.141671 	-0.016    	0.672822
514	45    	0.344967  	0.146442 	0.0260935 	0.739991
515	48    	0.299928  	0.132156 	-0.0171429	0.59018 
516	45    	0.304691  	0.149135 	-0.024    	0.66076 
517	44    	0.318052  	0.12757  	0.0741684 	0.66076 
518	42    	0.32111   	0.161037 	-0.02     	0.66076 
519	46    	0.278417  	0.152869 	-0.0216667	0.77584 
520	47    	0.299195  	0.131949 	0.0575818 	0.77584 
521	44    	0.308809  	0.12581  	-0.0171429	0.77584 
522	44    	0.273314  	0.219185 	-1        	0.563843
523	45    	0.307251  	0.108624 	-0.016    	0.563843
524	45    	0.303105  	0.226524 	-1        	0.674337
525	47    	0.293433  	0.14689  	-0.0199999	0.674337
526	46    	0.292233  	0.157223 	-0.0171429	0.640792
527	47    	0.277547  	0.135166 	-0.0166667	0.616311
528	44    	0.270345  	0.121675 	0.0711137 	0.549424
529	48    	0.218813  	0.129419 	-0.02     	0.549424
530	48    	0.257908  	0.127821 	-0.0175001	0.585272
531	43    	0.306739  	0.143683 	-0.017143 	0.585272
532	46    	0.260694  	0.121091 	-0.0150001	0.585272
533	46    	0.262599  	0.119493 	-0.0175   	0.585272
534	45    	0.278463  	0.103729 	0.067142  	0.489124
535	44    	0.282644  	0.113565 	-0.0181818	0.489124
536	50    	0.274974  	0.146374 	-0.0133333	0.78496 
537	45    	0.280895  	0.128256 	-0.0199999	0.630499
538	48    	0.217758  	0.134146 	-0.02     	0.52814 
539	47    	0.23899   	0.114984 	-0.0166667	0.52814 
540	49    	0.25701   	0.103685 	-0.02     	0.505853
541	47    	0.310668  	0.0809162	0.126254  	0.457424
542	47    	0.232008  	0.27092  	-1        	0.515778
543	42    	0.13303   	0.466651 	-1        	0.515778
544	49    	0.261529  	0.195598 	-1        	0.515778
545	46    	0.254587  	0.0904992	0.0603892 	0.47762 
546	45    	0.268391  	0.203244 	-1        	0.482061
547	43    	0.291086  	0.200782 	-1        	0.47762 
548	46    	0.295864  	0.102223 	-0.016    	0.47762 
549	47    	0.285872  	0.0691755	0.103558  	0.47762 
550	46    	0.301887  	0.213565 	-1        	0.736803
551	45    	0.315374  	0.130213 	0.130783  	0.736803
552	46    	0.314406  	0.104803 	0.134216  	0.602313
553	50    	0.285617  	0.0941905	0.0409926 	0.582817
554	46    	0.292162  	0.102696 	0.0842215 	0.525313
555	47    	0.251345  	0.20491  	-1        	0.510457
556	47    	0.281428  	0.0966829	0.0959488 	0.558804
557	49    	0.297642  	0.101822 	0.0856072 	0.526103
558	45    	0.29151   	0.207704 	-1        	0.533065
559	49    	0.273286  	0.20048  	-1        	0.526103
560	49    	0.281672  	0.0937821	-0.02     	0.496948
561	47    	0.284093  	0.205246 	-1        	0.496948
562	47    	0.298611  	0.110385 	-0.018    	0.588994
563	47    	0.308345  	0.100965 	0.0855394 	0.496103
564	47    	0.279211  	0.205652 	-1        	0.512259
565	43    	0.342476  	0.097477 	0.16173   	0.579289
566	46    	0.257814  	0.217346 	-1        	0.579289
567	43    	0.347155  	0.110122 	0.092838  	0.561409
568	47    	0.306107  	0.213629 	-1        	0.563588
569	47    	0.293191  	0.207679 	-1        	0.589986
570	47    	0.322089  	0.115459 	0.0791015 	0.607995
571	45    	0.302555  	0.0920572	0.119839  	0.544816
572	45    	0.227975  	0.325104 	-1        	0.544126
573	46    	0.219132  	0.372677 	-1        	0.553198
574	46    	0.129497  	0.502482 	-1        	0.544126
575	43    	0.229576  	0.37878  	-1        	0.531034
576	45    	0.0796715 	0.515348 	-1        	0.587246
577	46    	0.072353  	0.508503 	-1        	0.483728
578	48    	-0.0704905	0.58488  	-1        	0.458486
579	43    	0.0926613 	0.454961 	-1        	0.49665 
580	47    	0.143326  	0.357942 	-1        	0.500294
581	49    	0.176539  	0.321766 	-1        	0.500294
582	45    	0.282106  	0.107091 	-0.0175   	0.500294
583	50    	0.226895  	0.162987 	-0.02     	0.650508
584	47    	0.266148  	0.179118 	-0.02     	0.705352
585	44    	0.242273  	0.161037 	-0.0171429	0.705352
586	47    	0.249597  	0.16319  	-0.02     	0.643479
587	47    	0.244018  	0.168893 	-0.02     	0.643479
588	48    	0.220913  	0.144627 	-0.0175   	0.513176
589	49    	0.223745  	0.149309 	-0.0175   	0.646394
590	46    	0.251859  	0.173846 	-0.0171429	0.732935
591	48    	0.244447  	0.160897 	-0.02     	0.583818
592	47    	0.237857  	0.148247 	-0.02     	0.583818
593	45    	0.225235  	0.153224 	-0.02     	0.595139
594	46    	0.229951  	0.174736 	-0.02     	0.583818
595	46    	0.210166  	0.171474 	-0.0200001	0.55971 
596	46    	0.191062  	0.183216 	-0.02     	0.602232
597	43    	0.221589  	0.1886   	-0.02     	0.61721 
598	47    	0.231935  	0.163701 	-0.0166667	0.693195
599	44    	0.274228  	0.157692 	-0.0175   	0.718133
600	48    	0.259985  	0.1832   	-0.0166666	0.718133
601	49    	0.252211  	0.168493 	-0.0175   	0.718133
602	44    	0.287849  	0.182475 	-0.0166667	0.718133
603	44    	0.279193  	0.2133   	-0.0175   	0.729969
604	47    	0.268097  	0.211207 	-0.0200001	0.732772
605	46    	0.272884  	0.219198 	-0.0175   	0.791393
606	46    	0.297573  	0.191782 	-0.0166666	0.791393
607	45    	0.278603  	0.166794 	-0.0171429	0.733907
608	44    	0.277393  	0.154714 	-0.02     	0.733907
609	46    	0.254681  	0.172669 	-0.0175   	0.739945
610	46    	0.299727  	0.143881 	-0.018    	0.740979
611	47    	0.256958  	0.161263 	-0.02     	0.739945
612	45    	0.268776  	0.167765 	-0.0171431	0.811396
613	46    	0.312461  	0.125213 	-0.016    	0.646271
614	46    	0.298035  	0.142595 	-0.0160004	0.718973
615	47    	0.238394  	0.133007 	-0.0175   	0.574006
616	44    	0.310873  	0.155934 	-0.0150001	0.610234
617	45    	0.292164  	0.160345 	-0.0199999	0.610234
618	47    	0.253996  	0.170743 	-0.02     	0.826625
619	46    	0.253009  	0.141268 	-0.0171428	0.608839
620	42    	0.292592  	0.186562 	-0.0175   	0.813756
621	47    	0.246088  	0.188623 	-0.0177778	0.694721
622	45    	0.262221  	0.193589 	-0.018    	0.694721
623	49    	0.184441  	0.15382  	-0.0175   	0.694721
624	49    	0.230961  	0.155743 	-0.02     	0.605745
625	41    	0.272432  	0.185057 	-0.02     	0.735034
626	48    	0.259174  	0.139612 	-0.0166666	0.698271
627	48    	0.236013  	0.150883 	-0.02     	0.703946
628	46    	0.22757   	0.133047 	-0.02     	0.486017
629	44    	0.208236  	0.160178 	-0.02     	0.557893
630	50    	0.208085  	0.124534 	-0.02     	0.482495
631	47    	0.228069  	0.112502 	-0.0175   	0.482495
632	47    	0.25239   	0.122737 	-0.02     	0.558846
633	47    	0.253111  	0.132853 	-0.02     	0.657099
634	47    	0.273784  	0.156976 	-0.0199999	0.751446
635	49    	0.264547  	0.116504 	-0.02     	0.751446
636	46    	0.273922  	0.131205 	-0.0166668	0.751446
637	46    	0.244675  	0.145136 	-0.02     	0.751446
638	48    	0.26657   	0.15863  	-0.02     	0.698861
639	49    	0.281391  	0.153844 	-0.0171429	0.654879
640	47    	0.25374   	0.137748 	-0.016    	0.782591
641	47    	0.259923  	0.211627 	-1        	0.782591
642	48    	0.272517  	0.103569 	-0.016    	0.48837 
643	46    	0.26589   	0.112173 	-0.02     	0.453987
644	46    	0.245115  	0.120298 	-0.0175   	0.484353
645	46    	0.269039  	0.118094 	-0.0175   	0.484369
646	47    	0.260904  	0.141608 	-0.0175   	0.54035 
647	47    	0.275352  	0.116118 	-0.0171429	0.54035 
648	49    	0.24664   	0.106026 	-0.0200001	0.459415
649	43    	0.258362  	0.126213 	-0.02     	0.492759
650	48    	0.259095  	0.134323 	-0.0200001	0.575365
651	46    	0.251159  	0.124923 	-0.0166666	0.575365
652	45    	0.257053  	0.119961 	-0.0166667	0.575365
653	45    	0.247176  	0.115764 	-0.018    	0.449318
654	47    	0.254615  	0.123535 	-0.0171428	0.742467
655	46    	0.224398  	0.146277 	-0.0200001	0.742467
656	46    	0.25955   	0.138705 	-0.02     	0.804169
657	47    	0.27295   	0.14865  	-0.02     	0.804169
658	46    	0.242472  	0.144451 	-0.0166661	0.804169
659	47    	0.242044  	0.134496 	-0.018    	0.804169
660	48    	0.284475  	0.159684 	-0.018    	0.804169
661	46    	0.296504  	0.178524 	-0.0171429	0.804169
662	47    	0.239563  	0.195017 	-0.02     	0.816954
663	47    	0.257229  	0.16255  	-0.0199999	0.816954
664	49    	0.256538  	0.128543 	-0.016    	0.614232
665	42    	0.278071  	0.13718  	-0.02     	0.614232
666	46    	0.238279  	0.128734 	-0.0181819	0.541938
667	47    	0.244711  	0.101688 	-0.0166666	0.541938
668	47    	0.263781  	0.116508 	-0.0177778	0.539295
669	45    	0.278481  	0.117627 	-0.0177778	0.537348
670	47    	0.308653  	0.122678 	-0.02     	0.583786
671	48    	0.283639  	0.107406 	0.0553258 	0.583786
672	46    	0.287744  	0.0830208	0.052687  	0.541778
673	45    	0.283179  	0.131889 	-0.0171429	0.554031
674	48    	0.268638  	0.0996956	0.0745112 	0.541778
675	46    	0.258862  	0.202184 	-1        	0.541778
676	49    	0.26642   	0.199971 	-1        	0.58732 
677	44    	0.315566  	0.0958904	0.155445  	0.58732 
678	46    	0.130318  	0.462955 	-1        	0.58732 
679	48    	0.165744  	0.396981 	-1        	0.507135
680	48    	0.276394  	0.104713 	-0.0171429	0.507135
681	47    	0.240168  	0.273709 	-1        	0.507135
682	42    	0.212072  	0.324825 	-1        	0.507135
683	44    	0.276335  	0.11841  	-0.0166667	0.507135
684	45    	0.287682  	0.211576 	-1        	0.507135
685	46    	0.275134  	0.202177 	-1        	0.507135
686	43    	0.277449  	0.274281 	-1        	0.507135
687	43    	0.265333  	0.216398 	-1        	0.507135
688	48    	0.198854  	0.365443 	-1        	0.462524
689	45    	0.1908    	0.409522 	-1        	0.696753
690	45    	-0.0101392	0.562544 	-1        	0.462524
691	45    	-0.204619 	0.679775 	-1        	0.492297
692	42    	-0.231836 	0.684568 	-1        	0.516834
693	48    	-0.284725 	0.662559 	-1        	0.492297
694	47    	-0.0836718	0.602592 	-1        	0.492297
695	47    	-0.00148913	0.565079 	-1        	0.492297
696	45    	-0.0274218 	0.585033 	-1        	0.492297
697	49    	-0.178026  	0.64705  	-1        	0.475565
698	47    	-0.16931   	0.653598 	-1        	0.475565
699	43    	-0.0457708 	0.600978 	-1        	0.475672
700	44    	-0.211878  	0.672834 	-1        	0.475565
701	44    	-0.168889  	0.653605 	-1        	0.475565
702	49    	-0.0792488 	0.608753 	-1        	0.543799
703	47    	0.0571664  	0.533766 	-1        	0.565067
704	48    	0.238016   	0.262854 	-1        	0.456317
705	48    	0.257367   	0.269179 	-1        	0.484031
706	48    	0.310277   	0.0810117	0.166063  	0.504198
707	46    	0.251515   	0.280005 	-1        	0.661758
708	46    	0.23947    	0.327378 	-1        	0.545842
709	49    	0.289736   	0.0918487	0.109786  	0.545842
710	45    	0.277098   	0.20819  	-1        	0.545842
711	46    	0.262976   	0.218308 	-1        	0.577434
712	47    	0.194128   	0.411391 	-1        	0.577434
713	45    	0.301927   	0.111702 	-0.0166667	0.577434
714	46    	0.26026    	0.219303 	-1        	0.577434
715	47    	0.290247   	0.112026 	0.0757503 	0.577434
716	45    	0.316631   	0.105762 	0.106092  	0.58069 
717	45    	0.309541   	0.117173 	-0.02     	0.577434
718	45    	0.286532   	0.220212 	-1        	0.577434
719	46    	0.305691   	0.108579 	0.0766134 	0.603328
720	45    	0.267587   	0.223094 	-1        	0.699488
721	46    	0.265331   	0.197347 	-1        	0.458539
722	46    	0.151049   	0.392913 	-1        	0.458539
723	45    	0.250408   	0.201666 	-1        	0.464536
724	46    	0.234187   	0.325987 	-1        	0.530686
725	44    	0.280594   	0.277163 	-1        	0.530686
726	47    	0.275817   	0.207832 	-1        	0.606017
727	46    	0.237673   	0.325851 	-1        	0.606017
728	47    	0.231749   	0.325479 	-1        	0.530686
729	46    	0.230874   	0.322209 	-1        	0.530686
730	45    	0.303195   	0.20426  	-1        	0.544743
731	46    	0.274682   	0.275438 	-1        	0.504727
732	48    	0.228936   	0.265725 	-1        	0.504727
733	45    	0.279859   	0.210282 	-1        	0.561574
734	43    	0.319635   	0.0897247	0.162691  	0.561574
735	45    	0.330556   	0.114077 	0.0855451 	0.561574
736	42    	0.31885    	0.115196 	-0.0150003	0.561574
737	47    	0.262085   	0.281816 	-1        	0.604204
738	45    	0.279515   	0.207209 	-1        	0.546297
739	46    	0.320347   	0.0919166	0.158219  	0.546297
740	46    	0.278225   	0.212745 	-1        	0.542317
741	47    	0.2649     	0.208016 	-1        	0.542317
742	47    	0.259508   	0.2068   	-1        	0.507981
743	44    	0.284996   	0.108086 	-0.0166667	0.507981
744	43    	0.27518    	0.287343 	-1        	0.572375
745	45    	0.327652   	0.101279 	0.0997818 	0.572375
746	48    	0.269278   	0.211038 	-1        	0.572375
747	47    	0.066217   	0.542074 	-1        	0.572375
748	43    	0.324597   	0.0929837	0.172556  	0.572375
749	48    	0.242353   	0.326405 	-1        	0.572375
750	43    	0.132262   	0.500596 	-1        	0.572375
751	45    	-0.0490894 	0.598092 	-1        	0.572375
752	46    	-0.0353894 	0.605798 	-1        	0.541143
753	46    	0.0109291  	0.575675 	-1        	0.541143
754	42    	0.113404   	0.497681 	-1        	0.549153
755	46    	0.224382   	0.326627 	-1        	0.549153
756	48    	0.0829982  	0.491129 	-1        	0.79907 
757	47    	0.158095   	0.357269 	-1        	0.647244
758	50    	0.17274    	0.354735 	-1        	0.424079
759	46    	0.143165   	0.392082 	-1        	0.488241
760	48    	0.230645   	0.202426 	-1        	0.584731
761	46    	0.226083   	0.326903 	-1        	0.496229
762	49    	0.20579    	0.318251 	-1        	0.489857
763	47    	0.281472   	0.13376  	-0.022    	0.61531 
764	40    	0.297488   	0.175832 	-0.0187499	0.61531 
765	46    	0.280041   	0.175707 	-0.0175   	0.692686
766	44    	0.222123   	0.173892 	-0.02     	0.692686
767	43    	0.260609   	0.185706 	-0.02     	0.692686
768	43    	0.284804   	0.201039 	-0.0175001	0.693426
769	46    	0.259461   	0.200766 	-0.0175   	0.702292
770	43    	0.289675   	0.201766 	-0.02     	0.706234
771	48    	0.209422   	0.174903 	-0.02     	0.692686
772	49    	0.187275   	0.127696 	-0.0166668	0.692686
773	45    	0.218967   	0.168195 	-0.02     	0.692686
774	46    	0.201362   	0.173417 	-0.0171429	0.692686
775	48    	0.210123   	0.166329 	-0.0171429	0.654723
776	47    	0.219734   	0.137934 	-0.0160003	0.654723
777	46    	0.254559   	0.145715 	-0.0175   	0.582913
778	46    	0.245101   	0.174388 	-0.0175001	0.582913
779	49    	0.213303   	0.143404 	-0.02     	0.516007
780	44    	0.191898   	0.152418 	-0.02     	0.515558
781	48    	0.168857   	0.140378 	-0.02     	0.453726
782	46    	0.236221   	0.130558 	-0.02     	0.514252
783	43    	0.254314   	0.136587 	-0.0177778	0.653091
784	39    	0.260908   	0.177534 	-0.0171429	0.653091
785	49    	0.245027   	0.150092 	-0.0181818	0.653091
786	44    	0.307335   	0.16726  	-0.0175   	0.653091
787	48    	0.291704   	0.132928 	0.0715949 	0.653091
788	45    	0.287924   	0.163263 	-0.02     	0.653091
789	44    	0.319552   	0.140784 	0.0531025 	0.653091
790	46    	0.316126   	0.136225 	0.0528267 	0.663077
791	46    	0.291406   	0.115642 	0.0992068 	0.654723
792	49    	0.266765   	0.11803  	-0.02     	0.733259
793	48    	0.285627   	0.125468 	-0.02     	0.678468
794	44    	0.312445   	0.153627 	-0.02     	0.696088
795	42    	0.331147   	0.191708 	-0.0133338	0.866356
796	46    	0.299419   	0.18104  	-0.0166666	0.866356
797	46    	0.292224   	0.154319 	-0.0150001	0.696088
798	46    	0.292313   	0.143698 	-0.015    	0.696088
799	42    	0.304502   	0.149867 	-0.017143 	0.696088
800	45    	0.29805    	0.160551 	-0.02     	0.696088
801	46    	0.318534   	0.138922 	0.0754922 	0.686752
802	46    	0.265669   	0.240253 	-1        	0.724263
803	44    	0.303705   	0.156575 	-0.0166666	0.686752
804	48    	0.284453   	0.149211 	-0.0166667	0.686752
805	50    	0.228294   	0.1397   	-0.0166667	0.721369
806	46    	0.274078   	0.128709 	-0.02     	0.601392
807	48    	0.258363   	0.102778 	-0.016    	0.450742
808	49    	0.252551   	0.123472 	-0.02     	0.581368
809	47    	0.287211   	0.125386 	-0.015    	0.581368
810	45    	0.225092   	0.173087 	-0.0166667	0.581321
811	47    	0.23019    	0.168706 	-0.02     	0.581321
812	47    	0.205307   	0.201365 	-0.02     	0.58318 
813	47    	0.214014   	0.171626 	-0.02     	0.581368
814	47    	0.191543   	0.18782  	-0.0166667	0.693461
815	43    	0.253813   	0.191813 	-0.02     	0.693461
816	45    	0.214012   	0.200578 	-0.0199999	0.763252
817	49    	0.222499   	0.169705 	-0.02     	0.763252
818	45    	0.253291   	0.178622 	-0.02     	0.763252
819	42    	0.319094   	0.189853 	-0.0171428	0.763252
820	46    	0.291915   	0.179841 	-0.0166667	0.763252
821	47    	0.303372   	0.158638 	-0.0175   	0.763252
822	46    	0.279058   	0.177627 	-0.017143 	0.836407
823	43    	0.317254   	0.197087 	-0.02     	0.836407
824	47    	0.253504   	0.16115  	-0.02     	0.703684
825	45    	0.227512   	0.15763  	-0.0175   	0.533627
826	49    	0.258765   	0.138526 	-0.02     	0.603727
827	48    	0.236478   	0.160262 	-0.02     	0.581238
828	49    	0.254817   	0.144537 	-0.02     	0.695417
829	43    	0.25205    	0.167483 	-0.0177778	0.706012
830	47    	0.24489    	0.151088 	-0.0166666	0.706012
831	48    	0.229423   	0.191802 	-0.0171429	0.813756
832	45    	0.187236   	0.20372  	-0.02     	0.813756
833	46    	0.218758   	0.195299 	-0.0171428	0.813756
834	47    	0.209625   	0.169805 	-0.0200001	0.811247
835	42    	0.24802    	0.164463 	-0.0166667	0.811247
836	44    	0.245795   	0.187846 	-0.02     	0.811247
837	50    	0.16894    	0.12523  	-0.0171429	0.472193
838	44    	0.220075   	0.109135 	-0.0174998	0.536587
839	48    	0.232944   	0.129724 	-0.0171429	0.574143
840	43    	0.232892   	0.16984  	-0.02     	0.574143
841	47    	0.248767   	0.139099 	-0.0171429	0.574143
842	46    	0.214641   	0.185605 	-0.0171429	0.689785
843	46    	0.239908   	0.173894 	-0.0177778	0.705296
844	43    	0.243403   	0.203287 	-0.02     	0.707494
845	46    	0.207919   	0.185244 	-0.0175   	0.705857
846	47    	0.256035   	0.187905 	-0.0171429	0.703659
847	45    	0.284357   	0.203764 	-0.0171429	0.73093 
848	49    	0.235659   	0.169506 	-0.0166667	0.68981 
849	43    	0.249284   	0.195032 	-0.02     	0.68981 
850	47    	0.221208   	0.176669 	-0.0171428	0.68981 
851	42    	0.255468   	0.180299 	-0.0171428	0.689785
852	48    	0.21019    	0.17937  	-0.0175   	0.689785
853	44    	0.274617   	0.174187 	-0.0175   	0.813708
854	49    	0.20333    	0.150792 	-0.0199999	0.581279
855	45    	0.233826   	0.19012  	-0.02     	0.813756
856	43    	0.267932   	0.218725 	-0.0177778	0.813756
857	47    	0.209733   	0.193057 	-0.0175   	0.813756
858	44    	0.29261    	0.177151 	-0.0171429	0.813756
859	45    	0.207845   	0.182939 	-0.02     	0.813756
860	44    	0.268657   	0.210704 	-0.02     	0.813756
861	45    	0.259438   	0.210334 	-0.0166667	0.813756
862	45    	0.270103   	0.240947 	-0.017143 	0.813756
863	49    	0.185692   	0.210567 	-0.0166667	0.812977
864	47    	0.161661   	0.15532  	-0.0171429	0.705984
865	47    	0.214381   	0.169746 	-0.0166667	0.581321
866	46    	0.208981   	0.16783  	-0.02     	0.514281
867	46    	0.210325   	0.176538 	-0.0166667	0.581321
868	43    	0.222946   	0.173734 	-0.0171428	0.514611
869	47    	0.132132   	0.15479  	-0.0171428	0.514611
870	45    	0.232863   	0.146529 	-0.0160001	0.581321
871	47    	0.225678   	0.152016 	-0.0177778	0.592322
872	49    	0.239883   	0.12219  	-0.016    	0.558824
873	46    	0.291179   	0.11374  	-0.0171429	0.558824
874	42    	0.274079   	0.119737 	-0.0166667	0.558824
875	47    	0.281074   	0.106942 	-0.0160002	0.527351
876	50    	0.267237   	0.121274 	-0.02     	0.499664
877	46    	0.306333   	0.111148 	-0.02     	0.5496  
878	44    	0.276128   	0.127591 	-0.0166667	0.5496  
879	46    	0.267046   	0.146029 	-0.02     	0.5496  
880	46    	0.289065   	0.20827  	-1        	0.5496  
881	46    	0.290276   	0.12149  	-0.016    	0.534739
882	45    	0.184724   	0.40527  	-1        	0.534739
883	46    	0.183768   	0.401628 	-1        	0.534739
884	47    	-0.0319677 	0.579237 	-1        	0.534739
885	45    	0.215214   	0.366444 	-1        	0.583924
886	43    	0.311784   	0.212845 	-1        	0.583924
887	39    	0.347549   	0.120243 	-0.0150003	0.583924
888	47    	0.282818   	0.209917 	-1        	0.583924
889	45    	0.259089   	0.336187 	-1        	0.583924
890	44    	0.268547   	0.336358 	-1        	0.588918
891	46    	0.313714   	0.224217 	-1        	0.588918
892	48    	0.278682   	0.20931  	-1        	0.549381
893	49    	0.229521   	0.271566 	-1        	0.495943
894	47    	0.233069   	0.323252 	-1        	0.495943
895	48    	0.306584   	0.0799815	0.110059  	0.485322
896	48    	0.315218   	0.0940689	-0.0133332	0.485322
897	48    	0.270726   	0.268329 	-1        	0.462332
898	48    	0.287248   	0.0925227	0.0577785 	0.552648
899	46    	0.188139   	0.364961 	-1        	0.654355
900	45    	0.277704   	0.206003 	-1        	0.654355
901	48    	0.303518   	0.0878187	0.1194    	0.525799
902	45    	0.315342   	0.112502 	-0.01     	0.525799
903	47    	0.20738    	0.365068 	-1        	0.50688 
904	46    	0.169612   	0.397338 	-1        	0.451344
905	44    	0.260627   	0.326623 	-1        	0.51438 
906	49    	0.210322   	0.323909 	-1        	0.524528
907	48    	0.190338   	0.360566 	-1        	0.517723
908	41    	0.223385   	0.373134 	-1        	0.535568
909	45    	0.281971   	0.206865 	-1        	0.535568
910	43    	0.295899   	0.280821 	-1        	0.535568
911	49    	0.185387   	0.402219 	-1        	0.535568
912	48    	0.257516   	0.332305 	-1        	0.65381 
913	45    	0.328021   	0.102144 	0.0844345 	0.65381 
914	45    	0.167203   	0.44038  	-1        	0.65381 
915	47    	0.251367   	0.330866 	-1        	0.619144
916	46    	0.344192   	0.0896851	0.174615  	0.619144
917	49    	0.225285   	0.319005 	-1        	0.464689
918	45    	0.225504   	0.32217  	-1        	0.465922
919	46    	0.277387   	0.269549 	-1        	0.465922
920	46    	0.187345   	0.402009 	-1        	0.469983
921	45    	0.240712   	0.374236 	-1        	0.513455
922	50    	0.0711374  	0.507655 	-1        	0.499346
923	48    	0.0256636  	0.551478 	-1        	0.490922
924	47    	-0.0453934 	0.598633 	-1        	0.508423
925	44    	0.128962   	0.461995 	-1        	0.508423
926	42    	0.0972148  	0.518764 	-1        	0.453798
927	45    	-0.0962058 	0.624009 	-1        	0.46988 
928	47    	-0.0119089 	0.590684 	-1        	0.560352
929	44    	-0.145856  	0.64458  	-1        	0.560352
930	47    	-0.0424447 	0.602659 	-1        	0.520889
931	46    	0.153798   	0.435686 	-1        	0.520889
932	46    	0.208398   	0.363666 	-1        	0.520889
933	50    	0.259957   	0.209642 	-1        	0.593842
934	45    	0.231735   	0.326714 	-1        	0.55353 
935	47    	0.186804   	0.402397 	-1        	0.528351
936	49    	0.225782   	0.320803 	-1        	0.541702
937	45    	0.269528   	0.278491 	-1        	0.584167
938	45    	0.284339   	0.218493 	-1        	0.584167
939	47    	0.250776   	0.214539 	-1        	0.584167
940	46    	0.28152    	0.130575 	-0.0177778	0.584167
941	46    	0.264123   	0.139058 	-0.02     	0.689006
942	45    	0.278721   	0.109159 	-0.02     	0.507529
943	48    	0.2535     	0.113177 	-0.0177778	0.507529
944	48    	0.25017    	0.115866 	-0.016    	0.468054
945	48    	0.283731   	0.0847027	0.106     	0.442641
946	47    	0.293963   	0.10936  	-0.0175   	0.542472
947	44    	0.309152   	0.126328 	-0.0133334	0.542472
948	44    	0.321354   	0.119932 	0.0856526 	0.542472
949	46    	0.292836   	0.139752 	-0.0171429	0.542472
950	45    	0.321254   	0.140426 	-0.02     	0.662775
951	46    	0.304823   	0.117807 	0.0930514 	0.581883
952	47    	0.27206    	0.132898 	-0.02     	0.581883
953	48    	0.241802   	0.121406 	-0.0171429	0.538429
954	49    	0.279033   	0.116576 	-0.0185714	0.514162
955	47    	0.300919   	0.116947 	-0.0133333	0.500573
956	46    	0.301168   	0.0910054	-0.022    	0.500573
957	48    	0.305639   	0.0865881	0.165375  	0.609817
958	46    	0.264092   	0.199135 	-1        	0.500573
959	47    	0.229651   	0.268482 	-1        	0.490977
960	46    	0.269213   	0.200757 	-1        	0.453237
961	44    	0.269223   	0.210642 	-1        	0.528641
962	46    	0.185635   	0.405619 	-1        	0.507691
963	44    	0.277303   	0.207226 	-1        	0.479354
964	45    	0.281273   	0.205294 	-1        	0.479354
965	47    	0.210357   	0.369109 	-1        	0.530258
966	42    	0.107201   	0.526494 	-1        	0.568165
967	44    	0.225019   	0.417198 	-1        	0.568165
968	47    	0.103034   	0.522799 	-1        	0.568165
969	47    	0.148423   	0.468923 	-1        	0.531256
970	48    	0.0712328  	0.538914 	-1        	0.531256
971	46    	0.0424731  	0.558847 	-1        	0.53154 
972	43    	0.16762    	0.440908 	-1        	0.53154 
973	49    	0.166273   	0.439518 	-1        	0.53154 
974	46    	-0.0815789 	0.607117 	-1        	0.53154 
975	47    	0.231443   	0.372618 	-1        	0.53154 
976	47    	0.197707   	0.365527 	-1        	0.534495
977	45    	0.101254   	0.487594 	-1        	0.53154 
978	43    	0.153329   	0.43549  	-1        	0.53154 
979	49    	0.278415   	0.278883 	-1        	0.553336
980	45    	0.290054   	0.212243 	-1        	0.553336
981	43    	0.136125   	0.470317 	-1        	0.553336
982	44    	0.295274   	0.211778 	-1        	0.558957
983	43    	0.17831    	0.442778 	-1        	0.558957
984	47    	0.178188   	0.403077 	-1        	0.553336
985	46    	0.278097   	0.275131 	-1        	0.553336
986	47    	0.267681   	0.278817 	-1        	0.628011
987	45    	0.328951   	0.108696 	0.127543  	0.628011
988	41    	0.342608   	0.126944 	0.0624335 	0.628011
989	48    	0.180361   	0.369061 	-1        	0.628011
990	44    	0.292674   	0.0939583	-0.0150001	0.490073
991	45    	0.30859    	0.104101 	0.0845958 	0.603685
992	45    	0.325694   	0.122288 	0.102414  	0.698731
993	47    	0.262825   	0.282938 	-1        	0.698731
994	47    	0.247075   	0.215618 	-1        	0.572833
995	47    	0.291145   	0.124179 	-0.0184615	0.651829
996	44    	0.272538   	0.220711 	-1        	0.651829
997	45    	0.328888   	0.115476 	0.10621   	0.581099
998	44    	0.286138   	0.230263 	-1        	0.604132
999	46    	0.313154   	0.111851 	0.0835689 	0.604132
1000	48    	0.288084   	0.120118 	-0.0133337	0.604132
Best individuals:
(0.9182407995839418,) 	-->	 /*9*/DDDRLFBFRUUDDBUU
VMNeuronManager.autoload: Neuro classes added: Delay Light Nn PIDP PIDV SeeLight SeeLight2 S0 S1 Thr 
UserScripts.autoload: 19 user scripts added.
Simulator.load: Loading from 'eval-allcriteria.sim'
Loader.load: Comments read from file follow:
Loader.load:  Sample settings for evaluating many criteria of performance of a Framsticks creature.
Loader.load:  See the "evalcount" parameter if you want to speed the evaluation up or have a more stable result.
Loader.load:  Other important parameters are "Energy0" and "perfperiod".
Loader.load:  Put this file in the "data" subdirectory within the Framsticks distribution.
Simulator.load: Settings loaded from 'eval-allcriteria.sim'
Simulator.load: Loading from 'deterministic.sim'
Loader.load: Comments read from file follow:
Loader.load:  Parameter values that make the evaluation of a Framsticks creature deterministic.
Loader.load:  The values turn off random noise, so evaluation of the same genotype will always yield the same performance.
Loader.load:  The advantage is that you do not need to evaluate a genotype many times, and performance values are reliable.
Loader.load:  The disadvantage is that evolved creatures are "overfitting", i.e. rely entirely on the specific environment,
Loader.load:  and their behavior may be different in any other environment or (even slightly) changed conditions or parameter values,
Loader.load:  so each creature evolved using these settings must be later inspected using exactly the same setup.
Loader.load: 
Loader.load:  Before loading this file, load base settings, e.g. "eval-allcriteria.sim".
Loader.load:  Put this file in the "data" subdirectory within the Framsticks distribution.
Simulator.load: Settings loaded from 'deterministic.sim'
Simulator.load: Loading from 'sample-period-2.sim'
Loader.load: Comments read from file follow:
Loader.load:  Very low "performance sampling period" in the first population to sample performance very often during lifespan
Loader.load:  and avoid overlooking some behavior. Averaged performance of sampled values is returned as the final value.
Loader.load:  See http://www.framsticks.com/a/al_params.html#exper-perfcalc
Loader.load: 
Loader.load:  Before loading this file, load base settings, e.g. "eval-allcriteria.sim".
Loader.load:  Put this file in the "data" subdirectory within the Framsticks distribution.
Simulator.load: Loading from 'f9-mut-040.sim'
Simulator.load: Settings loaded from 'f9-mut-040.sim'
