Argument values: path=C:\Users\1625203\Downloads\Framsticks50rc22\Framsticks50rc22, lib=None, sim=eval-allcriteria.sim;deterministic.sim;sample-period-2.sim;f9-mut-0.sim, genformat=None, initialgenotype=/*9*/BLU, opt=vertpos, popsize=50, generations=1000, tournament=10, pmut=0.9, pxov=0.2, hof_size=1, hof_savefile=None, max_numparts=30, max_numjoints=None, max_numneurons=None, max_numconnections=None, max_numgenochars=50
Using Framsticks version: 5.0rc22
Home (writable) dir     : C:\Users\1625203\Downloads\Framsticks50rc22\Framsticks50rc22\data
Resources dir           : C:\Users\1625203\Downloads\Framsticks50rc22\Framsticks50rc22\data

Available objects: ['CheckpointEvent', 'Collision', 'CrCollision', 'Creature', 'CreatureSettings', 'CreatureSignals', 'CreatureSnapshot', 'Dictionary', 'ExpProperties', 'ExpState', 'ExtValue', 'File', 'FunctionReference', 'GenMan', 'GenManStats', 'GenePool', 'GenePools', 'Geno', 'Genotype', 'Interface', 'Joint', 'Loader', 'Math', 'MechJoint', 'MechPart', 'MessageCatcher', 'Model', 'ModelGeometry', 'ModelSymmetry', 'Neuro', 'NeuroClass', 'NeuroClassLibrary', 'NeuroDef', 'NeuroSignals', 'NeuronsSimEnabled', 'ODE', 'Orient', 'Part', 'Population', 'Populations', 'Ref', 'Signal', 'SignalView', 'SimilMeasure', 'SimilMeasureDistribution', 'SimilMeasureGreedy', 'SimilMeasureHungarian', 'Simulator', 'SlaveSimulators', 'StopEvent', 'String', 'UserScripts', 'Vector', 'WireframeAppearance', 'World', 'WorldMap', 'WorldSignals', 'XYZ', '__builtins__', '__cached__', '__doc__', '__file__', '__loader__', '__name__', '__package__', '__spec__', 'c_api', 'ctypes', 'home_dir', 'init', 'os', 're', 'res_dir', 'sim_params', 'stats', 'sys']

Performing a basic test 1/2... OK.
Performing a basic test 2/2... OK.
Using settings: ['eval-allcriteria.sim', 'deterministic.sim', 'sample-period-2.sim', 'f9-mut-0.sim']
gen	nevals	avg     	stddev	min     	max     
0  	50    	0.218369	0     	0.218369	0.218369
1  	45    	0.0935741	0.12739	-0.016  	0.514537
2  	49    	0.113216 	0.158887	-0.016  	0.514537
3  	47    	0.169151 	0.172843	-0.0166667	0.515856
4  	49    	0.185218 	0.18426 	-0.0160001	0.812083
5  	48    	0.194568 	0.210625	-0.0171429	0.706014
6  	44    	0.28797  	0.243193	-0.0171429	0.812083
7  	45    	0.33614  	0.263478	-0.02     	0.818826
8  	47    	0.433879 	0.27726 	-0.0171429	0.818826
9  	45    	0.348239 	0.286219	-0.0166667	0.818826
10 	47    	0.279766 	0.236407	-0.0166666	0.812825
11 	43    	0.335526 	0.259047	-0.0166667	0.812825
12 	44    	0.324279 	0.26839 	-0.0166667	0.818826
13 	46    	0.381073 	0.279817	-0.0171429	0.818826
14 	44    	0.356773 	0.265928	-0.0171429	0.812825
15 	46    	0.343047 	0.256859	-0.0166667	0.812825
16 	49    	0.319671 	0.259602	-0.0166667	0.813708
17 	45    	0.30668  	0.27072 	-0.0171429	0.813708
18 	44    	0.325571 	0.277151	-0.0171429	0.813708
19 	48    	0.232263 	0.235098	-0.0177777	0.813708
20 	47    	0.257258 	0.239879	-0.0166667	0.813756
21 	49    	0.250043 	0.247998	-0.0166667	0.704074
22 	43    	0.334973 	0.266499	-0.0171429	0.706014
23 	49    	0.351216 	0.260359	-0.02     	0.812977
24 	47    	0.300144 	0.274384	-0.0171428	0.812977
25 	46    	0.319304 	0.288215	-0.017143 	0.812977
26 	48    	0.311409 	0.243643	-0.0175   	0.812977
27 	45    	0.337106 	0.278679	-0.02     	0.812977
28 	46    	0.316479 	0.286008	-0.0166667	0.83182 
29 	48    	0.212331 	0.243929	-0.02     	0.812977
30 	48    	0.280176 	0.24671 	-0.0166667	0.811247
31 	46    	0.33279  	0.26174 	-0.02     	0.733314
32 	48    	0.320285 	0.24571 	-0.0171429	0.831654
33 	49    	0.351812 	0.248458	-0.02     	0.836975
34 	44    	0.352633 	0.286954	-0.0175   	0.836975
35 	44    	0.410061 	0.279787	-0.0171429	0.833485
36 	43    	0.477189 	0.277797	-0.02     	0.833493
37 	49    	0.303973 	0.27518 	-0.0177778	0.836975
38 	46    	0.382761 	0.292619	-0.02     	0.836975
39 	45    	0.400246 	0.286528	-0.0174999	0.837163
40 	45    	0.359859 	0.276277	-0.0175   	0.837163
41 	45    	0.307846 	0.262838	-0.02     	0.838445
42 	47    	0.274502 	0.228345	-0.02     	0.813756
43 	46    	0.330023 	0.245826	-0.0177777	0.732472
44 	46    	0.31211  	0.250149	-0.0175   	0.732472
45 	46    	0.358569 	0.241058	-0.02     	0.732472
46 	45    	0.416569 	0.273672	-0.02     	0.83182 
47 	48    	0.33538  	0.254915	-0.02     	0.833485
48 	49    	0.298676 	0.237711	-0.0171429	0.836975
49 	44    	0.38973  	0.289627	-0.02     	0.838461
50 	47    	0.370292 	0.301401	-0.0175   	0.838461
51 	44    	0.385432 	0.263657	-0.0175   	0.838461
52 	44    	0.423289 	0.277414	-0.0177778	0.838461
53 	47    	0.400624 	0.301391	-0.0177778	0.928801
54 	44    	0.408431 	0.284227	-0.0177778	0.928801
55 	47    	0.406181 	0.312878	-0.02     	0.928801
56 	47    	0.437609 	0.324719	-0.0177778	0.947239
57 	48    	0.340544 	0.313648	-0.02     	1.04167 
58 	47    	0.390303 	0.283193	0.0594002 	0.947239
59 	46    	0.413365 	0.265216	-0.00671136	0.947239
60 	47    	0.484579 	0.285813	0.0594195  	0.947239
61 	47    	0.450026 	0.281296	0.0723572  	0.947239
62 	43    	0.511242 	0.291192	0.06597    	0.947239
63 	46    	0.405868 	0.306757	-0.0166667 	0.947239
64 	48    	0.465732 	0.275007	0.06597    	0.880216
65 	48    	0.447009 	0.281453	-0.016     	0.880216
66 	42    	0.462573 	0.289698	-0.0175    	0.948872
67 	42    	0.527471 	0.282381	0.0592684  	0.880216
68 	45    	0.405817 	0.278015	-0.0175    	0.947167
69 	46    	0.45106  	0.27472 	-0.0133333 	0.880216
70 	45    	0.460242 	0.30666 	-0.0160001 	0.947202
71 	47    	0.424784 	0.283439	-0.0133333 	0.954869
72 	42    	0.450136 	0.324055	-0.0171428 	0.954869
73 	39    	0.451809 	0.326084	-0.0171428 	0.954869
74 	43    	0.505384 	0.310478	0.0848993  	0.954869
75 	46    	0.498675 	0.311627	-0.0166652 	1.07547 
76 	47    	0.439346 	0.304795	-0.0175    	0.947167
77 	46    	0.429437 	0.275173	0.0650433  	0.947167
78 	46    	0.517726 	0.26676 	0.0727298  	0.947167
79 	44    	0.493417 	0.317662	-0.0133334 	1.07547 
80 	45    	0.489791 	0.310599	-0.0175    	0.991362
81 	45    	0.57544  	0.345644	0.0593336  	1.07547 
82 	47    	0.423603 	0.346208	-0.0175    	0.989938
83 	47    	0.536394 	0.310671	0.0831866  	0.988007
84 	45    	0.516904 	0.310214	-0.02      	0.980459
85 	44    	0.534781 	0.322765	-0.02      	1.07006 
86 	45    	0.526988 	0.345354	-0.0171429 	1.07006 
87 	47    	0.51591  	0.335501	-0.016     	1.07006 
88 	46    	0.512868 	0.330337	-0.0175    	1.07006 
89 	45    	0.50763  	0.328362	-0.0160001 	1.07006 
90 	48    	0.451483 	0.314974	-0.0175    	0.980636
91 	47    	0.543563 	0.322996	-0.0175    	0.983529
92 	48    	0.497601 	0.349138	-0.0171429 	1.06164 
93 	46    	0.469568 	0.33696 	-0.018     	1.06164 
94 	47    	0.55404  	0.348407	-0.0179999 	1.07006 
95 	46    	0.498789 	0.34345 	-0.0166666 	1.06164 
96 	47    	0.477988 	0.305072	0.0530292  	0.986508
97 	47    	0.440004 	0.304684	-0.0171429 	0.986508
98 	46    	0.421673 	0.30378 	-0.016     	0.986508
99 	44    	0.510626 	0.339426	-0.0166667 	0.986508
100	48    	0.540844 	0.326421	0.0533451  	1.07006 
101	41    	0.592792 	0.368475	0.0592026  	1.07006 
102	48    	0.390277 	0.335012	-0.0171428 	1.07006 
103	44    	0.466896 	0.356699	-0.015     	1.07547 
104	49    	0.466977 	0.3177  	-0.02      	1.06688 
105	48    	0.444814 	0.301172	-0.016     	0.988889
106	48    	0.456575 	0.311115	-0.0183333 	0.991362
107	43    	0.538782 	0.331854	-0.0177778 	0.991362
108	48    	0.54314  	0.328275	0.106717   	1.06487 
109	43    	0.512191 	0.360563	-0.0177777 	1.07547 
110	46    	0.431545 	0.359463	-0.0175    	1.07547 
111	46    	0.515755 	0.331361	-0.018     	1.07547 
112	41    	0.525035 	0.347829	-0.02      	1.07547 
113	46    	0.460891 	0.363616	-0.016     	0.991362
114	46    	0.561686 	0.363537	-0.0160002 	1.07006 
115	45    	0.39054  	0.324193	0.119078   	0.991362
116	44    	0.451001 	0.351307	-0.0166667 	0.991362
117	44    	0.555814 	0.357261	-0.0166667 	1.07006 
118	46    	0.461465 	0.336082	0.0750567  	1.07006 
119	46    	0.492104 	0.360406	-0.0175    	1.06487 
120	48    	0.409681 	0.355655	-0.0175001 	1.06487 
121	48    	0.434802 	0.30859 	-0.0166635 	1.06487 
122	47    	0.483268 	0.32534 	0.0857452  	1.06487 
123	47    	0.504635 	0.301973	-0.0166667 	0.990662
124	45    	0.526232 	0.316728	-0.0133333 	0.990662
125	48    	0.463063 	0.308383	0.0642467  	0.990662
126	47    	0.451843 	0.284941	0.1277     	0.990662
127	46    	0.508345 	0.308693	0.106115   	0.991115
128	47    	0.543362 	0.353144	-0.0133333 	0.991115
129	42    	0.494307 	0.353087	-0.02      	0.991115
130	50    	0.471749 	0.325951	-0.0159966 	0.968349
131	47    	0.48239  	0.328392	-0.0166666 	0.986999
132	43    	0.510969 	0.337387	-0.015992  	0.991115
133	46    	0.558217 	0.33785 	0.0577974  	1.07006 
134	49    	0.504687 	0.347888	-0.0175    	1.07006 
135	48    	0.438008 	0.308709	-0.0177777 	0.990662
136	47    	0.392012 	0.340661	-0.0166652 	1.06984 
137	47    	0.386733 	0.356044	-0.02      	1.06984 
138	46    	0.479176 	0.329239	-0.0171429 	0.990662
139	47    	0.448656 	0.345702	-0.0171381 	0.990662
140	50    	0.447921 	0.345539	-0.0171429 	1.07547 
141	49    	0.457407 	0.332756	-0.0133333 	1.07547 
142	46    	0.470896 	0.335493	-0.0166666 	1.08124 
143	47    	0.440298 	0.31104 	-0.0171414 	1.07996 
144	45    	0.523403 	0.331775	0.0827307  	1.08124 
145	44    	0.505299 	0.330925	-0.0175    	1.08124 
146	46    	0.485146 	0.352197	-0.0166666 	1.08124 
147	46    	0.429447 	0.33381 	-0.0175    	1.08124 
148	46    	0.523557 	0.341422	0.0593045  	1.08124 
149	45    	0.496407 	0.334021	0.136771   	1.12417 
150	48    	0.438887 	0.331983	-0.0171412 	1.04747 
151	47    	0.424881 	0.284553	-0.0175    	1.04747 
152	46    	0.450455 	0.290941	-0.02      	1.00573 
153	46    	0.438621 	0.265937	-0.016     	1.00573 
154	45    	0.519634 	0.28835 	0.125333   	1.00247 
155	44    	0.50443  	0.288311	-0.0133333 	0.907623
156	44    	0.60542  	0.276157	0.111655   	0.977786
157	46    	0.46766  	0.263391	0.121188   	0.907623
158	44    	0.51934  	0.261149	0.150425   	0.907623
159	47    	0.471976 	0.272747	-0.0175    	0.907623
160	48    	0.534332 	0.250644	0.13128    	0.920711
161	48    	0.49634  	0.276714	-0.0133332 	1.01411 
162	44    	0.510845 	0.261519	0.121338   	1.01411 
163	46    	0.502709 	0.287607	0.0852149  	1.01411 
164	47    	0.453783 	0.264566	0.128114   	0.929294
165	46    	0.467881 	0.261926	-0.0166667 	0.929294
166	45    	0.575635 	0.278388	0.106894   	0.929294
167	43    	0.550568 	0.283387	0.134724   	0.929294
168	48    	0.567561 	0.293165	0.120433   	1.00585 
169	47    	0.510991 	0.299794	0.101964   	1.01761 
170	47    	0.476416 	0.281613	-0.0177778 	1.01956 
171	46    	0.510675 	0.289536	-0.0175    	1.0103  
172	44    	0.5735   	0.299512	-0.0175    	1.0103  
173	45    	0.52877  	0.293108	0.120555   	1.0098  
174	48    	0.459918 	0.290714	-0.0175    	1.10817 
175	43    	0.529331 	0.297094	-0.0149999 	1.10817 
176	46    	0.474609 	0.276041	-0.0166667 	0.933359
177	47    	0.51952  	0.276416	0.109634   	1.00952 
178	48    	0.442869 	0.293121	-0.0166666 	1.00952 
179	48    	0.504032 	0.275216	0.0847874  	1.01956 
180	47    	0.387909 	0.263447	0.0767491  	1.06242 
181	48    	0.413416 	0.25844 	-0.0133332 	1.06242 
182	45    	0.442275 	0.230822	0.0660289  	1.06242 
183	48    	0.505191 	0.286642	-0.0171419 	1.04207 
184	45    	0.646629 	0.264498	0.0751063  	1.05839 
185	47    	0.584448 	0.297885	0.0508892  	1.05839 
186	45    	0.542106 	0.374051	-1         	1.05839 
187	49    	0.492191 	0.351759	-1         	1.01813 
188	47    	0.504517 	0.361265	-1         	1.0673  
189	46    	0.525963 	0.36249 	-1         	1.0673  
190	45    	0.660986 	0.278385	0.118745   	1.0673  
191	48    	0.485146 	0.302095	0.183289   	1.07265 
192	48    	0.499491 	0.383923	-1         	1.0673  
193	47    	0.571682 	0.383387	-1         	1.14915 
194	44    	0.575563 	0.407407	-1         	1.14915 
195	48    	0.517039 	0.508922	-1         	1.14915 
196	47    	0.51922  	0.440506	-1         	1.14915 
197	43    	0.558416 	0.514551	-1         	1.14915 
198	43    	0.497244 	0.518976	-1         	1.14915 
199	47    	0.598063 	0.409078	-1         	1.1824  
200	44    	0.64871  	0.355719	0.157802   	1.14915 
201	44    	0.626278 	0.360357	0.106048   	1.14915 
202	43    	0.582298 	0.40763 	-1         	1.14915 
203	42    	0.670769 	0.399074	-0.0171429 	1.14915 
204	46    	0.53314  	0.445936	-1         	1.14915 
205	43    	0.60797  	0.363934	0.140859   	1.14915 
206	47    	0.554033 	0.464897	-1         	1.14915 
207	44    	0.590918 	0.401418	-1         	1.14915 
208	44    	0.563779 	0.47407 	-1         	1.14915 
209	46    	0.5314   	0.421555	-1         	1.14915 
210	48    	0.463439 	0.377377	-1         	1.0762  
211	44    	0.653799 	0.304661	0.209005   	1.14915 
212	45    	0.463806 	0.379129	-1         	1.07615 
213	46    	0.565138 	0.393089	-1         	1.04207 
214	46    	0.601283 	0.38922 	-1         	1.14915 
215	45    	0.621518 	0.348159	-0.0175    	1.14563 
216	46    	0.565573 	0.407331	-1         	1.14563 
217	50    	0.510966 	0.330209	0.139682   	1.14221 
218	48    	0.419446 	0.305248	-0.0150001 	1.14221 
219	48    	0.5688   	0.342961	-0.016     	1.10248 
220	45    	0.491132 	0.331995	-0.0171428 	1.10248 
221	46    	0.657253 	0.415878	-1         	1.14103 
222	43    	0.588189 	0.366414	-0.0166666 	1.11621 
223	47    	0.640371 	0.368015	0.0622084  	1.11785 
224	40    	0.60626  	0.375867	0.0854093  	1.11785 
225	46    	0.500905 	0.501434	-1         	1.11785 
226	48    	0.584071 	0.376845	0.0903024  	1.18154 
227	46    	0.458696 	0.517219	-1         	1.11785 
228	45    	0.648946 	0.47299 	-1         	1.14702 
229	49    	0.400626 	0.44903 	-1         	1.11621 
230	46    	0.548874 	0.399224	-1         	1.05228 
231	49    	0.598284 	0.454085	-1         	1.11821 
232	45    	0.596683 	0.473292	-1         	1.11815 
233	47    	0.547633 	0.363024	0.0896713  	1.1192  
234	48    	0.5275   	0.378482	0.120064   	1.13871 
235	45    	0.585984 	0.385033	0.132047   	1.13871 
236	47    	0.449054 	0.44994 	-1         	1.11815 
237	45    	0.521891 	0.328186	0.115466   	1.11815 
238	43    	0.530422 	0.455483	-1         	1.08907 
239	46    	0.598123 	0.333186	0.15565    	1.08907 
240	45    	0.529616 	0.398601	-1         	1.08907 
241	44    	0.588637 	0.341066	0.188487   	1.11815 
242	46    	0.713987 	0.312065	0.151559   	1.11947 
243	48    	0.677106 	0.354854	-0.016     	1.18967 
244	45    	0.655107 	0.38353 	0.0826311  	1.14881 
245	49    	0.652884 	0.364916	0.0589195  	1.18355 
246	45    	0.58183  	0.377649	0.0994597  	1.18355 
247	43    	0.63699  	0.40368 	0.149257   	1.18355 
248	45    	0.615958 	0.387213	0.166954   	1.18355 
249	44    	0.603172 	0.368461	0.0812222  	1.18355 
250	46    	0.640538 	0.358901	0.0819262  	1.18355 
251	48    	0.496867 	0.41435 	-1         	1.17412 
252	49    	0.495616 	0.348254	0.0999573  	1.17412 
253	48    	0.6426   	0.322493	0.174674   	1.12265 
254	44    	0.583446 	0.35    	-0.0166666 	1.18469 
255	47    	0.57756  	0.317722	-0.0166667 	1.12572 
256	48    	0.539292 	0.378741	-1         	1.10869 
257	46    	0.542694 	0.444994	-1         	1.06026 
258	46    	0.582937 	0.35004 	0.113751   	1.18469 
259	43    	0.61448  	0.376392	-0.015     	1.18469 
260	47    	0.645225 	0.374263	-0.0150001 	1.18469 
261	48    	0.585087 	0.348105	0.167571   	1.1128  
262	46    	0.692892 	0.327798	0.112049   	1.1128  
263	45    	0.623779 	0.422148	-1         	1.1128  
264	43    	0.59317  	0.430973	-1         	1.1128  
265	48    	0.598179 	0.320927	0.0643856  	1.1128  
266	47    	0.638192 	0.341095	0.14742    	1.1207  
267	49    	0.61232  	0.329684	-0.015     	1.04118 
268	44    	0.540561 	0.445052	-1         	1.04321 
269	48    	0.563351 	0.404114	-1         	1.03457 
270	45    	0.646088 	0.331639	-0.0180001 	1.16922 
271	49    	0.577353 	0.320741	-0.0175    	1.10844 
272	45    	0.46458  	0.3633  	-1         	1.10844 
273	43    	0.705264 	0.291605	0.148286   	1.10844 
274	49    	0.466889 	0.389114	-1         	0.998756
275	48    	0.557774 	0.292019	0.103881   	1.02607 
276	45    	0.681376 	0.296231	0.161385   	1.05294 
277	49    	0.61231  	0.292167	0.197484   	1.05294 
278	46    	0.616557 	0.31305 	-0.0171429 	1.05294 
279	47    	0.744965 	0.250742	0.184478   	1.00351 
280	43    	0.615352 	0.321517	0.0970185  	1.05234 
281	48    	0.578128 	0.292061	0.0806429  	1.05234 
282	46    	0.517482 	0.363766	-1         	1.05234 
283	42    	0.659447 	0.279872	0.0756734  	1.05234 
284	47    	0.61418  	0.372185	-1         	1.05234 
285	48    	0.579701 	0.423355	-1         	1.02652 
286	45    	0.562805 	0.299416	-0.0166666 	1.12418 
287	47    	0.536975 	0.371566	-1         	1.12418 
288	46    	0.476775 	0.483068	-1         	1.05463 
289	47    	0.449795 	0.571644	-1         	1.09653 
290	48    	0.64372  	0.401451	-1         	1.11597 
291	47    	0.534218 	0.458328	-1         	1.10768 
292	49    	0.581355 	0.330604	-0.0166667 	1.05547 
293	47    	0.580353 	0.307431	-0.016     	1.02797 
294	44    	0.570122 	0.438378	-1         	1.09952 
295	47    	0.361248 	0.448483	-1         	1.11488 
296	47    	0.564771 	0.382941	-1         	1.11433 
297	46    	0.619354 	0.4057  	-1         	1.05562 
298	47    	0.467825 	0.569141	-1         	1.05607 
299	45    	0.562461 	0.327813	0.0985078  	1.05289 
300	44    	0.599668 	0.44239 	-1         	1.05289 
301	46    	0.659705 	0.446306	-1         	1.10936 
302	49    	0.447704 	0.501008	-1         	1.10238 
303	42    	0.629095 	0.340602	-0.0174999 	1.05426 
304	46    	0.648254 	0.313692	0.194212   	1.13798 
305	44    	0.63665  	0.395729	-1         	1.13798 
306	44    	0.669621 	0.465545	-1         	1.13798 
307	46    	0.524523 	0.474809	-1         	1.10947 
308	45    	0.584454 	0.413376	-1         	1.10971 
309	47    	0.42938  	0.612331	-1         	1.17422 
310	45    	0.66067  	0.294819	0.206428   	1.17422 
311	48    	0.563863 	0.50562 	-1         	1.11663 
312	49    	0.584863 	0.409684	-1         	1.11558 
313	46    	0.698143 	0.342333	0.185276   	1.17614 
314	47    	0.635655 	0.413397	-1         	1.17614 
315	47    	0.527966 	0.466035	-1         	1.17282 
316	46    	0.603676 	0.414938	-1         	1.11382 
317	42    	0.632938 	0.487293	-1         	1.11401 
318	46    	0.689719 	0.413328	-1         	1.11382 
319	44    	0.61498  	0.5276  	-1         	1.11382 
320	41    	0.680073 	0.472107	-1         	1.11382 
321	46    	0.665266 	0.344756	0.151834   	1.11527 
322	43    	0.608214 	0.475863	-1         	1.11527 
323	49    	0.576157 	0.384512	-1         	1.11404 
324	46    	0.74013  	0.285381	0.181278   	1.11489 
325	41    	0.729703 	0.319062	0.160262   	1.11489 
326	50    	0.610742 	0.398034	-1         	1.11554 
327	49    	0.591194 	0.471349	-1         	1.12004 
328	48    	0.564466 	0.452489	-1         	1.11477 
329	46    	0.65377  	0.396918	-1         	1.0682  
330	48    	0.674609 	0.320421	0.138906   	1.10895 
331	47    	0.635158 	0.505686	-1         	1.10895 
332	47    	0.720667 	0.39717 	-1         	1.11343 
333	47    	0.690091 	0.394966	-1         	1.11343 
334	46    	0.52427  	0.540143	-1         	1.11343 
335	45    	0.514429 	0.63963 	-1         	1.10549 
336	44    	0.652028 	0.423081	-1         	1.10947 
337	48    	0.779369 	0.269061	0.157204   	1.11541 
338	45    	0.620024 	0.461912	-1         	1.11541 
339	49    	0.66398  	0.445694	-1         	1.10549 
340	45    	0.654311 	0.381214	-1         	1.05481 
341	48    	0.55114  	0.542397	-1         	1.11377 
342	41    	0.735218 	0.457622	-1         	1.18525 
343	48    	0.56042  	0.435837	-1         	1.18525 
344	46    	0.549897 	0.392698	-1         	1.18525 
345	45    	0.520157 	0.558589	-1         	1.18525 
346	46    	0.582163 	0.499135	-1         	1.18525 
347	44    	0.622203 	0.482749	-1         	1.1944  
348	47    	0.630675 	0.421702	-1         	1.1944  
349	46    	0.359963 	0.613513	-1         	1.18525 
350	42    	0.589664 	0.484452	-1         	1.18525 
351	46    	0.459331 	0.55676 	-1         	1.17335 
352	48    	0.411979 	0.577693	-1         	1.17035 
353	45    	0.644831 	0.514195	-1         	1.17035 
354	47    	0.526183 	0.456864	-1         	1.14831 
355	43    	0.593127 	0.414596	-1         	1.17035 
356	48    	0.466697 	0.549674	-1         	1.11491 
357	46    	0.642446 	0.383544	-1         	1.11267 
358	45    	0.52019  	0.555086	-1         	1.17035 
359	49    	0.446118 	0.587965	-1         	1.17317 
360	43    	0.70382  	0.411258	-1         	1.17035 
361	48    	0.287166 	0.638498	-1         	1.17035 
362	50    	0.643341 	0.477846	-1         	1.17317 
363	49    	0.538014 	0.557227	-1         	1.12462 
364	48    	0.479556 	0.582298	-1         	1.07362 
365	47    	0.599797 	0.441499	-1         	1.07362 
366	47    	0.555742 	0.537184	-1         	1.17317 
367	48    	0.481921 	0.545093	-1         	1.11024 
368	43    	0.688708 	0.401122	-1         	1.11024 
369	50    	0.492509 	0.496149	-1         	1.17035 
370	45    	0.682185 	0.324104	0.0546528  	1.17035 
371	46    	0.654092 	0.383262	-1         	1.11448 
372	46    	0.492212 	0.635379	-1         	1.17035 
373	44    	0.568355 	0.507292	-1         	1.17035 
374	44    	0.402646 	0.733994	-1         	1.17035 
375	43    	0.616791 	0.584374	-1         	1.17035 
376	48    	0.564336 	0.524491	-1         	1.17035 
377	48    	0.56841  	0.486044	-1         	1.17035 
378	48    	0.54344  	0.506565	-1         	1.17035 
379	45    	0.627952 	0.508598	-1         	1.17035 
380	44    	0.556829 	0.595618	-1         	1.17317 
381	43    	0.56074  	0.609124	-1         	1.17035 
382	48    	0.385303 	0.61183 	-1         	1.17035 
383	46    	0.431629 	0.6019  	-1         	1.17035 
384	48    	0.487552 	0.530885	-1         	1.17035 
385	48    	0.464026 	0.531448	-1         	1.00843 
386	48    	0.500596 	0.560471	-1         	1.12462 
387	49    	0.514896 	0.56588 	-1         	1.09374 
388	47    	0.538122 	0.483059	-1         	1.09132 
389	47    	0.642492 	0.439205	-1         	1.09132 
390	45    	0.453371 	0.608109	-1         	1.05859 
391	47    	0.666003 	0.364771	-1         	1.05859 
392	47    	0.535702 	0.536461	-1         	1.11255 
393	49    	0.57948  	0.547112	-1         	1.13045 
394	44    	0.599427 	0.45693 	-1         	1.1127  
395	45    	0.658017 	0.514015	-1         	1.10756 
396	48    	0.631156 	0.507066	-1         	1.11196 
397	49    	0.386544 	0.63017 	-1         	1.11588 
398	46    	0.392541 	0.661672	-1         	1.11196 
399	47    	0.543172 	0.489175	-1         	1.13064 
400	46    	0.545907 	0.593691	-1         	1.13064 
401	48    	0.570291 	0.496464	-1         	1.09681 
402	47    	0.530757 	0.457044	-1         	1.13064 
403	43    	0.692261 	0.393237	-1         	1.13064 
404	48    	0.544972 	0.502706	-1         	1.13064 
405	48    	0.6066   	0.445784	-1         	1.11348 
406	44    	0.604121 	0.498004	-1         	1.11348 
407	47    	0.605245 	0.554678	-1         	1.13605 
408	49    	0.408621 	0.606313	-1         	1.06968 
409	46    	0.318722 	0.645061	-1         	1.05616 
410	46    	0.528063 	0.491629	-1         	1.05619 
411	45    	0.611895 	0.502235	-1         	1.09065 
412	44    	0.650578 	0.514685	-1         	1.14176 
413	46    	0.5734   	0.533084	-1         	1.14176 
414	50    	0.421738 	0.525652	-1         	1.09102 
415	48    	0.403184 	0.545702	-1         	1.13463 
416	47    	0.585893 	0.489608	-1         	1.21664 
417	43    	0.579539 	0.562641	-1         	1.21664 
418	46    	0.425871 	0.623044	-1         	1.21664 
419	47    	0.391228 	0.585032	-1         	1.21664 
420	47    	0.523742 	0.564516	-1         	1.21664 
421	46    	0.500141 	0.558145	-1         	1.21664 
422	43    	0.558838 	0.542214	-1         	1.21664 
423	44    	0.466262 	0.603568	-1         	1.21664 
424	46    	0.451411 	0.63573 	-1         	1.21664 
425	47    	0.541351 	0.464701	-1         	1.14452 
426	50    	0.383661 	0.500162	-1         	1.13887 
427	46    	0.449181 	0.523099	-1         	1.06955 
428	47    	0.4977   	0.4249  	-1         	1.06955 
429	48    	0.592173 	0.360855	-1         	1.06955 
430	49    	0.490985 	0.518676	-1         	1.04237 
431	46    	0.571844 	0.437596	-1         	1.06955 
432	49    	0.326266 	0.64787 	-1         	1.08816 
433	49    	0.344359 	0.649496	-1         	1.00962 
434	46    	0.573882 	0.44285 	-1         	1.10906 
435	46    	0.506661 	0.382976	-1         	1.0533  
436	45    	0.281917 	0.663321	-1         	0.994891
437	42    	0.507671 	0.618974	-1         	1.03883 
438	47    	0.398468 	0.634955	-1         	1.09654 
439	47    	0.510536 	0.381722	-1         	1.0738  
440	44    	0.431105 	0.647529	-1         	1.04592 
441	47    	0.447733 	0.647132	-1         	1.04431 
442	47    	0.481126 	0.537381	-1         	1.10897 
443	48    	0.480527 	0.47429 	-1         	1.05133 
444	46    	0.528753 	0.479248	-1         	1.04848 
445	47    	0.605817 	0.417486	-1         	1.08636 
446	47    	0.560561 	0.52699 	-1         	1.04431 
447	46    	0.521123 	0.493153	-1         	1.10967 
448	47    	0.403031 	0.503799	-1         	1.10967 
449	49    	0.600118 	0.295259	0.226229   	1.13517 
450	44    	0.513088 	0.471319	-1         	1.13517 
451	48    	0.497199 	0.471523	-1         	1.07123 
452	45    	0.572133 	0.428197	-1         	1.07123 
453	45    	0.573834 	0.557923	-1         	1.13517 
454	44    	0.559721 	0.602593	-1         	1.13517 
455	46    	0.494072 	0.549743	-1         	1.13517 
456	43    	0.668456 	0.404609	-1         	1.13517 
457	41    	0.480729 	0.635742	-1         	1.13517 
458	50    	0.420516 	0.614232	-1         	1.1164  
459	46    	0.506119 	0.436255	-1         	1.1743  
460	49    	0.613443 	0.386145	-1         	1.11958 
461	47    	0.47694  	0.44748 	-1         	1.11592 
462	45    	0.593941 	0.502914	-1         	1.18718 
463	49    	0.569499 	0.415071	-1         	1.11439 
464	47    	0.579289 	0.568251	-1         	1.1163  
465	45    	0.751384 	0.381197	-1         	1.11871 
466	46    	0.390877 	0.608221	-1         	1.10639 
467	47    	0.512477 	0.484438	-1         	1.11652 
468	44    	0.53203  	0.436104	-1         	1.11592 
469	46    	0.59691  	0.487305	-1         	1.11592 
470	45    	0.579859 	0.350831	0.13981    	1.11582 
471	44    	0.505532 	0.50607 	-1         	1.11998 
472	45    	0.581132 	0.413218	-1         	1.18718 
473	46    	0.679958 	0.360004	0.103657   	1.17746 
474	47    	0.511685 	0.462724	-1         	1.17746 
475	42    	0.591974 	0.474465	-1         	1.17746 
476	46    	0.475664 	0.51717 	-1         	1.17746 
477	43    	0.597859 	0.518034	-1         	1.19145 
478	46    	0.512168 	0.463264	-1         	1.19145 
479	42    	0.588037 	0.604854	-1         	1.19145 
480	48    	0.431204 	0.6034  	-1         	1.19145 
481	48    	0.483693 	0.485695	-1         	1.19145 
482	48    	0.466863 	0.486563	-1         	1.12099 
483	46    	0.422717 	0.539582	-1         	1.12099 
484	43    	0.609898 	0.47812 	-1         	1.12099 
485	48    	0.451221 	0.459569	-1         	1.11633 
486	48    	0.375254 	0.605768	-1         	1.11633 
487	47    	0.431257 	0.582831	-1         	1.11033 
488	46    	0.716042 	0.388121	-1         	1.11033 
489	48    	0.589351 	0.413873	-1         	1.11549 
490	48    	0.628401 	0.354985	0.0660269  	1.18833 
491	47    	0.506105 	0.532431	-1         	1.1165  
492	47    	0.618399 	0.382295	0.0959723  	1.18833 
493	45    	0.588558 	0.491391	-1         	1.1208  
494	43    	0.531385 	0.384759	0.107572   	1.17746 
495	45    	0.618726 	0.45625 	-1         	1.1918  
496	46    	0.470752 	0.438667	-1         	1.18882 
497	45    	0.539023 	0.478773	-1         	1.18882 
498	45    	0.646205 	0.36989 	0.0787874  	1.18882 
499	42    	0.493717 	0.490545	-1         	1.18882 
500	45    	0.548756 	0.43272 	-1         	1.18882 
501	48    	0.379384 	0.475189	-1         	1.18798 
502	48    	0.412511 	0.471422	-1         	1.06957 
503	46    	0.581593 	0.446593	-1         	1.12048 
504	45    	0.532039 	0.509951	-1         	1.12048 
505	44    	0.496225 	0.512704	-1         	1.12048 
506	45    	0.567418 	0.514112	-1         	1.18882 
507	46    	0.485253 	0.347793	0.0851421  	1.12048 
508	43    	0.554678 	0.409127	-1         	1.12048 
509	48    	0.466371 	0.449337	-1         	1.11966 
510	44    	0.585207 	0.399218	-1         	1.11966 
511	47    	0.516715 	0.410188	-1         	1.1196  
512	44    	0.514284 	0.488128	-1         	1.17864 
513	42    	0.592015 	0.373813	0.156988   	1.12112 
514	45    	0.562548 	0.431333	-1         	1.12507 
515	41    	0.391398 	0.564803	-1         	1.12507 
516	48    	0.350885 	0.332747	-1         	1.12129 
517	46    	0.43522  	0.416338	-1         	1.12129 
518	46    	0.504425 	0.440599	-1         	1.12129 
519	46    	0.56585  	0.403828	-1         	1.12129 
520	48    	0.440128 	0.447531	-1         	1.11272 
521	48    	0.483294 	0.391651	-1         	1.11272 
522	50    	0.62288  	0.310503	0.0397259  	1.09166 
523	44    	0.550694 	0.400003	-1         	1.11783 
524	49    	0.479235 	0.306557	0.0379259  	1.05526 
525	47    	0.496689 	0.353433	-1         	1.05526 
526	45    	0.595076 	0.323225	0.193017   	1.12005 
527	46    	0.623757 	0.418118	-1         	1.12116 
528	45    	0.608946 	0.433606	-1         	1.12116 
529	45    	0.490751 	0.442148	-1         	1.12116 
530	46    	0.52935  	0.418765	-1         	1.12116 
531	48    	0.498098 	0.522671	-1         	1.1216  
532	46    	0.580054 	0.368361	-0.016     	1.18752 
533	48    	0.480955 	0.505145	-1         	1.1216  
534	46    	0.556624 	0.412228	-1         	1.12116 
535	46    	0.529474 	0.422628	-1         	1.12116 
536	49    	0.476329 	0.41168 	-1         	1.1216  
537	46    	0.606026 	0.360324	0.101348   	1.18752 
538	47    	0.560985 	0.430051	-1         	1.1216  
539	45    	0.651467 	0.412814	-1         	1.18777 
540	47    	0.483947 	0.320591	0.150031   	1.18777 
541	46    	0.587619 	0.349586	-0.0171428 	1.11758 
542	45    	0.57461  	0.341057	0.137458   	1.10711 
543	47    	0.544518 	0.407738	-1         	1.10711 
544	48    	0.527291 	0.360105	0.138387   	1.10734 
545	48    	0.502096 	0.395058	-0.0200001 	1.1092  
546	47    	0.466584 	0.39906 	-1         	1.1092  
547	44    	0.62777  	0.364737	-0.0175    	1.1092  
548	45    	0.594932 	0.359837	0.0817917  	1.1092  
549	46    	0.620347 	0.429638	-1         	1.10196 
550	42    	0.691334 	0.354471	0.15426    	1.18007 
551	49    	0.454183 	0.494287	-1         	1.11678 
552	46    	0.584958 	0.327113	0.189741   	1.10196 
553	45    	0.578481 	0.450267	-1         	1.11298 
554	45    	0.574892 	0.34955 	0.0749409  	1.11298 
555	48    	0.645534 	0.322106	0.118035   	1.09476 
556	46    	0.635101 	0.333245	0.122327   	1.09476 
557	47    	0.63578  	0.429502	-1         	1.1102  
558	49    	0.565734 	0.46102 	-1         	1.18749 
559	49    	0.572417 	0.411314	-1         	1.10598 
560	49    	0.569538 	0.409105	-1         	1.10936 
561	46    	0.648333 	0.398178	-1         	1.18972 
562	44    	0.597592 	0.46889 	-1         	1.18972 
563	47    	0.677861 	0.310456	0.178719   	1.07383 
564	47    	0.504003 	0.489448	-1         	1.07383 
565	46    	0.577021 	0.370042	-1         	1.05904 
566	47    	0.485304 	0.435099	-1         	1.06602 
567	47    	0.557789 	0.318052	0.13708    	1.17145 
568	48    	0.549483 	0.330932	0.14129    	1.13096 
569	47    	0.59145  	0.355634	0.167403   	1.14342 
570	42    	0.609982 	0.381558	0.106761   	1.14342 
571	45    	0.609462 	0.384888	-0.015     	1.14342 
572	47    	0.585857 	0.372734	0.140879   	1.19081 
573	48    	0.467796 	0.328404	0.14851    	1.19081 
574	45    	0.733244 	0.331546	0.106196   	1.18659 
575	46    	0.640596 	0.366668	-0.0171431 	1.18659 
576	43    	0.681066 	0.378666	-0.0199999 	1.18659 
577	45    	0.591519 	0.546437	-1         	1.18659 
578	46    	0.536037 	0.440557	-1         	1.18659 
579	46    	0.669336 	0.497361	-1         	1.1885  
580	45    	0.600919 	0.373888	0.0482762  	1.1885  
581	46    	0.60202  	0.441386	-1         	1.19112 
582	47    	0.578142 	0.506891	-1         	1.19019 
583	46    	0.633034 	0.420454	-0.0177778 	1.19019 
584	42    	0.517967 	0.50793 	-1         	1.19019 
585	47    	0.660566 	0.445688	-1         	1.19019 
586	47    	0.667914 	0.368685	0.14429    	1.18558 
587	44    	0.669067 	0.364975	-0.016     	1.1855  
588	48    	0.61484  	0.345683	-0.015     	1.11198 
589	43    	0.617556 	0.415112	-1         	1.18473 
590	44    	0.559743 	0.434365	-1         	1.18473 
591	43    	0.62223  	0.390562	0.141463   	1.18473 
592	45    	0.67463  	0.403634	0.0475478  	1.18513 
593	45    	0.644668 	0.390688	-0.016     	1.18513 
594	47    	0.548683 	0.438307	-1         	1.18368 
595	46    	0.526377 	0.47638 	-1         	1.1247  
596	45    	0.601798 	0.406627	-1         	1.12407 
597	44    	0.70098  	0.351313	0.0816806  	1.11915 
598	44    	0.495795 	0.541492	-1         	1.11567 
599	44    	0.634674 	0.414986	-1         	1.11597 
600	44    	0.540761 	0.44047 	-1         	1.17809 
601	48    	0.502289 	0.520156	-1         	1.14136 
602	49    	0.520345 	0.51297 	-1         	1.11685 
603	48    	0.585275 	0.556943	-1         	1.1169  
604	45    	0.572746 	0.516508	-1         	1.1169  
605	43    	0.659556 	0.470418	-1         	1.1169  
606	42    	0.585348 	0.495171	-1         	1.1169  
607	47    	0.601218 	0.470096	-1         	1.11846 
608	47    	0.662852 	0.418054	-1         	1.11846 
609	45    	0.524248 	0.539732	-1         	1.11846 
610	45    	0.528904 	0.521187	-1         	1.1169  
611	48    	0.430281 	0.62853 	-1         	1.1169  
612	43    	0.661254 	0.334325	0.104686   	1.09904 
613	45    	0.599763 	0.449838	-1         	1.09904 
614	44    	0.559788 	0.495284	-1         	1.14394 
615	45    	0.439833 	0.534292	-1         	1.14394 
616	46    	0.534237 	0.392438	-1         	1.14394 
617	44    	0.661661 	0.334016	0.1371     	1.14394 
618	48    	0.59075  	0.318829	0.0992334  	1.14394 
619	46    	0.636263 	0.471618	-1         	1.17599 
620	45    	0.558006 	0.532544	-1         	1.15858 
621	46    	0.616014 	0.344595	-0.0138272 	1.15858 
622	45    	0.436429 	0.426942	-1         	1.14394 
623	46    	0.604474 	0.518049	-1         	1.15858 
624	45    	0.565485 	0.42751 	-1         	1.15858 
625	45    	0.477597 	0.509772	-1         	1.15858 
626	47    	0.467249 	0.551242	-1         	1.15858 
627	43    	0.533491 	0.465239	-1         	1.15858 
628	45    	0.452349 	0.58541 	-1         	1.15858 
629	44    	0.500641 	0.378496	-1         	1.15858 
630	47    	0.412095 	0.405429	-1         	1.15858 
631	44    	0.506937 	0.44505 	-1         	1.15858 
632	48    	0.41715  	0.538199	-1         	1.15858 
633	44    	0.532034 	0.417727	-1         	1.16299 
634	47    	0.592119 	0.423707	-1         	1.2192  
635	43    	0.471575 	0.475389	-1         	1.2192  
636	42    	0.603709 	0.435065	-1         	1.17187 
637	45    	0.585023 	0.438795	-1         	1.1664  
638	47    	0.503586 	0.466235	-1         	1.16299 
639	49    	0.457134 	0.580311	-1         	1.16299 
640	45    	0.548479 	0.451521	-1         	1.1614  
641	46    	0.433504 	0.443941	-1         	1.08366 
642	47    	0.38218  	0.531408	-1         	1.03901 
643	43    	0.451092 	0.479643	-1         	1.03727 
644	46    	0.456525 	0.471621	-1         	1.09265 
645	44    	0.456974 	0.420117	-1         	1.09063 
646	47    	0.396302 	0.589037	-1         	1.05496 
647	50    	0.466237 	0.468568	-1         	1.11211 
648	44    	0.460306 	0.523188	-1         	1.11211 
649	42    	0.52738  	0.409158	-1         	1.11508 
650	46    	0.47768  	0.400452	-1         	1.11211 
651	44    	0.530919 	0.405781	-1         	1.11211 
652	46    	0.485932 	0.498207	-1         	1.11211 
653	49    	0.466137 	0.573319	-1         	1.10775 
654	47    	0.415356 	0.463414	-1         	1.0272  
655	45    	0.517549 	0.34849 	-1         	1.0272  
656	49    	0.410652 	0.496137	-1         	0.998346
657	48    	0.547723 	0.35267 	-1         	1.05163 
658	43    	0.641317 	0.363486	-1         	1.05163 
659	46    	0.61117  	0.394747	-1         	1.05163 
660	49    	0.51625  	0.377556	-1         	1.1093  
661	47    	0.431133 	0.507425	-1         	1.03737 
662	47    	0.489491 	0.479571	-1         	1.09991 
663	49    	0.423118 	0.403388	-1         	1.03737 
664	45    	0.585242 	0.295804	0.151372   	1.10265 
665	50    	0.56522  	0.373803	-1         	1.06791 
666	46    	0.45699  	0.334243	-0.0175    	1.06791 
667	44    	0.606142 	0.383157	-1         	1.04901 
668	44    	0.626885 	0.389108	-1         	1.05226 
669	47    	0.568678 	0.3243  	0.167215   	1.04901 
670	44    	0.486757 	0.484297	-1         	1.10265 
671	42    	0.635977 	0.337639	-0.0133334 	1.10265 
672	48    	0.472297 	0.470754	-1         	1.12505 
673	46    	0.643726 	0.307395	0.157594   	1.1746  
674	45    	0.561838 	0.401326	-1         	1.1746  
675	45    	0.560227 	0.437485	-1         	1.1746  
676	45    	0.506856 	0.486954	-1         	1.1746  
677	48    	0.515303 	0.476287	-1         	1.1746  
678	45    	0.448812 	0.535541	-1         	1.1746  
679	46    	0.478796 	0.337913	0.139972   	1.1746  
680	48    	0.584653 	0.458785	-1         	1.1746  
681	43    	0.607413 	0.429046	-1         	1.1718  
682	44    	0.642874 	0.448126	-1         	1.18745 
683	49    	0.55299  	0.361311	0.1522     	1.18336 
684	50    	0.412411 	0.506384	-1         	1.20202 
685	46    	0.404952 	0.582365	-1         	1.20202 
686	48    	0.500617 	0.5608  	-1         	1.11015 
687	48    	0.634273 	0.432076	-1         	1.18336 
688	44    	0.581144 	0.475949	-1         	1.18336 
689	45    	0.650579 	0.444497	-1         	1.18336 
690	46    	0.51105  	0.486219	-1         	1.18336 
691	47    	0.458252 	0.536884	-1         	1.18336 
692	42    	0.488449 	0.536463	-1         	1.18336 
693	46    	0.521263 	0.376671	0.0831249  	1.18336 
694	43    	0.587374 	0.440983	-1         	1.18336 
695	44    	0.515354 	0.509236	-1         	1.18336 
696	46    	0.446159 	0.5255  	-1         	1.18336 
697	48    	0.435725 	0.443481	-1         	1.178   
698	48    	0.539008 	0.328388	0.148021   	1.04732 
699	46    	0.57573  	0.436552	-1         	1.04732 
700	48    	0.53964  	0.373786	-1         	1.04732 
701	48    	0.456077 	0.462835	-1         	1.047   
702	45    	0.533205 	0.489192	-1         	1.04972 
703	49    	0.56327  	0.397522	-1         	1.04953 
704	47    	0.495482 	0.372844	-1         	1.04972 
705	47    	0.467029 	0.370164	-1         	1.04972 
706	46    	0.460974 	0.647369	-1         	1.05397 
707	46    	0.630991 	0.307995	0.14436    	1.05397 
708	50    	0.414103 	0.514851	-1         	1.05397 
709	42    	0.561644 	0.357069	-1         	0.980977
710	48    	0.450058 	0.410873	-1         	0.94917 
711	50    	0.545459 	0.278046	0.143189   	0.935585
712	45    	0.650063 	0.342204	-1         	0.979375
713	46    	0.566579 	0.35012 	-1         	0.993906
714	45    	0.55123  	0.287711	0.154864   	1.02886 
715	48    	0.594448 	0.363042	-1         	1.11306 
716	46    	0.659606 	0.26315 	0.214882   	1.11306 
717	42    	0.658588 	0.378553	-1         	1.11307 
718	47    	0.480365 	0.546438	-1         	1.18307 
719	50    	0.635766 	0.469608	-1         	1.17521 
720	44    	0.538916 	0.532738	-1         	1.17521 
721	45    	0.573394 	0.472655	-1         	1.18307 
722	42    	0.547444 	0.612278	-1         	1.11065 
723	45    	0.451002 	0.550355	-1         	1.11065 
724	47    	0.584822 	0.40082 	-1         	1.11941 
725	48    	0.508343 	0.388095	-1         	1.11012 
726	46    	0.559529 	0.389577	-1         	1.11012 
727	44    	0.365214 	0.666212	-1         	1.10698 
728	45    	0.433752 	0.525782	-1         	1.10698 
729	47    	0.53687  	0.450229	-1         	1.11065 
730	41    	0.562114 	0.530219	-1         	1.11065 
731	46    	0.590273 	0.474955	-1         	1.11432 
732	43    	0.6644   	0.3392  	0.167882   	1.11432 
733	49    	0.271368 	0.700938	-1         	1.11023 
734	47    	0.426204 	0.511233	-1         	1.11023 
735	48    	0.598951 	0.306397	0.172193   	1.05159 
736	47    	0.589097 	0.496052	-1         	1.11023 
737	43    	0.780435 	0.275429	0.248767   	1.11023 
738	45    	0.497599 	0.516453	-1         	1.08813 
739	46    	0.592216 	0.462535	-1         	1.08813 
740	47    	0.541318 	0.407374	-1         	1.11654 
741	45    	0.656441 	0.392874	-1         	1.11713 
742	47    	0.588748 	0.459827	-1         	1.11713 
743	46    	0.616796 	0.462839	-1         	1.11713 
744	45    	0.562171 	0.519854	-1         	1.11713 
745	46    	0.538676 	0.458423	-1         	1.11713 
746	50    	0.574416 	0.3747  	-1         	1.05316 
747	46    	0.528482 	0.532029	-1         	1.11604 
748	49    	0.603893 	0.434164	-1         	1.11465 
749	44    	0.509337 	0.49624 	-1         	1.11465 
750	46    	0.589336 	0.568513	-1         	1.18928 
751	41    	0.527109 	0.585303	-1         	1.18928 
752	49    	0.474968 	0.391589	-1         	1.18928 
753	45    	0.53354  	0.514444	-1         	1.18928 
754	48    	0.441874 	0.436325	-1         	1.05499 
755	47    	0.566468 	0.388736	-1         	1.11306 
756	45    	0.646225 	0.450076	-1         	1.10189 
757	44    	0.586566 	0.469711	-1         	1.18164 
758	46    	0.505964 	0.397843	-1         	1.18164 
759	46    	0.542085 	0.486969	-1         	1.10189 
760	49    	0.492145 	0.490754	-1         	1.11389 
761	44    	0.520158 	0.542859	-1         	1.09951 
762	44    	0.588343 	0.475847	-1         	1.09951 
763	46    	0.619785 	0.506888	-1         	1.09951 
764	47    	0.551913 	0.410211	-1         	1.11015 
765	46    	0.623059 	0.354482	0.103649   	1.11015 
766	47    	0.535682 	0.468158	-1         	1.11015 
767	46    	0.578417 	0.33597 	0.130995   	1.18455 
768	49    	0.567591 	0.45632 	-1         	1.11335 
769	47    	0.482929 	0.446997	-1         	1.18621 
770	48    	0.362314 	0.551924	-1         	1.18621 
771	45    	0.562859 	0.420265	-1         	1.18621 
772	42    	0.668758 	0.493292	-1         	1.18621 
773	47    	0.387992 	0.617781	-1         	1.18621 
774	44    	0.618191 	0.534025	-1         	1.18621 
775	43    	0.682065 	0.445796	-1         	1.18621 
776	46    	0.589258 	0.448642	-1         	1.18621 
777	45    	0.6722   	0.500029	-1         	1.18621 
778	44    	0.568972 	0.635987	-1         	1.18621 
779	43    	0.655479 	0.45605 	-1         	1.18503 
780	46    	0.619552 	0.548889	-1         	1.18503 
781	44    	0.541635 	0.534775	-1         	1.18503 
782	45    	0.550575 	0.579494	-1         	1.18503 
783	42    	0.587801 	0.586087	-1         	1.18503 
784	43    	0.524997 	0.662824	-1         	1.18503 
785	45    	0.588497 	0.627442	-1         	1.18503 
786	47    	0.628722 	0.537337	-1         	1.18503 
787	48    	0.472405 	0.551747	-1         	1.11973 
788	46    	0.455816 	0.603964	-1         	1.1604  
789	45    	0.559432 	0.58464 	-1         	1.18313 
790	48    	0.447409 	0.598078	-1         	1.18313 
791	46    	0.494083 	0.525597	-1         	1.18313 
792	47    	0.507786 	0.610105	-1         	1.18313 
793	45    	0.448551 	0.647438	-1         	1.18313 
794	48    	0.659946 	0.493455	-1         	1.18313 
795	44    	0.649381 	0.50739 	-1         	1.18125 
796	48    	0.594001 	0.416139	-1         	1.18125 
797	47    	0.572729 	0.576921	-1         	1.18313 
798	44    	0.560827 	0.49063 	-1         	1.18313 
799	44    	0.5083   	0.622984	-1         	1.18313 
800	47    	0.526423 	0.564549	-1         	1.18313 
801	45    	0.60458  	0.475114	-1         	1.18313 
802	48    	0.544068 	0.411454	-1         	1.11706 
803	49    	0.690399 	0.463654	-1         	1.05674 
804	42    	0.487701 	0.671239	-1         	1.05674 
805	46    	0.476652 	0.582268	-1         	1.05674 
806	46    	0.596097 	0.442478	-1         	1.05768 
807	40    	0.662536 	0.39462 	-1         	1.05768 
808	43    	0.395616 	0.682829	-1         	1.05768 
809	48    	0.627954 	0.374966	-1         	1.0559  
810	50    	0.559135 	0.445743	-1         	1.08062 
811	45    	0.517197 	0.494483	-1         	1.08062 
812	47    	0.504352 	0.44549 	-1         	1.05391 
813	45    	0.569519 	0.434939	-1         	1.05391 
814	48    	0.478422 	0.475031	-1         	1.05391 
815	47    	0.462067 	0.566827	-1         	1.05391 
816	43    	0.47215  	0.659188	-1         	1.09271 
817	49    	0.443004 	0.608888	-1         	1.05497 
818	46    	0.590204 	0.500237	-1         	1.05497 
819	43    	0.604359 	0.499042	-1         	1.05563 
820	45    	0.595572 	0.562487	-1         	1.06711 
821	45    	0.595297 	0.557637	-1         	1.10559 
822	45    	0.451803 	0.530364	-1         	1.12844 
823	45    	0.438507 	0.570599	-1         	1.15942 
824	41    	0.576331 	0.513713	-1         	1.15942 
825	46    	0.47173  	0.461362	-1         	1.15942 
826	43    	0.589325 	0.405106	-1         	1.15942 
827	42    	0.551553 	0.364093	-0.0177778 	1.15942 
828	46    	0.581834 	0.415619	-1         	1.15942 
829	48    	0.309512 	0.584243	-1         	1.13185 
830	49    	0.318744 	0.523323	-1         	1.13185 
831	44    	0.336777 	0.6116  	-1         	1.13185 
832	46    	0.519566 	0.37523 	-1         	1.05445 
833	45    	0.610807 	0.498241	-1         	1.11204 
834	45    	0.509334 	0.495723	-1         	1.11204 
835	47    	0.471034 	0.535035	-1         	1.11204 
836	42    	0.560774 	0.505809	-1         	1.11598 
837	45    	0.545028 	0.396705	-1         	1.11204 
838	44    	0.530816 	0.49684 	-1         	1.11204 
839	47    	0.262425 	0.662719	-1         	1.11204 
840	47    	0.559578 	0.383395	-1         	1.16794 
841	44    	0.533838 	0.377644	-1         	1.11204 
842	45    	0.541577 	0.378684	-1         	1.11204 
843	46    	0.479514 	0.485752	-1         	1.11204 
844	47    	0.388761 	0.517545	-1         	1.10899 
845	45    	0.413943 	0.513623	-1         	1.10899 
846	45    	0.388051 	0.557217	-1         	1.10899 
847	47    	0.501045 	0.478704	-1         	1.10652 
848	47    	0.47906  	0.468772	-1         	1.09551 
849	46    	0.446495 	0.607055	-1         	1.10899 
850	42    	0.560192 	0.436556	-1         	1.10899 
851	44    	0.500776 	0.491685	-1         	1.10899 
852	44    	0.449925 	0.575297	-1         	1.10899 
853	45    	0.572092 	0.446739	-1         	1.10899 
854	44    	0.321842 	0.608101	-1         	1.10899 
855	44    	0.560326 	0.383237	-1         	1.10899 
856	48    	0.521978 	0.450092	-1         	1.10958 
857	46    	0.347576 	0.625974	-1         	1.10899 
858	46    	0.521896 	0.42903 	-1         	1.10899 
859	47    	0.534036 	0.427772	-1         	1.10899 
860	47    	0.409265 	0.544192	-1         	1.03513 
861	45    	0.545352 	0.36682 	-1         	0.996161
862	46    	0.484014 	0.55557 	-1         	1.00123 
863	47    	0.443924 	0.480995	-1         	1.00123 
864	43    	0.394956 	0.64076 	-1         	0.940146
865	47    	0.572442 	0.391339	-1         	0.986095
866	47    	0.520357 	0.464757	-1         	0.994954
867	47    	0.590043 	0.400405	-1         	0.99354 
868	41    	0.57651  	0.439147	-1         	1.04855 
869	45    	0.549399 	0.425377	-1         	1.04855 
870	45    	0.548182 	0.485729	-1         	1.04182 
871	48    	0.648764 	0.315384	-0.0166666 	1.04934 
872	44    	0.5902   	0.45047 	-1         	1.11341 
873	48    	0.576244 	0.404491	-1         	1.11341 
874	47    	0.681027 	0.397847	-1         	1.17765 
875	46    	0.694164 	0.330944	0.141672   	1.1177  
876	46    	0.654814 	0.410898	-1         	1.17765 
877	44    	0.593547 	0.414616	-1         	1.1177  
878	45    	0.731687 	0.407627	-1         	1.18728 
879	48    	0.612926 	0.386381	0.0977011  	1.18728 
880	48    	0.536067 	0.536501	-1         	1.11304 
881	47    	0.618427 	0.424629	-1         	1.18132 
882	46    	0.578429 	0.421909	-1         	1.11304 
883	48    	0.562428 	0.451396	-1         	1.12425 
884	40    	0.692143 	0.332762	0.160232   	1.11905 
885	42    	0.620527 	0.469413	-1         	1.11905 
886	47    	0.676663 	0.345828	-0.0181818 	1.11905 
887	49    	0.538156 	0.503815	-1         	1.18736 
888	48    	0.551382 	0.388894	-1         	1.11655 
889	44    	0.72418  	0.318025	0.0771195  	1.11655 
890	48    	0.603891 	0.518375	-1         	1.11505 
891	47    	0.598175 	0.508474	-1         	1.10836 
892	45    	0.64293  	0.297458	0.218668   	1.10314 
893	46    	0.641054 	0.313065	0.142876   	1.05359 
894	47    	0.629408 	0.385216	-1         	1.12095 
895	48    	0.526629 	0.52701 	-1         	1.07432 
896	45    	0.700096 	0.303957	-0.0133338 	1.11504 
897	44    	0.559482 	0.50919 	-1         	1.11504 
898	46    	0.537477 	0.594503	-1         	1.14786 
899	46    	0.562211 	0.470486	-1         	1.14786 
900	47    	0.57281  	0.476916	-1         	1.14786 
901	44    	0.490113 	0.445948	-1         	1.14786 
902	42    	0.602768 	0.36111 	0.125153   	1.14786 
903	47    	0.464274 	0.591056	-1         	1.14786 
904	46    	0.589144 	0.384567	-1         	1.10862 
905	48    	0.536814 	0.429946	-1         	1.05548 
906	45    	0.516258 	0.353908	-1         	1.05548 
907	43    	0.700374 	0.298621	0.127931   	1.11499 
908	45    	0.624632 	0.469901	-1         	1.11499 
909	48    	0.579702 	0.452134	-1         	1.10565 
910	46    	0.600533 	0.39351 	-1         	1.09485 
911	49    	0.514523 	0.464066	-1         	1.11499 
912	47    	0.488118 	0.497888	-1         	1.09958 
913	42    	0.616883 	0.342927	0.120283   	1.09958 
914	47    	0.565799 	0.340215	-0.0171428 	1.07323 
915	48    	0.543334 	0.386749	-1         	1.05166 
916	46    	0.623335 	0.331197	0.139395   	1.05623 
917	46    	0.530403 	0.320649	-0.02      	1.05623 
918	49    	0.54042  	0.311384	0.133701   	1.04846 
919	45    	0.49373  	0.399324	-1         	1.12149 
920	44    	0.633342 	0.338209	0.137877   	1.12149 
921	45    	0.569903 	0.365296	-0.0133333 	1.12149 
922	44    	0.62384  	0.342783	-0.0166667 	1.12149 
923	45    	0.612921 	0.35872 	0.0840524  	1.11742 
924	44    	0.587664 	0.37163 	0.134582   	1.18336 
925	50    	0.548624 	0.336683	-0.015     	1.05843 
926	48    	0.696914 	0.298909	0.192604   	1.1191  
927	45    	0.567052 	0.344618	0.107432   	1.1191  
928	49    	0.65938  	0.323773	0.179806   	1.11649 
929	45    	0.618589 	0.350732	-0.015     	1.10894 
930	49    	0.578102 	0.358102	-0.02      	1.11957 
931	46    	0.648855 	0.29863 	0.105586   	1.11957 
932	46    	0.66389  	0.351655	-0.0133333 	1.175   
933	46    	0.665202 	0.366075	-0.02      	1.11878 
934	45    	0.666717 	0.37354 	-0.0171427 	1.17765 
935	43    	0.666459 	0.380757	-0.015     	1.18294 
936	46    	0.587452 	0.400655	-0.015     	1.18973 
937	48    	0.612791 	0.379015	-0.0177778 	1.18435 
938	42    	0.608352 	0.415694	-0.0183333 	1.18435 
939	48    	0.66203  	0.367117	0.114925   	1.18435 
940	45    	0.496676 	0.338936	-0.015     	1.18435 
941	48    	0.608773 	0.318598	-0.015     	1.05311 
942	46    	0.636769 	0.353424	-0.016     	1.11452 
943	47    	0.631149 	0.366279	-0.0160001 	1.18294 
944	44    	0.763165 	0.335301	0.200828   	1.11923 
945	43    	0.731586 	0.36954 	0.142178   	1.18294 
946	48    	0.579428 	0.389813	-0.016     	1.17719 
947	47    	0.57618  	0.34489 	0.132208   	1.119   
948	45    	0.652127 	0.359284	-0.0177778 	1.119   
949	47    	0.539467 	0.352611	0.0755952  	1.119   
950	48    	0.596962 	0.367334	-0.0166667 	1.11452 
951	46    	0.644338 	0.321864	0.153809   	1.10923 
952	48    	0.603713 	0.345982	-0.0174999 	1.1171  
953	46    	0.615588 	0.35754 	-0.0133333 	1.17762 
954	43    	0.613119 	0.368075	0.141293   	1.17762 
955	47    	0.59685  	0.372398	-0.0133332 	1.11422 
956	47    	0.591269 	0.374882	-0.0181818 	1.11905 
957	47    	0.57695  	0.357808	0.137948   	1.19182 
958	42    	0.614916 	0.373248	0.059026   	1.19182 
959	48    	0.469704 	0.352562	0.05904    	1.17417 
960	48    	0.598582 	0.360037	0.107669   	1.17417 
961	44    	0.605893 	0.381918	0.0856568  	1.17417 
962	45    	0.689041 	0.380817	0.0617656  	1.18264 
963	46    	0.513764 	0.373646	-0.016     	1.18264 
964	45    	0.50506  	0.373203	-0.015     	1.18264 
965	47    	0.422399 	0.382655	-1         	1.18264 
966	46    	0.556676 	0.351993	0.128546   	1.18264 
967	49    	0.411002 	0.364401	-1         	1.11594 
968	46    	0.557063 	0.444061	-1         	1.11594 
969	48    	0.585415 	0.40516 	-1         	1.10898 
970	47    	0.52966  	0.418576	-1         	1.11613 
971	45    	0.689228 	0.327222	0.184642   	1.11613 
972	45    	0.602656 	0.371381	-0.015     	1.11613 
973	47    	0.667092 	0.406584	-1         	1.11613 
974	47    	0.725572 	0.404654	-1         	1.11621 
975	47    	0.789538 	0.383412	-1         	1.17094 
976	47    	0.652705 	0.428911	-1         	1.18971 
977	45    	0.668393 	0.466828	-1         	1.18971 
978	46    	0.652129 	0.485956	-1         	1.18889 
979	46    	0.637948 	0.46777 	-1         	1.11621 
980	46    	0.681679 	0.460715	-1         	1.11621 
981	48    	0.687335 	0.395259	-1         	1.14598 
982	45    	0.688493 	0.3239  	0.175901   	1.13897 
983	47    	0.517101 	0.561871	-1         	1.16665 
984	46    	0.586336 	0.397576	-1         	1.10684 
985	47    	0.641569 	0.464812	-1         	1.19099 
986	46    	0.640031 	0.423623	-1         	1.19099 
987	45    	0.583401 	0.497034	-1         	1.19099 
988	44    	0.66084  	0.437495	-1         	1.19099 
989	47    	0.53052  	0.58157 	-1         	1.19099 
990	48    	0.610584 	0.472013	-1         	1.15081 
991	49    	0.456469 	0.551832	-1         	1.19099 
992	47    	0.540904 	0.471392	-1         	1.15081 
993	48    	0.675737 	0.370812	0.153315   	1.17904 
994	47    	0.463498 	0.522968	-1         	1.17787 
995	48    	0.512004 	0.46013 	-1         	1.10676 
996	49    	0.585044 	0.460334	-1         	1.10856 
997	45    	0.358606 	0.554722	-1         	1.10856 
998	46    	0.481071 	0.586072	-1         	1.11416 
999	48    	0.390004 	0.607264	-1         	1.11928 
1000	46    	0.432383 	0.572238	-1         	1.11416 
Best individuals:
(1.2192037840086378,) 	-->	 /*9*/DDDDDRBLBFBFRLBRFLBFRLLRLRFLBRBRLUUUUU
VMNeuronManager.autoload: Neuro classes added: Delay Light Nn PIDP PIDV SeeLight SeeLight2 S0 S1 Thr 
UserScripts.autoload: 19 user scripts added.
Simulator.load: Loading from 'eval-allcriteria.sim'
Loader.load: Comments read from file follow:
Loader.load:  Sample settings for evaluating many criteria of performance of a Framsticks creature.
Loader.load:  See the "evalcount" parameter if you want to speed the evaluation up or have a more stable result.
Loader.load:  Other important parameters are "Energy0" and "perfperiod".
Loader.load:  Put this file in the "data" subdirectory within the Framsticks distribution.
Simulator.load: Settings loaded from 'eval-allcriteria.sim'
Simulator.load: Loading from 'deterministic.sim'
Loader.load: Comments read from file follow:
Loader.load:  Parameter values that make the evaluation of a Framsticks creature deterministic.
Loader.load:  The values turn off random noise, so evaluation of the same genotype will always yield the same performance.
Loader.load:  The advantage is that you do not need to evaluate a genotype many times, and performance values are reliable.
Loader.load:  The disadvantage is that evolved creatures are "overfitting", i.e. rely entirely on the specific environment,
Loader.load:  and their behavior may be different in any other environment or (even slightly) changed conditions or parameter values,
Loader.load:  so each creature evolved using these settings must be later inspected using exactly the same setup.
Loader.load: 
Loader.load:  Before loading this file, load base settings, e.g. "eval-allcriteria.sim".
Loader.load:  Put this file in the "data" subdirectory within the Framsticks distribution.
Simulator.load: Settings loaded from 'deterministic.sim'
Simulator.load: Loading from 'sample-period-2.sim'
Loader.load: Comments read from file follow:
Loader.load:  Very low "performance sampling period" in the first population to sample performance very often during lifespan
Loader.load:  and avoid overlooking some behavior. Averaged performance of sampled values is returned as the final value.
Loader.load:  See http://www.framsticks.com/a/al_params.html#exper-perfcalc
Loader.load: 
Loader.load:  Before loading this file, load base settings, e.g. "eval-allcriteria.sim".
Loader.load:  Put this file in the "data" subdirectory within the Framsticks distribution.
Simulator.load: Loading from 'f9-mut-0.sim'
Simulator.load: Settings loaded from 'f9-mut-0.sim'
