gen	nevals	avg     	stddev	min     	max     
0  	50    	0.218369	0     	0.218369	0.218369
1  	45    	0.078491	0.108803	-0.0150001	0.247917
2  	46    	0.110344	0.140162	-0.0166667	0.514537
3  	45    	0.22091 	0.171709	-0.0166667	0.812825
4  	49    	0.272593	0.212972	-0.0171429	0.812083
5  	46    	0.227766	0.24403 	-0.0166668	0.812083
6  	46    	0.276259	0.257965	-0.0166667	0.813756
7  	45    	0.3679  	0.308008	-0.0171429	0.813756
8  	49    	0.274957	0.244559	-0.0171413	0.813756
9  	47    	0.281654	0.243665	-0.0171429	0.706012
10 	47    	0.317219	0.24244 	-0.0171429	0.706012
11 	41    	0.364717	0.25009 	-0.0150001	0.811396
12 	41    	0.412552	0.267713	-0.02     	0.813756
13 	47    	0.255696	0.268269	-0.0166667	0.812825
14 	46    	0.298612	0.276797	-0.02     	0.812977
15 	49    	0.24397 	0.247407	-0.0166667	0.812977
16 	49    	0.278849	0.246537	-0.0166667	0.812825
17 	46    	0.305835	0.231367	-0.0166667	0.812977
18 	44    	0.258173	0.244641	-0.0166667	0.812825
19 	48    	0.221167	0.234644	-0.0166667	0.812825
20 	47    	0.279906	0.260766	-0.0171429	0.812825
21 	44    	0.327808	0.296454	-0.0166667	0.812977
22 	49    	0.298789	0.264427	-0.0166667	0.813708
23 	49    	0.287407	0.266904	-0.0166667	0.813708
24 	44    	0.420846	0.251816	-0.0171429	0.812977
25 	46    	0.33711 	0.279751	-0.0166666	0.812977
26 	47    	0.290781	0.267275	-0.0166667	0.812825
27 	47    	0.322671	0.236105	-0.0171428	0.812977
28 	48    	0.317427	0.254102	-0.0171429	0.812825
29 	46    	0.343232	0.261812	-0.02     	0.813756
30 	48    	0.353354	0.265194	-0.0171429	0.812825
31 	47    	0.310242	0.251716	-0.02     	0.812825
32 	47    	0.326728	0.246348	-0.0175   	0.812977
33 	46    	0.394003	0.259641	-0.0171429	0.812825
34 	47    	0.28384 	0.252127	-0.02     	0.812825
35 	42    	0.368271	0.285588	-0.0166667	0.812977
36 	43    	0.300897	0.30428 	-0.0171429	0.812977
37 	49    	0.257967	0.267168	-0.0166667	0.812825
38 	44    	0.321957	0.237529	-0.0166667	0.812825
39 	46    	0.297213	0.26079 	-0.0171428	0.812825
40 	46    	0.24839 	0.258717	-0.0174998	0.812825
41 	47    	0.285419	0.25822 	-0.0171429	0.812977
42 	46    	0.311767	0.250696	-0.0166667	0.812825
43 	45    	0.276029	0.258852	-0.0166667	0.812825
44 	48    	0.284917	0.240877	-0.0171428	0.812083
45 	44    	0.331595	0.251898	-0.0160001	0.812083
46 	49    	0.346333	0.263511	-0.0171428	0.819969
47 	48    	0.298031	0.25597 	-0.0166666	0.706014
48 	46    	0.400544	0.240048	-0.0171429	0.732729
49 	47    	0.310146	0.226252	-0.0166667	0.706026
50 	46    	0.386145	0.262751	-0.0171429	0.819317
51 	46    	0.365575	0.237658	-0.0199999	0.812977
52 	43    	0.359572	0.262131	-0.0171428	0.812977
53 	46    	0.339331	0.284494	-0.0175   	0.840468
54 	49    	0.311958	0.264717	-0.0177778	0.812977
55 	47    	0.349235	0.262036	-0.0166667	0.840468
56 	41    	0.391371	0.292923	-0.0166667	0.840468
57 	41    	0.329329	0.314031	-0.0166667	0.840468
58 	47    	0.320334	0.323938	-0.0177778	0.840468
59 	46    	0.378867	0.322454	-0.0177778	0.840468
60 	48    	0.437683	0.294287	-0.0175   	0.840468
61 	45    	0.360599	0.292593	-0.02     	0.840468
62 	47    	0.391464	0.292332	-0.0177778	0.840468
63 	45    	0.419016	0.297315	-0.0177778	0.840468
64 	46    	0.388255	0.304526	-0.0177777	0.840468
65 	44    	0.392643	0.289798	-0.0177778	0.840468
66 	43    	0.357497	0.287299	-0.02     	0.840468
67 	43    	0.443283	0.288236	-0.0177778	0.840468
68 	48    	0.328303	0.27363 	-0.0177778	0.840104
69 	47    	0.368656	0.287617	-0.0177778	0.840354
70 	46    	0.36757 	0.283568	-0.02     	0.83537 
71 	45    	0.395856	0.273327	-0.02     	0.83537 
72 	44    	0.3252  	0.289366	-0.02     	0.83537 
73 	46    	0.399806	0.297897	-0.02     	0.840104
74 	44    	0.438946	0.300738	-0.02     	0.840104
75 	45    	0.402225	0.309527	-0.0175   	0.83537 
76 	47    	0.355054	0.295322	-0.02     	0.83537 
77 	42    	0.394925	0.276769	-0.0171429	0.83537 
78 	45    	0.418234	0.296431	-0.02     	0.83537 
79 	45    	0.407038	0.305665	-0.0166666	0.83537 
80 	48    	0.354697	0.275638	-0.02     	0.830908
81 	46    	0.347675	0.290125	-0.02     	0.830908
82 	45    	0.306191	0.293401	-0.0200001	0.830908
83 	43    	0.389705	0.296337	-0.018    	0.830908
84 	47    	0.35148 	0.267741	-0.0171429	0.830908
85 	43    	0.451091	0.269629	-0.0133333	0.830908
86 	46    	0.314484	0.26883 	-0.0177778	0.830908
87 	45    	0.378082	0.280547	-0.0174999	0.830908
88 	46    	0.396527	0.2798  	-0.018    	0.830908
89 	44    	0.447375	0.256082	0.0955801 	0.830908
90 	47    	0.405866	0.283707	-0.0166667	0.83096 
91 	45    	0.433251	0.247927	0.0916136 	0.83096 
92 	48    	0.387896	0.253845	-0.0166666	0.831502
93 	47    	0.286896	0.238772	-0.0166652	0.831502
94 	46    	0.401947	0.267697	-0.0133333	0.831502
95 	46    	0.348808	0.263745	-0.0171427	0.831502
96 	47    	0.367912	0.250923	-0.0159999	0.831502
97 	49    	0.274431	0.212558	-0.0160001	0.830908
98 	46    	0.390545	0.255536	-0.0177778	0.842738
99 	49    	0.313103	0.226815	-0.0175   	0.729248
100	48    	0.359318	0.207248	-0.0166667	0.731281
101	45    	0.390625	0.231713	0.0757213 	0.750133
102	47    	0.342028	0.237055	-0.0166667	0.830908
103	47    	0.382315	0.24988 	-0.0171427	0.834995
104	45    	0.417827	0.263161	-0.0166667	0.834995
105	41    	0.397535	0.287332	-0.0174999	0.834995
106	45    	0.387657	0.281638	-0.0166668	0.842738
107	50    	0.28419 	0.220423	-0.0171429	0.830908
108	41    	0.423627	0.236362	-0.0159971	0.830908
109	47    	0.346229	0.25058 	-0.0166666	0.834995
110	49    	0.259203	0.212627	-0.0171429	0.834995
111	46    	0.393275	0.272143	-0.0171429	0.834995
112	47    	0.360636	0.248606	-0.0171429	0.834995
113	42    	0.341096	0.264617	-0.0200001	0.831502
114	46    	0.365575	0.277417	-0.02     	0.831502
115	47    	0.409435	0.26986 	-0.0199999	0.831502
116	47    	0.33967 	0.260015	-0.0199999	0.831502
117	44    	0.378112	0.257683	0.0851832 	0.831502
118	47    	0.347453	0.255095	-0.0199999	0.813182
119	46    	0.361795	0.259871	-0.016    	0.831502
120	46    	0.362478	0.245003	-0.0200001	0.831502
121	45    	0.353542	0.230621	-0.0166667	0.831502
122	48    	0.317414	0.221424	-0.0166665	0.831502
123	43    	0.437616	0.223049	-0.0171429	0.831502
124	46    	0.379345	0.257654	-0.0175   	0.831502
125	48    	0.339183	0.226504	-0.0166666	0.717105
126	45    	0.424015	0.216839	-0.0133337	0.742432
127	46    	0.393207	0.216587	0.11503   	0.83096 
128	47    	0.354466	0.278768	-0.0175001	0.831502
129	48    	0.27087 	0.219788	-0.0177779	0.831502
130	46    	0.364841	0.248677	-0.018    	0.831502
131	46    	0.313598	0.264222	-0.0200001	0.831502
132	47    	0.361406	0.280915	-0.0177778	0.835023
133	47    	0.266839	0.237376	-0.0171428	0.831502
134	49    	0.342025	0.265917	-0.02     	0.831502
135	47    	0.337535	0.281292	-0.02     	0.831502
136	47    	0.407954	0.23591 	-0.015    	0.831298
137	45    	0.417986	0.241893	0.0852631 	0.831298
138	46    	0.407876	0.258923	-0.015    	0.833231
139	45    	0.380432	0.272793	-0.0175001	0.833231
140	43    	0.37822 	0.272352	-0.02     	0.852545
141	49    	0.333223	0.25989 	-0.0177778	0.964429
142	45    	0.473208	0.275924	-0.015    	0.964429
143	47    	0.418494	0.276049	-0.016    	0.964429
144	44    	0.49751 	0.29953 	0.070426  	1.04975 
145	48    	0.433562	0.284808	-0.016    	1.04975 
146	47    	0.440871	0.28164 	0.0818966 	0.964429
147	47    	0.466796	0.312242	0.0806738 	1.04975 
148	47    	0.439581	0.319623	-0.0171428	1.04975 
149	41    	0.543063	0.33217 	0.0974968 	1.04975 
150	46    	0.462515	0.333542	-0.0171429	1.04975 
151	47    	0.427125	0.310176	0.105714  	1.04975 
152	45    	0.44863 	0.308704	0.0681743 	1.04975 
153	45    	0.467543	0.313381	0.105714  	1.03022 
154	47    	0.466111	0.304762	-0.0150001	0.970645
155	44    	0.475232	0.30315 	-0.0159976	0.970645
156	46    	0.511336	0.312922	-0.015    	1.03071 
157	49    	0.340407	0.260112	-0.02     	0.970645
158	45    	0.478827	0.284441	-0.0160001	1.03071 
159	48    	0.455428	0.280571	-0.0160001	0.970645
160	43    	0.516786	0.308642	-0.0159892	0.970645
161	46    	0.412851	0.29422 	-0.0166666	0.970645
162	48    	0.42949 	0.269661	-0.0166667	0.890614
163	47    	0.542657	0.268568	0.0963521 	0.91789 
164	45    	0.428388	0.265475	0.0746647 	0.894632
165	46    	0.493025	0.294718	0.0741661 	1.04975 
166	41    	0.501495	0.334933	-0.016    	1.04975 
167	49    	0.485055	0.31465 	0.0849232 	1.03675 
168	43    	0.496216	0.318324	-0.016    	1.05587 
169	45    	0.500989	0.316323	-0.0160001	1.05587 
170	47    	0.489706	0.305158	0.0746155 	0.964429
171	48    	0.372311	0.279485	-0.0150001	0.964322
172	45    	0.484485	0.264781	0.0851559 	0.964322
173	45    	0.430167	0.292279	-0.015    	0.964322
174	47    	0.406646	0.310347	-0.016    	0.94976 
175	48    	0.466763	0.302365	0.0826657 	1.0708  
176	47    	0.512709	0.316601	0.0848034 	1.01222 
177	41    	0.560346	0.310918	0.0894755 	1.01222 
178	46    	0.46755 	0.305593	-0.0171428	0.972399
179	47    	0.405423	0.291193	0.0659598 	1.0708  
180	43    	0.490783	0.297243	0.0644327 	1.0708  
181	46    	0.494398	0.312077	0.0993031 	1.0708  
182	49    	0.381228	0.346432	-1        	1.0364  
183	48    	0.484741	0.292522	0.135671  	0.94663 
184	48    	0.457056	0.423366	-1        	0.999698
185	48    	0.487035	0.383456	-1        	1.00555 
186	46    	0.443162	0.354383	-1        	1.00555 
187	42    	0.61541 	0.307505	0.0806892 	1.00555 
188	43    	0.484568	0.441327	-1        	1.06054 
189	48    	0.512061	0.304197	-0.0175   	1.0049  
190	45    	0.499026	0.328221	0.043616  	1.01154 
191	44    	0.513692	0.317392	0.0806026 	1.01154 
192	46    	0.475597	0.312835	0.088591  	1.01154 
193	47    	0.51599 	0.293018	-0.016    	1.01154 
194	47    	0.469261	0.362366	-1        	1.0049  
195	44    	0.482419	0.380651	-1        	1.00555 
196	46    	0.511136	0.313018	0.0864283 	1.00555 
197	50    	0.485377	0.368773	-1        	1.01605 
198	47    	0.583678	0.302886	-0.0171429	1.03263 
199	47    	0.315893	0.46877 	-1        	1.002   
200	47    	0.41144 	0.502591	-1        	0.976501
201	41    	0.250706	0.579275	-1        	0.976501
202	46    	0.439858	0.464941	-1        	0.943256
203	47    	0.456544	0.355708	-1        	0.949714
204	45    	0.459626	0.409898	-1        	1.01684 
205	42    	0.480545	0.277957	0.149802  	1.01684 
206	45    	0.481058	0.36869 	-1        	0.949714
207	44    	0.514686	0.372173	-1        	0.944153
208	48    	0.445219	0.391096	-1        	1.04119 
209	47    	0.424933	0.471873	-1        	0.962791
210	47    	0.509496	0.313062	0.0538019 	0.982454
211	41    	0.50596 	0.318505	0.105241  	1.03973 
212	47    	0.560323	0.304985	0.146967  	0.994448
213	43    	0.513176	0.309949	-0.0166667	1.0431  
214	44    	0.470961	0.437609	-1        	1.0431  
215	48    	0.366063	0.345072	-1        	1.04854 
216	45    	0.504574	0.396712	-1        	1.02366 
217	46    	0.386157	0.513006	-1        	1.03887 
218	46    	0.420335	0.575738	-1        	1.05284 
219	48    	0.381288	0.413754	-1        	1.13286 
220	43    	0.467509	0.399615	-1        	1.13286 
221	47    	0.3769  	0.450176	-1        	1.13286 
222	47    	0.291297	0.541126	-1        	1.08199 
223	48    	0.384177	0.475283	-1        	1.13286 
224	49    	0.410753	0.435866	-1        	0.999319
225	46    	0.453528	0.449954	-1        	1.13286 
226	46    	0.318042	0.506336	-1        	1.13286 
227	46    	0.484758	0.463693	-1        	1.13286 
228	49    	0.394046	0.438572	-1        	1.11056 
229	49    	0.320305	0.463035	-1        	1.06068 
230	44    	0.319549	0.504246	-1        	1.0561  
231	47    	0.368834	0.476943	-1        	1.0603  
232	46    	0.411799	0.301961	-0.015    	1.0603  
233	43    	0.423279	0.564251	-1        	1.06396 
234	46    	0.33072 	0.575188	-1        	1.06396 
235	43    	0.454745	0.496028	-1        	1.06396 
236	46    	0.32648 	0.547023	-1        	1.06396 
237	44    	0.483863	0.449401	-1        	1.06396 
238	41    	0.592883	0.416673	-1        	1.06396 
239	47    	0.379454	0.445278	-1        	1.07419 
240	45    	0.527533	0.319352	-0.0171428	1.06396 
241	48    	0.339065	0.572655	-1        	1.06269 
242	42    	0.408771	0.561892	-1        	0.98603 
243	47    	0.410473	0.469018	-1        	1.00324 
244	44    	0.522055	0.423215	-1        	0.98603 
245	46    	0.364074	0.571299	-1        	0.98603 
246	44    	0.575674	0.279608	0.197348  	0.961302
247	47    	0.529008	0.288712	-0.0166666	1.00552 
248	48    	0.466894	0.3497  	-1        	1.00552 
249	47    	0.402885	0.500105	-1        	1.00552 
250	49    	0.428919	0.515241	-1        	1.09414 
251	46    	0.470058	0.375698	-1        	1.04257 
252	48    	0.488229	0.367856	-1        	1.04257 
253	43    	0.47213 	0.477027	-1        	1.04257 
254	48    	0.384313	0.399698	-1        	1.0093  
255	42    	0.48325 	0.431353	-1        	1.0093  
256	48    	0.501746	0.383484	-1        	1.07421 
257	45    	0.342257	0.533525	-1        	1.07421 
258	44    	0.423334	0.509776	-1        	1.07421 
259	45    	0.492663	0.434571	-1        	1.07421 
260	41    	0.469973	0.454579	-1        	1.153   
261	47    	0.300777	0.408666	-1        	1.153   
262	49    	0.366285	0.437288	-1        	1.153   
263	44    	0.254039	0.577649	-1        	1.08423 
264	41    	0.469854	0.372534	-1        	1.08423 
265	46    	0.511827	0.443563	-1        	1.15255 
266	45    	0.425493	0.48654 	-1        	1.15255 
267	46    	0.485645	0.393765	-1        	1.15255 
268	45    	0.364996	0.518603	-1        	1.15255 
269	49    	0.375664	0.457487	-1        	1.15255 
270	47    	0.32416 	0.558873	-1        	1.15255 
271	50    	0.32158 	0.506384	-1        	1.00778 
272	48    	0.441608	0.356539	-1        	0.992375
273	41    	0.568961	0.432726	-1        	1.00417 
274	44    	0.568141	0.437822	-1        	1.09686 
275	45    	0.448544	0.516991	-1        	1.09686 
276	44    	0.507002	0.382409	-1        	1.09686 
277	46    	0.501948	0.438079	-1        	1.09882 
278	47    	0.540897	0.460935	-1        	1.19502 
279	45    	0.3536  	0.566003	-1        	1.19502 
280	46    	0.394876	0.512135	-1        	1.19502 
281	46    	0.387226	0.458825	-1        	1.19502 
282	44    	0.530911	0.332914	-0.02     	1.19502 
283	43    	0.474066	0.386173	-1        	1.12287 
284	46    	0.296116	0.486949	-1        	1.12287 
285	47    	0.483267	0.431946	-1        	1.10787 
286	47    	0.305028	0.468451	-1        	1.02457 
287	48    	0.499467	0.418552	-1        	1.0459  
288	46    	0.511398	0.257012	0.131725  	1.01678 
289	45    	0.452131	0.400562	-1        	1.01678 
290	44    	0.385376	0.500522	-1        	1.01929 
291	45    	0.292958	0.535641	-1        	1.01678 
292	47    	0.472303	0.321882	-1        	1.03027 
293	46    	0.468821	0.440274	-1        	1.03027 
294	47    	0.347141	0.476722	-1        	1.03572 
295	48    	0.267354	0.622629	-1        	0.981345
296	44    	0.560994	0.364458	-1        	1.03198 
297	44    	0.49625 	0.475478	-1        	1.03198 
298	47    	0.343694	0.439324	-1        	1.03198 
299	44    	0.40209 	0.448149	-1        	1.09017 
300	44    	0.483879	0.480074	-1        	1.09017 
301	48    	0.258172	0.458916	-1        	0.977244
302	45    	0.316537	0.502701	-1        	0.977244
303	45    	0.259544	0.493393	-1        	0.950847
304	44    	0.493998	0.337026	-1        	0.946251
305	45    	0.498746	0.358283	-1        	0.991217
306	40    	0.417244	0.50301 	-1        	0.991217
307	47    	0.435983	0.420127	-1        	1.01095 
308	48    	0.266423	0.521707	-1        	0.990618
309	45    	0.51144 	0.348126	-1        	0.957413
310	48    	0.447122	0.324956	-1        	0.945691
311	46    	0.414171	0.50134 	-1        	0.944618
312	46    	0.435682	0.46908 	-1        	0.992441
313	44    	0.443269	0.514683	-1        	0.998238
314	45    	0.431739	0.470073	-1        	0.992441
315	44    	0.447696	0.430948	-1        	1.04749 
316	48    	0.345477	0.438889	-1        	0.992441
317	45    	0.414442	0.387829	-1        	0.938593
318	49    	0.296046	0.494189	-1        	0.88451 
319	49    	0.170023	0.589565	-1        	0.927816
320	46    	0.428618	0.305226	-1        	0.883337
321	45    	0.540084	0.248838	0.0831096 	1.033   
322	47    	0.322531	0.464944	-1        	1.033   
323	46    	0.270622	0.617311	-1        	1.03636 
324	43    	0.520618	0.308139	0.111809  	1.033   
325	46    	0.348386	0.403597	-1        	1.033   
326	45    	0.348218	0.390741	-1        	1.033   
327	47    	0.327057	0.479171	-1        	1.033   
328	50    	0.337021	0.373604	-1        	1.03867 
329	47    	0.305337	0.460576	-1        	1.033   
330	44    	0.455686	0.453041	-1        	0.931411
331	45    	0.408461	0.33104 	-1        	0.855717
332	48    	0.400246	0.379987	-1        	0.870397
333	44    	0.351124	0.467902	-1        	0.888563
334	44    	0.466317	0.38577 	-1        	0.870397
335	45    	0.376361	0.427844	-1        	0.928662
336	45    	0.366087	0.477973	-1        	0.928662
337	45    	0.391753	0.43363 	-1        	0.928662
338	48    	0.499905	0.351911	-1        	1.04681 
339	47    	0.301168	0.46839 	-1        	0.952753
340	46    	0.445186	0.367885	-1        	0.952753
341	47    	0.278503	0.518895	-1        	1.00409 
342	49    	0.197412	0.506372	-1        	0.93057 
343	50    	0.274225	0.444546	-1        	0.912971
344	44    	0.355802	0.503972	-1        	0.904664
345	48    	0.288201	0.477863	-1        	0.897743
346	39    	0.433876	0.39751 	-1        	0.897743
347	45    	0.295777	0.5768  	-1        	0.897743
348	46    	0.450772	0.373717	-1        	0.885804
349	48    	0.387181	0.413438	-1        	0.894159
350	49    	0.299539	0.56575 	-1        	0.930156
351	47    	0.428237	0.47163 	-1        	0.934589
352	46    	0.379028	0.481783	-1        	1.09642 
353	48    	0.406631	0.443089	-1        	1.04826 
354	46    	0.487039	0.365493	-1        	1.08419 
355	48    	0.362706	0.487515	-1        	1.04826 
356	47    	0.391398	0.319051	-1        	1.04826 
357	46    	0.39622 	0.380831	-1        	1.03034 
358	46    	0.341367	0.558912	-1        	0.959502
359	45    	0.193165	0.643363	-1        	1.00365 
360	44    	0.394665	0.516914	-1        	0.96582 
361	49    	0.242156	0.594084	-1        	0.973951
362	46    	0.381914	0.428617	-1        	0.96582 
363	46    	0.317121	0.627657	-1        	0.973413
364	47    	0.319473	0.550019	-1        	1.01299 
365	49    	0.329395	0.44817 	-1        	0.94412 
366	43    	0.366182	0.514905	-1        	0.983625
367	43    	0.510531	0.4104  	-1        	0.983625
368	48    	0.348982	0.514438	-1        	1.02062 
369	45    	0.361834	0.372528	-1        	1.02062 
370	48    	0.261188	0.508921	-1        	1.01457 
371	44    	0.298075	0.378719	-1        	1.01457 
372	48    	0.392861	0.358286	-1        	1.00234 
373	48    	0.374148	0.481402	-1        	1.00278 
374	47    	0.504056	0.270609	0.157559  	1.00278 
375	46    	0.363917	0.424901	-1        	1.00278 
376	46    	0.306035	0.499987	-1        	0.973589
377	47    	0.38404 	0.486063	-1        	0.979643
378	46    	0.443994	0.44933 	-1        	0.979643
379	45    	0.432244	0.445534	-1        	0.979643
380	45    	0.364127	0.483204	-1        	1.00763 
381	47    	0.264691	0.599572	-1        	1.00763 
382	44    	0.45642 	0.280359	0.0868337 	0.98786 
383	47    	0.453049	0.349439	-1        	1.01947 
384	46    	0.306831	0.539134	-1        	1.01947 
385	47    	0.389405	0.439837	-1        	1.01947 
386	45    	0.322199	0.438921	-1        	1.01947 
387	46    	0.375347	0.388093	-1        	1.01947 
388	46    	0.439153	0.395181	-1        	0.975049
389	44    	0.414369	0.444503	-1        	0.975049
390	46    	0.374979	0.461476	-1        	0.955636
391	47    	0.291843	0.652167	-1        	0.955636
392	43    	0.559319	0.273425	-0.015    	0.967894
393	48    	0.344723	0.55739 	-1        	1.01724 
394	43    	0.458219	0.473206	-1        	1.01724 
395	47    	0.405848	0.513488	-1        	1.02451 
396	45    	0.466787	0.520323	-1        	1.02451 
397	48    	0.488335	0.48328 	-1        	1.02451 
398	46    	0.404268	0.498557	-1        	1.02451 
399	47    	0.381613	0.583896	-1        	1.01053 
400	49    	0.546978	0.479527	-1        	1.04182 
401	47    	0.480435	0.41057 	-1        	1.03535 
402	49    	0.531923	0.41739 	-1        	1.04213 
403	47    	0.42822 	0.505129	-1        	1.04213 
404	49    	0.385794	0.494831	-1        	1.03627 
405	44    	0.506625	0.422425	-1        	1.02883 
406	47    	0.357619	0.495493	-1        	1.06239 
407	47    	0.448035	0.345621	-1        	1.02883 
408	46    	0.472228	0.434408	-1        	1.02883 
409	44    	0.468835	0.353652	-1        	1.02099 
410	45    	0.41976 	0.468532	-1        	1.02099 
411	45    	0.495608	0.421003	-1        	1.02902 
412	46    	0.454564	0.473947	-1        	1.02902 
413	48    	0.526382	0.313135	0.114973  	1.02902 
414	49    	0.366148	0.425628	-1        	0.955901
415	45    	0.445651	0.404617	-1        	1.07247 
416	38    	0.548011	0.380351	-1        	1.07247 
417	49    	0.438391	0.413359	-1        	1.07247 
418	44    	0.54691 	0.306359	0.145756  	1.07247 
419	46    	0.407591	0.46184 	-1        	1.03595 
420	48    	0.388653	0.496087	-1        	1.02573 
421	47    	0.46272 	0.409963	-1        	0.988238
422	45    	0.41592 	0.513349	-1        	1.01927 
423	47    	0.550841	0.282307	0.14838   	1.02573 
424	44    	0.273211	0.624979	-1        	1.02573 
425	48    	0.399915	0.400615	-1        	1.01927 
426	47    	0.416217	0.453444	-1        	1.03196 
427	47    	0.420059	0.393242	-1        	0.984488
428	48    	0.374187	0.500184	-1        	1.02364 
429	47    	0.438768	0.381693	-1        	1.03486 
430	46    	0.372437	0.560074	-1        	1.03486 
431	46    	0.340154	0.511343	-1        	1.03486 
432	47    	0.472498	0.338055	-0.018    	1.07988 
433	48    	0.353477	0.409128	-1        	1.09134 
434	44    	0.353928	0.508215	-1        	0.968293
435	43    	0.392187	0.435097	-1        	1.03745 
436	46    	0.45794 	0.381516	-1        	1.03745 
437	48    	0.395559	0.438243	-1        	1.03745 
438	46    	0.37914 	0.51052 	-1        	1.03745 
439	45    	0.380568	0.420373	-1        	1.03745 
440	48    	0.388854	0.363526	-1        	1.03703 
441	45    	0.386539	0.368019	-1        	1.03821 
442	47    	0.317853	0.490095	-1        	1.03821 
443	42    	0.301877	0.56557 	-1        	1.03821 
444	47    	0.484454	0.289237	0.136599  	1.03821 
445	46    	0.395462	0.343157	-1        	0.98364 
446	44    	0.360711	0.584851	-1        	1.02195 
447	47    	0.324185	0.484193	-1        	1.01481 
448	48    	0.449055	0.413295	-1        	1.02084 
449	49    	0.428278	0.490532	-1        	1.02698 
450	49    	0.236293	0.518681	-1        	1.02698 
451	47    	0.385353	0.541959	-1        	1.04721 
452	40    	0.556465	0.395591	-1        	1.07099 
453	46    	0.165817	0.677989	-1        	1.07099 
454	44    	0.254473	0.61213 	-1        	1.07099 
455	47    	0.31457 	0.45957 	-1        	1.09314 
456	46    	0.373613	0.498733	-1        	1.09314 
457	48    	0.323407	0.469954	-1        	1.04721 
458	42    	0.528886	0.294985	0.175153  	1.04721 
459	45    	0.37805 	0.381293	-1        	1.04721 
460	46    	0.461803	0.402646	-1        	1.04721 
461	46    	0.525637	0.346053	-1        	1.04721 
462	46    	0.449127	0.351278	-1        	1.04721 
463	45    	0.273004	0.531247	-1        	1.0569  
464	47    	0.454284	0.263559	-0.0166666	1.04721 
465	44    	0.3545  	0.534051	-1        	1.04721 
466	41    	0.389917	0.556884	-1        	1.04721 
467	46    	0.394872	0.463764	-1        	1.09777 
468	42    	0.454957	0.439338	-1        	1.09777 
469	46    	0.338536	0.510574	-1        	1.09777 
470	44    	0.471428	0.43174 	-1        	1.09777 
471	46    	0.44343 	0.295016	0.157168  	1.09777 
472	45    	0.367337	0.458873	-1        	1.09777 
473	46    	0.295346	0.514187	-1        	1.09777 
474	43    	0.334802	0.502301	-1        	1.09777 
475	44    	0.435555	0.368701	-1        	1.09777 
476	48    	0.260435	0.477607	-1        	1.06607 
477	47    	0.366812	0.432372	-1        	1.02273 
478	47    	0.307584	0.495947	-1        	0.975881
479	47    	0.360829	0.423212	-1        	0.975881
480	47    	0.303579	0.487616	-1        	0.975881
481	49    	0.29314 	0.36085 	-1        	0.966177
482	48    	0.343523	0.386316	-1        	0.966177
483	48    	0.429274	0.367078	-1        	0.995939
484	48    	0.363979	0.566655	-1        	1.06666 
485	48    	0.439667	0.329037	-1        	1.06666 
486	48    	0.36496 	0.486957	-1        	1.06666 
487	46    	0.317575	0.615631	-1        	1.05648 
488	44    	0.48356 	0.298195	0.142807  	1.05702 
489	46    	0.439932	0.349795	-1        	1.05702 
490	44    	0.473244	0.441347	-1        	1.05702 
491	45    	0.443083	0.298793	-0.0133334	1.05702 
492	48    	0.363784	0.283311	-1        	1.08413 
493	48    	0.379468	0.289985	-1        	1.04189 
494	46    	0.423348	0.482128	-1        	1.08413 
495	46    	0.415007	0.397653	-1        	1.04189 
496	47    	0.236161	0.533994	-1        	1.04189 
497	46    	0.308179	0.515719	-1        	1.00554 
498	45    	0.271585	0.543298	-1        	1.00554 
499	45    	0.396254	0.392079	-1        	1.00554 
500	48    	0.285629	0.38884 	-1        	1.00554 
501	48    	0.381528	0.419982	-1        	1.03652 
502	46    	0.402729	0.426071	-1        	0.957226
503	46    	0.475164	0.39534 	-1        	0.99386 
504	49    	0.385403	0.446372	-1        	0.949706
505	47    	0.339724	0.459435	-1        	0.971026
506	49    	0.270475	0.563811	-1        	0.997226
507	46    	0.391129	0.533373	-1        	0.996586
508	46    	0.338574	0.600562	-1        	0.996586
509	45    	0.418733	0.548848	-1        	1.01928 
510	44    	0.380329	0.582832	-1        	1.01928 
511	46    	0.427566	0.334553	-1        	0.966728
512	45    	0.454675	0.403945	-1        	0.966728
513	48    	0.257983	0.548553	-1        	0.893241
514	48    	0.346297	0.545   	-1        	0.978337
515	50    	0.370337	0.518196	-1        	0.946021
516	48    	0.288849	0.563371	-1        	0.946021
517	49    	0.283914	0.597645	-1        	0.946021
518	47    	0.319796	0.497564	-1        	0.946021
519	44    	0.409144	0.582504	-1        	0.964427
520	44    	0.473974	0.332205	-1        	0.965369
521	47    	0.344382	0.514913	-1        	0.965369
522	47    	0.239475	0.656149	-1        	0.972507
523	47    	0.362101	0.558273	-1        	0.940917
524	44    	0.539916	0.413175	-1        	0.940917
525	46    	0.384992	0.539047	-1        	0.973135
526	43    	0.458696	0.515926	-1        	1.04594 
527	45    	0.493755	0.390249	-1        	1.04594 
528	44    	0.447153	0.579307	-1        	1.04039 
529	42    	0.287287	0.713294	-1        	1.06407 
530	46    	0.323094	0.497007	-1        	1.02232 
531	48    	0.439206	0.572116	-1        	1.0558  
532	48    	0.263554	0.591009	-1        	1.02852 
533	48    	0.2803  	0.510535	-1        	1.0558  
534	47    	0.417684	0.282228	-0.018    	1.05976 
535	45    	0.386799	0.411692	-1        	1.05976 
536	43    	0.444251	0.405571	-1        	1.03739 
537	46    	0.493555	0.312607	0.0343052 	1.03739 
538	43    	0.471574	0.488383	-1        	1.05231 
539	46    	0.387059	0.469623	-1        	1.09222 
540	45    	0.446096	0.481108	-1        	1.09222 
541	43    	0.478524	0.505489	-1        	1.11888 
542	48    	0.326837	0.480663	-1        	1.05663 
543	50    	0.40925 	0.331106	-1        	1.10106 
544	46    	0.40365 	0.509432	-1        	1.10992 
545	46    	0.370972	0.549934	-1        	1.10645 
546	46    	0.374436	0.600746	-1        	1.10645 
547	50    	0.140436	0.617334	-1        	1.06234 
548	45    	0.386507	0.532512	-1        	1.06723 
549	48    	0.29308 	0.593742	-1        	1.07969 
550	48    	0.504741	0.435906	-1        	1.09128 
551	45    	0.319634	0.595365	-1        	1.08675 
552	49    	0.283957	0.542117	-1        	1.06723 
553	46    	0.321181	0.563541	-1        	1.06723 
554	47    	0.248873	0.577228	-1        	1.063   
555	44    	0.458597	0.418773	-1        	1.063   
556	47    	0.368723	0.444546	-1        	1.063   
557	45    	0.475396	0.487617	-1        	1.063   
558	48    	0.414933	0.506983	-1        	1.063   
559	44    	0.440016	0.342669	-1        	1.063   
560	46    	0.375411	0.448169	-1        	1.063   
561	46    	0.468225	0.344654	-1        	1.063   
562	47    	0.488943	0.378835	-1        	1.08765 
563	46    	0.43194 	0.607825	-1        	1.07888 
564	46    	0.450383	0.461949	-1        	1.07888 
565	42    	0.487188	0.535709	-1        	1.081   
566	44    	0.504542	0.553175	-1        	1.07888 
567	45    	0.273016	0.494155	-1        	1.0778  
568	42    	0.555622	0.312216	0.176846  	1.0778  
569	48    	0.387682	0.467705	-1        	1.063   
570	48    	0.353222	0.544677	-1        	1.07902 
571	47    	0.279208	0.584988	-1        	1.07902 
572	45    	0.277395	0.622737	-1        	1.07902 
573	44    	0.374116	0.48847 	-1        	1.063   
574	46    	0.396002	0.494788	-1        	1.063   
575	47    	0.416038	0.342306	-1        	1.05773 
576	47    	0.410695	0.589758	-1        	1.08198 
577	46    	0.395433	0.555018	-1        	1.07404 
578	43    	0.447165	0.512405	-1        	1.07404 
579	44    	0.327575	0.612392	-1        	1.0962  
580	42    	0.4941  	0.497197	-1        	1.0962  
581	46    	0.526501	0.450239	-1        	1.0962  
582	44    	0.522189	0.459254	-1        	1.0962  
583	42    	0.5072  	0.514561	-1        	1.0962  
584	47    	0.25607 	0.598346	-1        	1.0962  
585	46    	0.360805	0.556114	-1        	1.10607 
586	44    	0.356202	0.592503	-1        	1.10607 
587	48    	0.31696 	0.569635	-1        	1.10607 
588	49    	0.341579	0.418257	-1        	1.07526 
589	47    	0.406695	0.436447	-1        	1.06373 
590	48    	0.265186	0.606975	-1        	1.06373 
591	46    	0.326128	0.562626	-1        	1.06373 
592	49    	0.41645 	0.457077	-1        	1.06373 
593	47    	0.324608	0.52761 	-1        	1.06373 
594	47    	0.3201  	0.561013	-1        	1.02196 
595	49    	0.414423	0.498597	-1        	1.0579  
596	47    	0.453937	0.399855	-1        	1.0579  
597	46    	0.399364	0.50504 	-1        	1.0579  
598	48    	0.333826	0.555617	-1        	1.00623 
599	48    	0.386562	0.40566 	-1        	1.02138 
600	48    	0.431333	0.396955	-1        	1.00941 
601	45    	0.372865	0.481228	-1        	1.05811 
602	47    	0.334076	0.509949	-1        	1.05811 
603	45    	0.45296 	0.451661	-1        	0.99413 
604	44    	0.416668	0.450694	-1        	0.99413 
605	48    	0.427855	0.344236	-1        	1.02095 
606	45    	0.406527	0.438903	-1        	0.974503
607	46    	0.398037	0.508449	-1        	1.02093 
608	48    	0.357232	0.471895	-1        	0.960737
609	43    	0.300431	0.632808	-1        	1.01521 
610	48    	0.378488	0.571607	-1        	1.01521 
611	46    	0.436002	0.447425	-1        	1.02244 
612	47    	0.288818	0.573541	-1        	1.0205  
613	48    	0.291992	0.533409	-1        	1.0205  
614	47    	0.492219	0.45663 	-1        	1.02171 
615	46    	0.478449	0.560719	-1        	1.02171 
616	48    	0.263058	0.607995	-1        	1.11576 
617	48    	0.328461	0.562627	-1        	1.11576 
618	48    	0.394895	0.389638	-1        	1.11576 
619	47    	0.322036	0.51359 	-1        	1.11576 
620	48    	0.381916	0.493199	-1        	1.03405 
621	48    	0.391428	0.430285	-1        	1.03405 
622	49    	0.258207	0.634923	-1        	1.00063 
623	44    	0.569108	0.341589	-1        	1.00063 
624	48    	0.3098  	0.587282	-1        	1.02326 
625	48    	0.368505	0.516999	-1        	1.01077 
626	45    	0.412251	0.493507	-1        	1.05994 
627	49    	0.429891	0.440037	-1        	1.06989 
628	45    	0.411719	0.377028	-1        	1.06989 
629	47    	0.39776 	0.540225	-1        	1.10095 
630	47    	0.33351 	0.574412	-1        	1.10095 
631	45    	0.297314	0.632925	-1        	1.10095 
632	45    	0.519925	0.439474	-1        	1.08092 
633	49    	0.463202	0.25639 	0.240904  	1.0899  
634	45    	0.383235	0.544291	-1        	1.0899  
635	43    	0.466957	0.482129	-1        	1.1143  
636	50    	0.392415	0.508979	-1        	1.0617  
637	45    	0.415983	0.552867	-1        	1.0617  
638	48    	0.329457	0.640618	-1        	1.0561  
639	49    	0.314078	0.560228	-1        	1.05592 
640	45    	0.290221	0.623799	-1        	1.10208 
641	45    	0.339863	0.625344	-1        	1.04713 
642	48    	0.422106	0.460493	-1        	1.04713 
643	49    	0.43447 	0.311694	-1        	1.04259 
644	43    	0.332653	0.463324	-1        	1.02164 
645	45    	0.385979	0.569277	-1        	1.02164 
646	47    	0.531612	0.353967	-1        	1.0441  
647	46    	0.41456 	0.385302	-1        	1.1006  
648	42    	0.373004	0.611716	-1        	1.1006  
649	48    	0.328818	0.562231	-1        	1.09966 
650	47    	0.25103 	0.583281	-1        	1.11891 
651	48    	0.174283	0.596401	-1        	1.11891 
652	46    	0.414903	0.594397	-1        	1.11891 
653	46    	0.42221 	0.610089	-1        	1.0768  
654	46    	0.47696 	0.284898	0.185152  	1.0768  
655	49    	0.315334	0.496915	-1        	1.01548 
656	44    	0.462825	0.50786 	-1        	1.09238 
657	45    	0.525203	0.428337	-1        	1.09238 
658	47    	0.30252 	0.626682	-1        	1.04394 
659	47    	0.265865	0.684122	-1        	1.04394 
660	47    	0.345074	0.510542	-1        	1.01672 
661	46    	0.365545	0.567703	-1        	1.01673 
662	46    	0.303822	0.589883	-1        	1.01673 
663	47    	0.204481	0.655183	-1        	1.03136 
664	44    	0.210679	0.582268	-1        	0.985336
665	46    	0.464032	0.502305	-1        	1.00204 
666	48    	0.267264	0.625773	-1        	1.00212 
667	48    	0.442059	0.450269	-1        	0.967348
668	44    	0.443422	0.454143	-1        	0.967348
669	46    	0.185022	0.680866	-1        	0.97145 
670	43    	0.369552	0.52221 	-1        	0.987361
671	49    	0.315918	0.616093	-1        	0.967348
672	47    	0.199894	0.601915	-1        	0.923044
673	46    	0.170908	0.699279	-1        	0.937441
674	47    	0.31126 	0.661036	-1        	0.950491
675	44    	0.248429	0.705104	-1        	0.993541
676	47    	0.368982	0.545317	-1        	1.0078  
677	47    	0.314791	0.629622	-1        	1.0386  
678	46    	0.290095	0.605707	-1        	1.04703 
679	47    	0.289089	0.662472	-1        	1.06092 
680	48    	0.418939	0.519996	-1        	1.06083 
681	45    	0.414812	0.509348	-1        	1.06083 
682	49    	0.318396	0.60653 	-1        	1.11203 
683	45    	0.434991	0.482477	-1        	1.11203 
684	46    	0.267894	0.712859	-1        	1.17421 
685	43    	0.367218	0.643825	-1        	1.17421 
686	47    	0.38717 	0.610867	-1        	1.10277 
687	44    	0.567494	0.480077	-1        	1.11801 
688	48    	0.583503	0.353793	0.159788  	1.13811 
689	43    	0.49493 	0.519642	-1        	1.20776 
690	43    	0.600083	0.496203	-1        	1.20776 
691	49    	0.529829	0.39387 	-1        	1.15195 
692	43    	0.57842 	0.415719	-1        	1.15195 
693	48    	0.338964	0.477539	-1        	1.16776 
694	49    	0.328679	0.687259	-1        	1.19013 
695	46    	0.472247	0.48832 	-1        	1.16776 
696	47    	0.36259 	0.582367	-1        	1.16776 
697	45    	0.58107 	0.455998	-1        	1.16776 
698	45    	0.540183	0.508766	-1        	1.16776 
699	48    	0.119544	0.67286 	-1        	1.05225 
700	42    	0.373373	0.524716	-1        	1.05225 
701	46    	0.320485	0.605282	-1        	1.05225 
702	46    	0.436008	0.572369	-1        	1.05225 
703	44    	0.444788	0.406994	-1        	1.05225 
704	46    	0.436175	0.465728	-1        	1.04978 
705	49    	0.447122	0.428167	-1        	1.08636 
706	41    	0.387723	0.594749	-1        	1.08636 
707	49    	0.351274	0.47714 	-1        	1.08102 
708	48    	0.307327	0.544729	-1        	1.11493 
709	49    	0.404359	0.482392	-1        	1.0326  
710	45    	0.365848	0.580266	-1        	1.0326  
711	47    	0.352427	0.575314	-1        	1.08063 
712	46    	0.358351	0.723069	-1        	1.06213 
713	46    	0.414528	0.636677	-1        	1.0453  
714	48    	0.343682	0.574076	-1        	1.03043 
715	45    	0.375897	0.593503	-1        	1.07497 
716	49    	0.286477	0.666052	-1        	1.0077  
717	46    	0.407743	0.498072	-1        	1.07497 
718	45    	0.273968	0.662573	-1        	1.07497 
719	47    	0.315586	0.610717	-1        	1.07497 
720	47    	0.328274	0.728544	-1        	1.08266 
721	48    	0.236117	0.615651	-1        	1.08266 
722	47    	0.443882	0.618788	-1        	1.12528 
723	43    	0.484721	0.543092	-1        	1.13382 
724	48    	0.421899	0.491274	-1        	1.12064 
725	48    	0.324302	0.622176	-1        	1.12064 
726	44    	0.247254	0.689301	-1        	1.04145 
727	47    	0.398465	0.56267 	-1        	1.03751 
728	47    	0.319804	0.65142 	-1        	1.04008 
729	46    	0.373949	0.665157	-1        	1.04605 
730	46    	0.362225	0.682272	-1        	1.13998 
731	45    	0.429603	0.626845	-1        	1.13998 
732	47    	0.353498	0.578037	-1        	1.19007 
733	45    	0.38108 	0.533131	-1        	1.19007 
734	43    	0.355194	0.728864	-1        	1.19007 
735	47    	0.403019	0.518707	-1        	1.19007 
736	45    	0.48898 	0.530102	-1        	1.19007 
737	46    	0.374803	0.623299	-1        	1.19007 
738	47    	0.39837 	0.587509	-1        	1.13999 
739	45    	0.357536	0.721195	-1        	1.13999 
740	47    	0.560939	0.527643	-1        	1.13999 
741	47    	0.562982	0.527686	-1        	1.13999 
742	46    	0.41743 	0.541742	-1        	1.19007 
743	49    	0.274469	0.603386	-1        	1.16742 
744	44    	0.54712 	0.442486	-1        	1.16742 
745	45    	0.207831	0.751324	-1        	1.16742 
746	48    	0.52303 	0.584453	-1        	1.14441 
747	44    	0.396097	0.626761	-1        	1.11943 
748	44    	0.590696	0.435516	-1        	1.12659 
749	44    	0.392825	0.633238	-1        	1.12659 
750	39    	0.50277 	0.530636	-1        	1.12659 
751	47    	0.480396	0.344668	0.098582  	1.18458 
752	45    	0.494448	0.616178	-1        	1.18646 
753	45    	0.424864	0.600131	-1        	1.13672 
754	49    	0.138002	0.685395	-1        	1.17931 
755	48    	0.406649	0.581785	-1        	1.17931 
756	47    	0.353246	0.469809	-1        	1.17931 
757	46    	0.536132	0.527631	-1        	1.18676 
758	48    	0.393789	0.542008	-1        	1.17618 
759	47    	0.436453	0.513103	-1        	1.17618 
760	46    	0.143709	0.751032	-1        	1.16758 
761	47    	0.423346	0.50135 	-1        	1.17294 
762	46    	0.238045	0.623038	-1        	1.17294 
763	47    	0.402157	0.580849	-1        	1.16596 
764	47    	0.190044	0.639597	-1        	1.16538 
765	44    	0.46642 	0.501265	-1        	1.18613 
766	47    	0.239692	0.63161 	-1        	1.18613 
767	45    	0.358848	0.549967	-1        	1.15118 
768	49    	0.49149 	0.497908	-1        	1.1702  
769	49    	0.398459	0.558317	-1        	1.12656 
770	48    	0.419306	0.481286	-1        	1.14762 
771	44    	0.478577	0.502243	-1        	1.17429 
772	47    	0.368591	0.475242	-1        	1.10413 
773	46    	0.443188	0.525399	-1        	1.11894 
774	43    	0.203499	0.636144	-1        	1.11894 
775	46    	0.484085	0.551569	-1        	1.1443  
776	47    	0.418972	0.535228	-1        	1.1443  
777	47    	0.471101	0.495216	-1        	1.11375 
778	48    	0.55265 	0.510509	-1        	1.14368 
779	48    	0.390448	0.520171	-1        	1.14368 
780	45    	0.397238	0.574355	-1        	1.14368 
781	45    	0.42958 	0.477807	-1        	1.1459  
782	46    	0.456067	0.385926	-1        	1.1459  
783	48    	0.383741	0.399521	-1        	1.1459  
784	49    	0.360045	0.493717	-1        	1.04764 
785	44    	0.411338	0.50452 	-1        	1.04764 
786	48    	0.478228	0.473933	-1        	1.05832 
787	46    	0.425497	0.505552	-1        	1.10455 
788	45    	0.38224 	0.638349	-1        	1.10455 
789	47    	0.506561	0.424219	-1        	1.10478 
790	48    	0.534259	0.311229	-0.02     	1.10455 
791	45    	0.589233	0.467947	-1        	1.16447 
792	46    	0.427986	0.518983	-1        	1.11218 
793	47    	0.503393	0.446691	-1        	1.11218 
794	47    	0.510994	0.398832	-1        	1.11218 
795	45    	0.421521	0.6171  	-1        	1.11218 
796	45    	0.489775	0.527477	-1        	1.15376 
797	46    	0.58779 	0.471979	-1        	1.15376 
798	45    	0.646292	0.407301	-1        	1.11218 
799	47    	0.369894	0.595185	-1        	1.11218 
800	46    	0.485945	0.492238	-1        	1.11218 
801	44    	0.677383	0.320847	0.255037  	1.11218 
802	48    	0.354418	0.551041	-1        	1.11218 
803	48    	0.382518	0.533979	-1        	1.11218 
804	46    	0.543923	0.497161	-1        	1.11218 
805	48    	0.379663	0.506842	-1        	1.11218 
806	48    	0.427224	0.534335	-1        	1.11022 
807	45    	0.562559	0.507572	-1        	1.13546 
808	49    	0.258995	0.666212	-1        	1.11161 
809	47    	0.515406	0.59262 	-1        	1.11022 
810	40    	0.367833	0.716122	-1        	1.11022 
811	46    	0.467866	0.498569	-1        	1.11022 
812	43    	0.421847	0.531667	-1        	1.11276 
813	47    	0.473104	0.483537	-1        	1.11022 
814	46    	0.476021	0.491806	-1        	1.11022 
815	47    	0.465905	0.5692  	-1        	1.10931 
816	47    	0.336908	0.566727	-1        	1.05875 
817	43    	0.520292	0.361999	-1        	1.05875 
818	44    	0.560327	0.40588 	-1        	1.05875 
819	47    	0.43539 	0.467373	-1        	1.05875 
820	47    	0.453337	0.353508	-1        	1.11217 
821	45    	0.333817	0.611794	-1        	1.11217 
822	46    	0.460479	0.472344	-1        	1.04377 
823	44    	0.495981	0.500959	-1        	1.06073 
824	48    	0.368826	0.544587	-1        	1.06001 
825	48    	0.467083	0.469164	-1        	1.06001 
826	43    	0.56065 	0.301589	0.19863   	1.04872 
827	46    	0.395394	0.520891	-1        	1.11216 
828	48    	0.400207	0.537281	-1        	1.11216 
829	47    	0.347413	0.53962 	-1        	1.0334  
830	45    	0.408099	0.521156	-1        	1.11216 
831	46    	0.324218	0.587929	-1        	1.05524 
832	47    	0.368883	0.604994	-1        	1.09438 
833	49    	0.462702	0.492824	-1        	1.10514 
834	47    	0.410532	0.532776	-1        	1.13226 
835	42    	0.470554	0.511988	-1        	1.13226 
836	45    	0.334632	0.640756	-1        	1.14212 
837	46    	0.404658	0.56065 	-1        	1.11617 
838	47    	0.498176	0.42275 	-1        	1.11617 
839	43    	0.559667	0.473678	-1        	1.09166 
840	47    	0.457997	0.558987	-1        	1.11909 
841	44    	0.401569	0.491532	-1        	1.11909 
842	45    	0.359952	0.531636	-1        	1.09225 
843	45    	0.399636	0.523456	-1        	1.21595 
844	46    	0.440653	0.509519	-1        	1.1002  
845	46    	0.495636	0.522307	-1        	1.1002  
846	44    	0.563988	0.353368	0.174253  	1.11807 
847	45    	0.457351	0.506179	-1        	1.11807 
848	47    	0.321852	0.501968	-1        	1.11807 
849	46    	0.393365	0.489327	-1        	1.11807 
850	46    	0.405293	0.588254	-1        	1.11559 
851	48    	0.376591	0.537726	-1        	1.11321 
852	46    	0.423559	0.45966 	-1        	1.11856 
853	46    	0.408368	0.456707	-1        	1.11856 
854	45    	0.38218 	0.523857	-1        	1.11321 
855	47    	0.290996	0.582157	-1        	1.10855 
856	42    	0.451992	0.458861	-1        	1.08926 
857	47    	0.33688 	0.462548	-1        	1.10768 
858	46    	0.259794	0.520099	-1        	1.06232 
859	44    	0.462049	0.321647	0.112762  	1.11501 
860	46    	0.202878	0.612875	-1        	1.11501 
861	46    	0.387921	0.51504 	-1        	1.11501 
862	45    	0.490592	0.388349	-1        	1.11501 
863	42    	0.550659	0.34345 	0.0763855 	1.11501 
864	44    	0.430475	0.473875	-1        	1.02956 
865	46    	0.488485	0.46257 	-1        	1.05687 
866	45    	0.40254 	0.496047	-1        	1.10449 
867	46    	0.327984	0.578876	-1        	1.10449 
868	43    	0.422187	0.59616 	-1        	1.11278 
869	44    	0.391227	0.630084	-1        	1.12476 
870	43    	0.58723 	0.433556	-1        	1.11278 
871	49    	0.333941	0.546646	-1        	1.07223 
872	44    	0.454202	0.523202	-1        	1.07223 
873	50    	0.320282	0.517626	-1        	1.13413 
874	46    	0.449609	0.363022	-1        	1.11213 
875	45    	0.529567	0.506924	-1        	1.13413 
876	44    	0.41785 	0.649972	-1        	1.17353 
877	45    	0.439071	0.518007	-1        	1.17761 
878	45    	0.458714	0.466324	-1        	1.18819 
879	45    	0.50392 	0.415708	-1        	1.17761 
880	43    	0.452503	0.552997	-1        	1.17761 
881	45    	0.483575	0.389978	-1        	1.17761 
882	50    	0.427295	0.425331	-1        	1.05103 
883	48    	0.367014	0.432425	-1        	1.10643 
884	45    	0.498297	0.426165	-1        	1.10643 
885	47    	0.470955	0.544593	-1        	1.16094 
886	48    	0.488165	0.398127	-1        	1.16546 
887	46    	0.432316	0.484224	-1        	1.11021 
888	47    	0.369938	0.438171	-1        	1.10643 
889	46    	0.42441 	0.469683	-1        	1.10643 
890	49    	0.490483	0.488189	-1        	1.08364 
891	44    	0.603661	0.435354	-1        	1.08364 
892	47    	0.299176	0.558756	-1        	1.08364 
893	46    	0.473243	0.486427	-1        	1.08364 
894	47    	0.35235 	0.580801	-1        	1.17493 
895	45    	0.422586	0.485898	-1        	1.15641 
896	48    	0.338263	0.487044	-1        	1.13599 
897	46    	0.47301 	0.452655	-1        	1.13599 
898	44    	0.463767	0.395028	-1        	1.10986 
899	44    	0.447404	0.487925	-1        	1.1549  
900	46    	0.468763	0.432962	-1        	1.1549  
901	42    	0.489317	0.460684	-1        	1.16821 
902	45    	0.42941 	0.565795	-1        	1.17529 
903	45    	0.407576	0.544401	-1        	1.16821 
904	46    	0.438036	0.544069	-1        	1.16837 
905	47    	0.487256	0.415599	-1        	1.16821 
906	49    	0.44174 	0.28674 	0.166968  	1.16821 
907	48    	0.44063 	0.355195	-1        	1.16821 
908	50    	0.518006	0.375972	-1        	1.16821 
909	44    	0.440927	0.541652	-1        	1.16821 
910	43    	0.512974	0.484126	-1        	1.16821 
911	49    	0.328151	0.684361	-1        	1.17493 
912	48    	0.327085	0.410423	-1        	1.17493 
913	46    	0.314728	0.533482	-1        	1.16572 
914	49    	0.316405	0.533325	-1        	1.17493 
915	45    	0.433239	0.462914	-1        	1.17493 
916	46    	0.416138	0.391511	-1        	1.17493 
917	47    	0.371559	0.523029	-1        	1.17493 
918	45    	0.462933	0.391614	-1        	1.17493 
919	47    	0.283187	0.573537	-1        	1.17453 
920	44    	0.356304	0.57484 	-1        	1.17453 
921	44    	0.479978	0.418706	-1        	1.16693 
922	45    	0.478073	0.417456	-1        	1.16926 
923	47    	0.445629	0.398167	-1        	1.16693 
924	45    	0.424898	0.439291	-1        	1.16693 
925	46    	0.440688	0.445497	-1        	1.16725 
926	48    	0.38177 	0.478531	-1        	1.16725 
927	46    	0.353156	0.552513	-1        	1.16725 
928	42    	0.419331	0.459945	-1        	1.16725 
929	46    	0.427156	0.507344	-1        	1.16725 
930	42    	0.440894	0.40758 	-1        	1.16725 
931	48    	0.370097	0.518205	-1        	1.15504 
932	44    	0.409071	0.433728	-1        	1.15504 
933	45    	0.446632	0.370701	-1        	1.1063  
934	46    	0.44798 	0.495786	-1        	1.1063  
935	45    	0.400878	0.431564	-1        	1.15522 
936	47    	0.350968	0.564031	-1        	1.17147 
937	49    	0.362294	0.503544	-1        	1.15522 
938	47    	0.460858	0.380299	-1        	1.1482  
939	46    	0.401437	0.538166	-1        	1.15522 
940	49    	0.325836	0.499047	-1        	1.10165 
941	48    	0.386934	0.527221	-1        	1.1672  
942	45    	0.414329	0.522585	-1        	1.1672  
943	46    	0.503524	0.471307	-1        	1.1584  
944	46    	0.343155	0.510496	-1        	1.1584  
945	46    	0.326293	0.377861	-1        	1.16164 
946	48    	0.277869	0.338897	-1        	1.1584  
947	44    	0.306586	0.494757	-1        	1.1584  
948	41    	0.441233	0.561894	-1        	1.1703  
949	49    	0.476683	0.347666	-0.0200001	1.14483 
950	46    	0.468738	0.384346	-1        	1.14483 
951	46    	0.548771	0.338343	0.192884  	1.14483 
952	47    	0.307437	0.492289	-1        	1.14483 
953	45    	0.466563	0.390212	-1        	1.1703  
954	46    	0.366062	0.557168	-1        	1.11877 
955	47    	0.451685	0.366826	-1        	1.11687 
956	48    	0.38898 	0.351368	-1        	1.09798 
957	45    	0.326645	0.490744	-1        	1.09798 
958	46    	0.413632	0.465435	-1        	1.12198 
959	47    	0.400919	0.479354	-1        	1.14081 
960	48    	0.387964	0.464279	-1        	1.10047 
961	46    	0.349933	0.534232	-1        	1.12147 
962	43    	0.462204	0.426711	-1        	1.13313 
963	44    	0.441969	0.363983	-1        	1.13313 
964	45    	0.332862	0.491547	-1        	1.13313 
965	45    	0.48    	0.393432	-1        	1.16728 
966	47    	0.325738	0.504012	-1        	1.16728 
967	45    	0.419648	0.427836	-1        	1.20773 
968	49    	0.37302 	0.505253	-1        	1.16621 
969	43    	0.526704	0.332388	0.0999779 	1.16621 
970	47    	0.474405	0.382562	-1        	1.20337 
971	47    	0.34072 	0.638161	-1        	1.20337 
972	44    	0.487215	0.525139	-1        	1.20337 
973	48    	0.432126	0.382907	-1        	1.20337 
974	47    	0.435349	0.373529	-1        	1.20337 
975	45    	0.455548	0.372161	-1        	1.20337 
976	46    	0.433871	0.466308	-1        	1.20337 
977	45    	0.477932	0.323408	-0.0149992	1.13599 
978	44    	0.432457	0.369253	-1        	1.13599 
979	40    	0.552121	0.349295	0.150362  	1.13599 
980	46    	0.520256	0.350427	0.137375  	1.13599 
981	47    	0.428193	0.43618 	-1        	1.13599 
982	47    	0.435525	0.445472	-1        	1.13599 
983	46    	0.443089	0.48382 	-1        	1.13599 
984	47    	0.465098	0.460759	-1        	1.14079 
985	48    	0.455188	0.378358	-1        	1.13599 
986	45    	0.442574	0.494977	-1        	1.09576 
987	43    	0.433062	0.433145	-1        	1.09576 
988	45    	0.497302	0.403723	-1        	1.09576 
989	44    	0.447626	0.445945	-1        	1.09576 
990	47    	0.492824	0.334173	-0.0166651	1.09576 
991	45    	0.516627	0.447347	-1        	1.09576 
992	45    	0.436322	0.373887	-1        	1.09576 
993	47    	0.34453 	0.535455	-1        	1.09576 
994	49    	0.48602 	0.361476	-1        	1.13599 
995	47    	0.407451	0.506623	-1        	1.13599 
996	45    	0.551181	0.330799	-0.0166666	1.11423 
997	45    	0.465064	0.403441	-1        	1.08541 
998	45    	0.421968	0.489637	-1        	1.08541 
999	47    	0.472811	0.393563	-1        	1.08307 
1000	43    	0.352091	0.611191	-1        	1.08307 
