Argument values: path=C:\Users\1625203\Downloads\Framsticks50rc22\Framsticks50rc22, lib=None, sim=eval-allcriteria.sim;deterministic.sim;sample-period-2.sim;f9-mut-0.sim, genformat=None, initialgenotype=/*9*/BLU, opt=vertpos, popsize=50, generations=1000, tournament=10, pmut=0.9, pxov=0.2, hof_size=1, hof_savefile=None, max_numparts=30, max_numjoints=None, max_numneurons=None, max_numconnections=None, max_numgenochars=50
Using Framsticks version: 5.0rc22
Home (writable) dir     : C:\Users\1625203\Downloads\Framsticks50rc22\Framsticks50rc22\data
Resources dir           : C:\Users\1625203\Downloads\Framsticks50rc22\Framsticks50rc22\data

Available objects: ['CheckpointEvent', 'Collision', 'CrCollision', 'Creature', 'CreatureSettings', 'CreatureSignals', 'CreatureSnapshot', 'Dictionary', 'ExpProperties', 'ExpState', 'ExtValue', 'File', 'FunctionReference', 'GenMan', 'GenManStats', 'GenePool', 'GenePools', 'Geno', 'Genotype', 'Interface', 'Joint', 'Loader', 'Math', 'MechJoint', 'MechPart', 'MessageCatcher', 'Model', 'ModelGeometry', 'ModelSymmetry', 'Neuro', 'NeuroClass', 'NeuroClassLibrary', 'NeuroDef', 'NeuroSignals', 'NeuronsSimEnabled', 'ODE', 'Orient', 'Part', 'Population', 'Populations', 'Ref', 'Signal', 'SignalView', 'SimilMeasure', 'SimilMeasureDistribution', 'SimilMeasureGreedy', 'SimilMeasureHungarian', 'Simulator', 'SlaveSimulators', 'StopEvent', 'String', 'UserScripts', 'Vector', 'WireframeAppearance', 'World', 'WorldMap', 'WorldSignals', 'XYZ', '__builtins__', '__cached__', '__doc__', '__file__', '__loader__', '__name__', '__package__', '__spec__', 'c_api', 'ctypes', 'home_dir', 'init', 'os', 're', 'res_dir', 'sim_params', 'stats', 'sys']

Performing a basic test 1/2... OK.
Performing a basic test 2/2... OK.
Using settings: ['eval-allcriteria.sim', 'deterministic.sim', 'sample-period-2.sim', 'f9-mut-0.sim']
gen	nevals	avg     	stddev	min     	max     
0  	50    	0.218369	0     	0.218369	0.218369
1  	45    	0.104618	0.128191	-0.016  	0.514537
2  	45    	0.138987	0.177339	-0.0160001	0.582913
3  	44    	0.273332	0.186681	-0.016    	0.592077
4  	47    	0.234977	0.162649	-0.0171429	0.592077
5  	49    	0.23633 	0.183789	-0.02     	0.516463
6  	44    	0.272297	0.175448	-0.0160001	0.813708
7  	45    	0.294045	0.21739 	-0.0166666	0.813756
8  	46    	0.252125	0.244768	-0.0166667	0.813756
9  	43    	0.340533	0.272009	-0.0166667	0.813756
10 	46    	0.309798	0.299818	-0.0166667	0.813756
11 	44    	0.319817	0.274177	-0.0166667	0.813756
12 	40    	0.369107	0.305316	-0.0166667	0.813756
13 	45    	0.260175	0.285321	-0.0171428	0.813756
14 	49    	0.232475	0.242693	-0.02     	0.813756
15 	47    	0.241155	0.276351	-0.0171429	0.813756
16 	48    	0.293849	0.257542	-0.0175   	0.813756
17 	46    	0.353836	0.269859	-0.0166667	0.820835
18 	46    	0.333984	0.246356	-0.0171429	0.813756
19 	47    	0.296248	0.24048 	-0.0166667	0.820835
20 	47    	0.242416	0.218254	-0.02     	0.813756
21 	47    	0.231613	0.202871	-0.0166667	0.617164
22 	49    	0.278332	0.200175	-0.0175   	0.705857
23 	46    	0.308097	0.216106	-0.02     	0.73028 
24 	48    	0.336539	0.217804	-0.0166667	0.732505
25 	47    	0.319509	0.256745	-0.0175   	0.812825
26 	43    	0.366216	0.255944	-0.0171429	0.812977
27 	48    	0.332174	0.241138	-0.02     	0.732839
28 	44    	0.378414	0.225065	-0.0171429	0.732839
29 	50    	0.385688	0.200311	-0.0175   	0.706312
30 	46    	0.441216	0.21993 	-0.0171428	0.833493
31 	47    	0.417   	0.261456	-0.0171428	0.833485
32 	48    	0.436768	0.272729	-0.0174999	0.833493
33 	48    	0.421828	0.282801	-0.02     	0.836975
34 	46    	0.34741 	0.3001  	-0.0171428	0.833493
35 	44    	0.379323	0.294446	-0.02     	0.838461
36 	41    	0.403006	0.314729	-0.0171428	0.875598
37 	46    	0.39137 	0.300756	-0.0171428	0.944602
38 	47    	0.375839	0.296704	-0.0200001	0.944602
39 	47    	0.42919 	0.320651	0.0538612 	0.944602
40 	49    	0.402732	0.291009	-0.0166667	0.950297
41 	45    	0.468691	0.317937	0.0507285 	0.950297
42 	46    	0.461226	0.307207	0.0663194 	0.952238
43 	47    	0.381833	0.28973 	0.0759403 	0.952238
44 	47    	0.427539	0.298422	-0.0175   	0.95009 
45 	45    	0.460612	0.299067	-0.0175   	0.887382
46 	48    	0.382115	0.29256 	-0.0177778	0.946387
47 	44    	0.383523	0.292509	-0.0166667	0.952277
48 	44    	0.461829	0.309342	-0.0166668	0.952277
49 	47    	0.448452	0.301685	0.0334729 	1.01145 
50 	45    	0.380966	0.307445	-0.016    	0.950098
51 	48    	0.499292	0.297113	-0.0166667	0.980272
52 	47    	0.444704	0.320072	0.0551829 	0.980272
53 	43    	0.547768	0.317985	0.0850854 	0.980272
54 	46    	0.450565	0.310739	0.06713   	1.01109 
55 	41    	0.477113	0.325581	-0.0149999	1.00922 
56 	45    	0.518636	0.306533	0.152155  	1.00922 
57 	46    	0.447298	0.314158	0.0806751 	1.00922 
58 	46    	0.50116 	0.316432	-0.0171429	1.01512 
59 	44    	0.48679 	0.346411	-0.0175   	1.00922 
60 	44    	0.462345	0.330455	0.0590021 	1.00922 
61 	48    	0.460509	0.311619	0.144355  	1.01897 
62 	46    	0.489318	0.319725	0.078587  	1.01897 
63 	47    	0.525132	0.310777	-0.015    	1.01952 
64 	48    	0.486485	0.284913	0.124921  	1.01897 
65 	43    	0.477268	0.324096	0.114459  	1.01952 
66 	49    	0.526775	0.325293	0.0523169 	1.01952 
67 	46    	0.466588	0.321604	-0.0166667	1.01952 
68 	47    	0.548603	0.332342	0.0755013 	1.01952 
69 	46    	0.495301	0.312659	-0.00671136	1.04742 
70 	50    	0.486519	0.307812	0.0781346  	1.01902 
71 	48    	0.449197	0.319493	-0.015     	1.00421 
72 	45    	0.462385	0.316658	-0.0133334 	1.01767 
73 	47    	0.402434	0.317326	-0.0171429 	1.00421 
74 	46    	0.470168	0.319653	0.0564169  	1.00421 
75 	45    	0.450413	0.3451  	-0.015     	1.04742 
76 	46    	0.443526	0.326826	-0.015     	1.04742 
77 	45    	0.508216	0.357377	-0.0177777 	1.04742 
78 	47    	0.39157 	0.287684	0.0662168  	1.04742 
79 	49    	0.48182 	0.289346	0.0858217  	1.00633 
80 	45    	0.483968	0.306629	0.0715694  	1.00633 
81 	43    	0.584431	0.306837	0.111068   	1.04742 
82 	48    	0.332829	0.300925	-0.0171429 	1.04742 
83 	44    	0.40891 	0.29021 	-0.01      	1.04742 
84 	39    	0.503608	0.335584	0.0662168  	1.04742 
85 	48    	0.424367	0.318137	-0.015     	1.04742 
86 	48    	0.446287	0.29758 	-0.02      	0.986309
87 	45    	0.450309	0.295075	-0.016     	0.986309
88 	47    	0.469816	0.290667	0.0583649  	0.981098
89 	48    	0.361376	0.285156	-0.017143  	0.906029
90 	45    	0.488568	0.269503	0.0985836  	0.916526
91 	46    	0.508583	0.293654	-0.0150001 	0.9326  
92 	46    	0.518838	0.288276	0.0608451  	0.924458
93 	46    	0.470992	0.276406	0.0580698  	0.924458
94 	43    	0.523388	0.294049	0.0732689  	0.924458
95 	43    	0.528528	0.292999	0.120332   	1.01632 
96 	47    	0.427087	0.291565	-0.0133334 	1.01767 
97 	43    	0.473314	0.305315	0.076883   	1.01632 
98 	43    	0.453025	0.282411	0.0731434  	1.01632 
99 	48    	0.495545	0.266512	-0.0133333 	0.93053 
100	49    	0.482767	0.278604	0.0903676  	0.938297
101	42    	0.49014 	0.295686	0.0815619  	0.938297
102	48    	0.487612	0.287273	0.09879    	0.938297
103	47    	0.479414	0.282186	0.144142   	1.01853 
104	44    	0.380086	0.27783 	-0.0150001 	0.936216
105	46    	0.471275	0.274129	-0.0160001 	0.935598
106	48    	0.343712	0.272909	-0.0133333 	1.01376 
107	45    	0.414644	0.287459	0.0809912  	1.01376 
108	48    	0.461723	0.316552	-0.0159963 	1.01376 
109	45    	0.34992 	0.27001 	0.0698862  	1.01376 
110	47    	0.364613	0.274651	-0.0175    	1.01376 
111	48    	0.35044 	0.24949 	0.0652019  	1.01376 
112	47    	0.398729	0.268291	-0.0133333 	0.92451 
113	47    	0.45116 	0.269924	-0.0150001 	0.936216
114	46    	0.423096	0.284607	0.0834386  	0.922798
115	43    	0.468015	0.30305 	0.0754641  	0.927035
116	48    	0.341617	0.289569	-0.0160001 	0.936543
117	49    	0.33996 	0.229405	-0.015     	0.933235
118	45    	0.442275	0.23541 	0.115969   	0.933235
119	46    	0.396088	0.249253	-0.0133333 	0.857585
120	46    	0.423119	0.25842 	0.0955206  	0.934976
121	45    	0.394009	0.280379	-0.02      	0.934976
122	47    	0.391402	0.251984	-0.0149999 	0.857585
123	47    	0.465549	0.265467	0.139223   	0.93149 
124	46    	0.393408	0.263316	-0.02      	0.931429
125	46    	0.424836	0.267416	-0.0133333 	0.931429
126	44    	0.401781	0.251159	0.0994834  	0.930594
127	47    	0.424277	0.285091	0.0986982  	0.930594
128	48    	0.457532	0.294017	-0.00671136	0.930594
129	42    	0.501909	0.277926	0.139938   	0.930594
130	47    	0.492301	0.266334	0.118643   	0.930594
131	47    	0.48301 	0.277287	-0.0160001 	0.940811
132	45    	0.444927	0.28263 	0.0591073  	0.940811
133	46    	0.420748	0.277104	0.0993096  	0.940811
134	47    	0.474968	0.308214	0.0751939  	1.04195 
135	44    	0.542039	0.31634 	-0.0150001 	1.05704 
136	44    	0.502616	0.338315	-0.015     	1.05704 
137	50    	0.392271	0.320415	-0.0166667 	1.05704 
138	47    	0.487634	0.322423	-0.0160001 	1.05704 
139	46    	0.527611	0.344586	0.0759072  	1.04198 
140	44    	0.452799	0.314307	0.0754333  	1.04198 
141	43    	0.552034	0.353011	-0.0175    	1.05704 
142	44    	0.603835	0.361119	0.12735    	1.15728 
143	49    	0.481989	0.383113	-0.0171428 	1.15739 
144	47    	0.499072	0.360498	-0.0149999 	1.15739 
145	48    	0.436058	0.369021	-0.015     	1.15728 
146	47    	0.41773 	0.397435	-0.0181818 	1.15728 
147	43    	0.451849	0.376054	-0.0166667 	1.15728 
148	45    	0.417471	0.355712	0.0672163  	1.15728 
149	48    	0.435851	0.340385	-0.0166667 	1.15728 
150	45    	0.475778	0.357487	0.0667549  	1.15728 
151	47    	0.463532	0.343913	-0.0177778 	1.12308 
152	47    	0.467775	0.330582	0.0738761  	1.15728 
153	48    	0.503435	0.313457	-0.02      	1.07156 
154	45    	0.561384	0.32166 	0.0937491  	1.07156 
155	45    	0.490395	0.34526 	-0.0166667 	1.07156 
156	49    	0.418874	0.355226	-0.0166667 	1.12308 
157	47    	0.494257	0.322848	-0.0133333 	1.12308 
158	48    	0.410159	0.308873	-0.0177778 	0.972127
159	47    	0.505438	0.294438	0.0762979  	0.974818
160	48    	0.610218	0.3011  	-0.015     	1.0486  
161	46    	0.509565	0.359023	-0.0171429 	1.12178 
162	45    	0.638012	0.407168	-1         	1.12178 
163	46    	0.703465	0.343874	0.0586081  	1.12178 
164	49    	0.602912	0.365478	0.122649   	1.12652 
165	47    	0.484136	0.417949	-1         	1.12178 
166	42    	0.578362	0.445673	-1         	1.12178 
167	50    	0.598598	0.340321	0.0711335  	1.04731 
168	45    	0.586425	0.361022	-0.0160001 	1.17697 
169	48    	0.691301	0.345009	0.128084   	1.17337 
170	45    	0.553681	0.383052	-0.0200001 	1.17337 
171	48    	0.520598	0.34638 	0.0396636  	1.17337 
172	45    	0.542279	0.362891	-0.016     	1.09701 
173	47    	0.489509	0.32503 	0.0816964  	1.09701 
174	44    	0.553102	0.356555	-0.0177778 	1.09701 
175	43    	0.608342	0.356487	0.089906   	1.09701 
176	49    	0.500793	0.352652	-0.0181818 	1.05269 
177	45    	0.525537	0.349022	-0.00889147	1.11022 
178	43    	0.612169	0.352071	-0.016     	1.11022 
179	47    	0.519688	0.346907	0.10777    	1.11022 
180	46    	0.508898	0.33804 	0.0746112  	1.11022 
181	45    	0.518681	0.411065	-1         	1.11022 
182	44    	0.594222	0.357757	0.0591007  	1.18518 
183	44    	0.502065	0.413921	-1         	1.11022 
184	45    	0.486253	0.353329	0.0513497  	1.11022 
185	48    	0.408071	0.323643	0.0746112  	1.11022 
186	43    	0.538588	0.368882	0.0746112  	1.11022 
187	47    	0.449193	0.325924	-0.016     	1.11022 
188	46    	0.525234	0.411257	-1         	1.10892 
189	48    	0.481817	0.332593	-0.0150001 	1.10885 
190	45    	0.471686	0.38233 	-1         	1.11295 
191	45    	0.514076	0.406039	-1         	1.11295 
192	46    	0.472345	0.319263	-0.0159918 	1.03985 
193	49    	0.452602	0.304758	-0.0166635 	1.04936 
194	45    	0.509135	0.371545	-1         	1.03985 
195	45    	0.623631	0.313608	0.0771764  	1.04936 
196	48    	0.541876	0.4482  	-1         	1.06232 
197	45    	0.495948	0.446701	-1         	1.07139 
198	48    	0.462938	0.299161	-0.016     	1.07139 
199	48    	0.464168	0.336771	-1         	1.07139 
200	44    	0.549025	0.276519	0.0747552  	1.05214 
201	46    	0.623002	0.373452	-1         	1.07139 
202	47    	0.609525	0.35087 	-0.015     	1.07139 
203	46    	0.572752	0.338859	-0.0149999 	1.07004 
204	46    	0.582724	0.40102 	-1         	1.10916 
205	46    	0.623547	0.399141	-1         	1.10916 
206	47    	0.574619	0.432552	-1         	1.14994 
207	49    	0.482171	0.323639	-0.0159965 	1.18591 
208	45    	0.597201	0.320498	-0.01      	1.18591 
209	47    	0.489266	0.320799	0.0665925  	1.18591 
210	47    	0.59026 	0.400225	-1         	1.18591 
211	46    	0.596962	0.344796	0.0464695  	1.18591 
212	48    	0.479774	0.470312	-1         	1.18591 
213	46    	0.500526	0.353895	-0.0171428 	1.18591 
214	46    	0.616499	0.35688 	-0.0166667 	1.18591 
215	45    	0.670972	0.365711	-0.02      	1.18591 
216	48    	0.603819	0.354498	-0.0133333 	1.18591 
217	48    	0.49212 	0.368938	-1         	1.11485 
218	46    	0.552609	0.296576	0.15217    	1.11485 
219	44    	0.603648	0.367997	-0.0166665 	1.14958 
220	43    	0.622808	0.3645  	-0.0133333 	1.14958 
221	49    	0.480643	0.345913	0.0884604  	1.12146 
222	48    	0.57005 	0.330716	0.13897    	1.1094  
223	44    	0.572404	0.322835	0.109896   	1.1094  
224	46    	0.506364	0.319018	-0.0175    	1.1094  
225	45    	0.567199	0.406559	-1         	1.11567 
226	43    	0.523276	0.348769	-0.016     	1.11567 
227	48    	0.583459	0.346854	0.11853    	1.11567 
228	43    	0.602399	0.344639	0.0939312  	1.12633 
229	45    	0.541506	0.346897	-0.0166666 	1.09192 
230	45    	0.496898	0.394125	-1         	1.09194 
231	45    	0.629256	0.352023	0.15072    	1.12835 
232	45    	0.527535	0.415333	-1         	1.12633 
233	47    	0.518427	0.341072	0.0686202  	1.12633 
234	47    	0.554251	0.344184	-0.016     	1.10948 
235	47    	0.56669 	0.338689	-0.0160001 	1.10948 
236	45    	0.486802	0.393115	-1         	1.10948 
237	45    	0.514484	0.344662	0.0646955  	1.10948 
238	48    	0.51097 	0.469663	-1         	1.18344 
239	42    	0.623692	0.370041	0.183592   	1.18344 
240	44    	0.538336	0.369501	-0.0171413 	1.07405 
241	44    	0.63856 	0.361914	0.151469   	1.09033 
242	49    	0.538058	0.394423	-1         	1.11554 
243	47    	0.498385	0.339411	-0.0175    	1.04756 
244	42    	0.620523	0.342873	-0.015     	1.1864  
245	45    	0.57122 	0.35675 	-0.02      	1.1865  
246	47    	0.408339	0.448105	-1         	1.1865  
247	44    	0.497224	0.333705	-0.015     	1.1865  
248	47    	0.550403	0.352285	-0.0166667 	1.11387 
249	46    	0.590535	0.335236	0.130318   	1.12409 
250	45    	0.581021	0.357615	-0.016     	1.11387 
251	46    	0.535001	0.360634	0.0590792  	1.11387 
252	45    	0.506171	0.519574	-1         	1.11387 
253	46    	0.575884	0.354924	0.0430384  	1.11379 
254	46    	0.531464	0.375829	-0.0166667 	1.11747 
255	47    	0.584661	0.420025	-1         	1.11747 
256	48    	0.453877	0.339673	-0.0171429 	1.11113 
257	44    	0.558095	0.320465	0.0964107  	1.11113 
258	46    	0.530143	0.326989	-0.02      	1.08547 
259	46    	0.519229	0.405837	-1         	1.11978 
260	45    	0.549894	0.348751	-0.0175    	1.11978 
261	46    	0.610622	0.323926	-0.0183334 	1.11978 
262	46    	0.519329	0.414905	-1         	1.11978 
263	45    	0.53304 	0.411671	-1         	1.12827 
264	46    	0.51067 	0.302772	0.179907   	1.12827 
265	49    	0.561662	0.30945 	0.0747907  	1.01388 
266	40    	0.575193	0.313333	0.0749897  	1.01388 
267	44    	0.523939	0.391779	-1         	1.01388 
268	45    	0.477498	0.310531	-0.015     	1.018   
269	47    	0.430447	0.262634	0.146293   	1.00405 
270	47    	0.385155	0.380513	-1         	0.990086
271	47    	0.435205	0.326331	-1         	1.00405 
272	44    	0.412071	0.445201	-1         	1.00405 
273	49    	0.471092	0.266916	0.106355   	0.995769
274	44    	0.453991	0.410646	-1         	1.04981 
275	49    	0.346286	0.432335	-1         	0.995769
276	49    	0.504117	0.364904	-1         	0.997343
277	45    	0.497101	0.351629	-1         	1.00646 
278	47    	0.517841	0.435411	-1         	1.00646 
279	47    	0.492852	0.298459	0.115214   	1.07539 
280	48    	0.412813	0.431697	-1         	1.07539 
281	45    	0.482859	0.350711	-0.0159976 	1.07539 
282	43    	0.457773	0.359843	0.150424   	1.07539 
283	48    	0.385945	0.311286	-0.0171416 	1.07539 
284	48    	0.43038 	0.383273	-1         	1.06746 
285	48    	0.517607	0.326744	-0.0171429 	1.07539 
286	42    	0.546652	0.356608	0.107142   	1.07539 
287	45    	0.393205	0.357762	-0.02      	1.07539 
288	49    	0.399978	0.400893	-1         	1.14553 
289	44    	0.567555	0.393172	-0.018     	1.14505 
290	47    	0.334012	0.479276	-1         	1.07543 
291	47    	0.51818 	0.35982 	-0.0174925 	1.14852 
292	48    	0.429333	0.416191	-1         	1.14981 
293	46    	0.401919	0.41174 	-1         	1.14981 
294	41    	0.477559	0.434104	-1         	1.14981 
295	47    	0.409213	0.351165	0.066655   	1.14981 
296	45    	0.496335	0.387765	0.0481592  	1.14981 
297	46    	0.402149	0.466547	-1         	1.14981 
298	45    	0.469834	0.365459	-0.0166667 	1.14981 
299	47    	0.475213	0.433241	-1         	1.14981 
300	47    	0.494937	0.379516	-0.0166667 	1.14981 
301	47    	0.438322	0.355926	-0.016     	1.14981 
302	46    	0.465387	0.360364	0.0525829  	1.14798 
303	47    	0.420915	0.337982	-0.0175    	1.15011 
304	45    	0.492528	0.401252	-1         	1.05714 
305	47    	0.411112	0.332054	-0.0159998 	1.05714 
306	45    	0.466341	0.307871	-0.0133333 	0.985107
307	45    	0.488161	0.395166	-1         	1.00963 
308	44    	0.445383	0.34485 	-0.0150001 	1.01081 
309	45    	0.484147	0.406366	-1         	1.00973 
310	45    	0.60162 	0.343223	0.112377   	1.07044 
311	45    	0.555636	0.433227	-1         	1.14601 
312	45    	0.481928	0.435999	-1         	1.14601 
313	48    	0.478244	0.369686	-0.0166667 	1.14601 
314	46    	0.520294	0.373858	-0.0175    	1.14601 
315	45    	0.545476	0.401761	-0.0177778 	1.14601 
316	45    	0.506308	0.368882	0.137246   	1.14601 
317	48    	0.480491	0.362962	-0.0171429 	1.07498 
318	46    	0.498702	0.383127	-0.0175    	1.14342 
319	46    	0.568076	0.394374	-0.0175    	1.14342 
320	43    	0.565799	0.387164	-0.015     	1.14342 
321	46    	0.443327	0.382421	0.0479528  	1.14622 
322	44    	0.481009	0.395904	-0.017138  	1.14622 
323	46    	0.595077	0.398639	-0.016     	1.14622 
324	45    	0.490892	0.405154	-0.0166667 	1.15607 
325	48    	0.412554	0.401253	-1         	1.15607 
326	46    	0.531358	0.369874	-0.02      	1.14696 
327	50    	0.425723	0.404517	-1         	1.14477 
328	41    	0.542686	0.377727	-0.02      	1.14477 
329	45    	0.414614	0.373506	-1         	1.14477 
330	42    	0.58055 	0.347403	0.0876072  	1.18519 
331	43    	0.5197  	0.39496 	-0.0150001 	1.18519 
332	46    	0.453911	0.367213	-0.0177778 	1.18519 
333	46    	0.474432	0.340746	-0.0177778 	1.11818 
334	46    	0.487527	0.325777	-0.0183333 	1.07765 
335	44    	0.542399	0.32229 	0.0984617  	1.116   
336	44    	0.547829	0.337665	0.0604082  	1.116   
337	44    	0.550761	0.42012 	-1         	1.15384 
338	45    	0.535716	0.41225 	-1         	1.17383 
339	45    	0.553094	0.361286	0.153645   	1.17383 
340	41    	0.564127	0.372826	0.0926981  	1.17383 
341	48    	0.590569	0.340803	0.0845583  	1.17934 
342	47    	0.530334	0.401467	-1         	1.16241 
343	46    	0.494383	0.323549	-0.0175    	1.16241 
344	48    	0.514911	0.446699	-1         	1.16241 
345	46    	0.559513	0.399638	-1         	1.17383 
346	47    	0.46378 	0.404273	-1         	1.16241 
347	48    	0.47143 	0.331529	-0.01      	1.16241 
348	44    	0.490762	0.355055	-0.0171429 	1.16241 
349	45    	0.484298	0.353703	-0.0133334 	1.16241 
350	48    	0.469632	0.403943	-1         	1.16241 
351	47    	0.444091	0.36471 	-1         	1.16241 
352	49    	0.535041	0.289739	0.127663   	1.16241 
353	48    	0.49641 	0.397749	-1         	1.16241 
354	47    	0.53192 	0.340437	0.07515    	1.16241 
355	45    	0.530679	0.333276	0.116025   	1.16241 
356	47    	0.573423	0.350131	0.0901906  	1.16241 
357	48    	0.510756	0.333731	0.107234   	1.08979 
358	48    	0.422227	0.347897	-1         	1.03722 
359	43    	0.578509	0.331346	0.0791517  	1.05907 
360	45    	0.568904	0.316256	0.114084   	1.05907 
361	50    	0.328722	0.52678 	-1         	1.11431 
362	43    	0.474186	0.377181	-1         	1.11431 
363	44    	0.536512	0.337161	-0.0171428 	1.11431 
364	46    	0.464584	0.311182	0.158805   	1.11431 
365	47    	0.362788	0.396695	-1         	1.11431 
366	44    	0.53398 	0.288081	-0.0171339 	1.11836 
367	48    	0.475393	0.430865	-1         	1.11836 
368	43    	0.493495	0.37128 	-1         	1.11836 
369	47    	0.550554	0.317609	0.0727463  	1.11836 
370	46    	0.429728	0.43137 	-1         	1.11836 
371	42    	0.540669	0.343445	-0.0133332 	1.11605 
372	44    	0.501658	0.397598	-1         	1.11836 
373	45    	0.45701 	0.503665	-1         	1.11605 
374	45    	0.495701	0.335314	0.118442   	1.11836 
375	45    	0.510771	0.393395	-1         	1.11836 
376	45    	0.479427	0.331305	-0.0166666 	1.12113 
377	45    	0.50547 	0.328388	0.0758194  	1.12113 
378	44    	0.560627	0.321997	0.15963    	1.12113 
379	43    	0.52268 	0.379102	-0.0160001 	1.12113 
380	48    	0.421129	0.359888	-1         	1.12113 
381	46    	0.48929 	0.365271	-1         	1.12113 
382	49    	0.48217 	0.357319	-1         	1.12113 
383	49    	0.512638	0.315197	-0.0133333 	1.09044 
384	43    	0.570182	0.386484	-1         	1.13783 
385	46    	0.469355	0.41702 	-1         	1.12976 
386	49    	0.385428	0.47853 	-1         	1.02713 
387	44    	0.576941	0.289205	0.0728949  	1.02713 
388	44    	0.488998	0.471675	-1         	0.980525
389	47    	0.52018 	0.35623 	-1         	1.09014 
390	46    	0.459965	0.408125	-1         	1.09014 
391	47    	0.528579	0.375659	-1         	1.09111 
392	43    	0.532489	0.339422	0.210379   	1.09111 
393	47    	0.506939	0.337322	0.0753208  	1.12347 
394	49    	0.511928	0.364278	-1         	1.05689 
395	43    	0.483938	0.440255	-1         	1.03692 
396	44    	0.533177	0.443526	-1         	1.08384 
397	47    	0.371328	0.53834 	-1         	1.08384 
398	44    	0.487218	0.372536	-1         	1.08384 
399	48    	0.433522	0.266196	0.137423   	1.08384 
400	47    	0.389421	0.308331	-1         	1.09911 
401	47    	0.396204	0.226028	-0.02      	1.09911 
402	47    	0.437354	0.312468	-1         	1.08086 
403	45    	0.481233	0.417528	-1         	1.08086 
404	45    	0.522592	0.381796	-1         	1.09911 
405	45    	0.460339	0.343707	-1         	1.08845 
406	48    	0.477721	0.282347	-0.0166667 	1.1141  
407	47    	0.549783	0.360138	-1         	1.1141  
408	46    	0.46907 	0.301138	0.0668007  	1.1141  
409	43    	0.520395	0.288304	-0.0166652 	1.13061 
410	47    	0.511763	0.27587 	-0.0133334 	1.07602 
411	46    	0.488547	0.256423	0.0823718  	0.997045
412	46    	0.452711	0.336018	-1         	0.997045
413	44    	0.480276	0.275504	0.0924959  	0.997045
414	48    	0.506105	0.325873	-1         	0.997045
415	44    	0.506334	0.245459	-0.015     	0.997045
416	45    	0.540149	0.289731	-0.0175    	0.997045
417	46    	0.401201	0.370815	-1         	1.01552 
418	47    	0.501536	0.3302  	-1         	1.01552 
419	42    	0.480771	0.32978 	-1         	1.04538 
420	47    	0.446968	0.23404 	0.0862115  	0.97201 
421	45    	0.573645	0.213266	0.253397   	1.01552 
422	47    	0.522259	0.309375	-1         	1.00524 
423	46    	0.444394	0.37397 	-1         	0.95921 
424	41    	0.502713	0.398335	-1         	0.95921 
425	46    	0.422854	0.495184	-1         	0.95921 
426	44    	0.462809	0.387836	-1         	0.95921 
427	48    	0.537247	0.256901	0.116935   	0.948938
428	48    	0.5092  	0.259174	0.145585   	1.02007 
429	46    	0.527168	0.261049	-0.01      	1.02007 
430	45    	0.445631	0.236274	0.109795   	0.892025
431	45    	0.568748	0.249157	0.088731   	0.985844
432	47    	0.540978	0.261127	0.0962405  	0.985844
433	43    	0.631916	0.267265	0.0306601  	0.978145
434	43    	0.558514	0.27487 	0.168054   	1.05183 
435	47    	0.528726	0.269839	0.0992784  	1.05183 
436	50    	0.412571	0.374476	-1         	1.05799 
437	43    	0.493496	0.359302	-1         	1.05799 
438	48    	0.576653	0.273416	0.0474265  	1.05799 
439	42    	0.66819 	0.301992	0.0862408  	1.05799 
440	43    	0.493911	0.336947	-0.0175    	1.05799 
441	46    	0.543916	0.370235	-1         	1.11568 
442	47    	0.524548	0.370855	-1         	1.05799 
443	42    	0.595067	0.40137 	-1         	1.05799 
444	45    	0.548425	0.38796 	-1         	1.05447 
445	49    	0.556562	0.327467	0.0333755  	1.12242 
446	47    	0.384465	0.399735	-1         	1.12242 
447	47    	0.459471	0.427169	-1         	1.13497 
448	45    	0.493941	0.408443	-1         	1.13497 
449	46    	0.514125	0.429735	-1         	1.13634 
450	47    	0.494663	0.372173	-1         	1.13878 
451	49    	0.500628	0.367074	-1         	1.13878 
452	48    	0.392349	0.400848	-1         	1.13817 
453	46    	0.485275	0.273042	0.0334166  	1.13817 
454	40    	0.578819	0.384376	-1         	1.13817 
455	48    	0.437718	0.424201	-1         	1.13817 
456	47    	0.369869	0.443951	-1         	1.13817 
457	47    	0.501418	0.426288	-1         	1.05318 
458	46    	0.543516	0.377132	-1         	1.05143 
459	47    	0.484466	0.488129	-1         	1.13027 
460	45    	0.533245	0.464121	-1         	1.13027 
461	46    	0.543998	0.351447	-0.0177778 	1.13027 
462	45    	0.61008 	0.315102	0.159726   	1.05183 
463	49    	0.603053	0.388877	-1         	1.05183 
464	47    	0.608928	0.285421	0.140605   	1.05183 
465	46    	0.591946	0.385494	-1         	1.05183 
466	48    	0.536747	0.395917	-1         	1.04873 
467	44    	0.60846 	0.365199	-1         	1.07485 
468	45    	0.576306	0.374989	-1         	1.08255 
469	47    	0.577091	0.344736	-0.0171429 	1.08255 
470	45    	0.582716	0.404877	-1         	1.13027 
471	48    	0.505551	0.336888	-0.0175    	1.10727 
472	45    	0.432607	0.467844	-1         	1.08255 
473	48    	0.477368	0.357514	-1         	1.00524 
474	47    	0.567052	0.280036	0.0819671  	1.02874 
475	45    	0.544665	0.371626	-1         	1.06542 
476	47    	0.47815 	0.3034  	-0.0133333 	1.06542 
477	46    	0.527492	0.33896 	-0.02      	1.10394 
478	48    	0.417354	0.30716 	0.0935902  	1.10394 
479	47    	0.456111	0.32604 	-0.0183333 	1.10639 
480	47    	0.492386	0.321549	0.0935685  	1.10639 
481	45    	0.482312	0.302359	-0.0171428 	1.10639 
482	46    	0.474278	0.315143	-0.0166667 	1.14465 
483	47    	0.444968	0.332882	-0.0180001 	1.0915  
484	44    	0.477041	0.307862	-0.0175    	1.0915  
485	46    	0.540855	0.321613	0.10191    	1.0915  
486	42    	0.515032	0.331707	-0.015     	1.0915  
487	47    	0.522215	0.319401	-0.0175    	1.09858 
488	44    	0.554147	0.31989 	0.101533   	1.09858 
489	46    	0.460764	0.383562	-1         	1.09858 
490	44    	0.614867	0.335674	-0.0166667 	1.11093 
491	46    	0.487909	0.369959	-0.0183294 	1.21582 
492	47    	0.488968	0.45765 	-1         	1.0915  
493	43    	0.522702	0.354248	-0.0181819 	1.09493 
494	46    	0.527611	0.346644	0.141461   	1.11527 
495	44    	0.51313 	0.354051	0.08592    	1.13655 
496	44    	0.509291	0.350108	-0.018     	1.13655 
497	48    	0.469878	0.291368	0.099586   	1.13655 
498	48    	0.47901 	0.285512	0.160173   	1.11904 
499	43    	0.487389	0.281395	0.109315   	1.11904 
500	46    	0.449695	0.24634 	-0.0180001 	1.00997 
501	46    	0.467552	0.246551	0.116953   	1.00997 
502	42    	0.488458	0.263097	0.127441   	1.00997 
503	45    	0.537093	0.294428	0.136003   	1.11527 
504	48    	0.493189	0.293542	0.141679   	1.11527 
505	47    	0.505656	0.32302 	0.11906    	1.0527  
506	45    	0.510894	0.263275	0.15352    	1.0527  
507	43    	0.545485	0.300105	0.0928319  	1.0527  
508	45    	0.559315	0.312225	0.0748727  	1.0527  
509	45    	0.585475	0.316647	-0.0177778 	1.09493 
510	49    	0.464769	0.320641	-0.0175    	1.08504 
511	46    	0.50441 	0.308205	0.0994314  	1.10152 
512	46    	0.463633	0.303952	0.064632   	1.10152 
513	46    	0.588005	0.308837	-0.0175001 	1.10152 
514	46    	0.485983	0.313747	0.107715   	1.10152 
515	46    	0.496034	0.314921	-0.0160001 	1.13844 
516	50    	0.488533	0.31845 	-0.0166592 	1.11019 
517	46    	0.456289	0.26309 	0.149544   	1.11019 
518	45    	0.462672	0.289409	-0.0171428 	1.10152 
519	48    	0.414434	0.263436	0.125887   	1.10152 
520	44    	0.483377	0.299345	0.128412   	1.10152 
521	46    	0.427403	0.344228	-1         	1.10152 
522	46    	0.546357	0.320624	-0.0177765 	1.10152 
523	45    	0.492738	0.411674	-1         	1.10152 
524	48    	0.510347	0.340733	-0.0174998 	1.11079 
525	45    	0.481839	0.312168	-0.0171427 	1.11629 
526	47    	0.457348	0.284724	0.0977646  	1.10152 
527	44    	0.514052	0.292318	-0.0175001 	1.10152 
528	47    	0.452761	0.308076	-0.0177777 	1.10701 
529	47    	0.535471	0.363872	-1         	1.02345 
530	43    	0.539519	0.343896	-0.0177776 	1.02345 
531	44    	0.56559 	0.34318 	0.128285   	1.10898 
532	48    	0.494775	0.298539	0.134583   	1.05816 
533	45    	0.514713	0.272213	0.119599   	1.05816 
534	44    	0.524854	0.272775	0.178737   	1.02062 
535	47    	0.500221	0.307938	0.0952762  	1.08384 
536	43    	0.55666 	0.323533	0.0959133  	1.03965 
537	45    	0.459928	0.317732	-0.0181818 	1.08384 
538	47    	0.490098	0.403882	-1         	1.03965 
539	48    	0.515213	0.274429	0.132259   	1.07493 
540	49    	0.460372	0.294872	-0.02      	1.07493 
541	45    	0.507486	0.304578	0.113347   	1.0453  
542	48    	0.520636	0.369225	-1         	1.07657 
543	46    	0.4577  	0.365176	-1         	1.08539 
544	49    	0.472061	0.278006	-0.0183333 	1.11782 
545	47    	0.469252	0.318868	-0.0181817 	1.11782 
546	45    	0.539868	0.33569 	-0.0174999 	1.11782 
547	48    	0.46797 	0.292196	0.0563158  	1.04997 
548	44    	0.566546	0.318706	-0.0159942 	1.1141  
549	47    	0.533527	0.321929	0.0594402  	1.1141  
550	44    	0.53678 	0.314803	0.15397    	1.13538 
551	45    	0.517592	0.326569	0.0758619  	1.13538 
552	46    	0.515696	0.400369	-1         	1.12898 
553	42    	0.562   	0.331051	0.215842   	1.12898 
554	36    	0.572853	0.394527	0.0596177  	1.13593 
555	45    	0.531854	0.361296	0.0596177  	1.13592 
556	48    	0.470097	0.341454	-0.0166667 	1.13448 
557	49    	0.388648	0.260854	0.0848028  	1.13448 
558	49    	0.505739	0.286196	0.0968272  	1.05327 
559	46    	0.564282	0.326981	0.138104   	1.10939 
560	47    	0.56605 	0.32866 	0.131481   	1.10939 
561	47    	0.497438	0.326689	-0.0171411 	1.10939 
562	45    	0.571249	0.332898	0.110748   	1.13855 
563	44    	0.480976	0.333479	-0.0160001 	1.13855 
564	42    	0.517492	0.335263	0.114518   	1.11171 
565	48    	0.520915	0.342589	-0.0133333 	1.13561 
566	46    	0.569032	0.319478	0.179087   	1.11171 
567	44    	0.487011	0.378763	-1         	1.11171 
568	46    	0.571989	0.341935	0.0747611  	1.13624 
569	49    	0.388569	0.302769	-0.018     	1.13915 
570	46    	0.43871 	0.270358	0.079431   	1.13593 
571	46    	0.477989	0.304492	0.00646668 	1.13624 
572	43    	0.464375	0.368112	-1         	1.13624 
573	46    	0.470815	0.301308	0.0700928  	1.13624 
574	47    	0.464339	0.296071	0.0557156  	1.1204  
575	48    	0.574282	0.288446	-0.0175    	1.13593 
576	46    	0.460012	0.308641	0.0551429  	1.13593 
577	48    	0.518193	0.279214	0.183369   	1.13915 
578	47    	0.519353	0.345481	-0.0166667 	1.13915 
579	43    	0.524394	0.348984	0.0732883  	1.13593 
580	45    	0.538405	0.337533	0.171563   	1.13593 
581	46    	0.595918	0.345092	0.109199   	1.13624 
582	47    	0.518379	0.349847	0.0941611  	1.13624 
583	44    	0.444299	0.320182	0.0589653  	1.13624 
584	50    	0.440275	0.286893	0.05491    	1.13515 
585	50    	0.50814 	0.278915	0.113696   	1.13624 
586	47    	0.529539	0.320606	-0.0177778 	1.13624 
587	47    	0.499193	0.323999	-0.0166667 	1.13624 
588	45    	0.395962	0.26688 	-0.0166654 	1.13624 
589	44    	0.430605	0.293936	-0.015     	1.13624 
590	48    	0.405763	0.3442  	-1         	1.13624 
591	47    	0.446078	0.353047	-1         	1.13624 
592	42    	0.476647	0.286194	0.166823   	1.13624 
593	47    	0.466744	0.278155	0.169661   	1.0847  
594	47    	0.507429	0.303894	0.0738148  	1.01864 
595	48    	0.469125	0.309416	-0.0171428 	1.01864 
596	43    	0.416548	0.319438	-0.0177778 	1.01864 
597	46    	0.45104 	0.320986	-0.018     	1.01864 
598	46    	0.452802	0.337369	-0.0171428 	1.01864 
599	45    	0.445372	0.332051	0.116513   	1.01864 
600	47    	0.433074	0.324617	0.105952   	1.05915 
601	46    	0.371553	0.300853	-0.0171415 	1.01864 
602	48    	0.430912	0.287598	0.085682   	1.01864 
603	47    	0.436084	0.329358	-0.0166667 	1.06157 
604	45    	0.44545 	0.339016	-0.0171429 	1.06157 
605	45    	0.480757	0.353122	-0.0133333 	1.0729  
606	47    	0.449119	0.319143	0.131093   	1.0729  
607	50    	0.354248	0.294572	-0.0174922 	1.06157 
608	46    	0.466631	0.317236	0.0754274  	1.0729  
609	50    	0.40481 	0.308155	-0.0171407 	1.00752 
610	47    	0.459813	0.328638	-0.016     	0.994457
611	44    	0.426352	0.288276	0.0931164  	0.994457
612	46    	0.444707	0.266691	0.175279   	0.994457
613	44    	0.508529	0.313815	-0.0133333 	0.994457
614	46    	0.451816	0.333066	0.106794   	1.04977 
615	45    	0.597792	0.342312	0.098685   	1.06554 
616	47    	0.544012	0.418459	-1         	1.11571 
617	44    	0.440781	0.501033	-1         	1.11571 
618	45    	0.371117	0.412683	-1         	1.11053 
619	48    	0.44046 	0.40868 	-1         	1.11053 
620	46    	0.288267	0.657467	-1         	1.11053 
621	44    	0.563126	0.436525	-1         	1.11053 
622	41    	0.558078	0.498593	-1         	1.11053 
623	46    	0.204569	0.692668	-1         	1.13706 
624	46    	0.374349	0.426702	-1         	1.13706 
625	44    	0.478322	0.473575	-1         	1.16911 
626	46    	0.390223	0.523256	-1         	1.16911 
627	49    	0.238097	0.62989 	-1         	1.16911 
628	45    	0.339423	0.562849	-1         	1.21068 
629	47    	0.448263	0.529762	-1         	1.21068 
630	46    	0.455152	0.527093	-1         	1.16911 
631	47    	0.38458 	0.563963	-1         	1.20265 
632	45    	0.591582	0.510524	-1         	1.21561 
633	46    	0.514408	0.646719	-1         	1.21833 
634	46    	0.444089	0.49035 	-1         	1.21833 
635	42    	0.549026	0.45849 	-1         	1.21833 
636	49    	0.351568	0.535389	-1         	1.21833 
637	42    	0.406315	0.646041	-1         	1.21833 
638	48    	0.428616	0.561437	-1         	1.21833 
639	44    	0.557684	0.564927	-1         	1.22807 
640	49    	0.417473	0.576556	-1         	1.22807 
641	48    	0.482122	0.495703	-1         	1.22807 
642	46    	0.577806	0.473169	-1         	1.22807 
643	45    	0.290882	0.644952	-1         	1.22807 
644	47    	0.355037	0.540848	-1         	1.22807 
645	45    	0.486987	0.433689	-1         	1.21688 
646	42    	0.448981	0.577198	-1         	1.21688 
647	48    	0.562151	0.458396	-1         	1.20824 
648	49    	0.339914	0.512356	-1         	1.20824 
649	45    	0.360366	0.518938	-1         	1.10947 
650	46    	0.494511	0.404601	-1         	1.10947 
651	46    	0.337112	0.634796	-1         	1.16528 
652	49    	0.476167	0.463384	-1         	1.21849 
653	44    	0.254612	0.645658	-1         	1.20744 
654	45    	0.525397	0.564429	-1         	1.20744 
655	47    	0.51288 	0.487453	-1         	1.21849 
656	48    	0.433366	0.523617	-1         	1.20744 
657	41    	0.572173	0.448786	-1         	1.20744 
658	45    	0.520975	0.450871	-1         	1.20744 
659	44    	0.367961	0.580914	-1         	1.21249 
660	45    	0.460345	0.566339	-1         	1.20744 
661	47    	0.558925	0.441881	-1         	1.20744 
662	47    	0.566806	0.429676	-1         	1.20744 
663	45    	0.641766	0.422967	-1         	1.22738 
664	48    	0.32382 	0.58458 	-1         	1.22738 
665	48    	0.3781  	0.514742	-1         	1.22738 
666	49    	0.421898	0.470894	-1         	1.11271 
667	47    	0.375657	0.539702	-1         	1.22738 
668	45    	0.564591	0.304783	0.227053   	1.1729  
669	46    	0.345061	0.546675	-1         	1.1729  
670	44    	0.507087	0.510383	-1         	1.1729  
671	46    	0.460589	0.399993	-1         	1.16863 
672	45    	0.519656	0.472582	-1         	1.16863 
673	47    	0.363612	0.572886	-1         	1.17281 
674	48    	0.367485	0.460466	-1         	1.15767 
675	45    	0.291013	0.466032	-1         	1.15767 
676	48    	0.390408	0.515043	-1         	1.12967 
677	44    	0.424849	0.528492	-1         	1.12967 
678	44    	0.416793	0.568759	-1         	1.12967 
679	47    	0.382592	0.645458	-1         	1.16591 
680	44    	0.419894	0.530046	-1         	1.11545 
681	42    	0.405913	0.570669	-1         	1.11545 
682	45    	0.37796 	0.645182	-1         	1.12967 
683	46    	0.283166	0.647312	-1         	1.12967 
684	46    	0.222192	0.685183	-1         	1.16338 
685	44    	0.580957	0.463646	-1         	1.16338 
686	47    	0.382891	0.572749	-1         	1.16338 
687	46    	0.358928	0.595168	-1         	1.16338 
688	49    	0.430294	0.438281	-1         	1.16338 
689	46    	0.336991	0.625909	-1         	1.16338 
690	49    	0.247985	0.764382	-1         	1.11845 
691	44    	0.498587	0.557147	-1         	1.16338 
692	48    	0.259215	0.622247	-1         	1.08396 
693	44    	0.345689	0.626271	-1         	1.08396 
694	47    	0.415426	0.564481	-1         	1.12898 
695	47    	0.457472	0.504139	-1         	1.15083 
696	43    	0.41026 	0.580837	-1         	1.15083 
697	40    	0.490185	0.652255	-1         	1.15083 
698	49    	0.325452	0.625334	-1         	1.15083 
699	44    	0.474603	0.53987 	-1         	1.15083 
700	44    	0.311108	0.690602	-1         	1.15083 
701	47    	0.376668	0.605706	-1         	1.15083 
702	44    	0.462083	0.567837	-1         	1.16338 
703	48    	0.306491	0.578666	-1         	1.10234 
704	42    	0.385839	0.605299	-1         	1.09572 
705	43    	0.384521	0.599012	-1         	1.09024 
706	48    	0.464401	0.51995 	-1         	1.08976 
707	45    	0.490404	0.538868	-1         	1.08976 
708	47    	0.425777	0.46411 	-1         	1.08976 
709	49    	0.390079	0.600558	-1         	1.13192 
710	44    	0.379262	0.56171 	-1         	1.13192 
711	46    	0.439134	0.584927	-1         	1.13192 
712	48    	0.547435	0.405067	-1         	1.10515 
713	47    	0.233121	0.684623	-1         	1.10515 
714	43    	0.485096	0.591793	-1         	1.10515 
715	49    	0.371846	0.622315	-1         	1.13573 
716	46    	0.226945	0.721714	-1         	1.13573 
717	48    	0.193264	0.662491	-1         	1.16635 
718	44    	0.434368	0.618189	-1         	1.16635 
719	47    	0.519284	0.392541	-1         	1.08188 
720	46    	0.443357	0.537663	-1         	1.13573 
721	47    	0.382532	0.571615	-1         	1.12469 
722	46    	0.468129	0.456218	-1         	1.15845 
723	49    	0.37559 	0.46558 	-1         	1.1227  
724	46    	0.475831	0.444086	-1         	1.1227  
725	47    	0.35065 	0.627073	-1         	1.16701 
726	49    	0.380798	0.517119	-1         	1.16701 
727	48    	0.503333	0.389345	-1         	1.17249 
728	47    	0.449531	0.591448	-1         	1.15601 
729	46    	0.514543	0.457245	-1         	1.17124 
730	42    	0.583104	0.519331	-1         	1.17124 
731	46    	0.512478	0.576792	-1         	1.17248 
732	44    	0.556203	0.428513	-1         	1.17248 
733	48    	0.386315	0.565451	-1         	1.19654 
734	49    	0.255139	0.62251 	-1         	1.1672  
735	46    	0.441988	0.483478	-1         	1.17348 
736	46    	0.552893	0.424987	-1         	1.17348 
737	46    	0.47742 	0.400563	-1         	1.17348 
738	49    	0.442392	0.428965	-1         	1.16468 
739	45    	0.485003	0.447368	-1         	1.16468 
740	45    	0.390283	0.511678	-1         	1.16468 
741	45    	0.297889	0.591381	-1         	1.16468 
742	44    	0.339194	0.618395	-1         	1.16468 
743	43    	0.504605	0.502342	-1         	1.17284 
744	47    	0.414098	0.468514	-1         	1.17284 
745	42    	0.352472	0.629574	-1         	1.17284 
746	47    	0.36256 	0.514241	-1         	1.17284 
747	47    	0.349143	0.447459	-1         	1.17543 
748	49    	0.29222 	0.518345	-1         	1.17599 
749	50    	0.334719	0.432435	-1         	1.15147 
750	47    	0.44389 	0.505082	-1         	1.10495 
751	48    	0.468141	0.465211	-1         	1.11571 
752	46    	0.405517	0.584936	-1         	1.11571 
753	49    	0.325111	0.671284	-1         	1.09696 
754	48    	0.394696	0.437797	-1         	1.09696 
755	47    	0.332411	0.550548	-1         	1.09696 
756	48    	0.412811	0.487441	-1         	1.08918 
757	44    	0.582619	0.426345	-1         	1.117   
758	47    	0.490519	0.41585 	-1         	1.1549  
759	45    	0.46871 	0.515774	-1         	1.11788 
760	43    	0.476385	0.527547	-1         	1.13269 
761	43    	0.568549	0.494703	-1         	1.11736 
762	47    	0.405644	0.702198	-1         	1.11633 
763	47    	0.36574 	0.624551	-1         	1.15437 
764	47    	0.376228	0.506139	-1         	1.17664 
765	45    	0.490256	0.437332	-1         	1.17683 
766	47    	0.333268	0.534659	-1         	1.17664 
767	46    	0.391749	0.460285	-1         	1.17683 
768	45    	0.544909	0.381038	0.162264   	1.17683 
769	48    	0.391007	0.558603	-1         	1.17683 
770	48    	0.39574 	0.384082	-1         	1.17683 
771	44    	0.437519	0.425606	-1         	1.23663 
772	44    	0.403214	0.557326	-1         	1.23663 
773	44    	0.513897	0.562185	-1         	1.18915 
774	47    	0.410035	0.474947	-1         	1.19078 
775	46    	0.354803	0.436485	-1         	1.17683 
776	45    	0.252068	0.607257	-1         	1.17683 
777	41    	0.484453	0.470915	-1         	1.17683 
778	46    	0.47266 	0.444677	-1         	1.17683 
779	45    	0.362289	0.560439	-1         	1.17683 
780	46    	0.293157	0.587354	-1         	1.17683 
781	43    	0.410389	0.526593	-1         	1.17683 
782	47    	0.25072 	0.581964	-1         	1.17262 
783	46    	0.419741	0.522736	-1         	1.17683 
784	48    	0.347115	0.577512	-1         	1.17262 
785	47    	0.265088	0.524268	-1         	1.12097 
786	46    	0.394525	0.502376	-1         	1.12097 
787	46    	0.28533 	0.586582	-1         	1.16543 
788	49    	0.350007	0.415766	-1         	1.10793 
789	45    	0.39175 	0.483798	-1         	1.1016  
790	48    	0.317597	0.455016	-1         	1.09301 
791	44    	0.468667	0.604674	-1         	1.18692 
792	48    	0.483112	0.459755	-1         	1.13723 
793	47    	0.35806 	0.613414	-1         	1.18692 
794	47    	0.303607	0.494321	-1         	1.18692 
795	46    	0.155947	0.617569	-1         	1.24519 
796	43    	0.408384	0.486754	-1         	1.24519 
797	46    	0.388556	0.541212	-1         	1.18692 
798	48    	0.446093	0.495192	-1         	1.24544 
799	47    	0.55603 	0.361544	-0.0175    	1.24544 
800	45    	0.482323	0.519839	-1         	1.22242 
801	44    	0.581279	0.402884	0.165333   	1.22242 
802	44    	0.36528 	0.440809	-1         	1.22242 
803	42    	0.394088	0.484658	-1         	1.22314 
804	47    	0.20664 	0.663654	-1         	1.22242 
805	44    	0.415398	0.420406	-1         	1.22242 
806	46    	0.427686	0.43574 	-1         	1.24447 
807	46    	0.273123	0.523393	-1         	1.24815 
808	46    	0.36556 	0.480011	-1         	1.24447 
809	46    	0.386395	0.375645	-1         	1.24447 
810	49    	0.315339	0.554297	-1         	1.22242 
811	47    	0.399843	0.364806	-1         	1.22242 
812	43    	0.459421	0.515912	-1         	1.22242 
813	46    	0.417725	0.516546	-1         	1.22242 
814	43    	0.361675	0.583166	-1         	1.22242 
815	46    	0.573203	0.446787	-1         	1.24447 
816	47    	0.366425	0.55068 	-1         	1.2451  
817	48    	0.271568	0.494123	-1         	1.24447 
818	45    	0.230088	0.595653	-1         	1.24447 
819	46    	0.330978	0.468631	-1         	1.24447 
820	47    	0.342815	0.563903	-1         	1.18692 
821	46    	0.342996	0.515922	-1         	1.18692 
822	47    	0.388797	0.427771	-1         	1.24974 
823	45    	0.425527	0.38525 	-1         	1.24974 
824	44    	0.434223	0.561127	-1         	1.24974 
825	44    	0.49474 	0.436013	-1         	1.24974 
826	48    	0.088125	0.708966	-1         	1.14108 
827	47    	0.359192	0.610492	-1         	1.24974 
828	48    	0.364601	0.564547	-1         	1.08522 
829	44    	0.485008	0.389943	-1         	1.08522 
830	48    	0.162566	0.639791	-1         	1.08522 
831	48    	0.47183 	0.418151	-1         	1.00216 
832	45    	0.38801 	0.593378	-1         	1.12703 
833	45    	0.474583	0.484434	-1         	1.12703 
834	46    	0.34933 	0.594556	-1         	1.23493 
835	47    	0.364441	0.516584	-1         	1.1305  
836	48    	0.464031	0.474454	-1         	1.14945 
837	44    	0.501452	0.516568	-1         	1.21126 
838	46    	0.473614	0.39551 	-1         	1.12703 
839	47    	0.368012	0.464479	-1         	1.11438 
840	48    	0.41445 	0.562704	-1         	1.17255 
841	45    	0.401685	0.54115 	-1         	1.21578 
842	47    	0.368111	0.493385	-1         	1.16115 
843	43    	0.466401	0.618263	-1         	1.16115 
844	45    	0.417847	0.568861	-1         	1.22667 
845	44    	0.486169	0.492617	-1         	1.22667 
846	47    	0.20703 	0.655725	-1         	1.22667 
847	41    	0.424826	0.571097	-1         	1.22667 
848	45    	0.500479	0.473786	-1         	1.22667 
849	47    	0.538154	0.492248	-1         	1.22667 
850	46    	0.368952	0.537465	-1         	1.22667 
851	48    	0.211333	0.643387	-1         	1.22667 
852	47    	0.358483	0.510718	-1         	1.22667 
853	46    	0.380788	0.474926	-1         	1.22667 
854	45    	0.395697	0.519911	-1         	1.08199 
855	49    	0.512571	0.478755	-1         	1.0828  
856	45    	0.473615	0.524805	-1         	1.0828  
857	44    	0.386736	0.553288	-1         	1.1189  
858	47    	0.354199	0.576223	-1         	1.13493 
859	47    	0.248586	0.640563	-1         	1.13493 
860	47    	0.462249	0.464448	-1         	1.13493 
861	41    	0.48124 	0.568837	-1         	1.1361  
862	44    	0.269358	0.614301	-1         	1.1361  
863	43    	0.435633	0.529429	-1         	1.24084 
864	46    	0.345349	0.522518	-1         	1.24084 
865	45    	0.355082	0.537392	-1         	1.24084 
866	46    	0.308084	0.501995	-1         	1.24084 
867	45    	0.322754	0.597906	-1         	1.24084 
868	48    	0.318745	0.556872	-1         	1.24084 
869	44    	0.373087	0.588015	-1         	1.24084 
870	47    	0.318039	0.500535	-1         	1.24084 
871	46    	0.387429	0.444837	-1         	1.24084 
872	48    	0.412826	0.405192	-1         	1.24084 
873	47    	0.461569	0.509762	-1         	1.24029 
874	45    	0.43065 	0.50641 	-1         	1.22941 
875	46    	0.465266	0.392069	-1         	1.14196 
876	50    	0.407728	0.412233	-1         	1.05785 
877	46    	0.317183	0.486866	-1         	1.05785 
878	47    	0.312479	0.473697	-1         	1.01341 
879	48    	0.323805	0.491656	-1         	1.03079 
880	44    	0.404738	0.419062	-1         	1.06026 
881	46    	0.47433 	0.44742 	-1         	1.07304 
882	43    	0.355223	0.595931	-1         	1.07304 
883	45    	0.374239	0.576721	-1         	1.07322 
884	44    	0.460831	0.55123 	-1         	1.04317 
885	44    	0.490787	0.515459	-1         	1.07481 
886	47    	0.41999 	0.452271	-1         	1.07769 
887	47    	0.467755	0.511208	-1         	1.07769 
888	48    	0.522196	0.471491	-1         	1.09087 
889	43    	0.609639	0.345146	0.184868   	1.09087 
890	44    	0.457931	0.554159	-1         	1.09087 
891	48    	0.564327	0.487815	-1         	1.11568 
892	47    	0.353859	0.553502	-1         	1.08153 
893	47    	0.399601	0.416786	-1         	1.08153 
894	44    	0.580022	0.409614	-1         	1.09223 
895	48    	0.420361	0.444476	-1         	1.08096 
896	50    	0.368918	0.468788	-1         	1.07765 
897	44    	0.444345	0.394811	-1         	1.07765 
898	46    	0.459922	0.540522	-1         	1.09027 
899	47    	0.384034	0.464448	-1         	1.03315 
900	46    	0.356354	0.495566	-1         	0.983998
901	43    	0.550217	0.456641	-1         	1.00065 
902	48    	0.404184	0.512524	-1         	0.983998
903	47    	0.388605	0.535234	-1         	0.999441
904	47    	0.3639  	0.550761	-1         	1.05106 
905	48    	0.389527	0.51358 	-1         	1.06405 
906	45    	0.543884	0.39927 	-1         	1.17517 
907	47    	0.45697 	0.387544	-1         	1.17517 
908	44    	0.39221 	0.49745 	-1         	1.17517 
909	48    	0.412852	0.491856	-1         	1.17517 
910	45    	0.43862 	0.453118	-1         	1.14606 
911	45    	0.504385	0.478664	-1         	1.14606 
912	43    	0.493271	0.565894	-1         	1.14606 
913	48    	0.450815	0.408985	-1         	1.12429 
914	45    	0.414776	0.555893	-1         	1.12429 
915	44    	0.529003	0.376556	-0.0166667 	1.11769 
916	49    	0.279175	0.611338	-1         	1.16008 
917	46    	0.490385	0.461868	-1         	1.16649 
918	46    	0.35184 	0.516047	-1         	1.16649 
919	48    	0.273957	0.531732	-1         	1.16649 
920	48    	0.419748	0.436437	-1         	1.12881 
921	46    	0.433952	0.501984	-1         	1.11643 
922	45    	0.336324	0.48023 	-1         	1.11643 
923	48    	0.468277	0.359051	0.129249   	1.12328 
924	49    	0.298322	0.457219	-1         	1.17738 
925	43    	0.413902	0.519369	-1         	1.17836 
926	48    	0.445624	0.420531	-1         	1.18779 
927	45    	0.517743	0.484057	-1         	1.18779 
928	43    	0.50393 	0.54404 	-1         	1.18671 
929	47    	0.470227	0.488387	-1         	1.13232 
930	47    	0.384065	0.379159	-1         	1.17502 
931	47    	0.447187	0.420531	-1         	1.1698  
932	48    	0.328397	0.501064	-1         	1.16453 
933	47    	0.436256	0.395552	-1         	1.10788 
934	46    	0.344759	0.456621	-1         	1.10249 
935	46    	0.430195	0.465104	-1         	1.04147 
936	49    	0.347171	0.501947	-1         	1.06344 
937	46    	0.429812	0.443252	-1         	1.1072  
938	44    	0.45857 	0.391259	-1         	1.05408 
939	46    	0.437791	0.454481	-1         	1.1602  
940	48    	0.350529	0.473953	-1         	1.12457 
941	45    	0.39669 	0.479324	-1         	1.12457 
942	47    	0.35146 	0.451518	-1         	1.07538 
943	46    	0.38408 	0.481219	-1         	1.0564  
944	45    	0.464989	0.448288	-1         	1.06762 
945	47    	0.350467	0.460771	-1         	1.05846 
946	47    	0.404402	0.360942	-1         	1.0564  
947	43    	0.46198 	0.447591	-1         	1.14609 
948	50    	0.327383	0.366014	-1         	1.13992 
949	48    	0.304425	0.444172	-1         	1.1006  
950	43    	0.35274 	0.454557	-1         	1.1006  
951	47    	0.413432	0.426946	-1         	1.1006  
952	49    	0.272425	0.465481	-1         	1.17183 
953	46    	0.28221 	0.357776	-1         	1.14972 
954	47    	0.390976	0.357016	-1         	1.15659 
955	47    	0.374345	0.443864	-1         	1.16892 
956	49    	0.322927	0.413258	-1         	1.16892 
957	42    	0.352184	0.527633	-1         	1.16892 
958	46    	0.336145	0.538803	-1         	1.18507 
959	47    	0.356122	0.416692	-1         	1.16892 
960	42    	0.458002	0.442156	-1         	1.18507 
961	44    	0.309765	0.417204	-1         	1.18507 
962	45    	0.212179	0.498976	-1         	1.18507 
963	48    	0.205362	0.52747 	-1         	1.18507 
964	44    	0.35081 	0.436911	-1         	1.18507 
965	47    	0.283874	0.441144	-1         	1.18507 
966	46    	0.243823	0.491694	-1         	1.14053 
967	48    	0.302665	0.413214	-1         	1.14053 
968	43    	0.468633	0.311072	0.0997653  	1.14053 
969	48    	0.304626	0.281987	-1         	1.14053 
970	48    	0.282043	0.454913	-1         	1.14053 
971	48    	0.242711	0.460115	-1         	1.14053 
972	46    	0.314051	0.405411	-1         	1.14053 
973	46    	0.39291 	0.384846	-1         	1.1414  
974	48    	0.3015  	0.454031	-1         	1.16959 
975	50    	0.414985	0.326322	-1         	1.07215 
976	46    	0.317833	0.579771	-1         	1.11471 
977	46    	0.283774	0.483016	-1         	1.14115 
978	47    	0.290706	0.501244	-1         	1.14115 
979	44    	0.407727	0.495444	-1         	1.14115 
980	49    	0.219744	0.444885	-1         	1.09227 
981	49    	0.400263	0.36422 	-1         	1.14115 
982	47    	0.462499	0.415276	-1         	1.13167 
983	49    	0.488646	0.436164	-1         	1.13655 
984	44    	0.41371 	0.513569	-1         	1.12979 
985	46    	0.396883	0.56069 	-1         	1.13142 
986	47    	0.39909 	0.450157	-1         	1.13142 
987	47    	0.411417	0.41098 	-1         	1.13142 
988	44    	0.501615	0.495861	-1         	1.13142 
989	46    	0.326232	0.48695 	-1         	1.13142 
990	45    	0.379434	0.405608	-1         	1.13142 
991	47    	0.360192	0.545626	-1         	1.13142 
992	46    	0.403804	0.461765	-1         	1.13142 
993	48    	0.327368	0.45571 	-1         	1.0379  
994	45    	0.395908	0.479074	-1         	1.0379  
995	48    	0.400608	0.364501	-1         	1.0379  
996	46    	0.451415	0.314283	0.121306   	1.02982 
997	47    	0.401086	0.471175	-1         	1.07602 
998	48    	0.162053	0.63801 	-1         	1.00017 
999	50    	0.370091	0.537697	-1         	0.970508
1000	43    	0.539751	0.442874	-1         	1.08869 
Best individuals:
(1.249736685860458,) 	-->	 /*9*/BBRURDLLFRLUUUUUDDDDFDBRBFRBFUUUUDUDUUDD
VMNeuronManager.autoload: Neuro classes added: Delay Light Nn PIDP PIDV SeeLight SeeLight2 S0 S1 Thr 
UserScripts.autoload: 19 user scripts added.
Simulator.load: Loading from 'eval-allcriteria.sim'
Loader.load: Comments read from file follow:
Loader.load:  Sample settings for evaluating many criteria of performance of a Framsticks creature.
Loader.load:  See the "evalcount" parameter if you want to speed the evaluation up or have a more stable result.
Loader.load:  Other important parameters are "Energy0" and "perfperiod".
Loader.load:  Put this file in the "data" subdirectory within the Framsticks distribution.
Simulator.load: Settings loaded from 'eval-allcriteria.sim'
Simulator.load: Loading from 'deterministic.sim'
Loader.load: Comments read from file follow:
Loader.load:  Parameter values that make the evaluation of a Framsticks creature deterministic.
Loader.load:  The values turn off random noise, so evaluation of the same genotype will always yield the same performance.
Loader.load:  The advantage is that you do not need to evaluate a genotype many times, and performance values are reliable.
Loader.load:  The disadvantage is that evolved creatures are "overfitting", i.e. rely entirely on the specific environment,
Loader.load:  and their behavior may be different in any other environment or (even slightly) changed conditions or parameter values,
Loader.load:  so each creature evolved using these settings must be later inspected using exactly the same setup.
Loader.load: 
Loader.load:  Before loading this file, load base settings, e.g. "eval-allcriteria.sim".
Loader.load:  Put this file in the "data" subdirectory within the Framsticks distribution.
Simulator.load: Settings loaded from 'deterministic.sim'
Simulator.load: Loading from 'sample-period-2.sim'
Loader.load: Comments read from file follow:
Loader.load:  Very low "performance sampling period" in the first population to sample performance very often during lifespan
Loader.load:  and avoid overlooking some behavior. Averaged performance of sampled values is returned as the final value.
Loader.load:  See http://www.framsticks.com/a/al_params.html#exper-perfcalc
Loader.load: 
Loader.load:  Before loading this file, load base settings, e.g. "eval-allcriteria.sim".
Loader.load:  Put this file in the "data" subdirectory within the Framsticks distribution.
Simulator.load: Loading from 'f9-mut-0.sim'
Simulator.load: Settings loaded from 'f9-mut-0.sim'
