Argument values: path=C:\Users\1625203\Downloads\Framsticks50rc22\Framsticks50rc22, lib=None, sim=eval-allcriteria.sim;deterministic.sim;sample-period-2.sim;f9-mut-050.sim, genformat=None, initialgenotype=/*9*/BLU, opt=vertpos, popsize=50, generations=1000, tournament=10, pmut=0.9, pxov=0.2, hof_size=1, hof_savefile=None, max_numparts=30, max_numjoints=None, max_numneurons=None, max_numconnections=None, max_numgenochars=50
Using Framsticks version: 5.0rc22
Home (writable) dir     : C:\Users\1625203\Downloads\Framsticks50rc22\Framsticks50rc22\data
Resources dir           : C:\Users\1625203\Downloads\Framsticks50rc22\Framsticks50rc22\data

Available objects: ['CheckpointEvent', 'Collision', 'CrCollision', 'Creature', 'CreatureSettings', 'CreatureSignals', 'CreatureSnapshot', 'Dictionary', 'ExpProperties', 'ExpState', 'ExtValue', 'File', 'FunctionReference', 'GenMan', 'GenManStats', 'GenePool', 'GenePools', 'Geno', 'Genotype', 'Interface', 'Joint', 'Loader', 'Math', 'MechJoint', 'MechPart', 'MessageCatcher', 'Model', 'ModelGeometry', 'ModelSymmetry', 'Neuro', 'NeuroClass', 'NeuroClassLibrary', 'NeuroDef', 'NeuroSignals', 'NeuronsSimEnabled', 'ODE', 'Orient', 'Part', 'Population', 'Populations', 'Ref', 'Signal', 'SignalView', 'SimilMeasure', 'SimilMeasureDistribution', 'SimilMeasureGreedy', 'SimilMeasureHungarian', 'Simulator', 'SlaveSimulators', 'StopEvent', 'String', 'UserScripts', 'Vector', 'WireframeAppearance', 'World', 'WorldMap', 'WorldSignals', 'XYZ', '__builtins__', '__cached__', '__doc__', '__file__', '__loader__', '__name__', '__package__', '__spec__', 'c_api', 'ctypes', 'home_dir', 'init', 'os', 're', 'res_dir', 'sim_params', 'stats', 'sys']

Performing a basic test 1/2... OK.
Performing a basic test 2/2... OK.
Using settings: ['eval-allcriteria.sim', 'deterministic.sim', 'sample-period-2.sim', 'f9-mut-050.sim']
gen	nevals	avg     	stddev	min     	max     
0  	50    	0.218369	0     	0.218369	0.218369
1  	46    	0.0429248	0.115964	-0.016  	0.514537
2  	44    	0.0916774	0.151309	-0.016  	0.514537
3  	44    	0.119558 	0.156587	-0.0160003	0.514252
4  	46    	0.12493  	0.15457 	-0.0166667	0.514252
5  	48    	0.121319 	0.141893	-0.02     	0.514579
6  	47    	0.15425  	0.129994	-0.0166667	0.508617
7  	47    	0.172238 	0.130602	-0.02     	0.616251
8  	42    	0.208501 	0.162954	-0.0175   	0.616251
9  	47    	0.227475 	0.145053	-0.02     	0.558317
10 	49    	0.206615 	0.145213	-0.0171429	0.615871
11 	45    	0.246549 	0.183881	-0.02     	0.615927
12 	48    	0.224124 	0.178934	-0.02     	0.812825
13 	49    	0.21958  	0.139461	-0.02     	0.514537
14 	46    	0.234855 	0.140444	-0.0177779	0.514537
15 	47    	0.242427 	0.149677	-0.0181818	0.707305
16 	46    	0.223779 	0.129097	-0.02     	0.513264
17 	49    	0.227159 	0.109468	-0.0175   	0.453538
18 	47    	0.219844 	0.121691	-0.0177777	0.457633
19 	43    	0.236205 	0.137547	-0.02     	0.558536
20 	48    	0.233817 	0.17299 	-0.02     	0.813811
21 	45    	0.222707 	0.19385 	-0.02     	0.813811
22 	44    	0.24321  	0.19834 	-0.02     	0.813811
23 	47    	0.238132 	0.16486 	-0.02     	0.649268
24 	49    	0.205162 	0.152303	-0.02     	0.611035
25 	47    	0.207345 	0.121101	-0.02     	0.497997
26 	47    	0.237094 	0.147081	-0.0171429	0.706014
27 	48    	0.247279 	0.134657	-0.0171429	0.706014
28 	48    	0.195586 	0.137266	-0.0171429	0.536525
29 	42    	0.254478 	0.134846	-0.02     	0.536525
30 	46    	0.231705 	0.140317	-0.0175   	0.536525
31 	45    	0.224905 	0.150119	-0.02     	0.524683
32 	46    	0.213041 	0.138225	-0.0233333	0.551301
33 	47    	0.241406 	0.113713	-0.0171428	0.496586
34 	48    	0.27742  	0.0886272	0.117368  	0.583036
35 	47    	0.211903 	0.143478 	-0.016    	0.583036
36 	49    	0.207161 	0.151636 	-0.02     	0.58318 
37 	47    	0.234703 	0.147047 	-0.02     	0.58318 
38 	45    	0.252939 	0.148001 	-0.02     	0.58318 
39 	48    	0.213159 	0.149472 	-0.02     	0.515558
40 	48    	0.221821 	0.138013 	-0.016    	0.542193
41 	46    	0.243454 	0.138009 	-0.016    	0.581352
42 	43    	0.260874 	0.141686 	-0.0166667	0.581352
43 	46    	0.201876 	0.152328 	-0.018    	0.581352
44 	45    	0.194015 	0.155271 	-0.0171429	0.581352
45 	46    	0.195641 	0.147813 	-0.0181818	0.514203
46 	45    	0.250614 	0.155543 	-0.0171429	0.581352
47 	44    	0.252229 	0.16415  	-0.0166667	0.670833
48 	46    	0.224137 	0.17274  	-0.0171428	0.670833
49 	49    	0.216793 	0.13518  	-0.0171429	0.516461
50 	45    	0.267752 	0.1203   	-0.0175   	0.53258 
51 	45    	0.236945 	0.15485  	-0.0171429	0.607746
52 	45    	0.274747 	0.131139 	-0.02     	0.607746
53 	48    	0.276778 	0.134947 	-0.022    	0.607746
54 	42    	0.273032 	0.159617 	-0.016    	0.607746
55 	44    	0.260842 	0.182265 	-0.016    	0.757965
56 	46    	0.237808 	0.202644 	-0.018    	0.813708
57 	45    	0.237176 	0.186803 	-0.0171429	0.813708
58 	46    	0.290497 	0.181658 	-0.02     	0.813756
59 	47    	0.221336 	0.153526 	-0.02     	0.813756
60 	46    	0.237382 	0.22118  	-0.0166667	0.813756
61 	48    	0.213553 	0.189299 	-0.02     	0.813756
62 	50    	0.182893 	0.174549 	-0.02     	0.705837
63 	49    	0.156659 	0.13565  	-0.02     	0.488925
64 	45    	0.223198 	0.161208 	-0.0166667	0.732974
65 	45    	0.258396 	0.144844 	-0.0200001	0.732974
66 	48    	0.233222 	0.158221 	-0.02     	0.732974
67 	47    	0.212756 	0.123382 	-0.0175   	0.536713
68 	45    	0.234169 	0.119578 	-0.0171429	0.536713
69 	48    	0.232336 	0.13105  	-0.02     	0.557804
70 	48    	0.201381 	0.115865 	-0.0177779	0.498453
71 	46    	0.281988 	0.114905 	-0.0177777	0.595441
72 	48    	0.27965  	0.104774 	-0.016    	0.595441
73 	45    	0.309373 	0.13044  	-0.0166666	0.595441
74 	46    	0.309923 	0.0985236	0.144801  	0.595441
75 	49    	0.276606 	0.0942641	0.0917432 	0.537463
76 	45    	0.265294 	0.203792 	-1        	0.514822
77 	45    	0.239929 	0.264804 	-1        	0.478574
78 	42    	0.263898 	0.218079 	-1        	0.478574
79 	44    	0.275552 	0.106762 	0.0620693 	0.489847
80 	47    	0.264512 	0.0837206	0.115614  	0.489847
81 	46    	0.242919 	0.279187 	-1        	0.663716
82 	46    	0.271521 	0.120207 	-0.02     	0.519387
83 	44    	0.299417 	0.119618 	-0.02     	0.519387
84 	48    	0.240185 	0.101676 	-0.015    	0.497497
85 	46    	0.287455 	0.101703 	-0.016    	0.538991
86 	46    	0.278806 	0.114963 	-0.018    	0.514252
87 	46    	0.249491 	0.127515 	-0.02     	0.514252
88 	50    	0.238323 	0.116801 	-0.02     	0.581368
89 	46    	0.268945 	0.113454 	-0.0171429	0.514252
90 	46    	0.234526 	0.206278 	-1        	0.514252
91 	48    	0.181014 	0.367987 	-1        	0.566718
92 	46    	0.276371 	0.232925 	-1        	0.813756
93 	46    	0.268687 	0.132194 	-0.0199999	0.566718
94 	49    	0.269646 	0.0948013	-0.0175   	0.519489
95 	47    	0.298159 	0.101915 	0.0632207 	0.766532
96 	46    	0.300883 	0.133249 	0.0861713 	0.766532
97 	43    	0.323155 	0.243169 	-1        	0.766532
98 	47    	0.304149 	0.151244 	-0.015    	0.853392
99 	44    	0.31908  	0.153879 	0.066889  	0.766532
100	47    	0.302591 	0.137891 	-0.0150005	0.766532
101	47    	0.280139 	0.109799 	0.0649816 	0.595036
102	45    	0.283136 	0.0952326	0.0640055 	0.651962
103	42    	0.304605 	0.127934 	-0.016    	0.651962
104	45    	0.268864 	0.128645 	-0.0177778	0.651962
105	45    	0.307646 	0.105535 	0.0930742 	0.606648
106	50    	0.239764 	0.102661 	-0.02     	0.432648
107	47    	0.259841 	0.0761484	0.0615515 	0.368932
108	49    	0.281817 	0.0815837	0.0665887 	0.480187
109	47    	0.247192 	0.107725 	-0.0166667	0.418976
110	47    	0.283788 	0.103008 	-0.0166666	0.537099
111	49    	0.232095 	0.206303 	-1        	0.537099
112	43    	0.249795 	0.239298 	-1        	0.749027
113	43    	0.257304 	0.303182 	-1        	0.749027
114	48    	0.267514 	0.104356 	-0.02     	0.537099
115	41    	0.237048 	0.131663 	-0.0175   	0.476262
116	47    	0.296607 	0.10688  	-0.0133333	0.540384
117	47    	0.247431 	0.215554 	-1        	0.540384
118	47    	0.257168 	0.205783 	-1        	0.473429
119	46    	0.180369 	0.409264 	-1        	0.599949
120	45    	0.27802  	0.281021 	-1        	0.609118
121	44    	0.202696 	0.377503 	-1        	0.609118
122	47    	0.253007 	0.285093 	-1        	0.647106
123	45    	0.228526 	0.272632 	-1        	0.572668
124	45    	0.276958 	0.215962 	-1        	0.572668
125	49    	0.164987 	0.399401 	-1        	0.572668
126	43    	0.203065 	0.410365 	-1        	0.572668
127	48    	0.107959 	0.492494 	-1        	0.572668
128	45    	0.174152 	0.441657 	-1        	0.541402
129	47    	0.0968543	0.485454 	-1        	0.541402
130	49    	0.148037 	0.438133 	-1        	0.635764
131	46    	0.19832  	0.407644 	-1        	0.587938
132	45    	0.220368 	0.369063 	-1        	0.587938
133	47    	0.00652926	0.571742 	-1        	0.587938
134	43    	0.196027  	0.40937  	-1        	0.587938
135	48    	0.206795  	0.411261 	-1        	0.587938
136	46    	0.280116  	0.273839 	-1        	0.587938
137	46    	0.248206  	0.329933 	-1        	0.587938
138	41    	0.235712  	0.380223 	-1        	0.587938
139	48    	0.14049   	0.470289 	-1        	0.587938
140	49    	0.0369092 	0.52728  	-1        	0.548707
141	45    	0.294826  	0.0996247	0.0962731 	0.535475
142	49    	0.205304  	0.362618 	-1        	0.555015
143	47    	0.234482  	0.264774 	-1        	0.453131
144	44    	0.279703  	0.202235 	-1        	0.484009
145	44    	0.265924  	0.269787 	-1        	0.471366
146	46    	0.282268  	0.0737517	0.156996  	0.453131
147	47    	0.180726  	0.400899 	-1        	0.512963
148	49    	0.224486  	0.3187   	-1        	0.512963
149	48    	0.213623  	0.315531 	-1        	0.482152
150	49    	0.192125  	0.314532 	-1        	0.448464
151	45    	0.233167  	0.322054 	-1        	0.557705
152	48    	0.212243  	0.365201 	-1        	0.557705
153	41    	0.0457405 	0.560606 	-1        	0.557705
154	42    	0.0716452 	0.541032 	-1        	0.478667
155	48    	-0.0865894	0.6307   	-1        	0.532244
156	45    	-0.0815455	0.604698 	-1        	0.462367
157	46    	-0.0127567	0.588564 	-1        	0.486111
158	45    	0.0993157 	0.520447 	-1        	0.510405
159	49    	0.105616  	0.490718 	-1        	0.507582
160	49    	0.0968746 	0.484354 	-1        	0.484401
161	49    	-0.0678631	0.5858   	-1        	0.559149
162	45    	0.0980139 	0.48388  	-1        	0.559149
163	45    	0.171507  	0.443173 	-1        	0.559149
164	46    	0.128351  	0.464064 	-1        	0.559149
165	47    	0.123907  	0.497743 	-1        	0.645975
166	48    	0.0997115 	0.488037 	-1        	0.496233
167	45    	0.183201  	0.443447 	-1        	0.518784
168	48    	0.22224   	0.37057  	-1        	0.594305
169	45    	0.295008  	0.200979 	-1        	0.594305
170	45    	0.2556    	0.331879 	-1        	0.594305
171	46    	0.0995333 	0.487017 	-1        	0.544782
172	44    	0.100166  	0.523759 	-1        	0.544782
173	46    	0.206461  	0.368023 	-1        	0.544782
174	47    	0.173961  	0.439178 	-1        	0.487097
175	41    	0.126013  	0.496826 	-1        	0.487097
176	49    	0.116563  	0.454117 	-1        	0.426225
177	47    	0.186485  	0.400846 	-1        	0.505497
178	43    	0.15686   	0.474373 	-1        	0.554016
179	45    	-0.124233 	0.660469 	-1        	0.554016
180	46    	-0.13509  	0.652911 	-1        	0.554016
181	45    	-0.351613 	0.67786  	-1        	0.554016
182	41    	-0.34317  	0.687063 	-1        	0.554016
183	47    	-0.46704  	0.655347 	-1        	0.554016
184	47    	-0.201394 	0.656204 	-1        	0.554016
185	46    	-0.260923 	0.657974 	-1        	0.554016
186	47    	-0.208915 	0.650505 	-1        	0.554016
187	47    	-0.193132 	0.634661 	-1        	0.434154
188	48    	-0.165937 	0.656598 	-1        	0.568589
189	48    	-0.576333 	0.619523 	-1        	0.468161
190	45    	-0.143247 	0.644823 	-1        	0.474954
191	47    	-0.17765  	0.646876 	-1        	0.468161
192	48    	-0.142049 	0.646182 	-1        	0.554774
193	48    	-0.0178937	0.555639 	-1        	0.555627
194	48    	-0.0116985	0.562563 	-1        	0.555627
195	45    	0.0773108 	0.510865 	-1        	0.553828
196	46    	0.22382   	0.322329 	-1        	0.487786
197	45    	0.0357781 	0.55804  	-1        	0.561032
198	48    	-0.0159989	0.556451 	-1        	0.476764
199	45    	0.0613852 	0.536536 	-1        	0.529198
200	47    	0.273596  	0.273162 	-1        	0.529198
201	47    	0.208835  	0.364048 	-1        	0.495841
202	43    	0.236276  	0.323725 	-1        	0.495841
203	45    	0.277483  	0.209895 	-1        	0.495841
204	43    	0.198945  	0.370806 	-1        	0.54299 
205	47    	0.216076  	0.321648 	-1        	0.485383
206	45    	0.257554  	0.272623 	-1        	0.509273
207	45    	0.298548  	0.127391 	-0.015    	0.531427
208	46    	0.263842  	0.132908 	-0.0166667	0.520521
209	44    	0.284964  	0.112775 	0.0537476 	0.520521
210	47    	0.296201  	0.0986687	0.110959  	0.596091
211	48    	0.231895  	0.215605 	-1        	0.520521
212	45    	0.232072  	0.270903 	-1        	0.520521
213	48    	0.215433  	0.268474 	-1        	0.484429
214	46    	0.269823  	0.104472 	-0.0171429	0.484429
215	45    	0.243111  	0.13141  	-0.02     	0.519594
216	46    	0.279079  	0.121159 	-0.0150002	0.519594
217	50    	0.257209  	0.0857915	-0.0159999	0.406715
218	46    	0.285427  	0.105796 	-0.016    	0.508608
219	43    	0.302651  	0.113317 	0.0858267 	0.654126
220	48    	0.255617  	0.208489 	-1        	0.508608
221	41    	0.289443  	0.211294 	-1        	0.484796
222	47    	0.278519  	0.111756 	0.0802888 	0.648712
223	48    	0.271487  	0.137729 	-0.018    	0.656976
224	48    	0.240486  	0.212989 	-1        	0.570882
225	43    	0.273814  	0.113456 	-0.02     	0.489659
226	46    	0.293922  	0.107221 	0.0642313 	0.4933  
227	49    	0.251039  	0.117807 	-0.02     	0.549757
228	47    	0.275171  	0.103723 	-0.0171428	0.539284
229	47    	0.28579   	0.0903991	-0.016    	0.484601
230	43    	0.265686  	0.202764 	-1        	0.512542
231	48    	0.286617  	0.10439  	-0.02     	0.512542
232	46    	0.301805  	0.102173 	-0.015    	0.527455
233	49    	0.260886  	0.0889813	0.0925959 	0.512542
234	48    	0.27303   	0.101154 	-0.0175   	0.542557
235	44    	0.247492  	0.27227  	-1        	0.542557
236	47    	0.294302  	0.0911454	0.148764  	0.542557
237	47    	0.20997   	0.323268 	-1        	0.542557
238	45    	0.287277  	0.113295 	0.0618911 	0.538218
239	49    	0.286229  	0.085604 	0.0977816 	0.487372
240	47    	0.274374  	0.10175  	-0.01     	0.539412
241	48    	0.275585  	0.109073 	0.0482895 	0.557131
242	43    	0.305515  	0.0982877	0.111101  	0.557131
243	47    	0.266938  	0.202219 	-1        	0.595757
244	44    	0.225111  	0.322108 	-1        	0.515669
245	48    	0.284683  	0.098993 	-0.0166667	0.699637
246	46    	0.307716  	0.107456 	0.123622  	0.699637
247	49    	0.267722  	0.20938  	-1        	0.53552 
248	48    	0.269087  	0.199543 	-1        	0.53552 
249	43    	0.25349   	0.271172 	-1        	0.507387
250	44    	0.189806  	0.315322 	-1        	0.507387
251	45    	0.124982  	0.467808 	-1        	0.507387
252	46    	0.246664  	0.270651 	-1        	0.522622
253	46    	0.288771  	0.197104 	-1        	0.490063
254	47    	0.256254  	0.20091  	-1        	0.530953
255	47    	0.286697  	0.11483  	-0.0133333	0.603093
256	46    	0.247594  	0.199696 	-1        	0.603093
257	48    	0.23206   	0.212555 	-1        	0.547753
258	50    	0.269713  	0.114462 	-0.0133333	0.650736
259	48    	0.24715   	0.232921 	-1        	0.699365
260	49    	0.268481  	0.0981815	0.0664276 	0.533859
261	48    	0.263473  	0.113194 	-0.02     	0.533859
262	47    	0.271101  	0.112513 	-0.0166667	0.539429
263	47    	0.27539   	0.132081 	-0.02     	0.553584
264	46    	0.28776   	0.10343  	-0.02     	0.553584
265	49    	0.276936  	0.101896 	-0.0159999	0.712009
266	47    	0.297607  	0.107576 	-0.0159892	0.712009
267	48    	0.253668  	0.198683 	-1        	0.453079
268	45    	0.301511  	0.0939094	-0.016    	0.476837
269	47    	0.278806  	0.0932773	0.0662127 	0.468724
270	47    	0.286687  	0.0942803	0.07453   	0.613164
271	48    	0.293537  	0.104831 	0.103528  	0.613164
272	47    	0.301921  	0.118583 	-0.0133333	0.613164
273	48    	0.297924  	0.0888852	0.107919  	0.520987
274	44    	0.301265  	0.0962238	0.127715  	0.520987
275	46    	0.299283  	0.1124   	0.0649876 	0.614339
276	46    	0.268667  	0.207199 	-1        	0.538905
277	45    	0.270186  	0.20744  	-1        	0.512319
278	46    	0.297224  	0.10987  	0.072232  	0.583834
279	47    	0.284288  	0.104214 	0.04031   	0.512319
280	44    	0.270135  	0.277405 	-1        	0.512319
281	48    	0.286309  	0.12179  	-0.0133337	0.50815 
282	48    	0.124676  	0.427869 	-1        	0.508655
283	47    	0.0466588 	0.528596 	-1        	0.44835 
284	48    	-0.0188961	0.586685 	-1        	0.627835
285	47    	0.0598107 	0.541396 	-1        	0.627835
286	46    	0.169805  	0.400191 	-1        	0.546118
287	49    	0.225231  	0.318371 	-1        	0.473458
288	47    	0.2427    	0.263216 	-1        	0.434116
289	47    	0.214893  	0.365828 	-1        	0.508252
290	49    	0.20629   	0.365453 	-1        	0.574645
291	46    	0.117978  	0.497114 	-1        	0.574645
292	42    	0.188424  	0.41048  	-1        	0.574645
293	47    	0.136058  	0.468923 	-1        	0.556851
294	47    	0.15693   	0.435829 	-1        	0.556851
295	45    	0.313594  	0.203312 	-1        	0.514749
296	43    	0.23298   	0.375068 	-1        	0.514749
297	46    	0.17799   	0.405365 	-1        	0.514749
298	46    	0.275242  	0.280083 	-1        	0.711307
299	46    	0.145692  	0.468078 	-1        	0.516974
300	47    	0.297818  	0.109125 	-0.015    	0.486092
301	48    	0.24954   	0.267786 	-1        	0.48108 
302	45    	0.270308  	0.274481 	-1        	0.569821
303	49    	0.276267  	0.213323 	-1        	0.691254
304	47    	0.237441  	0.279758 	-1        	0.716923
305	48    	0.257707  	0.275333 	-1        	0.716923
306	45    	0.269324  	0.225896 	-1        	0.716923
307	46    	0.288978  	0.132195 	-0.0160001	0.716923
308	45    	0.286923  	0.140166 	-0.016    	0.716923
309	47    	0.295819  	0.119316 	-0.0171429	0.716923
310	44    	0.308571  	0.143768 	-0.02     	0.716923
311	48    	0.268633  	0.146856 	-0.02     	0.716923
312	45    	0.27996   	0.136903 	-0.0177778	0.716923
313	43    	0.281634  	0.169114 	-0.022    	0.725705
314	45    	0.284554  	0.14791  	-0.015    	0.725705
315	45    	0.276087  	0.145968 	0.0834383 	0.725705
316	45    	0.287961  	0.160279 	-0.0171428	0.725705
317	44    	0.255793  	0.160189 	-0.02     	0.725705
318	47    	0.277471  	0.113064 	0.0808238 	0.725705
319	47    	0.272744  	0.14323  	-0.0181817	0.725705
320	45    	0.312954  	0.11075  	0.0855475 	0.725705
321	47    	0.260441  	0.116237 	0.0485983 	0.725705
322	49    	0.245953  	0.107237 	-0.015    	0.496757
323	48    	0.256402  	0.215892 	-1        	0.525704
324	43    	0.259026  	0.282751 	-1        	0.634463
325	44    	0.25787   	0.277631 	-1        	0.634463
326	47    	0.228924  	0.266531 	-1        	0.525704
327	48    	0.212872  	0.326067 	-1        	0.558464
328	48    	0.220177  	0.134603 	-0.02     	0.549118
329	47    	0.282283  	0.114643 	-0.02     	0.549118
330	46    	0.250657  	0.125795 	-0.02     	0.525194
331	47    	0.243522  	0.120398 	-0.02     	0.650755
332	45    	0.288043  	0.125324 	0.100139  	0.650755
333	44    	0.267599  	0.108446 	-0.0133333	0.570496
334	44    	0.266475  	0.115956 	0.0526914 	0.570496
335	45    	0.285562  	0.110933 	-0.018    	0.582542
336	46    	0.280779  	0.127463 	-0.0181818	0.582542
337	44    	0.245258  	0.225544 	-1        	0.582542
338	47    	0.283918  	0.122764 	-0.0183333	0.582542
339	47    	0.242218  	0.201313 	-1        	0.466592
340	48    	0.244497  	0.118714 	-0.0180001	0.423587
341	44    	0.291135  	0.100224 	-0.0133333	0.523106
342	46    	0.278568  	0.115436 	-0.016    	0.64931 
343	47    	0.2657    	0.119847 	-0.0171429	0.469884
344	46    	0.274922  	0.104936 	-0.0175   	0.472902
345	48    	0.287644  	0.198954 	-1        	0.496776
346	47    	0.282799  	0.0854091	-0.0166667	0.477323
347	45    	0.188691  	0.363164 	-1        	0.485629
348	44    	0.282443  	0.209801 	-1        	0.485629
349	45    	0.273089  	0.200987 	-1        	0.485629
350	48    	0.2644    	0.102427 	-0.0175   	0.530045
351	47    	0.277531  	0.0926998	0.0462174 	0.531968
352	47    	0.25823   	0.269959 	-1        	0.460237
353	44    	0.295278  	0.0926622	0.137827  	0.452459
354	49    	0.288329  	0.0964259	0.0864177 	0.557427
355	49    	0.275356  	0.111982 	-0.0166667	0.580396
356	46    	0.292276  	0.102128 	0.116299  	0.557427
357	45    	0.290171  	0.118253 	-0.016    	0.557427
358	47    	0.272518  	0.134696 	-0.0200001	0.557427
359	47    	0.303233  	0.106379 	0.0692965 	0.607935
360	48    	0.301584  	0.135284 	-0.015    	0.607935
361	46    	0.220893  	0.14721  	-0.016    	0.607935
362	45    	0.294932  	0.144981 	-0.0133333	0.607935
363	48    	0.22723   	0.15197  	-0.0150003	0.6026  
364	47    	0.26775   	0.0934356	0.0474369 	0.461797
365	47    	0.278603  	0.107686 	-0.015    	0.442473
366	43    	0.277047  	0.106383 	-0.0160004	0.458865
367	47    	0.289255  	0.104499 	-0.0150001	0.464496
368	49    	0.242376  	0.201031 	-1        	0.527365
369	46    	0.293469  	0.102637 	-0.0133333	0.527365
370	45    	0.285862  	0.0881518	0.0582391 	0.527365
371	46    	0.28213   	0.0960814	-0.02     	0.527365
372	43    	0.293094  	0.109468 	-0.0166667	0.543184
373	47    	0.275392  	0.134337 	-0.0160001	0.602128
374	46    	0.287481  	0.235347 	-1        	0.858309
375	50    	0.283818  	0.08708  	0.133963  	0.513131
376	47    	0.281451  	0.0748651	0.109627  	0.513131
377	44    	0.283364  	0.0972459	-0.0166667	0.513131
378	47    	0.274908  	0.0910066	0.0855989 	0.513131
379	44    	0.290414  	0.203592 	-1        	0.513131
380	46    	0.321634  	0.0744534	0.159322  	0.513131
381	46    	0.276687  	0.220281 	-1        	0.597937
382	49    	0.252984  	0.207029 	-1        	0.600982
383	46    	0.309742  	0.107985 	0.0568929 	0.600982
384	49    	0.298169  	0.0862718	0.0990559 	0.508307
385	47    	0.207039  	0.317907 	-1        	0.44149 
386	48    	0.230589  	0.20062  	-1        	0.45796 
387	48    	0.250844  	0.197588 	-1        	0.432502
388	41    	0.307091  	0.116739 	-0.0228571	0.546321
389	46    	0.256424  	0.274235 	-1        	0.517486
390	49    	0.265674  	0.277537 	-1        	0.678378
391	47    	0.258337  	0.270675 	-1        	0.512249
392	46    	0.264718  	0.200915 	-1        	0.503174
393	46    	0.143875  	0.429146 	-1        	0.503174
394	44    	0.0869699 	0.513688 	-1        	0.503174
395	49    	-0.000555191	0.566855 	-1        	0.497313
396	48    	0.095192    	0.518576 	-1        	0.517035
397	47    	0.118878    	0.457878 	-1        	0.482809
398	48    	0.116057    	0.454109 	-1        	0.47462 
399	49    	-0.0496998  	0.566612 	-1        	0.426082
400	46    	0.134149    	0.463984 	-1        	0.491711
401	43    	0.130393    	0.464438 	-1        	0.491711
402	43    	0.207127    	0.367792 	-1        	0.583412
403	46    	0.0765452   	0.511596 	-1        	0.583412
404	45    	0.231092    	0.374532 	-1        	0.619062
405	47    	0.0617729   	0.537348 	-1        	0.5137  
406	47    	0.0120804   	0.573321 	-1        	0.525138
407	45    	-0.0753294  	0.610122 	-1        	0.5137  
408	44    	-0.315974   	0.686616 	-1        	0.5137  
409	46    	-0.125768   	0.608453 	-1        	0.5137  
410	46    	-0.174615   	0.64921  	-1        	0.5137  
411	46    	0.0564824   	0.532951 	-1        	0.472599
412	45    	0.0567165   	0.533416 	-1        	0.472599
413	47    	0.0591685   	0.533736 	-1        	0.481234
414	45    	-0.0529846  	0.595683 	-1        	0.504748
415	49    	0.0995052   	0.48426  	-1        	0.43026 
416	47    	0.229084    	0.319553 	-1        	0.506414
417	46    	0.0709414   	0.507846 	-1        	0.526148
418	44    	-0.0320483  	0.578649 	-1        	0.526148
419	45    	0.00288159  	0.568313 	-1        	0.489231
420	45    	0.0530617   	0.535658 	-1        	0.595987
421	44    	0.176745    	0.4071   	-1        	0.595987
422	49    	0.196849    	0.361166 	-1        	0.558634
423	48    	0.282393    	0.20268  	-1        	0.489231
424	44    	0.276104    	0.205036 	-1        	0.518594
425	46    	0.239409    	0.322637 	-1        	0.489231
426	42    	0.306851    	0.20424  	-1        	0.489231
427	46    	0.24594     	0.269208 	-1        	0.489231
428	43    	0.30247     	0.206385 	-1        	0.603931
429	46    	0.236484    	0.327642 	-1        	0.520357
430	49    	0.234423    	0.32534  	-1        	0.517551
431	46    	0.20172     	0.366638 	-1        	0.517551
432	47    	0.120494    	0.458001 	-1        	0.472512
433	45    	0.257979    	0.268669 	-1        	0.538084
434	45    	0.217641    	0.369767 	-1        	0.562133
435	44    	0.19174     	0.405352 	-1        	0.562133
436	48    	0.231944    	0.323677 	-1        	0.562133
437	43    	0.231913    	0.373917 	-1        	0.562133
438	43    	0.255787    	0.337382 	-1        	0.562133
439	47    	0.311335    	0.0861328	0.141947  	0.562133
440	48    	0.221198    	0.321319 	-1        	0.562133
441	47    	0.201463    	0.411958 	-1        	0.624897
442	46    	0.235087    	0.332297 	-1        	0.624897
443	47    	0.298531    	0.0903482	0.113672  	0.624897
444	45    	0.182752    	0.404853 	-1        	0.624897
445	47    	0.208197    	0.365283 	-1        	0.469476
446	41    	0.257275    	0.330671 	-1        	0.536224
447	44    	0.292099    	0.210814 	-1        	0.556222
448	45    	0.289819    	0.2085   	-1        	0.556222
449	48    	0.146325    	0.428431 	-1        	0.463221
450	47    	0.161861    	0.439787 	-1        	0.752446
451	45    	0.167423    	0.442151 	-1        	0.752446
452	43    	0.243891    	0.383182 	-1        	0.752446
453	46    	0.106068    	0.495137 	-1        	0.752446
454	45    	0.163666    	0.440883 	-1        	0.752446
455	44    	0.273652    	0.287639 	-1        	0.752446
456	44    	0.285317    	0.29001  	-1        	0.752446
457	42    	0.283937    	0.299178 	-1        	0.752446
458	45    	0.30593     	0.214005 	-1        	0.752446
459	48    	0.298168    	0.207883 	-1        	0.554326
460	48    	0.11589     	0.458084 	-1        	0.554326
461	46    	0.0820854   	0.513385 	-1        	0.50915 
462	44    	0.284177    	0.199596 	-1        	0.47999 
463	48    	0.0242771   	0.547861 	-1        	0.47999 
464	48    	0.0868113   	0.480345 	-1        	0.488006
465	46    	-0.173238   	0.649773 	-1        	0.488006
466	48    	0.0969858   	0.482732 	-1        	0.488006
467	46    	0.262957    	0.267008 	-1        	0.488006
468	47    	0.203168    	0.363443 	-1        	0.470613
469	45    	0.221714    	0.368538 	-1        	0.473869
470	43    	0.239009    	0.325841 	-1        	0.582345
471	47    	0.048716    	0.52876  	-1        	0.435622
472	47    	0.0702428   	0.506448 	-1        	0.435622
473	44    	0.145613    	0.427828 	-1        	0.432098
474	47    	0.233491    	0.321251 	-1        	0.445486
475	47    	0.103302    	0.489019 	-1        	0.501836
476	47    	0.177436    	0.400847 	-1        	0.583336
477	45    	0.187117    	0.402652 	-1        	0.583336
478	47    	0.209308    	0.365894 	-1        	0.447473
479	45    	0.21817     	0.368932 	-1        	0.505499
480	45    	0.262209    	0.268539 	-1        	0.489954
481	45    	0.192443    	0.404204 	-1        	0.500629
482	43    	0.273468    	0.278925 	-1        	0.500629
483	48    	0.298295    	0.097628 	0.167087  	0.599191
484	47    	0.229707    	0.324275 	-1        	0.599191
485	47    	0.283463    	0.211327 	-1        	0.591096
486	46    	0.311018    	0.108226 	0.0870481 	0.591096
487	46    	0.294456    	0.102699 	0.0892663 	0.591096
488	42    	0.319329    	0.108216 	0.114961  	0.591096
489	47    	0.294954    	0.220672 	-1        	0.720393
490	50    	0.240811    	0.273783 	-1        	0.69118 
491	42    	0.304952    	0.238052 	-1        	0.755415
492	47    	0.283691    	0.228162 	-1        	0.755415
493	45    	0.313801    	0.123382 	0.0810175 	0.755415
494	46    	0.285764    	0.213463 	-1        	0.755415
495	42    	0.194654    	0.414151 	-1        	0.755415
496	44    	0.23716     	0.342786 	-1        	0.755415
497	47    	0.294139    	0.123753 	0.0506167 	0.755415
498	44    	0.283787    	0.224347 	-1        	0.755415
499	46    	0.297316    	0.212238 	-1        	0.755415
500	46    	0.214171    	0.371438 	-1        	0.755415
501	45    	0.267026    	0.275532 	-1        	0.517677
502	47    	0.270279    	0.205558 	-1        	0.513605
503	48    	0.274125    	0.199487 	-1        	0.456617
504	49    	0.271244    	0.203822 	-1        	0.533242
505	47    	0.247649    	0.274362 	-1        	0.496679
506	45    	0.246938    	0.276989 	-1        	0.538101
507	45    	0.270953    	0.207697 	-1        	0.538101
508	42    	0.313057    	0.219302 	-1        	0.776588
509	45    	0.28719     	0.11933  	0.0725543 	0.538101
510	42    	0.295771    	0.099661 	0.03931   	0.538101
511	43    	0.291966    	0.109132 	0.0951414 	0.538101
512	45    	0.283834    	0.105158 	-0.0133333	0.538101
513	44    	0.282706    	0.114552 	0.0343571 	0.538101
514	47    	0.294895    	0.0908096	0.0550238 	0.538101
515	47    	0.280193    	0.207822 	-1        	0.490599
516	47    	0.283447    	0.0882489	0.130191  	0.496605
517	44    	0.255448    	0.26807  	-1        	0.496605
518	46    	0.20161     	0.319762 	-1        	0.496605
519	47    	0.217458    	0.319011 	-1        	0.438972
520	45    	0.158478    	0.432726 	-1        	0.45964 
521	45    	0.0609587   	0.503537 	-1        	0.419893
522	48    	0.140734    	0.429103 	-1        	0.504473
523	48    	0.114771    	0.492121 	-1        	0.494549
524	49    	0.0693863   	0.506829 	-1        	0.577478
525	44    	-0.0757032  	0.609619 	-1        	0.510721
526	49    	-0.161135   	0.633139 	-1        	0.471157
527	46    	-0.413861   	0.664211 	-1        	0.471157
528	47    	-0.382933   	0.670894 	-1        	0.496668
529	46    	-0.348551   	0.684005 	-1        	0.672324
530	46    	0.0331797   	0.552913 	-1        	0.496668
531	45    	-0.110858   	0.614739 	-1        	0.493083
532	48    	-0.364328   	0.663999 	-1        	0.493083
533	45    	-0.00646456 	0.563558 	-1        	0.493083
534	43    	-0.0452674  	0.601029 	-1        	0.493083
535	42    	-0.113318   	0.64065  	-1        	0.529803
536	48    	-0.0530721  	0.565074 	-1        	0.462003
537	45    	0.0140818   	0.543608 	-1        	0.483631
538	46    	0.259734    	0.266597 	-1        	0.483631
539	44    	0.274357    	0.20287  	-1        	0.483631
540	42    	0.298422    	0.20343  	-1        	0.484985
541	48    	0.16505     	0.395658 	-1        	0.498742
542	45    	0.175769    	0.403875 	-1        	0.500725
543	45    	0.26046     	0.276691 	-1        	0.534155
544	48    	0.254903    	0.203401 	-1        	0.500725
545	45    	0.322482    	0.112419 	-0.0133334	0.621724
546	46    	0.274676    	0.279637 	-1        	0.621724
547	46    	0.259786    	0.338306 	-1        	0.621724
548	45    	0.290411    	0.216396 	-1        	0.621724
549	47    	0.271087    	0.211466 	-1        	0.621724
550	46    	0.275181    	0.216098 	-1        	0.621724
551	49    	0.227992    	0.325641 	-1        	0.582713
552	45    	0.290908    	0.133722 	-0.0149999	0.576871
553	45    	0.275341    	0.218225 	-1        	0.645272
554	46    	0.291564    	0.103067 	0.0822534 	0.538182
555	48    	0.27177     	0.106098 	-0.0222222	0.474809
556	46    	0.289269    	0.084849 	0.0895205 	0.474809
557	44    	0.274229    	0.204535 	-1        	0.481357
558	43    	0.313437    	0.0938416	0.124118  	0.525255
559	49    	0.26418     	0.0955413	-0.0171429	0.491735
560	44    	0.313883    	0.0798276	0.155181  	0.491735
561	47    	0.286261    	0.212632 	-1        	0.559523
562	47    	0.318964    	0.107164 	-0.01     	0.559523
563	47    	0.308       	0.0948197	-0.0177778	0.562415
564	45    	0.26194     	0.276085 	-1        	0.595395
565	45    	0.249907    	0.269544 	-1        	0.500945
566	44    	0.285117    	0.200544 	-1        	0.475161
567	47    	0.256519    	0.273072 	-1        	0.685874
568	42    	0.269896    	0.273069 	-1        	0.551363
569	46    	0.315691    	0.112033 	0.0858906 	0.551363
570	45    	0.310919    	0.109    	0.0970072 	0.551363
571	48    	0.281421    	0.209592 	-1        	0.551363
572	47    	0.287752    	0.210603 	-1        	0.551363
573	49    	0.237904    	0.193998 	-1        	0.416443
574	43    	0.292582    	0.201656 	-1        	0.605669
575	45    	0.195088    	0.367145 	-1        	0.444496
576	47    	0.225693    	0.320295 	-1        	0.490134
577	46    	0.239861    	0.265924 	-1        	0.490134
578	48    	-0.101339   	0.619447 	-1        	0.530685
579	46    	0.0228287   	0.547451 	-1        	0.530685
580	49    	0.0558953   	0.502265 	-1        	0.530685
581	47    	0.0156199   	0.54731  	-1        	0.530685
582	46    	0.246357    	0.198126 	-1        	0.435403
583	46    	0.205705    	0.317212 	-1        	0.451321
584	46    	0.300833    	0.128621 	-0.0175   	0.812308
585	43    	0.281142    	0.157653 	-0.0166667	0.812308
586	46    	0.266615    	0.144566 	-0.0166667	0.514329
587	47    	0.232262    	0.156624 	-0.016    	0.719176
588	47    	0.239806    	0.154993 	-0.0166667	0.523381
589	48    	0.273901    	0.138027 	-0.016    	0.517507
590	45    	0.271991    	0.132308 	-0.016    	0.517507
591	45    	0.252584    	0.129143 	-0.0166666	0.517507
592	48    	0.248603    	0.134558 	-0.0160001	0.517507
593	45    	0.271308    	0.111351 	-0.0166667	0.517507
594	47    	0.283766    	0.12646  	-0.0160001	0.625996
595	45    	0.266619    	0.121554 	-0.0160002	0.514252
596	48    	0.211694    	0.221537 	-1        	0.593826
597	41    	0.292781    	0.218902 	-1        	0.593826
598	46    	0.326265    	0.112727 	-0.0166667	0.615578
599	45    	0.268401    	0.206618 	-1        	0.593826
600	47    	0.27538     	0.204135 	-1        	0.593826
601	49    	0.264197    	0.196543 	-1        	0.534374
602	47    	0.1915      	0.359964 	-1        	0.441793
603	45    	0.200468    	0.365468 	-1        	0.606281
604	44    	0.237832    	0.277971 	-1        	0.606281
605	46    	0.112155    	0.454026 	-1        	0.418167
606	43    	0.271853    	0.199642 	-1        	0.437544
607	43    	0.260276    	0.270904 	-1        	0.481985
608	46    	0.249748    	0.270582 	-1        	0.497575
609	42    	0.299398    	0.211588 	-1        	0.497575
610	45    	0.298709    	0.086267 	0.15747   	0.497575
611	48    	0.303397    	0.0823379	0.145769  	0.497575
612	47    	0.207583    	0.321267 	-1        	0.526575
613	47    	0.304547    	0.130129 	-0.0150002	0.651833
614	43    	0.26715     	0.291088 	-1        	0.651833
615	48    	0.273254    	0.10579  	-0.0149999	0.52924 
616	47    	0.201922    	0.365359 	-1        	0.539967
617	43    	0.30889     	0.0955531	-0.0171427	0.539967
618	46    	0.30447     	0.109314 	0.135726  	0.61564 
619	47    	0.249482    	0.273223 	-1        	0.539967
620	44    	0.337006    	0.0988808	0.168708  	0.68292 
621	49    	0.225225    	0.262072 	-1        	0.446594
622	45    	0.317116    	0.0791829	0.0958982 	0.446594
623	45    	0.233374    	0.266754 	-1        	0.46154 
624	48    	0.23111     	0.32479  	-1        	0.501388
625	43    	0.331099    	0.101362 	-0.0133334	0.520559
626	47    	0.148621    	0.396969 	-1        	0.520559
627	46    	0.123559    	0.463095 	-1        	0.520559
628	48    	0.0468897   	0.52943  	-1        	0.520559
629	45    	0.177036    	0.44056  	-1        	0.495262
630	44    	0.0334306   	0.555423 	-1        	0.495262
631	47    	-0.0637793  	0.588423 	-1        	0.473456
632	47    	0.0559828   	0.533764 	-1        	0.507376
633	42    	0.0204926   	0.51965  	-1        	0.473456
634	43    	0.110516    	0.491171 	-1        	0.473456
635	45    	-0.144538   	0.645037 	-1        	0.498223
636	46    	-0.0999461  	0.621177 	-1        	0.498223
637	46    	-0.0863558  	0.630684 	-1        	0.611943
638	44    	-0.0525615  	0.626272 	-1        	0.611943
639	49    	-0.20791    	0.650972 	-1        	0.611943
640	48    	-0.271419   	0.649426 	-1        	0.507608
641	44    	-0.312484   	0.664333 	-1        	0.507608
642	48    	-0.346579   	0.655666 	-1        	0.468743
643	44    	-0.168021   	0.653987 	-1        	0.468743
644	48    	-0.0871077  	0.630008 	-1        	0.514821
645	48    	-0.0666471  	0.585255 	-1        	0.476793
646	45    	0.155669    	0.435527 	-1        	0.482621
647	45    	0.238613    	0.267499 	-1        	0.459967
648	45    	0.222815    	0.367647 	-1        	0.459967
649	45    	0.0400104   	0.556968 	-1        	0.4615  
650	47    	0.086159    	0.482956 	-1        	0.491895
651	41    	0.251553    	0.33571  	-1        	0.572844
652	48    	0.204471    	0.368068 	-1        	0.572844
653	48    	0.162027    	0.397283 	-1        	0.572844
654	46    	0.187994    	0.362385 	-1        	0.572844
655	48    	0.225113    	0.263656 	-1        	0.463786
656	45    	0.28334     	0.206577 	-1        	0.532029
657	45    	0.273961    	0.205025 	-1        	0.519675
658	46    	0.299699    	0.105418 	0.0976548 	0.527108
659	48    	0.296679    	0.100363 	-0.01     	0.525151
660	47    	0.291018    	0.101321 	-0.0171427	0.503943
661	45    	0.281128    	0.215354 	-1        	0.517585
662	46    	0.305858    	0.110984 	-0.0166667	0.54832 
663	46    	0.309237    	0.102015 	0.0367109 	0.575467
664	46    	0.222316    	0.326549 	-1        	0.575467
665	46    	0.28107     	0.200388 	-1        	0.575467
666	48    	0.258769    	0.197221 	-1        	0.517585
667	42    	0.317601    	0.106623 	-0.01     	0.536596
668	48    	0.126665    	0.461517 	-1        	0.435671
669	44    	0.124812    	0.463925 	-1        	0.459767
670	45    	0.194699    	0.404436 	-1        	0.459767
671	45    	0.204481    	0.363284 	-1        	0.459767
672	46    	0.124818    	0.460914 	-1        	0.478107
673	47    	-0.0606315  	0.59212  	-1        	0.570139
674	48    	0.179466    	0.400775 	-1        	0.536586
675	41    	0.199482    	0.407849 	-1        	0.536586
676	40    	0.204967    	0.416529 	-1        	0.536586
677	46    	0.313643    	0.0778192	0.136358  	0.536586
678	46    	0.259903    	0.206531 	-1        	0.536586
679	45    	0.284172    	0.210132 	-1        	0.496096
680	48    	0.141885    	0.427419 	-1        	0.496096
681	46    	0.274018    	0.207644 	-1        	0.586207
682	48    	0.185748    	0.360987 	-1        	0.526293
683	48    	0.11742     	0.455365 	-1        	0.484565
684	47    	0.093402    	0.517295 	-1        	0.531524
685	46    	0.211061    	0.369001 	-1        	0.490484
686	45    	0.130566    	0.425015 	-1        	0.488721
687	44    	0.229185    	0.377641 	-1        	0.790435
688	47    	0.00426124  	0.5676   	-1        	0.488721
689	44    	0.244644    	0.326945 	-1        	0.499186
690	45    	0.176705    	0.401631 	-1        	0.481712
691	43    	0.17069     	0.438637 	-1        	0.481712
692	46    	0.0310543   	0.553041 	-1        	0.502003
693	46    	0.0731436   	0.507052 	-1        	0.458277
694	48    	0.0489442   	0.531543 	-1        	0.530179
695	46    	0.135094    	0.462956 	-1        	0.484607
696	45    	0.144687    	0.466741 	-1        	0.484598
697	46    	0.225256    	0.366793 	-1        	0.443826
698	42    	-0.0145785  	0.590164 	-1        	0.536965
699	46    	0.175223    	0.439449 	-1        	0.536965
700	45    	0.209397    	0.366681 	-1        	0.536965
701	44    	0.119811    	0.496905 	-1        	0.536965
702	42    	0.146968    	0.476352 	-1        	0.536965
703	47    	0.00945017  	0.573496 	-1        	0.536965
704	42    	0.131322    	0.503102 	-1        	0.536965
705	48    	0.0524107   	0.534369 	-1        	0.606527
706	45    	-0.118836   	0.636505 	-1        	0.606527
707	45    	-0.161407   	0.633942 	-1        	0.536965
708	44    	0.111775    	0.491589 	-1        	0.536965
709	45    	0.103306    	0.489765 	-1        	0.536965
710	43    	0.0881584   	0.517588 	-1        	0.536965
711	45    	0.0602854   	0.537834 	-1        	0.537098
712	44    	0.0223406   	0.552315 	-1        	0.537098
713	48    	-0.0260263  	0.584013 	-1        	0.536965
714	47    	0.0156      	0.576208 	-1        	0.555036
715	47    	0.13173     	0.425896 	-1        	0.457078
716	48    	0.012319    	0.541404 	-1        	0.475246
717	43    	0.173121    	0.400259 	-1        	0.457078
718	48    	0.0899258   	0.481189 	-1        	0.457078
719	47    	0.0958216   	0.484099 	-1        	0.510792
720	48    	0.248481    	0.321809 	-1        	0.46041 
721	47    	0.142109    	0.426324 	-1        	0.412699
722	45    	0.262541    	0.277564 	-1        	0.571039
723	45    	-0.0865714  	0.632426 	-1        	0.571039
724	41    	0.138286    	0.509912 	-1        	0.571039
725	43    	-0.0337315  	0.612929 	-1        	0.571039
726	44    	-0.0398055  	0.635331 	-1        	0.571039
727	47    	-0.0568041  	0.622433 	-1        	0.571039
728	45    	-0.0153401  	0.588543 	-1        	0.571039
729	44    	0.0230181   	0.58414  	-1        	0.571039
730	50    	0.127773    	0.462141 	-1        	0.498838
731	44    	0.141342    	0.467729 	-1        	0.522015
732	47    	0.277834    	0.210962 	-1        	0.59114 
733	47    	0.266061    	0.204537 	-1        	0.541839
734	47    	0.297803    	0.109093 	-0.016    	0.574629
735	46    	0.285712    	0.140826 	-0.0175   	0.680408
736	46    	0.288919    	0.223639 	-1        	0.680408
737	41    	0.338176    	0.15296  	-0.0149998	0.680408
738	46    	0.273598    	0.140685 	-0.015    	0.680408
739	47    	0.272122    	0.105484 	0.0596254 	0.680408
740	44    	0.304044    	0.225386 	-1        	0.701025
741	48    	0.290333    	0.120743 	0.0541325 	0.680408
742	46    	0.2755      	0.133088 	-0.02     	0.680408
743	41    	0.282294    	0.208901 	-1        	0.540739
744	45    	0.285951    	0.11059  	0.0530668 	0.540739
745	49    	0.272651    	0.126284 	-0.0181818	0.572042
746	45    	0.261904    	0.113649 	-0.0181818	0.572042
747	44    	0.221189    	0.279572 	-1        	0.572042
748	46    	0.251681    	0.211942 	-1        	0.572042
749	48    	0.308705    	0.11131  	0.102756  	0.63026 
750	46    	0.247693    	0.202667 	-1        	0.63026 
751	49    	0.259551    	0.195241 	-1        	0.467567
752	45    	0.203644    	0.365969 	-1        	0.492645
753	45    	0.148636    	0.470053 	-1        	0.594966
754	47    	0.121086    	0.426615 	-1        	0.594966
755	45    	0.1765      	0.403093 	-1        	0.594966
756	47    	0.189927    	0.364999 	-1        	0.445789
757	50    	-0.0465367  	0.57046  	-1        	0.454151
758	47    	-0.0634945  	0.588491 	-1        	0.445165
759	47    	0.0991761   	0.483585 	-1        	0.453945
760	44    	0.029598    	0.551567 	-1        	0.500389
761	48    	0.206778    	0.315863 	-1        	0.500389
762	47    	0.182512    	0.361665 	-1        	0.488044
763	47    	0.175057    	0.404974 	-1        	0.515373
764	44    	0.204508    	0.410325 	-1        	0.493777
765	46    	0.294385    	0.278058 	-1        	0.550257
766	43    	0.259787    	0.280072 	-1        	0.550257
767	44    	0.321861    	0.213798 	-1        	0.550257
768	45    	0.218902    	0.377283 	-1        	0.624471
769	42    	0.276725    	0.218996 	-1        	0.624471
770	49    	0.224617    	0.321014 	-1        	0.530517
771	46    	0.193178    	0.361695 	-1        	0.513023
772	49    	0.224806    	0.319603 	-1        	0.513023
773	47    	0.171868    	0.398705 	-1        	0.513023
774	44    	0.245409    	0.329685 	-1        	0.513023
775	48    	0.280864    	0.207412 	-1        	0.513023
776	48    	0.277707    	0.206072 	-1        	0.485034
777	47    	0.0474835   	0.52742  	-1        	0.434389
778	44    	0.202064    	0.362692 	-1        	0.425629
779	48    	0.234287    	0.319625 	-1        	0.507636
780	46    	0.309191    	0.106381 	-0.015    	0.507636
781	46    	0.255634    	0.205585 	-1        	0.507636
782	47    	0.289717    	0.092696 	-0.0133334	0.467392
783	47    	0.277254    	0.20424  	-1        	0.550048
784	46    	0.308398    	0.204665 	-1        	0.504645
785	42    	0.252498    	0.281102 	-1        	0.509903
786	43    	0.269839    	0.280432 	-1        	0.509903
787	44    	0.311308    	0.117049 	0.0398916 	0.546721
788	44    	0.222067    	0.325469 	-1        	0.509903
789	46    	0.230309    	0.323829 	-1        	0.509903
790	44    	0.326657    	0.0966728	0.115895  	0.509903
791	43    	0.224805    	0.374436 	-1        	0.543103
792	45    	0.25283     	0.327224 	-1        	0.543103
793	44    	0.179148    	0.407842 	-1        	0.543103
794	46    	0.144106    	0.47135  	-1        	0.622831
795	48    	0.211662    	0.369821 	-1        	0.543103
796	46    	0.134548    	0.464802 	-1        	0.538565
797	48    	0.13498     	0.46634  	-1        	0.538565
798	45    	0.144624    	0.471475 	-1        	0.538565
799	43    	-0.0439107  	0.600502 	-1        	0.538565
800	47    	-0.179789   	0.645911 	-1        	0.51314 
801	46    	-0.0147818  	0.587601 	-1        	0.598062
802	45    	-0.127184   	0.629633 	-1        	0.494224
803	48    	0.012125    	0.577199 	-1        	0.70635 
804	45    	0.0890677   	0.55756  	-1        	0.70635 
805	48    	0.158164    	0.362365 	-1        	0.604526
806	46    	0.162427    	0.264485 	-1        	0.431701
807	48    	0.179585    	0.322263 	-1        	0.515996
808	48    	0.158319    	0.359432 	-1        	0.7065  
809	43    	0.250349    	0.237542 	-1        	0.7065  
810	42    	0.21664     	0.396346 	-1        	0.7065  
811	45    	0.235473    	0.177542 	-0.0175   	0.7065  
812	47    	0.223818    	0.168203 	-0.02     	0.706596
813	47    	0.244287    	0.155023 	-0.02     	0.706077
814	45    	0.247667    	0.165236 	-0.02     	0.706077
815	43    	0.242724    	0.181707 	-0.0233333	0.583225
816	47    	0.24642     	0.171861 	-0.0166667	0.702322
817	47    	0.221511    	0.147726 	-0.02     	0.702322
818	48    	0.226102    	0.139256 	-0.02     	0.702322
819	49    	0.236513    	0.122516 	-0.02     	0.506152
820	49    	0.240261    	0.106185 	-0.0175   	0.520999
821	44    	0.239168    	0.121091 	-0.02     	0.560641
822	45    	0.258645    	0.135213 	-0.02     	0.560641
823	48    	0.24176     	0.140364 	-0.0177778	0.818806
824	47    	0.274801    	0.112249 	0.072779  	0.609784
825	47    	0.23485     	0.120014 	-0.0166667	0.488322
826	46    	0.254689    	0.1485   	-0.0175   	0.616026
827	47    	0.254867    	0.147916 	-0.02     	0.759487
828	47    	0.248482    	0.146771 	-0.0133334	0.832806
829	41    	0.274317    	0.174301 	-0.0171429	0.832806
830	49    	0.203525    	0.129316 	-0.0222222	0.482369
831	45    	0.273812    	0.111215 	0.0982094 	0.508401
832	48    	0.257642    	0.111792 	-0.00884219	0.516189
833	47    	0.25617     	0.132871 	-0.018     	0.525283
834	45    	0.245086    	0.118043 	-0.0177778 	0.516189
835	45    	0.242102    	0.113098 	-0.0175    	0.516189
836	41    	0.277656    	0.135775 	-0.0222222 	0.61273 
837	43    	0.284706    	0.157043 	-0.0200001 	0.61273 
838	44    	0.307002    	0.138126 	-0.02      	0.61273 
839	46    	0.272668    	0.13798  	-0.018     	0.61273 
840	48    	0.297527    	0.0908386	0.0777714  	0.515368
841	44    	0.297161    	0.115962 	-0.0166667 	0.515368
842	46    	0.265279    	0.110358 	0.049953   	0.515368
843	46    	0.300877    	0.0813424	0.146059   	0.515368
844	48    	0.283076    	0.0854225	0.127052   	0.491874
845	44    	0.303597    	0.0921603	0.0945789  	0.510607
846	45    	0.28717     	0.0998199	0.0530232  	0.491874
847	42    	0.244489    	0.328619 	-1         	0.491874
848	48    	0.19288     	0.361924 	-1         	0.483763
849	45    	0.252006    	0.206507 	-1         	0.47973 
850	48    	0.290608    	0.0974744	0.116901   	0.552187
851	48    	0.237655    	0.263333 	-1         	0.453304
852	49    	0.291639    	0.0859656	-0.01      	0.453304
853	42    	0.257594    	0.267901 	-1         	0.464824
854	45    	0.30797     	0.0973766	0.116994   	0.52814 
855	46    	0.244309    	0.331511 	-1         	0.587974
856	48    	0.210672    	0.322262 	-1         	0.587974
857	45    	0.314808    	0.112365 	0.0815641  	0.587974
858	46    	0.289913    	0.118406 	0.051951   	0.587974
859	46    	0.311097    	0.139459 	-0.016     	0.799912
860	42    	0.29541     	0.304924 	-1         	0.799912
861	47    	0.323127    	0.143373 	0.052324   	0.793778
862	49    	0.26564     	0.152276 	-0.0171428 	0.693426
863	48    	0.269112    	0.114506 	-0.0166667 	0.586533
864	45    	0.28661     	0.213186 	-1         	0.586533
865	47    	0.230685    	0.275153 	-1         	0.586533
866	47    	0.252822    	0.276674 	-1         	0.586533
867	45    	0.291451    	0.102082 	0.0457636  	0.586533
868	45    	0.270604    	0.209495 	-1         	0.586533
869	38    	0.310776    	0.22523  	-1         	0.586533
870	47    	0.291734    	0.109529 	-0.0150002 	0.586533
871	47    	0.276793    	0.108416 	0.0827989  	0.586533
872	41    	0.307449    	0.132242 	0.0742903  	0.586533
873	47    	0.309103    	0.130873 	0.0476937  	0.654272
874	45    	0.286932    	0.218571 	-1         	0.654272
875	46    	0.302495    	0.220799 	-1         	0.654272
876	47    	0.282593    	0.221075 	-1         	0.684847
877	48    	0.197008    	0.36766  	-1         	0.684847
878	46    	0.282247    	0.203883 	-1         	0.544634
879	46    	0.177223    	0.401123 	-1         	0.544634
880	48    	0.260418    	0.20405  	-1         	0.544634
881	47    	0.23869     	0.273173 	-1         	0.544634
882	45    	0.311917    	0.116592 	-0.0174999 	0.576465
883	47    	0.261902    	0.213437 	-1         	0.576465
884	43    	0.212675    	0.323403 	-1         	0.576465
885	49    	0.159322    	0.398493 	-1         	0.629586
886	46    	0.160134    	0.403521 	-1         	0.629586
887	46    	0.217836    	0.325792 	-1         	0.629586
888	46    	0.287926    	0.123611 	0.0736133  	0.617674
889	47    	0.270157    	0.116684 	-0.0199999 	0.617674
890	43    	0.300874    	0.09546  	-0.015     	0.481914
891	48    	0.177914    	0.361606 	-1         	0.520276
892	47    	0.288529    	0.205426 	-1         	0.520276
893	47    	0.293503    	0.204572 	-1         	0.520276
894	47    	0.252536    	0.273545 	-1         	0.592687
895	43    	0.236423    	0.278228 	-1         	0.592687
896	50    	0.259945    	0.20346  	-1         	0.500977
897	46    	0.28266     	0.0898422	0.100085   	0.500977
898	48    	0.287779    	0.0992529	0.0318258  	0.507462
899	42    	0.303347    	0.0852106	0.119411   	0.500977
900	46    	0.293608    	0.0893296	0.137521   	0.500977
901	47    	0.265615    	0.201931 	-1         	0.515178
902	44    	0.316389    	0.104243 	0.0402523  	0.587032
903	48    	0.278484    	0.205017 	-1         	0.625361
904	45    	0.283121    	0.204821 	-1         	0.500977
905	46    	0.283758    	0.207313 	-1         	0.50628 
906	42    	0.246335    	0.328535 	-1         	0.506926
907	49    	0.268104    	0.195976 	-1         	0.45103 
908	44    	0.317686    	0.0853897	0.0973192  	0.492171
909	45    	0.147252    	0.432228 	-1         	0.52382 
910	47    	0.166029    	0.438528 	-1         	0.574801
911	46    	0.102632    	0.488925 	-1         	0.574801
912	44    	0.187569    	0.407113 	-1         	0.505402
913	44    	-0.0166391  	0.588436 	-1         	0.505402
914	45    	0.268649    	0.273972 	-1         	0.505402
915	43    	0.151234    	0.43589  	-1         	0.505402
916	47    	0.192369    	0.359759 	-1         	0.505402
917	45    	0.223539    	0.322245 	-1         	0.454058
918	47    	0.135709    	0.427475 	-1         	0.448442
919	44    	0.211307    	0.364596 	-1         	0.479033
920	46    	0.27077     	0.195377 	-1         	0.436357
921	46    	0.255174    	0.269767 	-1         	0.606401
922	50    	0.0806222   	0.479187 	-1         	0.474745
923	45    	0.280007    	0.204887 	-1         	0.470169
924	47    	0.206106    	0.317955 	-1         	0.465097
925	49    	0.206192    	0.317886 	-1         	0.459415
926	47    	0.207833    	0.314928 	-1         	0.428743
927	45    	0.19058     	0.359935 	-1         	0.428743
928	46    	0.243011    	0.27519  	-1         	0.517223
929	47    	0.296372    	0.209088 	-1         	0.65547 
930	48    	0.233663    	0.274307 	-1         	0.469655
931	48    	0.10389     	0.455567 	-1         	0.471978
932	44    	0.254652    	0.27395  	-1         	0.471978
933	47    	0.217213    	0.318908 	-1         	0.442648
934	44    	0.208072    	0.32015  	-1         	0.442648
935	44    	0.258874    	0.207853 	-1         	0.618945
936	46    	0.253731    	0.272453 	-1         	0.562196
937	46    	0.233145    	0.273413 	-1         	0.562196
938	46    	0.281074    	0.113967 	0.0642066  	0.65165 
939	46    	0.281493    	0.102656 	0.0940086  	0.536413
940	44    	0.279548    	0.0894196	-0.015     	0.466092
941	45    	0.287538    	0.088743 	0.138422   	0.533477
942	49    	0.302203    	0.20516  	-1         	0.598678
943	46    	0.271022    	0.196982 	-1         	0.52178 
944	47    	0.282035    	0.198419 	-1         	0.45037 
945	45    	0.26507     	0.201709 	-1         	0.45037 
946	45    	0.249108    	0.323465 	-1         	0.466188
947	45    	0.313071    	0.0899531	0.0856371  	0.478117
948	44    	0.267818    	0.274401 	-1         	0.592542
949	47    	0.248585    	0.270753 	-1         	0.549778
950	46    	0.263851    	0.270906 	-1         	0.549778
951	47    	0.301046    	0.0861819	0.0426281  	0.491207
952	45    	0.264095    	0.271145 	-1         	0.517243
953	46    	0.3026      	0.101633 	-0.02      	0.489444
954	41    	0.245664    	0.332854 	-1         	0.494495
955	41    	0.25387     	0.332574 	-1         	0.494495
956	45    	0.300682    	0.207881 	-1         	0.494495
957	44    	0.281779    	0.211622 	-1         	0.494495
958	42    	0.294948    	0.0889111	0.125362   	0.494495
959	44    	0.223862    	0.319614 	-1         	0.486207
960	47    	0.203455    	0.364245 	-1         	0.486207
961	43    	0.134357    	0.463982 	-1         	0.486207
962	48    	0.151933    	0.434899 	-1         	0.544524
963	49    	0.0939206   	0.4832   	-1         	0.501104
964	48    	0.188563    	0.402477 	-1         	0.501104
965	47    	0.0703778   	0.508704 	-1         	0.529099
966	45    	0.159918    	0.43425  	-1         	0.529099
967	47    	-0.00724065 	0.59269  	-1         	0.531634
968	43    	0.219387    	0.325511 	-1         	0.531634
969	43    	0.242692    	0.278451 	-1         	0.531634
970	47    	0.226147    	0.328612 	-1         	0.608253
971	48    	0.300622    	0.118293 	-0.02      	0.539664
972	46    	0.268184    	0.209611 	-1         	0.619906
973	49    	0.257005    	0.206126 	-1         	0.589408
974	45    	0.21212     	0.319431 	-1         	0.586817
975	43    	0.268269    	0.21262  	-1         	0.586817
976	48    	0.270963    	0.215068 	-1         	0.586817
977	46    	0.299609    	0.0998099	0.0468892  	0.485006
978	46    	0.309328    	0.100819 	0.10531    	0.560748
979	44    	0.292396    	0.120111 	0.0158482  	0.570562
980	45    	0.303384    	0.128164 	-0.0186666 	0.570562
981	48    	0.293911    	0.112318 	0.0621376  	0.570562
982	48    	0.269728    	0.20742  	-1         	0.533087
983	48    	0.263605    	0.114929 	-0.0183333 	0.491532
984	46    	0.285733    	0.0922346	-0.0133337 	0.491532
985	47    	0.281778    	0.0985147	-0.016     	0.491532
986	47    	0.270582    	0.126913 	-0.0171428 	0.547655
987	47    	0.278457    	0.093557 	0.11659    	0.547655
988	47    	0.275246    	0.102577 	0.131029   	0.547655
989	45    	0.279303    	0.0949823	0.119596   	0.517572
990	47    	0.297409    	0.0877364	0.0400294  	0.517572
991	45    	0.295711    	0.0943348	-0.0171428 	0.517572
992	47    	0.3082      	0.0933083	0.133186   	0.521754
993	50    	0.0798146   	0.479312 	-1         	0.468617
994	44    	0.232882    	0.324362 	-1         	0.593959
995	46    	0.284136    	0.274513 	-1         	0.593959
996	46    	0.299913    	0.215909 	-1         	0.593959
997	47    	0.21436     	0.370894 	-1         	0.593959
998	44    	0.267818    	0.274774 	-1         	0.593959
999	46    	0.299072    	0.207101 	-1         	0.593959
1000	47    	0.205822    	0.363212 	-1         	0.456162
Best individuals:
(0.8583089408960938,) 	-->	 /*9*/LBRLLRRFUDUUUU
VMNeuronManager.autoload: Neuro classes added: Delay Light Nn PIDP PIDV SeeLight SeeLight2 S0 S1 Thr 
UserScripts.autoload: 19 user scripts added.
Simulator.load: Loading from 'eval-allcriteria.sim'
Loader.load: Comments read from file follow:
Loader.load:  Sample settings for evaluating many criteria of performance of a Framsticks creature.
Loader.load:  See the "evalcount" parameter if you want to speed the evaluation up or have a more stable result.
Loader.load:  Other important parameters are "Energy0" and "perfperiod".
Loader.load:  Put this file in the "data" subdirectory within the Framsticks distribution.
Simulator.load: Settings loaded from 'eval-allcriteria.sim'
Simulator.load: Loading from 'deterministic.sim'
Loader.load: Comments read from file follow:
Loader.load:  Parameter values that make the evaluation of a Framsticks creature deterministic.
Loader.load:  The values turn off random noise, so evaluation of the same genotype will always yield the same performance.
Loader.load:  The advantage is that you do not need to evaluate a genotype many times, and performance values are reliable.
Loader.load:  The disadvantage is that evolved creatures are "overfitting", i.e. rely entirely on the specific environment,
Loader.load:  and their behavior may be different in any other environment or (even slightly) changed conditions or parameter values,
Loader.load:  so each creature evolved using these settings must be later inspected using exactly the same setup.
Loader.load: 
Loader.load:  Before loading this file, load base settings, e.g. "eval-allcriteria.sim".
Loader.load:  Put this file in the "data" subdirectory within the Framsticks distribution.
Simulator.load: Settings loaded from 'deterministic.sim'
Simulator.load: Loading from 'sample-period-2.sim'
Loader.load: Comments read from file follow:
Loader.load:  Very low "performance sampling period" in the first population to sample performance very often during lifespan
Loader.load:  and avoid overlooking some behavior. Averaged performance of sampled values is returned as the final value.
Loader.load:  See http://www.framsticks.com/a/al_params.html#exper-perfcalc
Loader.load: 
Loader.load:  Before loading this file, load base settings, e.g. "eval-allcriteria.sim".
Loader.load:  Put this file in the "data" subdirectory within the Framsticks distribution.
Simulator.load: Loading from 'f9-mut-050.sim'
Simulator.load: Settings loaded from 'f9-mut-050.sim'
