Argument values: path=C:\Users\1625203\Downloads\Framsticks50rc22\Framsticks50rc22, lib=None, sim=eval-allcriteria.sim;deterministic.sim;sample-period-2.sim;f9-mut-040.sim, genformat=None, initialgenotype=/*9*/BLU, opt=vertpos, popsize=50, generations=1000, tournament=10, pmut=0.9, pxov=0.2, hof_size=1, hof_savefile=None, max_numparts=30, max_numjoints=None, max_numneurons=None, max_numconnections=None, max_numgenochars=50
Using Framsticks version: 5.0rc22
Home (writable) dir     : C:\Users\1625203\Downloads\Framsticks50rc22\Framsticks50rc22\data
Resources dir           : C:\Users\1625203\Downloads\Framsticks50rc22\Framsticks50rc22\data

Available objects: ['CheckpointEvent', 'Collision', 'CrCollision', 'Creature', 'CreatureSettings', 'CreatureSignals', 'CreatureSnapshot', 'Dictionary', 'ExpProperties', 'ExpState', 'ExtValue', 'File', 'FunctionReference', 'GenMan', 'GenManStats', 'GenePool', 'GenePools', 'Geno', 'Genotype', 'Interface', 'Joint', 'Loader', 'Math', 'MechJoint', 'MechPart', 'MessageCatcher', 'Model', 'ModelGeometry', 'ModelSymmetry', 'Neuro', 'NeuroClass', 'NeuroClassLibrary', 'NeuroDef', 'NeuroSignals', 'NeuronsSimEnabled', 'ODE', 'Orient', 'Part', 'Population', 'Populations', 'Ref', 'Signal', 'SignalView', 'SimilMeasure', 'SimilMeasureDistribution', 'SimilMeasureGreedy', 'SimilMeasureHungarian', 'Simulator', 'SlaveSimulators', 'StopEvent', 'String', 'UserScripts', 'Vector', 'WireframeAppearance', 'World', 'WorldMap', 'WorldSignals', 'XYZ', '__builtins__', '__cached__', '__doc__', '__file__', '__loader__', '__name__', '__package__', '__spec__', 'c_api', 'ctypes', 'home_dir', 'init', 'os', 're', 'res_dir', 'sim_params', 'stats', 'sys']

Performing a basic test 1/2... OK.
Performing a basic test 2/2... OK.
Using settings: ['eval-allcriteria.sim', 'deterministic.sim', 'sample-period-2.sim', 'f9-mut-040.sim']
gen	nevals	avg     	stddev	min     	max     
0  	50    	0.218369	0     	0.218369	0.218369
1  	50    	0.0460669	0.110979	-0.016  	0.514537
2  	43    	0.111119 	0.133633	-0.02   	0.514537
3  	47    	0.115052 	0.137851	-0.02   	0.428943
4  	44    	0.190719 	0.15403 	-0.02   	0.514537
5  	48    	0.166224 	0.145513	-0.02   	0.51442 
6  	42    	0.197524 	0.130734	-0.0166667	0.51442 
7  	48    	0.162935 	0.159759	-0.02     	0.51442 
8  	48    	0.194687 	0.154984	-0.0177778	0.592322
9  	45    	0.239564 	0.196592	-0.0160001	0.813708
10 	47    	0.197014 	0.202957	-0.0166667	0.812308
11 	45    	0.201775 	0.210135	-0.0175   	0.813708
12 	48    	0.152263 	0.18347 	-0.02     	0.813708
13 	48    	0.184926 	0.165989	-0.02     	0.636507
14 	44    	0.239286 	0.142608	-0.0171429	0.636507
15 	48    	0.24587  	0.148999	-0.0166667	0.694721
16 	46    	0.235364 	0.168702	-0.02     	0.694721
17 	44    	0.29243  	0.204963	-0.0171428	0.811247
18 	47    	0.201145 	0.201356	-0.0171429	0.811247
19 	45    	0.225586 	0.193255	-0.0200001	0.811247
20 	44    	0.229068 	0.208073	-0.02     	0.811247
21 	48    	0.193272 	0.198663	-0.0171429	0.811396
22 	45    	0.190575 	0.185916	-0.02     	0.811396
23 	47    	0.210455 	0.204405	-0.02     	0.811247
24 	49    	0.248118 	0.216862	-0.0166667	0.813708
25 	49    	0.152184 	0.159455	-0.02     	0.814342
26 	45    	0.180401 	0.158375	-0.02     	0.814342
27 	47    	0.189816 	0.170579	-0.02     	0.514611
28 	49    	0.135279 	0.129706	-0.02     	0.459734
29 	47    	0.167446 	0.143434	-0.0166667	0.49574 
30 	46    	0.247258 	0.15477 	-0.015    	0.75239 
31 	45    	0.256856 	0.196691	-0.0174999	0.688378
32 	44    	0.212447 	0.193655	-0.0181818	0.688378
33 	47    	0.194035 	0.162103	-0.0177778	0.585591
34 	47    	0.195917 	0.159033	-0.02     	0.576421
35 	48    	0.24525  	0.144901	-0.0171429	0.576421
36 	44    	0.246928 	0.167243	-0.02     	0.581124
37 	46    	0.271315 	0.188748	-0.0166667	0.705921
38 	46    	0.237507 	0.207378	-0.02     	0.705921
39 	45    	0.236557 	0.187886	-0.0171429	0.705921
40 	49    	0.211452 	0.158027	-0.02     	0.56908 
41 	46    	0.223413 	0.137532	-0.02     	0.574448
42 	47    	0.210942 	0.168279	-0.0177778	0.705921
43 	45    	0.267065 	0.186584	-0.0171429	0.721635
44 	47    	0.230357 	0.18684 	-0.0171429	0.706014
45 	44    	0.257248 	0.227554	-0.02     	0.812825
46 	49    	0.203909 	0.183207	-0.02     	0.706014
47 	43    	0.248343 	0.167009	-0.0171428	0.706014
48 	46    	0.264295 	0.179095	-0.0171429	0.706014
49 	48    	0.24104  	0.168761	-0.0171429	0.616705
50 	50    	0.205162 	0.142776	-0.02     	0.615231
51 	45    	0.245145 	0.16857 	-0.0171429	0.701567
52 	47    	0.20672  	0.149359	-0.02     	0.531715
53 	41    	0.30268  	0.160892	-0.0166667	0.700096
54 	44    	0.277278 	0.179845	-0.0171429	0.700096
55 	46    	0.282153 	0.154854	-0.0166667	0.700096
56 	48    	0.273533 	0.159224	-0.0177778	0.700096
57 	43    	0.286076 	0.163163	-0.0175001	0.700096
58 	45    	0.277321 	0.139349	-0.02     	0.561452
59 	47    	0.273779 	0.108556	-0.018    	0.561169
60 	48    	0.254042 	0.136617	-0.0177778	0.56198 
61 	42    	0.317836 	0.135422	-0.0177778	0.56198 
62 	46    	0.267745 	0.127628	-0.02     	0.616906
63 	44    	0.263263 	0.116343	-0.0171429	0.513825
64 	43    	0.302208 	0.125035	-0.0175   	0.513825
65 	46    	0.252823 	0.134414	-0.018    	0.513825
66 	44    	0.256876 	0.143766	-0.02     	0.515766
67 	45    	0.261685 	0.158824	-0.0177778	0.568321
68 	47    	0.263585 	0.158425	-0.0166584	0.702292
69 	43    	0.287068 	0.187678	-0.02     	0.702292
70 	47    	0.267921 	0.136409	-0.0166666	0.576658
71 	48    	0.257717 	0.174599	-0.02     	0.59496 
72 	46    	0.231479 	0.163567	-0.02     	0.59496 
73 	47    	0.251887 	0.163684	-0.0175   	0.600164
74 	47    	0.255353 	0.159525	-0.0166666	0.689693
75 	47    	0.263073 	0.142222	-0.0171428	0.689533
76 	48    	0.255239 	0.140643	-0.0166667	0.59187 
77 	48    	0.262761 	0.132417	-0.0166666	0.535601
78 	45    	0.283332 	0.161936	-0.0177779	0.732948
79 	47    	0.278798 	0.153248	-0.015    	0.732948
80 	48    	0.291416 	0.15519 	-0.0175   	0.731607
81 	47    	0.281111 	0.148406	-0.0183333	0.731607
82 	45    	0.30959  	0.168632	-0.0171432	0.752062
83 	44    	0.299731 	0.172321	-0.02     	0.752062
84 	46    	0.282277 	0.149922	-0.018    	0.731607
85 	46    	0.285029 	0.141569	-0.0166667	0.517259
86 	46    	0.290882 	0.145534	-0.0181818	0.627965
87 	48    	0.245034 	0.129718	-0.02     	0.627965
88 	50    	0.27448  	0.120555	0.0540139 	0.591072
89 	47    	0.282296 	0.111379	-0.02     	0.540456
90 	48    	0.280136 	0.143514	0.0753599 	0.728949
91 	47    	0.259727 	0.154878	-0.0171428	0.728949
92 	45    	0.282049 	0.151778	-0.02     	0.648432
93 	43    	0.309244 	0.143902	0.0911091 	0.648432
94 	46    	0.301659 	0.170434	-0.016    	0.67787 
95 	46    	0.272017 	0.201845	-0.02     	0.750949
96 	48    	0.258872 	0.12888 	-0.0166667	0.648432
97 	42    	0.234906 	0.164143	-0.02     	0.648432
98 	45    	0.242442 	0.155508	-0.0177778	0.648432
99 	50    	0.287418 	0.17102 	-0.0133333	0.730003
100	46    	0.252754 	0.15984 	-0.02     	0.730003
101	50    	0.226636 	0.169841	-0.02     	0.705921
102	45    	0.271632 	0.18137 	-0.0171429	0.761915
103	44    	0.337141 	0.208143	-0.0175   	0.761915
104	44    	0.299835 	0.224874	-0.0177778	0.761915
105	46    	0.27748  	0.207564	-0.02     	0.761915
106	48    	0.220377 	0.142078	-0.02     	0.721304
107	47    	0.278654 	0.165957	-0.0171429	0.675888
108	45    	0.265565 	0.185068	-0.02     	0.675888
109	43    	0.263688 	0.172836	-0.016    	0.759203
110	44    	0.270002 	0.140066	-0.0177778	0.759203
111	47    	0.256434 	0.123751	-0.0199999	0.676559
112	46    	0.290832 	0.13761 	-0.0171428	0.767476
113	47    	0.266753 	0.137305	-0.016    	0.767476
114	46    	0.259627 	0.130963	-0.0199999	0.767476
115	46    	0.271852 	0.112893	-0.0171427	0.476245
116	48    	0.266645 	0.134276	-0.02     	0.504902
117	48    	0.238008 	0.139283	-0.02     	0.592602
118	46    	0.276811 	0.127338	-0.02     	0.592602
119	45    	0.289636 	0.156691	-0.0175   	0.703303
120	46    	0.288036 	0.156828	-0.0175   	0.703303
121	44    	0.263325 	0.171358	-0.0175   	0.608733
122	49    	0.256303 	0.141008	-0.0181818	0.689533
123	45    	0.244379 	0.160066	-0.0177777	0.689533
124	47    	0.266878 	0.184344	-0.0200001	0.813708
125	46    	0.25622  	0.156396	-0.0171429	0.621277
126	47    	0.250468 	0.127746	-0.0171429	0.621277
127	47    	0.262288 	0.131416	-0.0175   	0.604935
128	46    	0.244586 	0.130445	-0.0166666	0.604935
129	43    	0.287276 	0.139061	-0.02     	0.604935
130	47    	0.252553 	0.186324	-0.02     	0.689785
131	45    	0.25296  	0.172653	-0.02     	0.689785
132	45    	0.286422 	0.193123	-0.02     	0.651827
133	44    	0.299396 	0.198965	-0.02     	0.651827
134	48    	0.252293 	0.149556	-0.0174999	0.721369
135	45    	0.244547 	0.198631	-0.02     	0.805829
136	49    	0.216602 	0.144266	-0.0199998	0.59685 
137	48    	0.221497 	0.125323	-0.02     	0.46152 
138	40    	0.264461 	0.143646	-0.02     	0.514657
139	47    	0.24225  	0.131849	-0.02     	0.536038
140	46    	0.223344 	0.159261	-0.02     	0.556622
141	46    	0.262256 	0.127569	-0.02     	0.594058
142	42    	0.256169 	0.164282	-0.0175   	0.595119
143	44    	0.236367 	0.173181	-0.02     	0.609474
144	48    	0.261129 	0.149884	-0.0199999	0.609711
145	47    	0.233893 	0.15049 	-0.0175   	0.581321
146	47    	0.241904 	0.151376	-0.0200001	0.581238
147	48    	0.193808 	0.170929	-0.02     	0.581238
148	48    	0.231594 	0.160318	-0.0160001	0.581238
149	46    	0.209445 	0.155033	-0.016    	0.527217
150	46    	0.23331  	0.152238	-0.02     	0.573987
151	46    	0.255747 	0.184551	-0.02     	0.703659
152	47    	0.186615 	0.192858	-0.02     	0.703659
153	43    	0.255778 	0.182436	-0.0171429	0.703659
154	43    	0.245428 	0.209008	-0.0175001	0.703659
155	46    	0.227162 	0.239983	-0.02     	0.813756
156	46    	0.200759 	0.204852	-0.02     	0.813756
157	47    	0.191422 	0.20427 	-0.0171429	0.813756
158	47    	0.219163 	0.158881	-0.02     	0.813756
159	44    	0.20166  	0.16665 	-0.02     	0.536224
160	43    	0.237772 	0.158213	-0.02     	0.536224
161	44    	0.211239 	0.131893	-0.0166667	0.536224
162	44    	0.220371 	0.129304	-0.0200001	0.519112
163	46    	0.210627 	0.142221	-0.02     	0.556105
164	48    	0.247762 	0.128991	-0.02     	0.556105
165	47    	0.285927 	0.158777	-0.018    	0.828875
166	43    	0.271178 	0.178026	-0.0171429	0.828875
167	47    	0.240632 	0.175146	-0.0171429	0.731322
168	47    	0.21648  	0.17807 	-0.0199999	0.715444
169	45    	0.249536 	0.188039	-0.02     	0.715444
170	47    	0.264095 	0.18506 	-0.0171429	0.715444
171	47    	0.193192 	0.157925	-0.0199999	0.624478
172	44    	0.241731 	0.156871	-0.0177778	0.614416
173	48    	0.255314 	0.150048	-0.02     	0.636064
174	46    	0.311191 	0.158303	-0.0166667	0.636064
175	46    	0.293859 	0.134244	-0.0166666	0.636064
176	45    	0.266955 	0.155974	-0.0222223	0.636064
177	43    	0.301067 	0.152424	-0.02     	0.636064
178	44    	0.312786 	0.137918	-0.0133333	0.636064
179	44    	0.306316 	0.161898	-0.0177778	0.636064
180	50    	0.286876 	0.126456	-0.0185713	0.760831
181	48    	0.274249 	0.10464 	0.0707945 	0.485333
182	50    	0.280776 	0.0980251	0.0783191 	0.555436
183	43    	0.268932 	0.0988189	0.0826431 	0.488864
184	47    	0.307084 	0.111378 	0.0965572 	0.527252
185	49    	0.255745 	0.108036 	-0.02     	0.470238
186	44    	0.286599 	0.0946877	0.0757636 	0.524951
187	42    	0.262631 	0.120253 	-0.0171427	0.524951
188	43    	0.284215 	0.0958355	0.0924477 	0.524951
189	47    	0.285629 	0.101417 	0.0521895 	0.524901
190	44    	0.305899 	0.104922 	0.0438619 	0.524901
191	45    	0.286405 	0.106846 	0.081057  	0.524901
192	44    	0.27268  	0.11892  	-0.015    	0.524901
193	45    	0.267988 	0.11576  	-0.0177778	0.589507
194	43    	0.305536 	0.101088 	0.0965682 	0.589507
195	46    	0.291992 	0.111615 	-0.016    	0.589507
196	45    	0.269301 	0.102795 	-0.02     	0.486505
197	43    	0.284412 	0.0885246	0.0945881 	0.461804
198	44    	0.278392 	0.0979869	-0.0177778	0.461804
199	48    	0.292865 	0.0970394	0.0834001 	0.473005
200	46    	0.285503 	0.106413 	0.0790178 	0.519219
201	47    	0.284612 	0.121051 	-0.01     	0.580699
202	43    	0.276502 	0.140248 	-0.02     	0.580699
203	44    	0.276768 	0.141772 	-0.02     	0.528314
204	45    	0.283879 	0.111154 	-0.0177778	0.517083
205	46    	0.266958 	0.145035 	-0.0177779	0.56484 
206	47    	0.259544 	0.146372 	-0.02     	0.726095
207	48    	0.238075 	0.113568 	-0.0171429	0.437919
208	49    	0.21317  	0.32505  	-1        	0.578772
209	50    	0.179639 	0.266004 	-1        	0.513654
210	47    	0.138349 	0.392284 	-1        	0.513654
211	47    	0.28915  	0.093989 	-0.0133332	0.493556
212	46    	0.246948 	0.274877 	-1        	0.51792 
213	42    	0.312975 	0.0948339	0.0861848 	0.51792 
214	44    	0.25124  	0.212393 	-1        	0.51792 
215	46    	0.294789 	0.108858 	0.0515224 	0.566498
216	46    	0.283652 	0.104755 	-0.02     	0.51792 
217	48    	0.278654 	0.115692 	-0.015    	0.554175
218	45    	0.298856 	0.126941 	0.0532852 	0.609818
219	44    	0.307545 	0.123026 	-0.0183333	0.554175
220	46    	0.27851  	0.109212 	0.0785971 	0.554175
221	45    	0.269254 	0.120319 	-0.02     	0.597236
222	46    	0.287499 	0.121118 	-0.0166667	0.554175
223	45    	0.279893 	0.124137 	-0.0171429	0.554175
224	49    	0.251457 	0.109306 	-0.0177778	0.554175
225	47    	0.306577 	0.0806029	0.131143  	0.467547
226	43    	0.302113 	0.0943374	0.0764854 	0.467547
227	48    	0.271771 	0.100952 	-0.015    	0.523241
228	49    	0.279128 	0.0951426	-0.0183333	0.520695
229	45    	0.28801  	0.100525 	-0.016    	0.520695
230	45    	0.293932 	0.112831 	0.0537807 	0.660866
231	45    	0.294902 	0.121536 	-0.0133337	0.734542
232	41    	0.299768 	0.131232 	0.0714711 	0.734542
233	46    	0.29686  	0.13491  	0.0752878 	0.734542
234	48    	0.279267 	0.122521 	0.0743618 	0.702349
235	46    	0.281964 	0.138705 	-0.0171428	0.702349
236	48    	0.287387 	0.167482 	-0.02     	0.703946
237	49    	0.214041 	0.12666  	-0.02     	0.558238
238	47    	0.245075 	0.13313  	-0.02     	0.514252
239	47    	0.216112 	0.15473  	-0.0175   	0.518284
240	49    	0.222865 	0.142123 	-0.0171428	0.54424 
241	46    	0.249196 	0.13736  	-0.018    	0.574223
242	44    	0.263434 	0.13663  	-0.02     	0.574223
243	44    	0.270621 	0.130174 	-0.02     	0.574223
244	46    	0.25253  	0.135867 	-0.018    	0.54424 
245	46    	0.277601 	0.128339 	-0.0177778	0.541297
246	46    	0.226565 	0.135339 	-0.02     	0.499549
247	47    	0.251762 	0.119159 	-0.02     	0.459671
248	48    	0.247885 	0.117804 	-0.0133333	0.575625
249	48    	0.289095 	0.121189 	-0.015    	0.583929
250	49    	0.23345  	0.121986 	-0.0166667	0.540861
251	46    	0.286431 	0.113081 	-0.0171429	0.540861
252	47    	0.285136 	0.119569 	-0.0174999	0.530339
253	46    	0.273319 	0.140851 	-0.0166667	0.744975
254	41    	0.288892 	0.186878 	-0.0175   	0.744975
255	45    	0.271755 	0.186691 	-0.02     	0.730197
256	43    	0.263978 	0.208753 	-0.02     	0.730197
257	44    	0.291197 	0.186386 	-0.02     	0.730197
258	44    	0.260123 	0.171527 	-0.0177778	0.730197
259	49    	0.242071 	0.161735 	-0.0177778	0.73019 
260	44    	0.250171 	0.187795 	-0.02     	0.73019 
261	44    	0.256263 	0.198749 	-0.0171429	0.809391
262	42    	0.298409 	0.202761 	-0.0175   	0.809391
263	46    	0.271993 	0.154435 	-0.0166667	0.660703
264	46    	0.229233 	0.149981 	-0.018    	0.660703
265	45    	0.263352 	0.148297 	-0.02     	0.810962
266	46    	0.229168 	0.17401  	-0.02     	0.810962
267	44    	0.276403 	0.206231 	-0.0175   	0.810962
268	43    	0.289059 	0.235137 	-0.02     	0.810962
269	47    	0.278342 	0.205876 	-0.0175   	0.810962
270	47    	0.248906 	0.171797 	-0.02     	0.810962
271	46    	0.24989  	0.177854 	-0.0175   	0.810962
272	49    	0.231485 	0.156556 	-0.02     	0.727851
273	43    	0.305094 	0.165327 	-0.02     	0.727851
274	49    	0.269107 	0.161616 	-0.0175   	0.727851
275	45    	0.243485 	0.188306 	-0.0200001	0.813756
276	48    	0.18946  	0.162103 	-0.0200001	0.750752
277	46    	0.229681 	0.16759  	-0.0166666	0.750752
278	47    	0.231825 	0.151351 	-0.0175   	0.596795
279	44    	0.263328 	0.16265  	-0.0166666	0.596795
280	45    	0.268088 	0.192502 	-0.02     	0.804169
281	46    	0.214937 	0.182434 	-0.02     	0.61419 
282	44    	0.223638 	0.186747 	-0.0175   	0.61419 
283	45    	0.235769 	0.198717 	-0.0175   	0.61419 
284	46    	0.226507 	0.193978 	-0.02     	0.70176 
285	46    	0.283829 	0.209484 	-0.0177778	0.724286
286	43    	0.291993 	0.186915 	-0.0171429	0.704074
287	44    	0.258411 	0.210061 	-0.0171429	0.704074
288	42    	0.306478 	0.205794 	-0.02     	0.703401
289	46    	0.227216 	0.203458 	-0.02     	0.834818
290	47    	0.252653 	0.178627 	-0.02     	0.706014
291	46    	0.275714 	0.205837 	-0.02     	0.706014
292	49    	0.169893 	0.155019 	-0.02     	0.706014
293	44    	0.238971 	0.134159 	-0.02     	0.518141
294	46    	0.21158  	0.170108 	-0.02     	0.703659
295	43    	0.246383 	0.169362 	-0.02     	0.703659
296	46    	0.272232 	0.162947 	-0.0166667	0.702349
297	48    	0.262645 	0.1709   	-0.0177778	0.752201
298	44    	0.264861 	0.202476 	-0.0177778	0.752201
299	46    	0.341965 	0.220106 	-0.016    	0.752201
300	42    	0.298191 	0.231406 	-0.0177778	0.752201
301	46    	0.29283  	0.215333 	-0.02     	0.752201
302	47    	0.267586 	0.210162 	-0.0177778	0.752201
303	46    	0.301824 	0.18572  	-0.0177778	0.752201
304	48    	0.256385 	0.168077 	-0.0177777	0.752201
305	43    	0.341648 	0.196494 	-0.018    	0.834784
306	48    	0.283363 	0.121181 	0.100106  	0.752201
307	45    	0.244328 	0.17097  	-0.0200001	0.752201
308	46    	0.254882 	0.164869 	-0.0171429	0.752201
309	47    	0.271061 	0.175504 	-0.02     	0.752201
310	49    	0.269112 	0.124723 	-0.0166668	0.752201
311	45    	0.280341 	0.122161 	-0.015    	0.557493
312	46    	0.294009 	0.1186   	-0.0150002	0.599437
313	47    	0.308641 	0.148064 	-0.0177779	0.60648 
314	48    	0.285845 	0.129345 	-0.0150001	0.647198
315	47    	0.29225  	0.151287 	-0.02     	0.647198
316	47    	0.249441 	0.149359 	-0.0175   	0.647198
317	46    	0.263877 	0.167875 	-0.02     	0.647711
318	48    	0.290838 	0.166916 	-0.018    	0.646839
319	47    	0.300901 	0.150699 	-0.0199999	0.708355
320	47    	0.261711 	0.147819 	-0.0133333	0.780162
321	47    	0.275172 	0.167686 	-0.0225   	0.780162
322	50    	0.228127 	0.139844 	-0.0175   	0.800245
323	42    	0.282635 	0.189155 	-0.0200001	0.800245
324	48    	0.239671 	0.143373 	-0.02     	0.580687
325	47    	0.272106 	0.132837 	-0.0177778	0.600292
326	45    	0.209806 	0.151667 	-0.0171429	0.580687
327	47    	0.23477  	0.145894 	-0.018    	0.526995
328	46    	0.200303 	0.129393 	-0.02     	0.526995
329	44    	0.22585  	0.125563 	-0.0181818	0.526995
330	47    	0.235564 	0.121297 	-0.0166666	0.526995
331	46    	0.2491   	0.111014 	-0.02     	0.522581
332	46    	0.237344 	0.12695  	-0.0171429	0.42792 
333	47    	0.261064 	0.126208 	-0.0166667	0.551232
334	46    	0.252743 	0.101271 	-0.016    	0.551232
335	43    	0.250101 	0.112077 	-0.0133334	0.551232
336	47    	0.272235 	0.11231  	-0.0177778	0.551232
337	48    	0.253146 	0.121854 	-0.0166666	0.551232
338	45    	0.236062 	0.126251 	-0.02     	0.551232
339	46    	0.258395 	0.115253 	-0.015    	0.551232
340	47    	0.289133 	0.112283 	0.103931  	0.6611  
341	47    	0.256057 	0.134818 	-0.0225   	0.586441
342	44    	0.285961 	0.131498 	-0.0171429	0.586441
343	46    	0.256206 	0.120304 	-0.0185715	0.586441
344	47    	0.291848 	0.109854 	-0.016    	0.577432
345	49    	0.243597 	0.105565 	-0.0166667	0.44049 
346	42    	0.284112 	0.106286 	-0.0199999	0.490854
347	50    	0.284261 	0.126331 	-0.016    	0.522197
348	48    	0.196381 	0.318029 	-1        	0.522197
349	46    	0.324598 	0.0924364	0.158651  	0.544597
350	46    	0.27159  	0.272128 	-1        	0.544597
351	45    	0.204011 	0.365315 	-1        	0.544597
352	44    	0.273549 	0.273671 	-1        	0.544597
353	44    	0.205204 	0.364295 	-1        	0.466718
354	45    	0.118912 	0.460431 	-1        	0.466718
355	45    	0.194872 	0.366163 	-1        	0.466718
356	50    	0.229622 	0.318509 	-1        	0.475462
357	47    	0.184861 	0.359725 	-1        	0.475462
358	43    	0.261836 	0.271708 	-1        	0.475462
359	47    	0.203944 	0.315941 	-1        	0.475462
360	47    	0.252068 	0.273269 	-1        	0.622569
361	46    	0.221937 	0.323055 	-1        	0.567419
362	45    	0.293969 	0.214493 	-1        	0.608307
363	45    	0.320786 	0.222587 	-1        	0.567419
364	46    	0.280328 	0.213045 	-1        	0.567419
365	47    	0.309371 	0.0952458	0.115431  	0.535625
366	44    	0.304734 	0.104364 	0.0433707 	0.535625
367	44    	0.306613 	0.211535 	-1        	0.554454
368	48    	0.296909 	0.100776 	0.0717058 	0.615791
369	44    	0.273764 	0.286114 	-1        	0.62868 
370	47    	0.294824 	0.113689 	-0.0179998	0.584311
371	47    	0.274939 	0.208197 	-1        	0.584311
372	43    	0.320092 	0.111956 	0.129901  	0.677539
373	49    	0.284705 	0.207737 	-1        	0.580305
374	47    	0.311507 	0.115647 	-0.0133334	0.612479
375	47    	0.341807 	0.107356 	0.136365  	0.612479
376	49    	0.300806 	0.105168 	0.087843  	0.608836
377	47    	0.298254 	0.122906 	-0.02     	0.608836
378	43    	0.29837  	0.146253 	-0.02     	0.58788 
379	49    	0.277424 	0.122889 	-0.0171428	0.592175
380	45    	0.26344  	0.152884 	-0.0214286	0.606533
381	47    	0.262867 	0.140385 	-0.0171429	0.621908
382	45    	0.302918 	0.159978 	-0.018    	0.757898
383	45    	0.284542 	0.176762 	-0.0171428	0.833462
384	41    	0.285232 	0.185672 	-0.0175   	0.833462
385	45    	0.280009 	0.185331 	-0.0166666	0.833462
386	45    	0.270995 	0.182248 	-0.02     	0.746443
387	49    	0.285598 	0.139374 	0.0853653 	0.571915
388	47    	0.278207 	0.156765 	-0.0177777	0.713772
389	48    	0.250226 	0.139715 	-0.0174911	0.689785
390	46    	0.285943 	0.150169 	0.0750567 	0.689785
391	42    	0.26953  	0.20543  	-0.02     	0.813811
392	46    	0.292535 	0.215588 	-0.0199999	0.813811
393	44    	0.27841  	0.225389 	-0.0171429	0.813811
394	42    	0.313778 	0.238048 	-0.0171429	0.813811
395	48    	0.244755 	0.206504 	-0.0199999	0.813811
396	45    	0.26046  	0.229379 	-0.0200001	0.813811
397	47    	0.246941 	0.186209 	-0.0175   	0.692686
398	47    	0.226415 	0.171578 	-0.02     	0.692686
399	44    	0.237101 	0.187433 	-0.0171429	0.593839
400	43    	0.294711 	0.193103 	-0.0175   	0.593839
401	48    	0.208435 	0.190017 	-0.0175   	0.836827
402	45    	0.256229 	0.182734 	-0.0175   	0.836827
403	44    	0.278576 	0.201767 	-0.02     	0.836827
404	47    	0.241856 	0.214957 	-0.0171428	0.836827
405	47    	0.252665 	0.156178 	-0.0166667	0.706596
406	44    	0.236634 	0.170358 	-0.02     	0.706596
407	49    	0.256896 	0.157106 	-0.0166667	0.706596
408	50    	0.200291 	0.152584 	-0.0200001	0.649119
409	46    	0.242578 	0.166902 	-0.0171429	0.649119
410	43    	0.277574 	0.174567 	-0.017143 	0.649119
411	46    	0.243907 	0.178864 	-0.02     	0.72995 
412	50    	0.247049 	0.124637 	-0.02     	0.515662
413	47    	0.255639 	0.130595 	-0.0200001	0.583103
414	47    	0.185026 	0.141523 	-0.02     	0.583103
415	47    	0.225963 	0.154703 	-0.0171429	0.575243
416	49    	0.226813 	0.127914 	-0.02     	0.640106
417	46    	0.281876 	0.130388 	-0.0171429	0.640106
418	47    	0.227719 	0.168503 	-0.0175   	0.640106
419	46    	0.23918  	0.153853 	-0.02     	0.600493
420	46    	0.242894 	0.15751  	-0.0175   	0.600493
421	49    	0.235386 	0.165023 	-0.02     	0.583036
422	48    	0.259561 	0.14885  	-0.0166591	0.58318 
423	45    	0.221556 	0.175695 	-0.0166668	0.583865
424	43    	0.208577 	0.173011 	-0.0175   	0.58318 
425	47    	0.217516 	0.156165 	-0.0171428	0.654276
426	46    	0.189261 	0.152771 	-0.02     	0.654276
427	45    	0.278145 	0.134945 	-0.02     	0.654276
428	48    	0.221148 	0.153007 	-0.0233333	0.693521
429	48    	0.219655 	0.173156 	-0.0200001	0.693521
430	45    	0.228281 	0.194383 	-0.02     	0.693521
431	49    	0.224301 	0.163676 	-0.0175   	0.693521
432	41    	0.270169 	0.206873 	-0.0171428	0.706107
433	46    	0.212584 	0.207186 	-0.02     	0.706431
434	46    	0.236239 	0.184085 	-0.0175   	0.706431
435	45    	0.230931 	0.178775 	-0.02     	0.706107
436	45    	0.255612 	0.176841 	-0.0171429	0.706107
437	45    	0.227519 	0.184067 	-0.02     	0.706107
438	46    	0.215367 	0.165065 	-0.02     	0.790427
439	47    	0.236763 	0.169667 	-0.0175   	0.790427
440	45    	0.249494 	0.209713 	-0.0175   	0.790427
441	44    	0.232307 	0.207909 	-0.0177777	0.790427
442	47    	0.237767 	0.159914 	-0.0200001	0.790427
443	48    	0.243119 	0.171703 	-0.0171429	0.790427
444	43    	0.285022 	0.176282 	-0.02     	0.721446
445	46    	0.253299 	0.183633 	-0.02     	0.721446
446	44    	0.259597 	0.144786 	-0.0160001	0.692703
447	48    	0.233809 	0.160704 	-0.0200001	0.587162
448	46    	0.261878 	0.13141  	-0.0175   	0.702322
449	47    	0.260177 	0.143309 	-0.016    	0.748463
450	46    	0.229927 	0.156092 	-0.0175   	0.748463
451	45    	0.242737 	0.153398 	-0.02     	0.748463
452	44    	0.246527 	0.113765 	-0.0166668	0.451297
453	45    	0.256791 	0.102868 	-0.02     	0.506874
454	46    	0.246978 	0.120362 	-0.0175   	0.56005 
455	47    	0.235886 	0.146699 	-0.02     	0.506874
456	49    	0.262114 	0.107662 	-0.0177778	0.488917
457	48    	0.230393 	0.143256 	-0.02     	0.525025
458	45    	0.276047 	0.121422 	-0.0133333	0.488917
459	44    	0.259621 	0.11452  	-0.0171429	0.488917
460	45    	0.265821 	0.147345 	-0.0228571	0.654077
461	46    	0.228873 	0.149524 	-0.0200002	0.654077
462	42    	0.232316 	0.170133 	-0.02     	0.654077
463	44    	0.241153 	0.180751 	-0.0175   	0.654077
464	46    	0.255726 	0.170472 	-0.016    	0.654313
465	45    	0.261314 	0.172812 	-0.02     	0.654313
466	47    	0.221384 	0.140759 	-0.0166652	0.576547
467	47    	0.203912 	0.106791 	-0.0166667	0.411987
468	45    	0.21527  	0.111688 	-0.02     	0.411241
469	47    	0.226167 	0.122227 	-0.0166667	0.484272
470	45    	0.249817 	0.141932 	-0.02     	0.538996
471	45    	0.230489 	0.204369 	-1        	0.429349
472	48    	0.259551 	0.0966675	-0.0171428	0.429349
473	45    	0.284603 	0.0999536	-0.0225   	0.495589
474	46    	0.227137 	0.270903 	-1        	0.495589
475	47    	0.27282  	0.120961 	-0.017143 	0.538761
476	47    	0.248092 	0.131312 	-0.02     	0.538761
477	46    	0.312181 	0.102142 	0.0708053 	0.538761
478	45    	0.319961 	0.0992128	0.066678  	0.538761
479	47    	0.291547 	0.0972247	-0.0133334	0.512551
480	48    	0.290346 	0.104918 	-0.0175   	0.594044
481	44    	0.305095 	0.115772 	-0.0133333	0.512551
482	48    	0.28068  	0.112156 	-0.0166667	0.514444
483	46    	0.254976 	0.121692 	-0.0183333	0.497003
484	47    	0.25918  	0.20492  	-1        	0.601057
485	45    	0.326271 	0.115933 	0.0834756 	0.700065
486	44    	0.274879 	0.212631 	-1        	0.700065
487	42    	0.300121 	0.211903 	-1        	0.700065
488	45    	0.27314  	0.218485 	-1        	0.700065
489	45    	0.309174 	0.112124 	0.0705642 	0.700065
490	44    	0.223947 	0.329088 	-1        	0.56162 
491	46    	0.28325  	0.13505  	-0.02     	0.657045
492	45    	0.257212 	0.140304 	-0.02     	0.657045
493	47    	0.252991 	0.127568 	-0.016    	0.56162 
494	41    	0.276578 	0.125132 	-0.0133333	0.56162 
495	44    	0.247821 	0.146753 	-0.02     	0.693642
496	46    	0.249469 	0.135716 	-0.0166667	0.706253
497	46    	0.250853 	0.108419 	-0.0171429	0.470236
498	47    	0.273039 	0.0963437	-0.016    	0.470236
499	48    	0.281756 	0.100299 	0.0532595 	0.470236
500	49    	0.261813 	0.100858 	-0.0177778	0.480399
501	42    	0.304351 	0.121599 	-0.02     	0.567487
502	50    	0.250336 	0.0922794	0.0806541 	0.530645
503	49    	0.256922 	0.118956 	-0.02     	0.732643
504	47    	0.266174 	0.106492 	-0.0228572	0.509736
505	48    	0.278135 	0.103735 	-0.0177778	0.509736
506	47    	0.26384  	0.0923385	-0.0177778	0.41553 
507	46    	0.267606 	0.106229 	-0.02     	0.449358
508	48    	0.282585 	0.0794848	0.133456  	0.536792
509	47    	0.307313 	0.129222 	0.0464465 	0.867347
510	44    	0.299663 	0.115023 	-0.018    	0.538155
511	48    	0.286473 	0.0941414	0.0597157 	0.538155
512	45    	0.29925  	0.0975478	0.0735873 	0.538155
513	46    	0.312918 	0.114836 	-0.015    	0.538155
514	47    	0.292711 	0.125392 	-0.0150001	0.556536
515	50    	0.262817 	0.130499 	-0.0133338	0.831924
516	48    	0.325113 	0.118148 	-0.0180001	0.674421
517	45    	0.286438 	0.137966 	-0.0133337	0.674421
518	44    	0.285976 	0.143963 	-0.0177778	0.674421
519	47    	0.278611 	0.237969 	-1        	0.674421
520	46    	0.297668 	0.15718  	0.0579267 	0.674421
521	45    	0.316276 	0.156624 	-0.0171428	0.674421
522	43    	0.284528 	0.127675 	-0.01     	0.557721
523	47    	0.288993 	0.110263 	0.0837434 	0.557721
524	46    	0.275534 	0.206545 	-1        	0.557721
525	45    	0.175885 	0.402414 	-1        	0.521706
526	46    	0.226268 	0.326503 	-1        	0.489016
527	50    	0.0691925	0.504946 	-1        	0.431175
528	44    	0.184802 	0.401691 	-1        	0.454888
529	48    	0.176244 	0.357614 	-1        	0.469539
530	45    	0.270998 	0.200393 	-1        	0.469539
531	46    	0.244921 	0.271154 	-1        	0.490021
532	47    	0.25385  	0.271719 	-1        	0.479984
533	45    	0.261279 	0.272959 	-1        	0.555442
534	46    	0.323532 	0.101087 	0.0902216 	0.555442
535	44    	0.317382 	0.10453  	-0.0166666	0.555442
536	46    	0.31592  	0.0990246	0.0831573 	0.555442
537	47    	0.276551 	0.208508 	-1        	0.555442
538	49    	0.249868 	0.279339 	-1        	0.555442
539	46    	0.322453 	0.105743 	0.137506  	0.555442
540	41    	0.26054  	0.344616 	-1        	0.790107
541	43    	0.244536 	0.344588 	-1        	0.668014
542	46    	0.239832 	0.384769 	-1        	0.668014
543	48    	0.206486 	0.419984 	-1        	0.80349 
544	49    	0.0319484	0.5236   	-1        	0.500627
545	45    	0.226373 	0.371095 	-1        	0.51552 
546	48    	0.0727317	0.509728 	-1        	0.51552 
547	48    	-0.0975634	0.622136 	-1        	0.500627
548	49    	0.0496109 	0.530828 	-1        	0.477699
549	49    	0.141122  	0.464284 	-1        	0.488749
550	43    	0.0739892 	0.508892 	-1        	0.488749
551	47    	0.0323291 	0.519371 	-1        	0.406457
552	47    	-0.00151697	0.564357 	-1        	0.434801
553	46    	0.14578    	0.466647 	-1        	0.498516
554	48    	0.125962   	0.46241  	-1        	0.498516
555	47    	0.129812   	0.462901 	-1        	0.528598
556	43    	0.253043   	0.27629  	-1        	0.528598
557	47    	0.287163   	0.204974 	-1        	0.515783
558	46    	0.185437   	0.40317  	-1        	0.515783
559	46    	0.134163   	0.464835 	-1        	0.568216
560	45    	0.170063   	0.400003 	-1        	0.455398
561	45    	0.215175   	0.369873 	-1        	0.531832
562	46    	0.281247   	0.213099 	-1        	0.710305
563	47    	0.28218    	0.203922 	-1        	0.492812
564	44    	0.193984   	0.408462 	-1        	0.492812
565	45    	0.208451   	0.37104  	-1        	0.597334
566	47    	0.164914   	0.400392 	-1        	0.625398
567	47    	0.259151   	0.274111 	-1        	0.625398
568	48    	0.128148   	0.46373  	-1        	0.512436
569	45    	0.206335   	0.363722 	-1        	0.465006
570	45    	0.210064   	0.365175 	-1        	0.465006
571	49    	0.225036   	0.32103  	-1        	0.451873
572	44    	0.240801   	0.321067 	-1        	0.491117
573	48    	0.141073   	0.466479 	-1        	0.491117
574	47    	0.180467   	0.399831 	-1        	0.525882
575	46    	0.194624   	0.409181 	-1        	0.59166 
576	48    	0.150049   	0.431313 	-1        	0.475876
577	43    	0.315963   	0.096652 	0.0700661 	0.501997
578	47    	0.309688   	0.0991858	-0.00503074	0.520266
579	40    	0.321138   	0.114269 	-0.0166667 	0.539755
580	46    	0.305349   	0.114524 	0.103545   	0.544949
581	45    	0.288927   	0.105746 	0.100092   	0.59457 
582	47    	0.275316   	0.109239 	-0.02      	0.544949
583	46    	0.243088   	0.274755 	-1         	0.544949
584	45    	0.323387   	0.0972865	0.155066   	0.527764
585	46    	0.283282   	0.113671 	0.08298    	0.527764
586	46    	0.306524   	0.106097 	0.0713429  	0.527764
587	44    	0.325859   	0.11547  	-0.0166667 	0.527764
588	46    	0.292984   	0.090959 	0.105053   	0.49836 
589	45    	0.309868   	0.108448 	-0.0225    	0.578867
590	45    	0.297387   	0.0955829	-0.0133333 	0.515653
591	46    	0.278868   	0.11024  	0.0788014  	0.515653
592	46    	0.291079   	0.0954091	-0.015     	0.519704
593	48    	0.253142   	0.205359 	-1         	0.504938
594	47    	0.285601   	0.20551  	-1         	0.504938
595	46    	0.270023   	0.273304 	-1         	0.540131
596	47    	0.265561   	0.196551 	-1         	0.540131
597	47    	0.249177   	0.326797 	-1         	0.540131
598	46    	0.232749   	0.324183 	-1         	0.540131
599	44    	0.31448    	0.206033 	-1         	0.540131
600	45    	0.30327    	0.209271 	-1         	0.540131
601	47    	0.238634   	0.322963 	-1         	0.540131
602	47    	0.250005   	0.274608 	-1         	0.540131
603	45    	0.201431   	0.41555  	-1         	0.592926
604	47    	0.303024   	0.21171  	-1         	0.540131
605	49    	0.205261   	0.365702 	-1         	0.508646
606	48    	0.320614   	0.082437 	0.193605   	0.628235
607	44    	0.295809   	0.211274 	-1         	0.628235
608	45    	0.281596   	0.27485  	-1         	0.628235
609	44    	0.326245   	0.102628 	0.16461    	0.628235
610	44    	0.222252   	0.332217 	-1         	0.628235
611	48    	0.177744   	0.40253  	-1         	0.595439
612	48    	0.0858852  	0.515179 	-1         	0.501965
613	44    	0.105763   	0.488299 	-1         	0.501965
614	45    	0.117915   	0.46186  	-1         	0.469461
615	48    	0.0398146  	0.523802 	-1         	0.469461
616	49    	0.172028   	0.395037 	-1         	0.421157
617	46    	0.157528   	0.435836 	-1         	0.450597
618	49    	0.297039   	0.09286  	-0.0175    	0.574913
619	43    	0.322703   	0.111603 	-0.02      	0.574913
620	48    	0.301722   	0.0778458	0.142894   	0.480698
621	50    	0.275695   	0.205703 	-1         	0.482184
622	40    	0.284795   	0.202335 	-1         	0.482184
623	44    	0.301081   	0.0899104	0.114362   	0.455745
624	47    	0.296654   	0.2045   	-1         	0.463472
625	45    	0.332646   	0.1066   	0.104417   	0.62876 
626	47    	0.274277   	0.128735 	-0.016     	0.62876 
627	45    	0.296883   	0.2209   	-1         	0.62922 
628	42    	0.326711   	0.144853 	-0.0171427 	0.62922 
629	42    	0.348523   	0.156241 	-0.0199999 	0.62922 
630	46    	0.303426   	0.159673 	-0.0159999 	0.64845 
631	49    	0.241725   	0.147331 	-0.02      	0.64845 
632	47    	0.280529   	0.135728 	-0.0171428 	0.578204
633	45    	0.301906   	0.117165 	-0.0166667 	0.532684
634	48    	0.279166   	0.119874 	-0.016     	0.583712
635	47    	0.268493   	0.108201 	-0.02      	0.555499
636	47    	0.277522   	0.103608 	0.0979523  	0.555499
637	47    	0.268439   	0.0978459	0.104258   	0.496312
638	47    	0.264966   	0.107387 	-0.016     	0.496312
639	49    	0.290648   	0.144246 	-0.0177779 	0.636542
640	49    	0.25951    	0.112156 	-0.0185714 	0.536573
641	43    	0.288543   	0.115836 	-0.0166666 	0.536573
642	45    	0.311629   	0.105883 	0.109789   	0.536573
643	47    	0.31855    	0.109564 	-0.0175    	0.536573
644	48    	0.295229   	0.121549 	0.124792   	0.668034
645	44    	0.29046    	0.12878  	0.0591194  	0.700561
646	47    	0.269198   	0.113354 	0.0764976  	0.532693
647	45    	0.295368   	0.121066 	-0.016     	0.534013
648	45    	0.309882   	0.125622 	-0.0171427 	0.534013
649	46    	0.266413   	0.22306  	-1         	0.578623
650	48    	0.303713   	0.104386 	-0.0149938 	0.539268
651	49    	0.293338   	0.208786 	-1         	0.631145
652	44    	0.315388   	0.113779 	-0.015     	0.62219 
653	46    	0.248296   	0.2749   	-1         	0.46642 
654	48    	0.209499   	0.374905 	-1         	0.649119
655	44    	0.23809    	0.297057 	-1         	0.649119
656	46    	0.183227   	0.336334 	-1         	0.645829
657	46    	0.236997   	0.297235 	-1         	0.730761
658	48    	0.224565   	0.230023 	-1         	0.644153
659	47    	0.189958   	0.164627 	-0.02      	0.58872 
660	46    	0.237159   	0.148066 	-0.0180001 	0.631851
661	47    	0.228258   	0.147884 	-0.0166666 	0.631851
662	45    	0.289121   	0.18983  	-0.02      	0.631851
663	48    	0.199149   	0.182868 	-0.02      	0.631851
664	47    	0.218535   	0.185254 	-0.02      	0.706234
665	45    	0.24049    	0.177854 	-0.0174999 	0.706234
666	46    	0.24244    	0.158424 	-0.0175    	0.706234
667	43    	0.27213    	0.168032 	-0.0171429 	0.706234
668	46    	0.264711   	0.178416 	-0.02      	0.705972
669	46    	0.271251   	0.182059 	-0.0175    	0.692686
670	46    	0.253984   	0.168562 	-0.02      	0.706419
671	48    	0.239723   	0.173592 	-0.0166666 	0.706285
672	46    	0.228696   	0.205719 	-0.02      	0.70633 
673	44    	0.263964   	0.177367 	-0.0171429 	0.706419
674	46    	0.235792   	0.190795 	-0.02      	0.706419
675	47    	0.219557   	0.137778 	-0.02      	0.559811
676	44    	0.23116    	0.129049 	-0.0171428 	0.560687
677	44    	0.216458   	0.155056 	-0.0175    	0.560687
678	47    	0.240653   	0.158332 	-0.0177778 	0.560687
679	50    	0.244797   	0.148275 	-0.02      	0.565384
680	45    	0.278183   	0.160205 	-0.0171428 	0.694701
681	47    	0.209618   	0.172889 	-0.0171429 	0.694701
682	46    	0.236039   	0.171055 	-0.0175    	0.694701
683	48    	0.268533   	0.136174 	-0.0175    	0.694701
684	44    	0.280134   	0.151105 	-0.0160002 	0.705842
685	49    	0.18454    	0.150005 	-0.0166667 	0.58128 
686	40    	0.245311   	0.162598 	-0.0166667 	0.581352
687	46    	0.265842   	0.167995 	-0.02      	0.581352
688	43    	0.271737   	0.181426 	-0.0200001 	0.581368
689	46    	0.240186   	0.201352 	-0.0171429 	0.581352
690	47    	0.182045   	0.189747 	-0.0166668 	0.581352
691	48    	0.176255   	0.162235 	-0.02      	0.581352
692	44    	0.205454   	0.182555 	-0.0171428 	0.581352
693	48    	0.177845   	0.168391 	-0.02      	0.615553
694	47    	0.183384   	0.14727  	-0.0175    	0.432105
695	48    	0.171608   	0.154071 	-0.0171429 	0.581188
696	49    	0.174677   	0.158351 	-0.02      	0.631971
697	46    	0.223161   	0.194907 	-0.0175    	0.812083
698	48    	0.177639   	0.183695 	-0.02      	0.812083
699	47    	0.218539   	0.188853 	-0.0175    	0.812083
700	46    	0.216524   	0.170495 	-0.02      	0.812825
701	46    	0.219169   	0.178134 	-0.02      	0.812825
702	47    	0.200679   	0.144433 	-0.0171429 	0.544125
703	46    	0.245975   	0.17142  	-0.02      	0.615927
704	44    	0.245226   	0.167717 	-0.018     	0.614288
705	44    	0.266835   	0.165664 	-0.0199999 	0.705171
706	46    	0.29018    	0.183247 	-0.02      	0.695063
707	47    	0.271285   	0.183277 	-0.0175    	0.695063
708	48    	0.249751   	0.177328 	-0.02      	0.705171
709	45    	0.239856   	0.184166 	-0.02      	0.705171
710	47    	0.258236   	0.198471 	-0.0174999 	0.721303
711	48    	0.25969    	0.179792 	-0.0175    	0.721303
712	43    	0.284464   	0.208578 	-0.0175    	0.705171
713	48    	0.29075    	0.19801  	-0.0177778 	0.812825
714	46    	0.25559    	0.177951 	-0.0171428 	0.812825
715	48    	0.242296   	0.180675 	-0.0175    	0.705171
716	48    	0.200666   	0.17999  	-0.02      	0.705171
717	46    	0.234026   	0.176722 	-0.0171428 	0.705984
718	43    	0.296108   	0.184577 	-0.02      	0.819458
719	41    	0.279712   	0.24999  	-0.0175001 	0.819458
720	47    	0.254161   	0.22274  	-0.0175    	0.812825
721	44    	0.286147   	0.194109 	-0.0171429 	0.812825
722	47    	0.190092   	0.175792 	-0.0177778 	0.559482
723	50    	0.190651   	0.13666  	-0.02      	0.556566
724	46    	0.190967   	0.14902  	-0.0177778 	0.602611
725	50    	0.178945   	0.134435 	-0.0200001 	0.556566
726	46    	0.244494   	0.128362 	-0.02      	0.557536
727	46    	0.264099   	0.148929 	-0.02      	0.652995
728	45    	0.20586    	0.149753 	-0.0225    	0.565555
729	48    	0.208796   	0.145101 	-0.0171429 	0.565555
730	50    	0.21515    	0.137128 	-0.0177778 	0.577562
731	42    	0.262752   	0.160025 	-0.0177778 	0.577562
732	47    	0.242492   	0.122381 	-0.0171428 	0.577562
733	43    	0.270351   	0.146106 	-0.0179999 	0.577562
734	45    	0.271586   	0.135069 	-0.01      	0.644181
735	45    	0.263501   	0.142599 	-0.0174999 	0.577562
736	47    	0.268471   	0.131685 	-0.018     	0.60216 
737	45    	0.256918   	0.132981 	-0.02      	0.60216 
738	45    	0.260242   	0.133171 	-0.02      	0.552962
739	43    	0.262904   	0.11966  	-0.02      	0.439131
740	42    	0.267849   	0.113531 	-0.016     	0.555891
741	48    	0.254219   	0.149827 	-0.018     	0.580373
742	46    	0.236792   	0.155421 	-0.02      	0.580373
743	47    	0.270426   	0.13126  	0.0533735  	0.580373
744	46    	0.238262   	0.144669 	-0.0177778 	0.580373
745	49    	0.246735   	0.0979248	-0.012502  	0.501046
746	47    	0.229374   	0.144533 	-0.02      	0.513648
747	45    	0.260642   	0.163321 	-0.0171429 	0.571922
748	44    	0.289509   	0.161847 	-0.0166667 	0.667321
749	44    	0.296781   	0.16584  	-0.02      	0.723984
750	40    	0.270142   	0.169938 	-0.0166667 	0.723984
751	48    	0.237523   	0.165401 	-0.0228571 	0.723984
752	44    	0.249922   	0.160823 	-0.0200001 	0.723984
753	42    	0.298119   	0.183653 	-0.015     	0.733266
754	46    	0.287043   	0.215124 	-0.0171428 	0.733266
755	46    	0.338112   	0.209718 	-0.02      	0.733266
756	45    	0.2916     	0.202391 	-0.0171429 	0.800462
757	48    	0.200907   	0.133261 	-0.0177778 	0.600905
758	46    	0.260849   	0.142939 	-0.02      	0.615601
759	45    	0.266517   	0.139105 	-0.02      	0.615601
760	48    	0.208817   	0.16963  	-0.02      	0.615601
761	47    	0.236609   	0.125779 	-0.017143  	0.615601
762	47    	0.224244   	0.117794 	-0.02      	0.53419 
763	46    	0.282165   	0.0961402	-0.02      	0.563975
764	48    	0.228734   	0.124325 	-0.02      	0.563975
765	45    	0.242317   	0.130108 	-0.02      	0.503404
766	47    	0.27023    	0.125372 	0.0597871  	0.574337
767	46    	0.288247   	0.123549 	-0.018     	0.574337
768	48    	0.248047   	0.114236 	-0.0175    	0.53266 
769	44    	0.296041   	0.106038 	0.0864287  	0.533016
770	48    	0.260858   	0.205139 	-1         	0.465277
771	48    	0.235169   	0.267238 	-1         	0.54365 
772	44    	0.218451   	0.281081 	-1         	0.544556
773	45    	0.245974   	0.216531 	-1         	0.595119
774	43    	0.27132    	0.134409 	-0.02      	0.595119
775	48    	0.246493   	0.172828 	-0.0175    	0.712794
776	47    	0.250876   	0.17336  	-0.02      	0.712794
777	45    	0.280019   	0.183218 	-0.02      	0.712794
778	47    	0.27795    	0.142204 	-0.02      	0.712794
779	45    	0.260442   	0.12186  	-0.0166667 	0.481005
780	47    	0.289246   	0.101211 	0.0824969  	0.556734
781	45    	0.28282    	0.123654 	-0.0175    	0.532543
782	46    	0.266932   	0.107445 	-0.01      	0.470933
783	49    	0.250627   	0.21532  	-1         	0.592868
784	46    	0.306059   	0.116343 	-0.015     	0.553594
785	47    	0.28224    	0.119647 	-0.0181818 	0.553594
786	44    	0.323145   	0.133683 	-0.0171429 	0.593957
787	48    	0.270824   	0.104902 	0.110214   	0.588457
788	46    	0.297468   	0.109473 	-0.00506809	0.58789 
789	47    	0.288485   	0.206691 	-1         	0.553594
790	43    	0.312202   	0.131338 	-0.0150001 	0.553594
791	47    	0.296689   	0.0980077	0.131901   	0.546553
792	46    	0.266468   	0.209411 	-1         	0.561095
793	45    	0.31733    	0.100003 	0.0800921  	0.561095
794	47    	0.246032   	0.274551 	-1         	0.561095
795	46    	0.250825   	0.267519 	-1         	0.453174
796	48    	0.236857   	0.323496 	-1         	0.510898
797	45    	0.119945   	0.46526  	-1         	0.533249
798	44    	0.200619   	0.409346 	-1         	0.510898
799	47    	-0.0869048 	0.603245 	-1         	0.510898
800	46    	0.156691   	0.437284 	-1         	0.542983
801	47    	0.0919784  	0.517163 	-1         	0.542983
802	43    	0.21684    	0.371122 	-1         	0.542983
803	48    	0.281432   	0.278178 	-1         	0.542983
804	47    	0.261189   	0.208835 	-1         	0.542983
805	48    	0.309972   	0.117831 	-0.016     	0.677553
806	46    	0.242685   	0.329037 	-1         	0.542983
807	46    	0.19469    	0.369477 	-1         	0.542983
808	41    	0.25288    	0.282968 	-1         	0.542983
809	49    	0.252638   	0.26614  	-1         	0.542983
810	48    	0.236213   	0.323605 	-1         	0.513566
811	45    	0.264377   	0.208171 	-1         	0.459722
812	45    	0.2849     	0.27454  	-1         	0.508572
813	48    	0.11594    	0.462896 	-1         	0.641295
814	44    	0.306373   	0.210562 	-1         	0.641295
815	47    	0.169985   	0.404544 	-1         	0.641295
816	45    	0.20534    	0.368567 	-1         	0.542958
817	45    	0.180058   	0.403909 	-1         	0.542958
818	44    	0.172842   	0.402932 	-1         	0.500024
819	43    	0.281658   	0.280292 	-1         	0.51175 
820	44    	0.273625   	0.279834 	-1         	0.537208
821	45    	0.171445   	0.43932  	-1         	0.502523
822	47    	0.236101   	0.322642 	-1         	0.500024
823	47    	0.227152   	0.369093 	-1         	0.564611
824	46    	0.216004   	0.318778 	-1         	0.465493
825	46    	0.0392123  	0.526156 	-1         	0.465493
826	46    	-0.021788  	0.584918 	-1         	0.506206
827	48    	0.0670872  	0.540537 	-1         	0.5371  
828	43    	0.212029   	0.371882 	-1         	0.5371  
829	48    	0.220458   	0.320776 	-1         	0.506206
830	47    	0.265033   	0.268251 	-1         	0.506206
831	43    	0.313947   	0.205168 	-1         	0.506206
832	46    	0.270222   	0.207757 	-1         	0.491426
833	48    	0.248074   	0.326019 	-1         	0.518228
834	44    	0.25948    	0.276618 	-1         	0.518228
835	48    	0.300576   	0.0835572	-0.02      	0.451031
836	47    	0.200055   	0.36272  	-1         	0.499788
837	44    	0.196102   	0.374547 	-1         	0.499788
838	45    	0.223348   	0.371699 	-1         	0.569544
839	44    	0.19277    	0.406673 	-1         	0.569544
840	47    	0.0986518  	0.521665 	-1         	0.569544
841	48    	-0.00534846	0.594123 	-1         	0.569544
842	41    	0.215258   	0.415585 	-1         	0.569544
843	42    	0.201658   	0.413735 	-1         	0.569544
844	49    	0.281622   	0.20471  	-1         	0.569201
845	49    	0.158028   	0.436446 	-1         	0.468705
846	44    	0.145243   	0.46845  	-1         	0.477187
847	46    	0.245646   	0.32939  	-1         	0.489832
848	48    	0.180176   	0.356338 	-1         	0.477725
849	49    	0.0899383  	0.519128 	-1         	0.584587
850	48    	0.138664   	0.435112 	-1         	0.579059
851	48    	0.127268   	0.461781 	-1         	0.564744
852	46    	0.0720946  	0.542637 	-1         	0.534472
853	46    	0.133669   	0.500972 	-1         	0.532588
854	46    	0.237384   	0.326366 	-1         	0.526872
855	47    	0.189882   	0.360096 	-1         	0.526872
856	44    	0.215567   	0.323976 	-1         	0.526872
857	40    	0.311353   	0.217121 	-1         	0.627835
858	46    	0.294297   	0.104563 	0.0885294  	0.526872
859	45    	0.313088   	0.0963827	0.136182   	0.526872
860	44    	0.287343   	0.116842 	-0.0171429 	0.585452
861	46    	0.29728    	0.105406 	0.0709643  	0.557441
862	47    	0.300393   	0.11084  	-0.0133333 	0.523241
863	47    	0.272724   	0.207309 	-1         	0.615656
864	44    	0.325167   	0.101921 	0.0983351  	0.615656
865	47    	0.298049   	0.122167 	-0.015     	0.615656
866	48    	0.301296   	0.126558 	-0.00670266	0.615656
867	48    	0.263338   	0.105532 	-0.0174999 	0.615656
868	44    	0.277638   	0.102784 	0.0700493  	0.495256
869	42    	0.32135    	0.111111 	0.130312   	0.595504
870	49    	0.301155   	0.144073 	0.0758589  	0.820019
871	48    	0.2781     	0.13246  	-0.0171429 	0.756494
872	44    	0.288223   	0.121559 	-0.0133334 	0.756494
873	43    	0.301743   	0.1308   	-0.02      	0.553032
874	45    	0.300419   	0.123396 	-0.015     	0.553032
875	45    	0.292598   	0.153947 	-0.02      	0.68589 
876	45    	0.308942   	0.150194 	-0.0199999 	0.68589 
877	46    	0.272157   	0.130598 	-0.0200001 	0.553032
878	45    	0.318203   	0.111648 	0.130733   	0.553032
879	47    	0.296848   	0.118693 	0.0517004  	0.580286
880	48    	0.281261   	0.117876 	-0.0177777 	0.602005
881	45    	0.316186   	0.0974934	0.127235   	0.602005
882	48    	0.278349   	0.111515 	-0.0166667 	0.517015
883	46    	0.30068    	0.113386 	-0.0175    	0.550564
884	44    	0.282072   	0.115389 	-0.0149998 	0.550564
885	48    	0.273408   	0.0976539	0.0850157  	0.564394
886	50    	0.295639   	0.0952703	0.0863365  	0.485535
887	45    	0.263052   	0.208199 	-1         	0.48045 
888	47    	0.284406   	0.102521 	-0.01      	0.490931
889	44    	0.270779   	0.210229 	-1         	0.486511
890	47    	0.307508   	0.101468 	0.0562022  	0.571458
891	48    	0.256661   	0.279048 	-1         	0.570564
892	48    	0.241544   	0.330073 	-1         	0.570564
893	44    	0.271961   	0.273372 	-1         	0.570564
894	49    	0.125839   	0.461488 	-1         	0.570564
895	43    	0.231475   	0.372458 	-1         	0.570564
896	43    	0.241324   	0.377335 	-1         	0.570564
897	47    	0.270553   	0.269115 	-1         	0.465025
898	46    	0.207625   	0.365785 	-1         	0.485727
899	45    	0.0665442  	0.538238 	-1         	0.485727
900	48    	-0.190899  	0.637601 	-1         	0.485727
901	49    	0.0274898  	0.555442 	-1         	0.674395
902	44    	0.00110621 	0.599671 	-1         	0.674395
903	46    	0.118429   	0.498579 	-1         	0.513184
904	43    	0.00347948 	0.572137 	-1         	0.513184
905	48    	-0.267841  	0.652071 	-1         	0.505617
906	43    	-0.179392  	0.644859 	-1         	0.44015 
907	47    	-0.337896  	0.664443 	-1         	0.462429
908	45    	-0.285547  	0.662049 	-1         	0.462429
909	48    	-0.234083  	0.654499 	-1         	0.474096
910	46    	-0.185282  	0.669839 	-1         	0.700842
911	44    	-0.231035  	0.686163 	-1         	0.700842
912	45    	-0.365118  	0.691135 	-1         	0.700842
913	43    	-0.322841  	0.680158 	-1         	0.501194
914	45    	-0.286897  	0.662358 	-1         	0.535002
915	40    	0.000177655	0.599594 	-1         	0.53849 
916	43    	-0.112382  	0.643978 	-1         	0.53849 
917	49    	-0.00311857	0.563133 	-1         	0.437109
918	48    	0.0985784  	0.486379 	-1         	0.543236
919	49    	-0.0695296 	0.611704 	-1         	0.451045
920	45    	0.127985   	0.498186 	-1         	0.526733
921	45    	-0.0979212 	0.62343  	-1         	0.526733
922	46    	0.0453184  	0.560113 	-1         	0.515842
923	43    	0.0385553  	0.5591   	-1         	0.515842
924	46    	0.281484   	0.278884 	-1         	0.515842
925	46    	0.215567   	0.370922 	-1         	0.607372
926	48    	0.264651   	0.274951 	-1         	0.607372
927	46    	0.26345    	0.274543 	-1         	0.494384
928	46    	0.135731   	0.465524 	-1         	0.577656
929	46    	0.0901156  	0.519209 	-1         	0.577656
930	45    	0.0689563  	0.541474 	-1         	0.530114
931	42    	0.229043   	0.374966 	-1         	0.530114
932	47    	0.184446   	0.403657 	-1         	0.530114
933	45    	0.114039   	0.493365 	-1         	0.530114
934	46    	0.153712   	0.400155 	-1         	0.530114
935	42    	0.20421    	0.41332  	-1         	0.530114
936	44    	0.236102   	0.275665 	-1         	0.530114
937	46    	0.161541   	0.403748 	-1         	0.495997
938	41    	0.18487    	0.411753 	-1         	0.500347
939	44    	0.149385   	0.44246  	-1         	0.542872
940	47    	0.190061   	0.405871 	-1         	0.516221
941	45    	0.0163288  	0.576047 	-1         	0.544199
942	46    	0.105816   	0.488742 	-1         	0.544199
943	48    	0.169619   	0.4412   	-1         	0.559261
944	47    	-0.0648934 	0.5905   	-1         	0.559261
945	47    	-0.0575631 	0.594024 	-1         	0.479502
946	45    	0.0755645  	0.543173 	-1         	0.545565
947	45    	0.0778829  	0.548629 	-1         	0.638186
948	45    	0.186345   	0.407277 	-1         	0.638186
949	45    	0.120181   	0.496962 	-1         	0.529879
950	43    	0.153864   	0.472719 	-1         	0.529879
951	45    	0.089058   	0.523149 	-1         	0.677932
952	47    	-0.258074  	0.662884 	-1         	0.677932
953	49    	0.0214763  	0.551324 	-1         	0.677932
954	46    	-0.0197091 	0.589576 	-1         	0.677932
955	46    	0.215468   	0.373801 	-1         	0.677932
956	47    	0.176816   	0.367768 	-1         	0.519807
957	46    	-0.0659249 	0.590292 	-1         	0.436554
958	46    	-0.0498164 	0.596831 	-1         	0.530717
959	48    	-0.118152  	0.610593 	-1         	0.65192 
960	39    	0.101009   	0.495314 	-1         	0.65192 
961	45    	0.293588   	0.234113 	-1         	0.770262
962	44    	0.249059   	0.229338 	-1         	0.65192 
963	37    	0.314847   	0.141496 	0.072609   	0.691777
964	46    	0.28138    	0.148091 	-0.016     	0.65192 
965	46    	0.259858   	0.168735 	-0.02      	0.622629
966	45    	0.267607   	0.167895 	-0.02      	0.620049
967	47    	0.270083   	0.132935 	-0.0171429 	0.620049
968	47    	0.29385    	0.146994 	-0.0200001 	0.620049
969	46    	0.275691   	0.139159 	-0.016     	0.57599 
970	48    	0.251331   	0.130829 	-0.0166667 	0.57599 
971	46    	0.228522   	0.152906 	-0.02      	0.805075
972	47    	0.257812   	0.164391 	-0.0175    	0.57599 
973	47    	0.267674   	0.154144 	-0.0171428 	0.643419
974	45    	0.320694   	0.144957 	-0.0175    	0.643419
975	49    	0.257813   	0.168402 	-0.02      	0.697561
976	49    	0.229446   	0.147534 	-0.0177777 	0.645444
977	45    	0.25486    	0.147912 	-0.0171429 	0.645444
978	47    	0.251289   	0.162122 	-0.02      	0.812083
979	49    	0.256898   	0.143383 	-0.0200001 	0.570546
980	46    	0.303997   	0.128183 	0.0736859  	0.583186
981	46    	0.29558    	0.129508 	0.0917507  	0.583186
982	46    	0.284181   	0.131092 	-0.02      	0.570546
983	48    	0.296851   	0.103107 	0.0872837  	0.570546
984	46    	0.274659   	0.106748 	-0.018     	0.570546
985	49    	0.268634   	0.0881314	0.0659677  	0.505934
986	48    	0.294297   	0.100158 	-0.015     	0.507792
987	47    	0.307243   	0.0773655	0.157792   	0.519796
988	43    	0.285974   	0.220815 	-1         	0.645935
989	46    	0.283338   	0.11677  	-0.0133334 	0.645935
990	46    	0.254851   	0.285222 	-1         	0.645935
991	47    	0.168364   	0.400636 	-1         	0.533764
992	46    	0.171285   	0.40503  	-1         	0.567831
993	47    	0.219271   	0.262034 	-1         	0.466384
994	44    	0.28475    	0.202948 	-1         	0.634052
995	42    	0.285051   	0.217566 	-1         	0.492962
996	48    	0.263061   	0.205826 	-1         	0.541264
997	45    	0.266214   	0.271064 	-1         	0.541264
998	48    	0.300722   	0.07608  	0.165807   	0.497523
999	47    	0.19617    	0.367443 	-1         	0.493399
1000	42    	0.312708   	0.208027 	-1         	0.51986 
Best individuals:
(0.8673471670354059,) 	-->	 /*9*/BLFRLBRFFUUUU
VMNeuronManager.autoload: Neuro classes added: Delay Light Nn PIDP PIDV SeeLight SeeLight2 S0 S1 Thr 
UserScripts.autoload: 19 user scripts added.
Simulator.load: Loading from 'eval-allcriteria.sim'
Loader.load: Comments read from file follow:
Loader.load:  Sample settings for evaluating many criteria of performance of a Framsticks creature.
Loader.load:  See the "evalcount" parameter if you want to speed the evaluation up or have a more stable result.
Loader.load:  Other important parameters are "Energy0" and "perfperiod".
Loader.load:  Put this file in the "data" subdirectory within the Framsticks distribution.
Simulator.load: Settings loaded from 'eval-allcriteria.sim'
Simulator.load: Loading from 'deterministic.sim'
Loader.load: Comments read from file follow:
Loader.load:  Parameter values that make the evaluation of a Framsticks creature deterministic.
Loader.load:  The values turn off random noise, so evaluation of the same genotype will always yield the same performance.
Loader.load:  The advantage is that you do not need to evaluate a genotype many times, and performance values are reliable.
Loader.load:  The disadvantage is that evolved creatures are "overfitting", i.e. rely entirely on the specific environment,
Loader.load:  and their behavior may be different in any other environment or (even slightly) changed conditions or parameter values,
Loader.load:  so each creature evolved using these settings must be later inspected using exactly the same setup.
Loader.load: 
Loader.load:  Before loading this file, load base settings, e.g. "eval-allcriteria.sim".
Loader.load:  Put this file in the "data" subdirectory within the Framsticks distribution.
Simulator.load: Settings loaded from 'deterministic.sim'
Simulator.load: Loading from 'sample-period-2.sim'
Loader.load: Comments read from file follow:
Loader.load:  Very low "performance sampling period" in the first population to sample performance very often during lifespan
Loader.load:  and avoid overlooking some behavior. Averaged performance of sampled values is returned as the final value.
Loader.load:  See http://www.framsticks.com/a/al_params.html#exper-perfcalc
Loader.load: 
Loader.load:  Before loading this file, load base settings, e.g. "eval-allcriteria.sim".
Loader.load:  Put this file in the "data" subdirectory within the Framsticks distribution.
Simulator.load: Loading from 'f9-mut-040.sim'
Simulator.load: Settings loaded from 'f9-mut-040.sim'
