gen	nevals	avg     	stddev	min     	max     
0  	50    	0.218369	0     	0.218369	0.218369
1  	47    	0.0756346	0.103561	-0.02   	0.218369
2  	48    	0.0438018	0.0987551	-0.02   	0.231875
3  	44    	0.102496 	0.130892 	-0.0166667	0.514329
4  	47    	0.141418 	0.14545  	-0.02     	0.514537
5  	45    	0.167583 	0.149735 	-0.0171429	0.514537
6  	48    	0.199694 	0.164367 	-0.0171428	0.514537
7  	43    	0.207308 	0.183853 	-0.0171428	0.514537
8  	44    	0.179489 	0.18398  	-0.0166666	0.581112
9  	46    	0.158357 	0.191322 	-0.0166667	0.812308
10 	44    	0.212067 	0.203597 	-0.0171429	0.812308
11 	45    	0.232161 	0.18706  	-0.0171429	0.812308
12 	48    	0.172857 	0.209059 	-0.0166667	0.812083
13 	48    	0.205469 	0.184467 	-0.0199999	0.703852
14 	47    	0.191595 	0.167712 	-0.02     	0.583036
15 	47    	0.206518 	0.160658 	-0.0166666	0.581352
16 	44    	0.23588  	0.210934 	-0.02     	0.812977
17 	43    	0.267214 	0.231447 	-0.02     	0.812977
18 	46    	0.242644 	0.236883 	-0.0171429	0.812977
19 	46    	0.247973 	0.235307 	-0.0166667	0.812825
20 	50    	0.216895 	0.170906 	-0.0171429	0.581368
21 	44    	0.240604 	0.198418 	-0.02     	0.583036
22 	46    	0.23941  	0.208751 	-0.02     	0.68937 
23 	46    	0.218674 	0.179337 	-0.0171429	0.689533
24 	46    	0.223198 	0.177608 	-0.0177778	0.616161
25 	43    	0.281482 	0.175926 	-0.0228571	0.616161
26 	46    	0.241102 	0.153084 	-0.0200001	0.616161
27 	44    	0.298249 	0.169803 	-0.0177777	0.728829
28 	48    	0.274518 	0.169239 	-0.02     	0.811396
29 	47    	0.24412  	0.188642 	-0.02     	0.811247
30 	47    	0.230636 	0.181738 	-0.0171429	0.581454
31 	48    	0.237721 	0.168166 	-0.02     	0.574318
32 	47    	0.25417  	0.172988 	-0.0175   	0.652409
33 	45    	0.230544 	0.194351 	-0.0171428	0.804176
34 	49    	0.24544  	0.163368 	-0.02     	0.59496 
35 	46    	0.222407 	0.162782 	-0.0171428	0.64438 
36 	47    	0.245096 	0.168653 	-0.02     	0.652409
37 	46    	0.274968 	0.190479 	-0.0171429	0.812977
38 	45    	0.252873 	0.190046 	-0.0175   	0.812977
39 	43    	0.266079 	0.208761 	-0.0177778	0.812977
40 	49    	0.257963 	0.194    	-0.0171429	0.813708
41 	48    	0.258115 	0.190273 	-0.0174999	0.811247
42 	45    	0.274676 	0.215682 	-0.0175   	0.819969
43 	44    	0.245936 	0.226776 	-0.02     	0.805936
44 	46    	0.273117 	0.203092 	-0.0175   	0.805936
45 	47    	0.283948 	0.210774 	-0.0228571	0.812825
46 	44    	0.273872 	0.209033 	-0.02     	0.812825
47 	48    	0.271378 	0.18029  	-0.0175   	0.729862
48 	46    	0.259737 	0.212325 	-0.02     	0.815374
49 	44    	0.27934  	0.22994  	-0.02     	0.815374
50 	49    	0.221211 	0.191374 	-0.02     	0.729862
51 	47    	0.246312 	0.171668 	-0.02     	0.581321
52 	40    	0.312856 	0.151555 	-0.0171429	0.605289
53 	45    	0.256243 	0.164878 	-0.02     	0.605289
54 	48    	0.260895 	0.131387 	-0.0174999	0.605289
55 	44    	0.297048 	0.181524 	-0.02     	0.688273
56 	46    	0.283456 	0.157055 	-0.02     	0.688273
57 	47    	0.276823 	0.141485 	-0.0166667	0.593218
58 	48    	0.254915 	0.15616  	-0.0166667	0.641903
59 	50    	0.287386 	0.132297 	-0.0171429	0.576891
60 	42    	0.306205 	0.16686  	-0.0171431	0.591432
61 	44    	0.278933 	0.165152 	-0.0177777	0.618457
62 	47    	0.24322  	0.152626 	-0.02     	0.669309
63 	49    	0.274637 	0.140175 	-0.0177777	0.618457
64 	47    	0.240938 	0.154607 	-0.02     	0.642398
65 	44    	0.26741  	0.14561  	-0.0171429	0.642398
66 	48    	0.252674 	0.165088 	-0.02     	0.706419
67 	45    	0.250532 	0.150163 	-0.0175001	0.617715
68 	48    	0.264568 	0.146299 	-0.0166667	0.690262
69 	47    	0.295198 	0.161416 	-0.02     	0.615143
70 	44    	0.309312 	0.150834 	0.0995115 	0.646703
71 	44    	0.294502 	0.203791 	-0.0171429	0.698672
72 	45    	0.330852 	0.217144 	-0.0174999	0.757968
73 	46    	0.296782 	0.190552 	-0.0200001	0.757968
74 	45    	0.285875 	0.18905  	-0.0175   	0.757968
75 	47    	0.333761 	0.17928  	-0.0171428	0.818054
76 	45    	0.315743 	0.215936 	-0.0175   	0.818054
77 	47    	0.276166 	0.231377 	-0.0200001	0.818054
78 	47    	0.335105 	0.223452 	-0.01     	0.831213
79 	49    	0.299271 	0.201783 	-0.02     	0.755336
80 	48    	0.267359 	0.175004 	-0.0166667	0.755336
81 	47    	0.307263 	0.187126 	-0.0200001	0.716562
82 	47    	0.292132 	0.173328 	-0.0166667	0.721866
83 	48    	0.256982 	0.173028 	-0.0199999	0.653945
84 	47    	0.274421 	0.133184 	-0.0171429	0.608157
85 	48    	0.271664 	0.15797  	-0.0150002	0.75521 
86 	42    	0.331958 	0.183057 	-0.0175   	0.75521 
87 	46    	0.334196 	0.220627 	-0.02     	0.75521 
88 	44    	0.319112 	0.193959 	-0.02     	0.75521 
89 	43    	0.347571 	0.231296 	-0.02     	0.75521 
90 	46    	0.275242 	0.206914 	-0.0200001	0.75521 
91 	50    	0.266757 	0.188234 	-0.0179999	0.651038
92 	46    	0.315539 	0.179115 	-0.018    	0.659655
93 	46    	0.304296 	0.212529 	-0.02     	0.756704
94 	46    	0.31891  	0.192392 	-0.0129948	0.756704
95 	46    	0.340019 	0.187601 	-0.0166666	0.758069
96 	49    	0.294833 	0.210582 	-0.0166666	0.766297
97 	46    	0.274979 	0.20815  	-0.0177777	0.766297
98 	44    	0.294917 	0.203894 	-0.0171429	0.766297
99 	47    	0.257323 	0.206742 	-0.02     	0.729871
100	43    	0.32842  	0.238184 	-0.0200001	0.729871
101	46    	0.282356 	0.21492  	-0.02     	0.731304
102	47    	0.294829 	0.211414 	-0.02     	0.731304
103	45    	0.294942 	0.201251 	-0.0166667	0.837178
104	45    	0.298419 	0.180108 	-0.0171428	0.731304
105	48    	0.250072 	0.182735 	-0.02     	0.725831
106	49    	0.200457 	0.154137 	-0.0171428	0.605225
107	47    	0.215626 	0.168852 	-0.0199999	0.582951
108	46    	0.264161 	0.194232 	-0.0233333	0.643479
109	47    	0.209412 	0.181421 	-0.02     	0.575998
110	48    	0.253833 	0.165627 	-0.02     	0.697833
111	48    	0.30159  	0.169975 	-0.02     	0.734007
112	48    	0.246565 	0.196954 	-0.02     	0.811396
113	43    	0.316887 	0.253897 	-0.0177778	0.813756
114	50    	0.233768 	0.193441 	-0.0171428	0.812825
115	46    	0.276626 	0.198712 	-0.0166667	0.813708
116	45    	0.232336 	0.221962 	-0.02     	0.813708
117	46    	0.227103 	0.245096 	-0.02     	0.812977
118	47    	0.221509 	0.23664  	-0.02     	0.816954
119	46    	0.256737 	0.213679 	-0.02     	0.816954
120	47    	0.262992 	0.188205 	-0.0159999	0.816954
121	47    	0.287509 	0.207463 	-0.02     	0.816954
122	43    	0.276042 	0.21591  	-0.02     	0.816954
123	47    	0.317975 	0.198157 	-0.0171429	0.816954
124	49    	0.250428 	0.168098 	-0.02     	0.670008
125	42    	0.340593 	0.150984 	-0.02     	0.670008
126	47    	0.299447 	0.186115 	-0.0199999	0.813756
127	48    	0.291594 	0.151789 	-0.0159966	0.646834
128	46    	0.292752 	0.197749 	-0.0175   	0.800658
129	44    	0.362431 	0.210117 	-0.0166667	0.811397
130	46    	0.30402  	0.230633 	-0.0174998	0.811397
131	42    	0.376302 	0.213723 	-0.0181818	0.811397
132	45    	0.329469 	0.221812 	-0.02     	0.811399
133	49    	0.305568 	0.199776 	-0.0175   	0.733048
134	46    	0.288379 	0.170082 	-0.0149999	0.73093 
135	43    	0.33411  	0.188941 	0.0744561 	0.813771
136	45    	0.275866 	0.202489 	-0.02     	0.813771
137	47    	0.249799 	0.195707 	-0.0177778	0.813771
138	47    	0.255035 	0.17196  	-0.0175   	0.602036
139	40    	0.320436 	0.187999 	-0.02     	0.813771
140	43    	0.302095 	0.223377 	-0.02     	0.813771
141	45    	0.300737 	0.209683 	-0.0171429	0.856409
142	42    	0.334137 	0.217939 	-0.0175   	0.856409
143	46    	0.282912 	0.221708 	-0.02     	0.818826
144	45    	0.267897 	0.229183 	-0.0171429	0.818826
145	44    	0.296938 	0.223388 	-0.0171429	0.818826
146	45    	0.261832 	0.228632 	-0.0175   	0.707644
147	46    	0.239038 	0.172072 	-0.0171429	0.702382
148	48    	0.274116 	0.219065 	-0.0171429	0.818826
149	45    	0.262263 	0.237199 	-0.02     	0.818826
150	41    	0.315456 	0.256756 	-0.0175   	0.818826
151	46    	0.318308 	0.232513 	-0.0175   	0.812083
152	49    	0.251081 	0.218371 	-0.0171429	0.723162
153	45    	0.249175 	0.236117 	-0.0175   	0.814342
154	45    	0.293502 	0.231732 	-0.02     	0.814342
155	45    	0.299851 	0.240621 	-0.02     	0.812825
156	43    	0.342974 	0.273069 	-0.018    	0.825765
157	45    	0.276846 	0.225346 	-0.02     	0.812825
158	47    	0.244837 	0.226804 	-0.02     	0.812308
159	44    	0.320776 	0.217212 	-0.0166667	0.812308
160	44    	0.28574  	0.236982 	-0.0171429	0.812308
161	45    	0.329037 	0.220996 	-0.0166667	0.812977
162	48    	0.222234 	0.218582 	-0.0177778	0.812977
163	45    	0.242511 	0.248172 	-0.0166667	0.812977
164	45    	0.271989 	0.282244 	-0.0171429	0.812977
165	45    	0.252531 	0.286594 	-0.02     	0.812977
166	42    	0.290577 	0.304681 	-0.0166667	0.812977
167	45    	0.267138 	0.273426 	-0.0166667	0.812977
168	48    	0.196714 	0.211379 	-0.02     	0.812977
169	46    	0.230336 	0.240577 	-0.0171429	0.812977
170	47    	0.232602 	0.262762 	-0.0166667	0.813708
171	42    	0.286845 	0.258185 	-0.0166667	0.812977
172	41    	0.279652 	0.302549 	-0.02     	0.812977
173	45    	0.223568 	0.272542 	-0.02     	0.812977
174	42    	0.315725 	0.25769  	-0.0166667	0.812977
175	47    	0.210796 	0.239431 	-0.0171429	0.812977
176	48    	0.245155 	0.237226 	-0.0166667	0.812977
177	49    	0.130223 	0.178638 	-0.02     	0.812977
178	48    	0.193027 	0.20134  	-0.02     	0.812977
179	46    	0.189772 	0.163816 	-0.0200001	0.812825
180	48    	0.207486 	0.161126 	-0.02     	0.812083
181	45    	0.266132 	0.169878 	-0.0166667	0.812083
182	44    	0.238769 	0.212509 	-0.0175   	0.813708
183	48    	0.215405 	0.214748 	-0.0166667	0.813756
184	47    	0.240679 	0.210045 	-0.0171429	0.813756
185	43    	0.286645 	0.260088 	-0.02     	0.813708
186	48    	0.176422 	0.199746 	-0.02     	0.811396
187	48    	0.186922 	0.165522 	-0.0166667	0.694721
188	47    	0.210478 	0.161004 	-0.02     	0.51442 
189	46    	0.252679 	0.211189 	-0.02     	0.812977
190	45    	0.243008 	0.172997 	-0.0166666	0.592154
191	46    	0.263873 	0.192628 	-0.02     	0.596931
192	47    	0.227863 	0.176849 	-0.0166667	0.596931
193	46    	0.247471 	0.215722 	-0.02     	0.596931
194	45    	0.261464 	0.19984  	-0.02     	0.596931
195	48    	0.237377 	0.205062 	-0.02     	0.648242
196	47    	0.252856 	0.178177 	-0.02     	0.648242
197	48    	0.211317 	0.158028 	-0.02     	0.583818
198	44    	0.262365 	0.148521 	-0.02     	0.583818
199	49    	0.20515  	0.202227 	-0.0166667	0.811247
200	46    	0.292545 	0.174817 	-0.0166666	0.813708
201	47    	0.259705 	0.205733 	-0.0175   	0.805075
202	45    	0.272592 	0.215987 	-0.0225   	0.805075
203	46    	0.28413  	0.199283 	-0.02     	0.73028 
204	43    	0.265648 	0.230232 	-0.02     	0.73028 
205	46    	0.263536 	0.226711 	-0.02     	0.811396
206	48    	0.265967 	0.177427 	-0.0171429	0.73028 
207	47    	0.245019 	0.180455 	-0.0175   	0.615735
208	47    	0.305575 	0.211661 	-0.02     	0.811396
209	44    	0.311463 	0.245308 	-0.018    	0.811396
210	47    	0.280596 	0.223379 	-0.02     	0.811396
211	49    	0.257854 	0.185285 	-0.0171429	0.704883
212	48    	0.239656 	0.176737 	-0.02     	0.705225
213	50    	0.240602 	0.151513 	-0.0171429	0.556026
214	48    	0.256297 	0.151067 	-0.02     	0.626817
215	46    	0.259428 	0.158419 	-0.0200001	0.55492 
216	47    	0.249913 	0.156311 	-0.0233333	0.844542
217	46    	0.251042 	0.140995 	-0.02     	0.475139
218	43    	0.287635 	0.136338 	-0.0171429	0.535597
219	43    	0.242379 	0.157323 	-0.02     	0.535597
220	46    	0.262044 	0.127858 	-0.02     	0.535597
221	48    	0.259693 	0.12026  	-0.02     	0.503299
222	44    	0.268757 	0.131005 	-0.018    	0.522726
223	46    	0.279478 	0.135605 	-0.0175   	0.650538
224	46    	0.299593 	0.151643 	-0.0166667	0.717522
225	45    	0.288945 	0.162138 	-0.0133337	0.717522
226	44    	0.304472 	0.194603 	-0.0171428	0.728732
227	45    	0.268099 	0.194436 	-0.02     	0.728732
228	46    	0.227445 	0.176068 	-0.02     	0.728732
229	49    	0.282792 	0.154948 	-0.016    	0.650139
230	45    	0.248579 	0.138633 	-0.018    	0.538226
231	44    	0.293215 	0.161916 	-0.0171428	0.614425
232	46    	0.285961 	0.182511 	-0.018    	0.614425
233	44    	0.275409 	0.161496 	-0.02     	0.614425
234	44    	0.274165 	0.162601 	-0.02     	0.614442
235	44    	0.266639 	0.182214 	-0.02     	0.614506
236	48    	0.273016 	0.150256 	-0.0175   	0.614509
237	46    	0.255957 	0.152946 	-0.02     	0.614509
238	47    	0.288388 	0.146305 	-0.02     	0.814727
239	46    	0.293775 	0.167616 	-0.0175   	0.728917
240	46    	0.238401 	0.175058 	-0.02     	0.728917
241	45    	0.238724 	0.174908 	-0.0175   	0.728917
242	46    	0.282362 	0.142855 	-0.0233333	0.728917
243	48    	0.273846 	0.145483 	-0.02     	0.576421
244	45    	0.302933 	0.163738 	-0.0179999	0.706628
245	46    	0.247403 	0.183284 	-0.02     	0.706628
246	44    	0.300579 	0.189283 	-0.0174999	0.706628
247	44    	0.25515  	0.1874   	-0.02     	0.706628
248	45    	0.261284 	0.174358 	-0.02     	0.706628
249	48    	0.268837 	0.185762 	-0.0175   	0.706628
250	46    	0.278308 	0.168983 	-0.0171429	0.636483
251	46    	0.255592 	0.163576 	-0.016    	0.636483
252	48    	0.261217 	0.121532 	-0.0175   	0.515766
253	45    	0.269611 	0.139975 	-0.0166666	0.515766
254	46    	0.277687 	0.1449   	-0.0166667	0.515996
255	48    	0.245176 	0.15729  	-0.0160001	0.515996
256	46    	0.268668 	0.195135 	-0.0175001	0.718878
257	43    	0.292204 	0.221032 	-0.0233333	0.718878
258	45    	0.309582 	0.225598 	-0.018    	0.855697
259	46    	0.244505 	0.225191 	-0.02     	0.855697
260	45    	0.258313 	0.200657 	-0.0183333	0.855697
261	49    	0.265338 	0.164553 	-0.02     	0.753041
262	46    	0.310624 	0.158231 	-0.0133337	0.811325
263	41    	0.359422 	0.175684 	0.113575  	0.811325
264	45    	0.33746  	0.213849 	-0.0133333	0.89978 
265	46    	0.296194 	0.188324 	-0.0166665	0.807743
266	41    	0.366004 	0.203388 	-0.0183333	0.816976
267	45    	0.301721 	0.212251 	-0.0181818	0.807743
268	49    	0.296967 	0.211183 	-0.0177778	0.798819
269	45    	0.341719 	0.219516 	-0.0160001	0.798819
270	46    	0.308295 	0.197114 	-0.02     	0.798819
271	44    	0.330192 	0.195449 	-0.0181818	0.798819
272	47    	0.288124 	0.184936 	-0.02     	0.798819
273	46    	0.268496 	0.148224 	-0.0175   	0.798819
274	45    	0.315544 	0.157046 	-0.0166665	0.798819
275	44    	0.287551 	0.165273 	-0.0175   	0.798819
276	46    	0.281875 	0.180154 	-0.0175   	0.734007
277	49    	0.242876 	0.141257 	-0.02     	0.70635 
278	42    	0.314256 	0.157577 	-0.015    	0.70635 
279	45    	0.281385 	0.198281 	-0.018    	0.70635 
280	48    	0.245756 	0.189204 	-0.0171429	0.706596
281	45    	0.261623 	0.180917 	-0.02     	0.706596
282	46    	0.273341 	0.180589 	-0.0166666	0.731273
283	45    	0.319871 	0.197309 	-0.016    	0.731273
284	47    	0.276179 	0.237328 	-0.0175   	0.731273
285	47    	0.281109 	0.210559 	-0.02     	0.731273
286	47    	0.268774 	0.23089  	-0.02     	0.83537 
287	48    	0.284813 	0.22377  	-0.0175   	0.817612
288	45    	0.284118 	0.23714  	-0.0177778	0.817612
289	48    	0.300957 	0.192939 	-0.0200001	0.706575
290	49    	0.243162 	0.197184 	-0.0171429	0.706575
291	43    	0.286663 	0.193411 	-0.02     	0.706575
292	45    	0.23361  	0.170005 	-0.0171429	0.706575
293	50    	0.222493 	0.192183 	-0.0171429	0.706646
294	47    	0.255009 	0.213235 	-0.0171429	0.749797
295	46    	0.316699 	0.217484 	-0.0177778	0.726108
296	47    	0.291301 	0.167034 	-0.0175   	0.726108
297	47    	0.252982 	0.166481 	-0.0175   	0.726108
298	47    	0.23556  	0.148108 	-0.02     	0.616811
299	45    	0.264717 	0.170992 	-0.02     	0.705972
300	48    	0.243116 	0.191056 	-0.02     	0.705972
301	47    	0.246248 	0.156758 	-0.0171429	0.553486
302	48    	0.206857 	0.152442 	-0.0174999	0.553486
303	46    	0.274469 	0.190795 	-0.0175   	0.795646
304	48    	0.261138 	0.196552 	-0.0175001	0.731322
305	48    	0.252402 	0.206117 	-0.018    	0.726745
306	45    	0.292676 	0.20874  	-0.02     	0.730197
307	47    	0.269703 	0.224904 	-0.02     	0.730197
308	46    	0.318185 	0.244682 	-0.0177778	0.83112 
309	44    	0.338598 	0.260951 	-0.02     	0.83112 
310	47    	0.291075 	0.220156 	-0.0175   	0.731322
311	42    	0.315708 	0.222574 	-0.02     	0.731322
312	49    	0.230058 	0.192785 	-0.0177778	0.731322
313	46    	0.224472 	0.177381 	-0.02     	0.731322
314	45    	0.292388 	0.207884 	-0.02     	0.843711
315	45    	0.262207 	0.214648 	-0.0177778	0.843711
316	43    	0.338007 	0.236301 	-0.02     	0.843711
317	47    	0.268806 	0.191524 	-0.0177777	0.730613
318	46    	0.269612 	0.224442 	-0.02     	0.706637
319	47    	0.240787 	0.18376  	-0.0171428	0.706539
320	46    	0.250384 	0.21988  	-0.02     	0.706539
321	45    	0.296526 	0.231317 	-0.02     	0.706539
322	46    	0.274665 	0.184314 	-0.02     	0.70665 
323	46    	0.262797 	0.21954  	-0.0171429	0.70665 
324	46    	0.323178 	0.205482 	-0.0175   	0.70665 
325	49    	0.239633 	0.195037 	-0.02     	0.70665 
326	47    	0.29832  	0.164679 	-0.0177778	0.839841
327	50    	0.309583 	0.167385 	-0.0177778	0.731273
328	45    	0.304675 	0.228695 	-0.0177778	0.726721
329	47    	0.277957 	0.191981 	-0.0177778	0.731273
330	47    	0.266242 	0.17344  	-0.02     	0.660695
331	48    	0.267431 	0.120683 	-0.02     	0.621983
332	45    	0.254618 	0.16613  	-0.02     	0.621983
333	44    	0.250789 	0.178158 	-0.0171429	0.621983
334	48    	0.200757 	0.150992 	-0.0166666	0.621983
335	43    	0.269011 	0.160412 	-0.016    	0.621983
336	44    	0.272787 	0.170823 	-0.02     	0.654898
337	44    	0.262805 	0.177904 	-0.02     	0.654898
338	49    	0.229909 	0.146131 	-0.02     	0.654898
339	42    	0.285809 	0.142534 	-0.01     	0.654898
340	46    	0.217273 	0.16667  	-0.02     	0.692791
341	47    	0.243319 	0.169302 	-0.02     	0.692791
342	48    	0.231632 	0.168506 	-0.02     	0.705972
343	47    	0.239855 	0.171738 	-0.0171429	0.702322
344	40    	0.324795 	0.195649 	-0.0171429	0.814356
345	44    	0.278293 	0.205211 	-0.02     	0.814356
346	45    	0.280503 	0.200207 	-0.02     	0.702821
347	48    	0.19082  	0.189031 	-0.02     	0.706419
348	48    	0.20597  	0.185313 	-0.02     	0.702322
349	46    	0.253086 	0.196826 	-0.0171428	0.706419
350	49    	0.201692 	0.172119 	-0.0175   	0.706046
351	48    	0.285218 	0.187565 	-0.0166667	0.706046
352	42    	0.284568 	0.207096 	-0.0177775	0.706107
353	44    	0.248148 	0.199277 	-0.02     	0.706046
354	48    	0.216832 	0.161496 	-0.02     	0.70647 
355	47    	0.212945 	0.172366 	-0.02     	0.614891
356	45    	0.245777 	0.188786 	-0.02     	0.702954
357	45    	0.262542 	0.206018 	-0.02     	0.70356 
358	45    	0.277406 	0.191035 	-0.0171429	0.706168
359	45    	0.311755 	0.197154 	-0.0177778	0.706168
360	45    	0.283393 	0.197915 	-0.0175   	0.797563
361	48    	0.272488 	0.180697 	-0.0177778	0.797563
362	48    	0.277624 	0.219626 	-0.02     	0.706637
363	46    	0.278297 	0.214376 	-0.0171428	0.797563
364	47    	0.237463 	0.166801 	-0.0171429	0.797563
365	46    	0.261563 	0.176561 	-0.0199999	0.797563
366	45    	0.268219 	0.171729 	-0.0199999	0.797563
367	46    	0.25962  	0.202544 	-0.0171429	0.797563
368	46    	0.248164 	0.23496  	-0.02     	0.797563
369	46    	0.251137 	0.20841  	-0.02     	0.797563
370	43    	0.285108 	0.230565 	-0.02     	0.797563
371	45    	0.294495 	0.208921 	-0.02     	0.703179
372	46    	0.263012 	0.208714 	-0.0199999	0.692686
373	47    	0.239485 	0.172306 	-0.02     	0.692686
374	42    	0.282318 	0.222725 	-0.0171429	0.703179
375	46    	0.261843 	0.1939   	-0.0175   	0.706419
376	45    	0.256708 	0.209359 	-0.0200001	0.706419
377	43    	0.258856 	0.191614 	-0.0181818	0.706419
378	45    	0.254377 	0.175031 	-0.02     	0.706419
379	46    	0.247874 	0.177552 	-0.0175   	0.706431
380	46    	0.23891  	0.179856 	-0.0166667	0.703049
381	47    	0.181787 	0.192853 	-0.0175001	0.703049
382	47    	0.264426 	0.194906 	-0.02     	0.706107
383	47    	0.231555 	0.177354 	-0.0171429	0.706107
384	41    	0.349729 	0.170216 	0.0777333 	0.706107
385	46    	0.313331 	0.175859 	-0.0177778	0.706107
386	48    	0.291438 	0.189182 	-0.02     	0.717204
387	45    	0.30487  	0.235027 	-0.0175   	0.706107
388	46    	0.269902 	0.217136 	-0.0171427	0.706107
389	49    	0.238419 	0.16125  	-0.0177778	0.698463
390	45    	0.271786 	0.173545 	-0.0171429	0.664342
391	47    	0.271554 	0.18443  	-0.02     	0.830294
392	49    	0.282292 	0.16153  	-0.0183333	0.706637
393	45    	0.318185 	0.174855 	-0.02     	0.706637
394	47    	0.262815 	0.161097 	-0.0177778	0.706637
395	44    	0.344883 	0.210584 	-0.0175   	0.731699
396	48    	0.300972 	0.223355 	-0.02     	0.835619
397	48    	0.316131 	0.208045 	-0.0166667	0.835619
398	47    	0.285532 	0.210919 	-0.0200001	0.836975
399	49    	0.285543 	0.173946 	-0.0177778	0.68608 
400	47    	0.297906 	0.196464 	-0.0175   	0.693487
401	48    	0.31947  	0.194685 	-0.02     	0.785091
402	44    	0.330943 	0.195125 	-0.017143 	0.785091
403	47    	0.336298 	0.178014 	-0.0171429	0.785091
404	47    	0.305521 	0.155118 	-0.02     	0.692792
405	46    	0.320739 	0.163779 	-0.0171429	0.654077
406	45    	0.296726 	0.196511 	-0.0171429	0.693092
407	47    	0.278539 	0.177863 	-0.02     	0.693092
408	47    	0.258737 	0.16591  	-0.018    	0.693092
409	42    	0.246533 	0.186466 	-0.0175   	0.693124
410	45    	0.271245 	0.187046 	-0.0171429	0.693124
411	44    	0.254734 	0.205362 	-0.0166667	0.693124
412	49    	0.228896 	0.170373 	-0.02     	0.654077
413	45    	0.259312 	0.215102 	-0.02     	0.70665 
414	46    	0.2375   	0.198174 	-0.0166666	0.70665 
415	47    	0.254152 	0.197818 	-0.0174998	0.70665 
416	44    	0.249745 	0.187137 	-0.0175   	0.70665 
417	46    	0.267746 	0.191956 	-0.0171429	0.70665 
418	49    	0.220843 	0.189327 	-0.0171428	0.705972
419	48    	0.216574 	0.161938 	-0.0171429	0.616035
420	45    	0.255024 	0.164159 	-0.0171428	0.613422
421	46    	0.241702 	0.185661 	-0.0171429	0.693441
422	47    	0.261821 	0.19929  	-0.02     	0.70633 
423	46    	0.290617 	0.240295 	-0.0200001	0.73019 
424	43    	0.269783 	0.212742 	-0.0166667	0.730761
425	48    	0.287437 	0.200663 	-0.0166667	0.720229
426	46    	0.286432 	0.19865  	-0.02     	0.70665 
427	47    	0.271175 	0.163057 	-0.02     	0.616094
428	47    	0.208541 	0.148881 	-0.0175   	0.616094
429	47    	0.214399 	0.158797 	-0.0177777	0.616094
430	48    	0.257709 	0.161492 	-0.02     	0.616094
431	45    	0.274709 	0.213612 	-0.0175001	0.769432
432	46    	0.296818 	0.177419 	-0.0166665	0.702322
433	47    	0.291802 	0.204129 	-0.0175   	0.705972
434	46    	0.261327 	0.192599 	-0.0171429	0.726164
435	48    	0.25924  	0.185009 	-0.0171428	0.705972
436	43    	0.2585   	0.200249 	-0.02     	0.70328 
437	47    	0.265006 	0.231134 	-0.0175   	0.731319
438	41    	0.343018 	0.217038 	-0.0171429	0.731319
439	48    	0.247835 	0.186399 	-0.0171429	0.731319
440	47    	0.291464 	0.185061 	-0.0177778	0.731319
441	47    	0.282646 	0.198189 	-0.0175   	0.731319
442	43    	0.294894 	0.184261 	-0.02     	0.731319
443	44    	0.286596 	0.215824 	-0.0175   	0.830079
444	45    	0.287608 	0.201442 	-0.0177778	0.849895
445	45    	0.268728 	0.200757 	-0.02     	0.849895
446	45    	0.302913 	0.171296 	-0.0175   	0.849895
447	47    	0.28904  	0.165007 	-0.016    	0.697215
448	45    	0.293997 	0.191871 	-0.02     	0.697215
449	46    	0.2841   	0.18417  	-0.0177777	0.697215
450	46    	0.282474 	0.17835  	-0.0171429	0.763539
451	49    	0.242323 	0.140716 	-0.0177778	0.60325 
452	44    	0.284318 	0.138149 	-0.02     	0.60325 
453	46    	0.299528 	0.139783 	-0.02     	0.60325 
454	44    	0.305385 	0.159907 	-0.0199999	0.651763
455	49    	0.284678 	0.155245 	-0.0177778	0.651763
456	48    	0.270647 	0.162303 	-0.0200001	0.753974
457	46    	0.289761 	0.152113 	-0.02     	0.722368
458	44    	0.261633 	0.147933 	-0.018    	0.599598
459	49    	0.252943 	0.138431 	-0.0181818	0.605968
460	46    	0.253508 	0.138629 	-0.0179998	0.618137
461	47    	0.275345 	0.188785 	-0.02     	0.844811
462	48    	0.284844 	0.200811 	-0.02     	0.844811
463	45    	0.305947 	0.207204 	-0.02     	0.844811
464	43    	0.322029 	0.197302 	-0.0175   	0.702804
465	44    	0.272421 	0.185937 	-0.0175   	0.702804
466	46    	0.294469 	0.2023   	-0.0175   	0.706666
467	46    	0.279626 	0.192047 	-0.0175   	0.706666
468	47    	0.24231  	0.172485 	-0.0199999	0.705944
469	50    	0.22704  	0.170287 	-0.02     	0.559616
470	45    	0.311749 	0.16517  	-0.016    	0.702543
471	48    	0.300897 	0.176287 	-0.0166668	0.702543
472	42    	0.274645 	0.230849 	-0.02     	0.706234
473	48    	0.213191 	0.180766 	-0.0177778	0.706234
474	47    	0.22808  	0.200861 	-0.02     	0.79999 
475	48    	0.215939 	0.154254 	-0.018    	0.588898
476	45    	0.277944 	0.157608 	-0.0166667	0.693521
477	47    	0.285624 	0.149919 	-0.0171429	0.693521
478	45    	0.279859 	0.181352 	-0.0166666	0.693521
479	46    	0.262638 	0.177639 	-0.02     	0.693521
480	50    	0.182649 	0.140941 	-0.0171429	0.572515
481	49    	0.274285 	0.149694 	-0.0166667	0.62466 
482	47    	0.237411 	0.175318 	-0.0171429	0.62466 
483	45    	0.26989  	0.190896 	-0.0228572	0.63196 
484	48    	0.254403 	0.171862 	-0.0181818	0.637116
485	47    	0.265913 	0.130607 	-0.0177778	0.637116
486	44    	0.286877 	0.149239 	-0.0175001	0.637116
487	39    	0.309843 	0.156177 	-0.0200001	0.637116
488	42    	0.304624 	0.183988 	-0.0181818	0.637116
489	43    	0.311217 	0.149741 	-0.0171428	0.637116
490	47    	0.271441 	0.146994 	-0.02     	0.637116
491	46    	0.263968 	0.156003 	-0.0199999	0.622   
492	48    	0.253959 	0.139229 	-0.02     	0.622   
493	44    	0.284497 	0.119495 	0.0354256 	0.622   
494	48    	0.298258 	0.106583 	0.0828094 	0.597046
495	44    	0.313111 	0.107984 	0.108047  	0.525294
496	48    	0.277588 	0.128776 	-0.017143 	0.55226 
497	47    	0.292195 	0.146286 	-0.02     	0.591908
498	43    	0.295754 	0.175264 	-0.0171429	0.637644
499	47    	0.291339 	0.157189 	-0.02     	0.716486
500	43    	0.277444 	0.172926 	-0.02     	0.637644
501	47    	0.247946 	0.171515 	-0.02     	0.676086
502	44    	0.276589 	0.170388 	-0.02     	0.637644
503	45    	0.295223 	0.186876 	-0.02     	0.637644
504	44    	0.30167  	0.212895 	-0.02     	0.646749
505	44    	0.289569 	0.204086 	-0.02     	0.839353
506	48    	0.224862 	0.192721 	-0.02     	0.839353
507	47    	0.221951 	0.148631 	-0.02     	0.629993
508	48    	0.217897 	0.141086 	-0.0171429	0.629993
509	45    	0.270101 	0.154227 	-0.02     	0.629993
510	49    	0.247941 	0.161852 	-0.0199999	0.629993
511	47    	0.246335 	0.172681 	-0.02     	0.627196
512	46    	0.273535 	0.16209  	-0.0175   	0.627196
513	45    	0.293682 	0.190935 	-0.0175   	0.69413 
514	46    	0.285957 	0.194731 	-0.02     	0.79999 
515	45    	0.324649 	0.203763 	-0.0175   	0.79999 
516	48    	0.330941 	0.187512 	-0.0175   	0.79999 
517	46    	0.301379 	0.188227 	-0.0171429	0.832435
518	45    	0.287133 	0.219118 	-0.0200001	0.832435
519	46    	0.293534 	0.212065 	-0.02     	0.832435
520	46    	0.270907 	0.229815 	-0.02     	0.832435
521	47    	0.293685 	0.218624 	-0.0200001	0.832435
522	47    	0.313122 	0.203135 	-0.02     	0.832435
523	47    	0.279016 	0.211105 	-0.0199999	0.832479
524	46    	0.275472 	0.201247 	-0.0200001	0.732784
525	45    	0.274757 	0.201666 	-0.0174999	0.728241
526	48    	0.245438 	0.168695 	-0.0166667	0.706841
527	46    	0.25133  	0.172008 	-0.0175   	0.706841
528	45    	0.307308 	0.141794 	0.0745627 	0.706841
529	47    	0.274172 	0.172467 	-0.0175   	0.706841
530	46    	0.269796 	0.166092 	-0.0225   	0.706841
531	43    	0.311016 	0.170602 	-0.02     	0.706841
532	47    	0.300873 	0.189241 	-0.02     	0.899695
533	46    	0.2903   	0.172705 	-0.02     	0.899695
534	47    	0.316395 	0.237143 	-0.02     	0.899695
535	44    	0.342555 	0.233472 	-0.016    	0.899695
536	44    	0.34797  	0.234559 	-0.0177778	0.899695
537	47    	0.32735  	0.228916 	-0.01     	0.899695
538	48    	0.317619 	0.220411 	-0.0199999	0.899695
539	46    	0.304927 	0.244592 	-0.0175001	0.899695
540	45    	0.351377 	0.251724 	-0.02     	0.899695
541	45    	0.338838 	0.21542  	-0.0166666	0.899695
542	43    	0.327645 	0.233337 	-0.0149999	0.899695
543	44    	0.380925 	0.242892 	-0.0133334	0.899695
544	48    	0.295318 	0.221221 	-0.0166667	0.899695
545	46    	0.295019 	0.198451 	-0.0171428	0.799455
546	46    	0.289461 	0.205263 	-0.02     	0.755645
547	45    	0.339196 	0.217656 	-0.02     	0.898394
548	47    	0.338865 	0.225232 	-0.0171429	0.906302
549	40    	0.433526 	0.272666 	-0.0174999	0.906302
550	44    	0.403052 	0.297514 	-0.018    	0.906302
551	48    	0.311563 	0.21772  	0.0662374 	0.906302
552	45    	0.347264 	0.192045 	-0.0181818	0.729969
553	45    	0.291994 	0.198983 	-0.02     	0.729969
554	41    	0.357033 	0.191187 	-0.0171429	0.729969
555	46    	0.271587 	0.187962 	-0.0177778	0.729969
556	48    	0.261577 	0.185293 	-0.0171428	0.730095
557	47    	0.311452 	0.216198 	-0.0233333	0.813708
558	48    	0.247683 	0.162532 	-0.0200001	0.647799
559	45    	0.309089 	0.164889 	-0.0175   	0.64364 
560	45    	0.294809 	0.203312 	-0.0166667	0.887115
561	47    	0.291663 	0.213515 	-0.0177778	0.887115
562	48    	0.24948  	0.166677 	-0.0166666	0.887115
563	49    	0.277568 	0.155832 	-0.018    	0.629714
564	48    	0.262889 	0.142942 	-0.0171428	0.690729
565	48    	0.218053 	0.13704  	-0.0175   	0.690729
566	46    	0.296547 	0.173103 	-0.0177779	0.812977
567	46    	0.311902 	0.22034  	-0.0177778	0.812977
568	44    	0.261382 	0.223585 	-0.0166667	0.812308
569	46    	0.26396  	0.209421 	-0.02     	0.705837
570	48    	0.243826 	0.162494 	-0.02     	0.705837
571	47    	0.303201 	0.196707 	-0.0175   	0.813756
572	44    	0.324518 	0.216067 	-0.0175   	0.813756
573	46    	0.300299 	0.201992 	-0.0166667	0.813756
574	45    	0.265547 	0.197439 	-0.0171429	0.813756
575	50    	0.250195 	0.150696 	-0.02     	0.614028
576	47    	0.277318 	0.159403 	-0.0175   	0.697396
577	47    	0.24902  	0.182167 	-0.0171428	0.614262
578	47    	0.257252 	0.181786 	-0.0175   	0.702711
579	47    	0.243355 	0.184587 	-0.0175   	0.695373
580	46    	0.262994 	0.176802 	-0.02     	0.617132
581	44    	0.292038 	0.174126 	-0.0175   	0.703946
582	46    	0.302947 	0.198435 	-0.02     	0.70762 
583	46    	0.312532 	0.217436 	-0.02     	0.70762 
584	46    	0.298433 	0.192286 	-0.016    	0.70762 
585	46    	0.285577 	0.211748 	-0.0174999	0.811247
586	40    	0.335348 	0.232032 	-0.0171429	0.811247
587	46    	0.320139 	0.214774 	-0.0171429	0.70762 
588	48    	0.296143 	0.201044 	-0.0175   	0.805829
589	44    	0.273412 	0.204166 	-0.0175   	0.702349
590	44    	0.309452 	0.224753 	-0.0175001	0.703659
591	44    	0.291941 	0.222469 	-0.02     	0.706014
592	46    	0.31717  	0.213271 	-0.0159966	0.812308
593	45    	0.277312 	0.253179 	-0.0200001	0.812308
594	44    	0.268176 	0.255054 	-0.02     	0.812308
595	48    	0.232565 	0.216367 	-0.0179999	0.812308
596	45    	0.234806 	0.221601 	-0.02     	0.706026
597	41    	0.285607 	0.249633 	-0.017143 	0.812308
598	44    	0.27486  	0.243793 	-0.02     	0.812308
599	45    	0.216673 	0.236628 	-0.0171429	0.812308
600	42    	0.331317 	0.266119 	-0.0171429	0.812308
601	47    	0.263795 	0.218849 	-0.0166667	0.813756
602	48    	0.261751 	0.243147 	-0.0171429	0.812308
603	48    	0.258821 	0.233791 	-0.0166667	0.812308
604	48    	0.235548 	0.215502 	-0.0175   	0.813708
605	47    	0.233126 	0.212196 	-0.0171429	0.813708
606	47    	0.237244 	0.210658 	-0.0171429	0.813708
607	44    	0.161884 	0.222285 	-0.02     	0.813708
608	46    	0.246557 	0.231899 	-0.0175001	0.813708
609	47    	0.273565 	0.261257 	-0.0171428	0.813756
610	48    	0.235626 	0.225961 	-0.0166667	0.813756
611	48    	0.235177 	0.210814 	-0.02     	0.813708
612	40    	0.293425 	0.229817 	-0.0171429	0.813708
613	47    	0.200233 	0.225231 	-0.02     	0.813756
614	47    	0.206371 	0.230598 	-0.02     	0.813756
615	47    	0.218319 	0.221837 	-0.0166667	0.813756
616	46    	0.242022 	0.215641 	-0.0166667	0.813756
617	40    	0.262273 	0.256559 	-0.0171429	0.813756
618	42    	0.295674 	0.268619 	-0.0166652	0.813756
619	48    	0.213454 	0.241109 	-0.02     	0.813756
620	44    	0.261011 	0.227507 	-0.0171429	0.813756
621	45    	0.16768  	0.204997 	-0.02     	0.813756
622	50    	0.185282 	0.212884 	-0.0175   	0.812977
623	46    	0.204432 	0.217857 	-0.02     	0.813708
624	47    	0.212319 	0.196506 	-0.02     	0.616347
625	44    	0.252406 	0.218892 	-0.0160001	0.724562
626	43    	0.270745 	0.215522 	-0.0166666	0.724562
627	46    	0.288184 	0.238473 	-0.0175001	0.812977
628	47    	0.280513 	0.232132 	-0.02     	0.812977
629	48    	0.238259 	0.21762  	-0.0171427	0.812977
630	46    	0.306063 	0.240524 	-0.02     	0.81995 
631	44    	0.327017 	0.226679 	-0.02     	0.81995 
632	49    	0.263711 	0.169625 	-0.0166667	0.81995 
633	46    	0.269137 	0.20212  	-0.02     	0.81995 
634	43    	0.340842 	0.212771 	-0.02     	0.81995 
635	45    	0.300357 	0.238617 	-0.02     	0.81995 
636	47    	0.236589 	0.221516 	-0.0177778	0.805245
637	44    	0.282326 	0.234585 	-0.02     	0.805245
638	46    	0.33708  	0.253068 	-0.0171429	0.819458
639	46    	0.301065 	0.223621 	-0.0174999	0.819458
640	46    	0.304626 	0.224016 	-0.0166666	0.813756
641	43    	0.282512 	0.241163 	-0.02     	0.812825
642	47    	0.298302 	0.237104 	-0.02     	0.812825
643	48    	0.239664 	0.189853 	-0.0175   	0.706026
644	49    	0.239486 	0.165011 	-0.0171428	0.695373
645	48    	0.22772  	0.167411 	-0.0166667	0.702995
646	45    	0.262554 	0.194046 	-0.02     	0.705828
647	47    	0.273675 	0.24438  	-0.02     	0.818806
648	49    	0.268607 	0.230414 	-0.0175   	0.813708
649	46    	0.25935  	0.25809  	-0.0171429	0.819969
650	46    	0.328095 	0.245917 	-0.02     	0.819969
651	46    	0.288232 	0.251648 	-0.02     	0.819969
652	49    	0.196056 	0.190427 	-0.02     	0.812977
653	41    	0.209334 	0.193869 	-0.02     	0.812308
654	48    	0.190335 	0.181968 	-0.0171428	0.692073
655	43    	0.247261 	0.182344 	-0.02     	0.692073
656	45    	0.271484 	0.173832 	-0.016    	0.692073
657	46    	0.281282 	0.194285 	-0.0171429	0.862713
658	46    	0.305169 	0.168833 	-0.0166667	0.702349
659	49    	0.229956 	0.160147 	-0.0177778	0.702349
660	46    	0.253836 	0.163519 	-0.02     	0.669303
661	46    	0.244195 	0.150336 	-0.0175   	0.669303
662	47    	0.281286 	0.184301 	-0.0199999	0.717675
663	49    	0.25679  	0.165857 	-0.02     	0.703638
664	48    	0.261987 	0.184573 	-0.02     	0.803492
665	48    	0.246142 	0.165433 	-0.0199999	0.643096
666	48    	0.284517 	0.16264  	-0.02     	0.614731
667	47    	0.246201 	0.152251 	-0.0166667	0.614731
668	43    	0.320658 	0.171692 	-0.0171429	0.754484
669	49    	0.294882 	0.18516  	-0.0177778	0.725527
670	48    	0.270319 	0.15402  	-0.016    	0.632963
671	46    	0.235613 	0.150555 	-0.0233333	0.617886
672	46    	0.264233 	0.154132 	-0.02     	0.617886
673	45    	0.26367  	0.155769 	-0.0174937	0.679129
674	44    	0.313818 	0.161909 	-0.02     	0.644655
675	45    	0.286066 	0.14455  	-0.0166668	0.617886
676	48    	0.267248 	0.152489 	-0.0171429	0.640957
677	45    	0.327986 	0.16983  	-0.02     	0.663786
678	46    	0.312774 	0.160599 	-0.016    	0.755296
679	48    	0.269377 	0.143491 	-0.015    	0.755296
680	46    	0.314437 	0.144418 	-0.0175   	0.755296
681	44    	0.339143 	0.179966 	-0.0166645	0.755296
682	46    	0.329602 	0.189473 	-0.02     	0.848455
683	48    	0.292451 	0.174734 	-0.0177778	0.755296
684	46    	0.27135  	0.151663 	-0.0133333	0.718936
685	45    	0.280621 	0.152401 	-0.0175   	0.581158
686	47    	0.273536 	0.179537 	-0.02     	0.706211
687	49    	0.269038 	0.171213 	-0.02     	0.736081
688	43    	0.315195 	0.199059 	-0.02     	0.810962
689	47    	0.257809 	0.173295 	-0.0171429	0.706211
690	50    	0.253771 	0.139469 	-0.0171428	0.712273
691	49    	0.229165 	0.1531   	-0.0166667	0.703146
692	46    	0.267901 	0.163193 	-0.0175   	0.703146
693	44    	0.280796 	0.160856 	-0.0175   	0.703146
694	45    	0.290308 	0.181101 	-0.02     	0.73934 
695	43    	0.292072 	0.173989 	-0.0171428	0.706077
696	47    	0.265435 	0.183273 	-0.0166667	0.706433
697	49    	0.206635 	0.135642 	-0.0177778	0.548179
698	46    	0.246099 	0.138351 	-0.0177778	0.548179
699	46    	0.234142 	0.167006 	-0.0166665	0.694747
700	45    	0.292092 	0.176608 	-0.0177778	0.694747
701	48    	0.26564  	0.198655 	-0.016    	0.736279
702	45    	0.272721 	0.211752 	-0.0174999	0.750124
703	47    	0.254338 	0.183563 	-0.0177778	0.706573
704	45    	0.265325 	0.179675 	-0.02     	0.697381
705	46    	0.29987  	0.190305 	-0.02     	0.739706
706	44    	0.307694 	0.207087 	-0.0177778	0.831866
707	42    	0.322824 	0.235832 	-0.0175   	0.831866
708	49    	0.273803 	0.184051 	-0.02     	0.818675
709	47    	0.261337 	0.168509 	-0.0200001	0.818675
710	47    	0.263966 	0.14559  	-0.02     	0.59936 
711	49    	0.278493 	0.143801 	-0.017143 	0.646058
712	44    	0.342182 	0.173586 	-0.0228571	0.644327
713	44    	0.27765  	0.190485 	-0.0233333	0.644327
714	47    	0.27329  	0.173898 	-0.02     	0.730139
715	45    	0.298068 	0.149611 	-0.015    	0.644327
716	47    	0.285735 	0.156543 	-0.02     	0.848849
717	48    	0.242566 	0.145866 	-0.0171429	0.604061
718	43    	0.307919 	0.145628 	-0.016    	0.604061
719	45    	0.227638 	0.177317 	-0.02     	0.604061
720	47    	0.269648 	0.171623 	-0.0200001	0.69148 
721	47    	0.282724 	0.16604  	-0.02     	0.69148 
722	48    	0.287684 	0.166876 	-0.0175   	0.69148 
723	43    	0.273209 	0.178107 	-0.016    	0.706014
724	46    	0.254645 	0.193151 	-0.0175   	0.706014
725	46    	0.270031 	0.175357 	-0.0166667	0.706014
726	47    	0.272872 	0.180314 	-0.0171429	0.706014
727	46    	0.303847 	0.209086 	-0.02     	0.811247
728	47    	0.308197 	0.240558 	-0.0171429	0.813708
729	47    	0.235823 	0.221778 	-0.02     	0.813708
730	48    	0.231483 	0.204064 	-0.0171429	0.812308
731	46    	0.268778 	0.214354 	-0.0166666	0.812308
732	45    	0.255981 	0.213752 	-0.0175   	0.812308
733	47    	0.243016 	0.189995 	-0.0166667	0.805829
734	44    	0.294958 	0.2302   	-0.0166668	0.819317
735	47    	0.270672 	0.203646 	-0.02     	0.805829
736	46    	0.278289 	0.203824 	-0.0175   	0.805829
737	46    	0.210997 	0.176861 	-0.02     	0.703715
738	46    	0.240452 	0.182502 	-0.0175   	0.703715
739	45    	0.267527 	0.179245 	-0.0175   	0.703715
740	45    	0.311729 	0.180235 	-0.0166667	0.703715
741	46    	0.311796 	0.170484 	-0.016    	0.703715
742	46    	0.296154 	0.187399 	-0.02     	0.718084
743	46    	0.291114 	0.194458 	-0.0175   	0.727857
744	47    	0.287382 	0.138444 	0.105458  	0.718084
745	48    	0.231536 	0.164959 	-0.017143 	0.646184
746	46    	0.299393 	0.158808 	-0.0171429	0.61463 
747	44    	0.29239  	0.151564 	-0.0133334	0.602834
748	46    	0.321525 	0.178059 	-0.02     	0.647641
749	48    	0.307124 	0.136467 	-0.0199999	0.646266
750	46    	0.290195 	0.16691  	-0.0171428	0.670792
751	46    	0.286025 	0.143025 	0.074906  	0.627566
752	45    	0.342316 	0.180415 	-0.0175   	0.734052
753	48    	0.369365 	0.215455 	-0.0175   	0.812308
754	48    	0.283609 	0.203618 	-0.0175001	0.804601
755	47    	0.353892 	0.193418 	-0.0175   	0.804635
756	49    	0.299471 	0.186361 	-0.0175   	0.704125
757	47    	0.287565 	0.169774 	-0.016    	0.704125
758	49    	0.313226 	0.175629 	-0.016    	0.740752
759	45    	0.309444 	0.174837 	-0.018    	0.740752
760	48    	0.311874 	0.193787 	-0.0175   	0.740752
761	46    	0.311693 	0.211614 	-0.0225   	0.740752
762	46    	0.244769 	0.170726 	-0.02     	0.740752
763	43    	0.301579 	0.207285 	-0.0186667	0.740752
764	47    	0.324459 	0.235802 	-0.0175   	0.74875 
765	48    	0.278565 	0.21068  	-0.02     	0.754909
766	47    	0.271409 	0.173605 	-0.0183333	0.837548
767	47    	0.250707 	0.159643 	-0.0177778	0.712988
768	48    	0.29935  	0.17649  	-0.0175   	0.717137
769	48    	0.228316 	0.181774 	-0.0200001	0.653003
770	43    	0.316029 	0.177875 	-0.0177776	0.655393
771	45    	0.327091 	0.188573 	-0.02     	0.728439
772	47    	0.293133 	0.225028 	-0.02     	0.819317
773	45    	0.307382 	0.198053 	-0.02     	0.813417
774	48    	0.261369 	0.168439 	-0.02     	0.695583
775	48    	0.285978 	0.155233 	-0.0166667	0.65584 
776	47    	0.27617  	0.18459  	-0.0166667	0.819334
777	44    	0.254853 	0.188669 	-0.0171429	0.812308
778	42    	0.288494 	0.216483 	-0.0175   	0.812308
779	47    	0.247257 	0.183828 	-0.0171429	0.688586
780	40    	0.304385 	0.207773 	-0.017143 	0.856059
781	48    	0.309232 	0.198024 	-0.0159998	0.813417
782	49    	0.265632 	0.210002 	-0.02     	0.812308
783	46    	0.270249 	0.209585 	-0.0171332	0.818806
784	46    	0.287247 	0.21686  	-0.0175   	0.706285
785	46    	0.189886 	0.193951 	-0.0200001	0.706285
786	47    	0.26557  	0.205641 	-0.0175001	0.705828
787	42    	0.298254 	0.230075 	-0.02     	0.705828
788	47    	0.246544 	0.179524 	-0.0166667	0.705842
789	46    	0.225429 	0.197742 	-0.0171429	0.705828
790	45    	0.283495 	0.216509 	-0.017143 	0.705828
791	46    	0.228952 	0.225109 	-0.0175   	0.705842
792	48    	0.225483 	0.17663  	-0.0200001	0.653395
793	41    	0.264313 	0.218969 	-0.02     	0.653395
794	46    	0.287615 	0.195976 	-0.0166667	0.695891
795	40    	0.278399 	0.216973 	-0.0166667	0.695891
796	47    	0.288381 	0.204069 	-0.0175   	0.694701
797	46    	0.282078 	0.182621 	-0.0166666	0.694701
798	48    	0.240435 	0.180783 	-0.02     	0.718084
799	44    	0.275496 	0.146637 	-0.02     	0.694701
800	43    	0.328143 	0.191506 	-0.0166667	0.694701
801	50    	0.29745  	0.200233 	-0.0177778	0.816329
802	47    	0.274104 	0.218526 	-0.0200001	0.816329
803	44    	0.300617 	0.239139 	-0.02     	0.816329
804	49    	0.269592 	0.167889 	-0.02     	0.698463
805	45    	0.316743 	0.178174 	-0.0171429	0.698463
806	47    	0.288247 	0.190107 	-0.0171428	0.843711
807	45    	0.321646 	0.204584 	-0.0166666	0.843711
808	48    	0.284964 	0.196931 	-0.0199999	0.843711
809	44    	0.313129 	0.223802 	-0.0175   	0.843711
810	47    	0.270967 	0.220132 	-0.0181818	0.849206
811	45    	0.288213 	0.184644 	-0.0166666	0.849206
812	46    	0.309133 	0.19417  	-0.016    	0.849206
813	43    	0.296476 	0.220168 	-0.0175   	0.849206
814	49    	0.266907 	0.160775 	-0.0160002	0.730872
815	47    	0.280264 	0.194474 	-0.0177778	0.77891 
816	46    	0.335189 	0.188299 	-0.0166668	0.77891 
817	50    	0.245211 	0.174455 	-0.0177777	0.693521
818	45    	0.290783 	0.184355 	-0.0175   	0.693521
819	43    	0.325636 	0.195114 	-0.016    	0.693521
820	44    	0.320253 	0.204201 	-0.0166667	0.728905
821	46    	0.284496 	0.20008  	-0.02     	0.693521
822	47    	0.312428 	0.197318 	-0.0171429	0.698463
823	48    	0.329685 	0.21462  	-0.02     	0.832099
824	47    	0.277718 	0.191053 	-0.0171429	0.705972
825	47    	0.261737 	0.172194 	-0.0171429	0.706539
826	45    	0.301175 	0.169792 	-0.02     	0.729979
827	48    	0.252488 	0.186347 	-0.0171428	0.706539
828	48    	0.231097 	0.185129 	-0.0175   	0.690995
829	44    	0.265991 	0.198443 	-0.0200001	0.690995
830	48    	0.253817 	0.19771  	-0.0166667	0.690995
831	42    	0.26777  	0.208501 	-0.0171428	0.690995
832	44    	0.269079 	0.237561 	-0.0175   	0.797563
833	49    	0.308509 	0.203754 	-0.0199999	0.696506
834	45    	0.27278  	0.229089 	-0.02     	0.834784
835	48    	0.238937 	0.193967 	-0.0175   	0.7028  
836	48    	0.244888 	0.175605 	-0.0177778	0.703208
837	44    	0.249288 	0.187739 	-0.02     	0.703208
838	44    	0.259713 	0.216298 	-0.02     	0.703208
839	47    	0.255827 	0.185611 	-0.02     	0.703208
840	46    	0.258138 	0.199768 	-0.0171429	0.703208
841	48    	0.249923 	0.195096 	-0.0174999	0.706515
842	47    	0.278817 	0.197524 	-0.0166667	0.749665
843	45    	0.2649   	0.188071 	-0.0175   	0.706515
844	48    	0.244512 	0.197072 	-0.0175   	0.706168
845	45    	0.23619  	0.210589 	-0.0175   	0.706168
846	45    	0.258421 	0.164204 	-0.017143 	0.706046
847	47    	0.242103 	0.156209 	-0.0175   	0.654898
848	47    	0.274153 	0.186949 	-0.02     	0.654898
849	49    	0.213664 	0.176575 	-0.02     	0.706285
850	46    	0.234646 	0.17476  	-0.0166667	0.693487
851	49    	0.248163 	0.163319 	-0.0175   	0.693487
852	44    	0.242501 	0.178898 	-0.02     	0.693487
853	49    	0.160226 	0.164204 	-0.02     	0.692791
854	46    	0.213266 	0.16919  	-0.02     	0.583189
855	49    	0.211245 	0.173527 	-0.02     	0.693092
856	49    	0.219121 	0.168177 	-0.02     	0.58318 
857	45    	0.206393 	0.186289 	-0.0171428	0.58318 
858	46    	0.228555 	0.185473 	-0.02     	0.693441
859	47    	0.24454  	0.205753 	-0.0166667	0.70665 
860	49    	0.254653 	0.185396 	-0.02     	0.702709
861	45    	0.236557 	0.189017 	-0.02     	0.702709
862	47    	0.271619 	0.197473 	-0.02     	0.7028  
863	46    	0.269774 	0.221508 	-0.0166667	0.70665 
864	48    	0.216161 	0.193249 	-0.02     	0.70633 
865	47    	0.250385 	0.196686 	-0.02     	0.705972
866	46    	0.239721 	0.15408  	-0.0171428	0.705972
867	46    	0.24194  	0.162487 	-0.0171429	0.693521
868	46    	0.25959  	0.190032 	-0.0171429	0.746853
869	47    	0.32224  	0.189474 	-0.0150001	0.746853
870	45    	0.285545 	0.187432 	-0.0171416	0.746853
871	45    	0.283027 	0.213004 	-0.02     	0.746853
872	47    	0.252206 	0.159258 	-0.0177778	0.746853
873	44    	0.283265 	0.182528 	-0.0175   	0.746853
874	48    	0.229978 	0.176243 	-0.02     	0.673649
875	47    	0.275963 	0.171372 	-0.0166666	0.69353 
876	45    	0.25658  	0.163466 	-0.016    	0.615223
877	43    	0.294581 	0.152434 	-0.016    	0.615223
878	48    	0.254998 	0.198876 	-0.0200001	0.810962
879	48    	0.265216 	0.153889 	-0.0171429	0.72996 
880	48    	0.263602 	0.180303 	-0.02     	0.705921
881	43    	0.294447 	0.208622 	-0.02     	0.705921
882	46    	0.345052 	0.201679 	-0.0166666	0.83537 
883	47    	0.277689 	0.22863  	-0.02     	0.834751
884	46    	0.32237  	0.213195 	-0.0175   	0.70665 
885	46    	0.292131 	0.193599 	-0.02     	0.818054
886	46    	0.29278  	0.198168 	-0.0175   	0.818054
887	48    	0.26415  	0.191009 	-0.0175   	0.751764
888	41    	0.315131 	0.202838 	-0.02     	0.751764
889	47    	0.312765 	0.215839 	-0.0171429	0.756339
890	49    	0.274414 	0.207228 	-0.02     	0.72995 
891	48    	0.260775 	0.160901 	-0.0171429	0.650025
892	46    	0.291815 	0.17952  	-0.0175   	0.692801
893	44    	0.292729 	0.197931 	-0.0171429	0.692801
894	40    	0.313649 	0.241195 	-0.02     	0.706431
895	45    	0.306    	0.211326 	-0.02     	0.706431
896	47    	0.294722 	0.201719 	-0.018    	0.698689
897	45    	0.30809  	0.226241 	-0.018    	0.79548 
898	47    	0.32038  	0.192387 	-0.0150001	0.79548 
899	46    	0.290622 	0.170924 	-0.0175   	0.79548 
900	49    	0.29674  	0.188938 	-0.02     	0.755843
901	47    	0.318607 	0.158995 	-0.0177778	0.755843
902	48    	0.297195 	0.121819 	0.0834962 	0.740954
903	45    	0.304707 	0.129238 	0.0744859 	0.713695
904	49    	0.242096 	0.133884 	-0.0166667	0.534237
905	46    	0.274584 	0.132214 	-0.0171428	0.568405
906	44    	0.323433 	0.147881 	-0.018    	0.728881
907	46    	0.273198 	0.137576 	-0.0150003	0.728881
908	47    	0.28253  	0.133254 	-0.0175   	0.555998
909	45    	0.293597 	0.114705 	0.0883247 	0.555998
910	47    	0.280289 	0.124813 	-0.0175   	0.555998
911	45    	0.282611 	0.141996 	-0.02     	0.545321
912	48    	0.270851 	0.130025 	-0.0166666	0.545321
913	48    	0.252878 	0.153863 	-0.0183334	0.597442
914	49    	0.287992 	0.137951 	-0.0150001	0.614686
915	43    	0.28326  	0.158993 	-0.0150001	0.614686
916	45    	0.282707 	0.160101 	-0.0184615	0.614686
917	49    	0.294362 	0.119864 	0.0981097 	0.628176
918	46    	0.329049 	0.141102 	0.0922793 	0.641914
919	47    	0.313302 	0.169176 	-0.016    	0.663482
920	42    	0.343588 	0.154706 	0.0710335 	0.641914
921	46    	0.296213 	0.158516 	-0.0166667	0.852349
922	44    	0.313266 	0.175122 	0.0801181 	0.852349
923	47    	0.318422 	0.169184 	-0.0133338	0.852349
924	44    	0.339801 	0.163321 	0.149825  	0.852349
925	47    	0.276803 	0.140107 	-0.02     	0.599296
926	47    	0.297118 	0.116101 	0.0708248 	0.60651 
927	46    	0.31929  	0.139271 	0.11012   	0.786472
928	46    	0.320383 	0.141131 	0.0898065 	0.786472
929	48    	0.294853 	0.133331 	-0.016    	0.780897
930	46    	0.301335 	0.12295  	0.0420494 	0.780897
931	47    	0.282806 	0.135068 	-0.02     	0.585306
932	46    	0.290019 	0.15196  	-0.02     	0.601936
933	44    	0.24348  	0.146897 	-0.02     	0.601936
934	47    	0.288709 	0.150027 	-0.02     	0.773772
935	49    	0.260118 	0.153758 	-0.0199999	0.777592
936	48    	0.284861 	0.149934 	-0.02     	0.640362
937	48    	0.258186 	0.14642  	-0.018    	0.640362
938	44    	0.299351 	0.127188 	-0.016    	0.640362
939	49    	0.257694 	0.0852051	0.0985555 	0.466355
940	49    	0.278969 	0.100626 	-0.0171429	0.59253 
941	47    	0.269627 	0.126592 	-0.0177778	0.59253 
942	46    	0.291607 	0.108496 	0.0806273 	0.597171
943	44    	0.286339 	0.127165 	0.0594893 	0.597171
944	47    	0.268707 	0.0997622	-0.016    	0.496614
945	43    	0.30468  	0.122903 	-0.015    	0.626908
946	42    	0.322629 	0.107789 	0.0835956 	0.626908
947	48    	0.270711 	0.0998656	0.0717151 	0.496614
948	44    	0.293031 	0.120203 	-0.016    	0.579277
949	44    	0.292618 	0.100652 	0.07533   	0.496614
950	42    	0.246552 	0.288136 	-1        	0.679821
951	48    	0.265906 	0.111863 	-0.00889147	0.496614
952	43    	0.296339 	0.104694 	0.0483311  	0.496614
953	43    	0.273498 	0.119341 	-0.0133334 	0.496614
954	42    	0.301814 	0.113769 	0.0723321  	0.521653
955	45    	0.304988 	0.12693  	0.0494585  	0.605256
956	47    	0.260559 	0.147214 	-0.0177778 	0.605256
957	48    	0.23209  	0.111873 	-0.02      	0.531141
958	46    	0.264211 	0.124502 	-0.02      	0.531141
959	44    	0.262324 	0.126733 	-0.02      	0.588483
960	45    	0.269956 	0.134052 	-0.02      	0.588483
961	47    	0.299319 	0.105766 	0.112232   	0.54491 
962	43    	0.28729  	0.147645 	-0.0166666 	0.553152
963	44    	0.285109 	0.138738 	-0.0160001 	0.597955
964	46    	0.249377 	0.168507 	-0.0171429 	0.677441
965	46    	0.269249 	0.140464 	-0.018     	0.509779
966	47    	0.243325 	0.128687 	-0.0166667 	0.509779
967	45    	0.276142 	0.13675  	-0.02      	0.558787
968	45    	0.241505 	0.165183 	-0.0175    	0.595023
969	47    	0.241538 	0.186142 	-0.0200001 	0.726519
970	43    	0.308786 	0.170275 	-0.02      	0.613717
971	47    	0.271241 	0.158673 	-0.02      	0.613717
972	45    	0.314678 	0.168891 	-0.016     	0.665338
973	46    	0.277496 	0.15799  	-0.016     	0.649698
974	41    	0.317756 	0.20316  	-0.0181818 	0.649698
975	48    	0.27458  	0.168915 	-0.0177778 	0.649698
976	45    	0.259453 	0.171266 	-0.02      	0.611528
977	43    	0.298449 	0.153763 	0.0826672  	0.614343
978	45    	0.29062  	0.159559 	-0.0171429 	0.706046
979	46    	0.284389 	0.182742 	-0.02      	0.706046
980	45    	0.279903 	0.199178 	-0.02      	0.72995 
981	46    	0.305602 	0.198849 	-0.018     	0.72995 
982	47    	0.270505 	0.194998 	-0.02      	0.72995 
983	49    	0.231499 	0.183623 	-0.02      	0.72995 
984	48    	0.237419 	0.146351 	-0.0171428 	0.706596
985	45    	0.275711 	0.182377 	-0.02      	0.706431
986	48    	0.236832 	0.182658 	-0.02      	0.706431
987	43    	0.252298 	0.215492 	-0.0175    	0.706431
988	44    	0.291114 	0.194152 	-0.0166667 	0.706431
989	44    	0.223659 	0.186318 	-0.0177777 	0.706431
990	40    	0.28381  	0.214235 	-0.02      	0.706431
991	47    	0.297539 	0.22342  	-0.016     	0.706431
992	47    	0.277077 	0.193569 	-0.0166666 	0.706431
993	39    	0.393368 	0.218757 	-0.0166667 	0.706431
994	49    	0.211721 	0.185554 	-0.0171429 	0.706419
995	42    	0.278536 	0.232184 	-0.02      	0.706431
996	48    	0.200809 	0.183029 	-0.02      	0.706431
997	43    	0.239887 	0.165402 	-0.0171429 	0.70633 
998	43    	0.269968 	0.199763 	-0.0171429 	0.70633 
999	49    	0.254135 	0.19642  	-0.0200001 	0.693441
1000	47    	0.229797 	0.183959 	-0.0177777 	0.693124
