Argument values: path=C:\Users\1625203\Downloads\Framsticks50rc22\Framsticks50rc22, lib=None, sim=eval-allcriteria.sim;deterministic.sim;sample-period-2.sim;f9-mut-020.sim, genformat=None, initialgenotype=/*9*/BLU, opt=vertpos, popsize=50, generations=1000, tournament=10, pmut=0.9, pxov=0.2, hof_size=1, hof_savefile=None, max_numparts=30, max_numjoints=None, max_numneurons=None, max_numconnections=None, max_numgenochars=50
Using Framsticks version: 5.0rc22
Home (writable) dir     : C:\Users\1625203\Downloads\Framsticks50rc22\Framsticks50rc22\data
Resources dir           : C:\Users\1625203\Downloads\Framsticks50rc22\Framsticks50rc22\data

Available objects: ['CheckpointEvent', 'Collision', 'CrCollision', 'Creature', 'CreatureSettings', 'CreatureSignals', 'CreatureSnapshot', 'Dictionary', 'ExpProperties', 'ExpState', 'ExtValue', 'File', 'FunctionReference', 'GenMan', 'GenManStats', 'GenePool', 'GenePools', 'Geno', 'Genotype', 'Interface', 'Joint', 'Loader', 'Math', 'MechJoint', 'MechPart', 'MessageCatcher', 'Model', 'ModelGeometry', 'ModelSymmetry', 'Neuro', 'NeuroClass', 'NeuroClassLibrary', 'NeuroDef', 'NeuroSignals', 'NeuronsSimEnabled', 'ODE', 'Orient', 'Part', 'Population', 'Populations', 'Ref', 'Signal', 'SignalView', 'SimilMeasure', 'SimilMeasureDistribution', 'SimilMeasureGreedy', 'SimilMeasureHungarian', 'Simulator', 'SlaveSimulators', 'StopEvent', 'String', 'UserScripts', 'Vector', 'WireframeAppearance', 'World', 'WorldMap', 'WorldSignals', 'XYZ', '__builtins__', '__cached__', '__doc__', '__file__', '__loader__', '__name__', '__package__', '__spec__', 'c_api', 'ctypes', 'home_dir', 'init', 'os', 're', 'res_dir', 'sim_params', 'stats', 'sys']

Performing a basic test 1/2... OK.
Performing a basic test 2/2... OK.
Using settings: ['eval-allcriteria.sim', 'deterministic.sim', 'sample-period-2.sim', 'f9-mut-020.sim']
gen	nevals	avg     	stddev	min     	max     
0  	50    	0.218369	0     	0.218369	0.218369
1  	44    	0.0859832	0.115587	-0.016  	0.306831
2  	44    	0.0764359	0.119549	-0.016  	0.404919
3  	47    	0.132233 	0.121217	-0.0166667	0.412604
4  	49    	0.135136 	0.12866 	-0.02     	0.427978
5  	47    	0.223415 	0.160495	-0.0171429	0.585556
6  	45    	0.24206  	0.180502	-0.0225   	0.585556
7  	47    	0.279745 	0.204223	-0.02     	0.813417
8  	44    	0.266605 	0.202818	-0.02     	0.724258
9  	47    	0.257225 	0.204334	-0.0171429	0.724258
10 	45    	0.310567 	0.228149	-0.0199999	0.724258
11 	42    	0.408763 	0.233402	-0.0175   	0.750186
12 	46    	0.34447  	0.255124	-0.0175   	0.841221
13 	46    	0.291905 	0.230051	-0.0175   	0.841221
14 	47    	0.312882 	0.233263	-0.0171429	0.841221
15 	46    	0.368534 	0.245846	-0.0174999	0.841221
16 	50    	0.330386 	0.229119	-0.02     	0.84088 
17 	45    	0.378753 	0.245411	-0.0159999	0.84088 
18 	44    	0.380897 	0.242675	-0.0177777	0.84088 
19 	45    	0.342108 	0.222764	-0.018    	0.84088 
20 	44    	0.416127 	0.212045	-0.0171429	0.84088 
21 	43    	0.361798 	0.238336	-0.0174996	0.84088 
22 	43    	0.404389 	0.224376	-0.0171428	0.84088 
23 	49    	0.295916 	0.228701	-0.0175   	0.84088 
24 	43    	0.400409 	0.242371	-0.02     	0.84088 
25 	41    	0.444726 	0.262197	-0.017143 	0.84088 
26 	49    	0.340114 	0.235418	-0.0174999	0.756654
27 	46    	0.355428 	0.209078	-0.0171428	0.756654
28 	44    	0.377692 	0.240194	-0.0166666	0.774329
29 	48    	0.379488 	0.21266 	-0.0133332	0.851088
30 	49    	0.349492 	0.214246	-0.0177778	0.851088
31 	41    	0.403299 	0.201387	-0.0160001	0.851088
32 	49    	0.322302 	0.184749	-0.018    	0.732745
33 	48    	0.279988 	0.200373	-0.0171429	0.743324
34 	47    	0.301511 	0.175327	-0.0166667	0.743324
35 	46    	0.355423 	0.177088	0.0991865 	0.713241
36 	47    	0.325433 	0.156757	-0.0133334	0.647044
37 	46    	0.323824 	0.183343	-0.0166565	0.732772
38 	45    	0.309814 	0.197616	-0.02     	0.732772
39 	44    	0.345382 	0.213859	-0.016    	0.756488
40 	48    	0.316972 	0.220999	-0.0171428	0.84088 
41 	43    	0.373414 	0.258143	-0.02     	0.84088 
42 	46    	0.30548  	0.224842	-0.0183333	0.753135
43 	44    	0.402194 	0.204328	-0.0166667	0.751876
44 	46    	0.374356 	0.220226	-0.0175   	0.730993
45 	47    	0.304551 	0.197926	-0.0199999	0.724258
46 	49    	0.350749 	0.210666	-0.0175   	0.732505
47 	46    	0.347248 	0.235315	-0.018    	0.732772
48 	46    	0.310707 	0.240296	-0.02     	0.732772
49 	45    	0.335789 	0.258355	-0.02     	0.73028 
50 	49    	0.308413 	0.241272	-0.0175   	0.819969
51 	44    	0.339104 	0.224655	-0.0171428	0.819969
52 	48    	0.352859 	0.257896	-0.0175   	0.819969
53 	47    	0.304926 	0.240753	-0.0200001	0.819969
54 	47    	0.300359 	0.221517	-0.0175   	0.818806
55 	47    	0.338769 	0.23948 	-0.0175   	0.819969
56 	42    	0.318839 	0.24165 	-0.0175   	0.819969
57 	48    	0.296059 	0.214022	-0.0166667	0.831654
58 	46    	0.30542  	0.249977	-0.02     	0.831654
59 	44    	0.290192 	0.246515	-0.02     	0.835049
60 	44    	0.264394 	0.264955	-0.02     	0.835049
61 	46    	0.299415 	0.273128	-0.02     	0.831654
62 	47    	0.340042 	0.276504	-0.0175   	0.832826
63 	48    	0.300285 	0.26621 	-0.02     	0.831654
64 	43    	0.313942 	0.238717	-0.016    	0.829897
65 	46    	0.318097 	0.235326	-0.0175   	0.734639
66 	47    	0.285765 	0.208321	-0.0175   	0.83182 
67 	46    	0.276292 	0.191726	-0.0171429	0.83182 
68 	44    	0.318949 	0.228361	-0.0171428	0.83182 
69 	48    	0.275595 	0.1999  	-0.02     	0.819317
70 	45    	0.319158 	0.196812	-0.02     	0.819317
71 	48    	0.36616  	0.237995	-0.0175   	0.844005
72 	44    	0.334273 	0.271763	-0.0177777	0.844005
73 	47    	0.270146 	0.192469	-0.0171428	0.844005
74 	39    	0.324337 	0.198145	-0.0171429	0.844005
75 	48    	0.342468 	0.198803	-0.016    	0.841612
76 	45    	0.327321 	0.223264	-0.0166667	0.841612
77 	44    	0.336211 	0.230277	-0.0181818	0.841612
78 	49    	0.340474 	0.198662	0.109858  	0.844005
79 	46    	0.305594 	0.210483	-0.0171428	0.844005
80 	47    	0.311432 	0.188695	-0.0175   	0.841612
81 	47    	0.2753   	0.171573	-0.02     	0.609941
82 	44    	0.309054 	0.173943	-0.016    	0.609941
83 	47    	0.318998 	0.192102	-0.0200001	0.702675
84 	43    	0.355109 	0.197545	-0.02     	0.726864
85 	43    	0.32028  	0.235705	-0.02     	0.797884
86 	44    	0.352343 	0.2491  	-0.02     	0.797884
87 	45    	0.31126  	0.226179	-0.0171429	0.797884
88 	48    	0.264421 	0.181147	-0.02     	0.707494
89 	44    	0.305575 	0.203413	-0.0166668	0.703738
90 	48    	0.345709 	0.189471	-0.0177778	0.706157
91 	47    	0.326766 	0.181148	-0.015    	0.706324
92 	49    	0.28794  	0.206596	-0.0166667	0.732503
93 	46    	0.303969 	0.216444	-0.02     	0.730732
94 	48    	0.291041 	0.230812	-0.02     	0.807297
95 	48    	0.334646 	0.233076	-0.018    	0.807297
96 	46    	0.36864  	0.261148	-0.02     	0.812825
97 	45    	0.248221 	0.221036	-0.0171429	0.807297
98 	46    	0.285516 	0.23721 	-0.02     	0.815882
99 	47    	0.340887 	0.230656	-0.0171429	0.832057
100	48    	0.301106 	0.218994	-0.0171428	0.832057
101	49    	0.284303 	0.168935	-0.0171429	0.832057
102	47    	0.264065 	0.184135	-0.02     	0.702349
103	46    	0.279677 	0.185655	-0.0171429	0.702349
104	42    	0.312822 	0.209343	-0.018    	0.706014
105	45    	0.282339 	0.236003	-0.0200001	0.811247
106	46    	0.314196 	0.241266	-0.0199999	0.813756
107	44    	0.257265 	0.253338	-0.0175   	0.812825
108	47    	0.236976 	0.197545	-0.0166667	0.576681
109	43    	0.305778 	0.176595	-0.02     	0.576681
110	47    	0.331252 	0.194947	-0.02     	0.812825
111	44    	0.355062 	0.214016	-0.0166666	0.812825
112	48    	0.26788  	0.234802	-0.0166667	0.812977
113	46    	0.335268 	0.248274	-0.0166667	0.812977
114	47    	0.232255 	0.243383	-0.0177778	0.812977
115	49    	0.201089 	0.219319	-0.0171428	0.72962 
116	45    	0.264495 	0.199275	-0.0174999	0.812825
117	49    	0.253908 	0.201935	-0.02     	0.812825
118	46    	0.261145 	0.189085	-0.0177777	0.706014
119	49    	0.304079 	0.213701	-0.0166667	0.859145
120	47    	0.288396 	0.249596	-0.0175   	0.859145
121	45    	0.348537 	0.215382	-0.0166666	0.859145
122	42    	0.361788 	0.232565	-0.02     	0.859145
123	46    	0.325085 	0.211511	-0.0171428	0.859145
124	44    	0.303308 	0.248953	-0.02     	0.859145
125	45    	0.306521 	0.218931	-0.0200001	0.803492
126	47    	0.297765 	0.245527	-0.0200001	0.833493
127	45    	0.334436 	0.266978	-0.02     	0.833493
128	46    	0.387284 	0.24028 	-0.0171429	0.83537 
129	44    	0.356783 	0.253213	-0.0177778	0.83537 
130	49    	0.244567 	0.216837	-0.02     	0.719365
131	41    	0.362569 	0.226222	-0.0199999	0.726745
132	45    	0.332621 	0.213831	-0.02     	0.728529
133	46    	0.321451 	0.226507	-0.02     	0.816954
134	47    	0.359195 	0.230534	-0.0175   	0.858763
135	43    	0.326596 	0.237111	-0.0177778	0.858763
136	44    	0.33744  	0.212113	-0.0177778	0.858763
137	45    	0.329965 	0.221537	-0.0171429	0.858763
138	42    	0.355045 	0.204913	-0.01     	0.743619
139	46    	0.309371 	0.192189	-0.0166667	0.746802
140	48    	0.31265  	0.171154	-0.0171428	0.750904
141	44    	0.316934 	0.173108	-0.016    	0.750904
142	46    	0.318475 	0.193214	-0.0171429	0.785501
143	46    	0.277885 	0.197547	-0.02     	0.813525
144	47    	0.342346 	0.19179 	-0.0171428	0.817286
145	47    	0.346236 	0.220196	-0.0200001	0.817286
146	45    	0.287564 	0.229858	-0.0200001	0.730613
147	48    	0.262436 	0.1939  	-0.0233333	0.717534
148	44    	0.282683 	0.174319	-0.0175   	0.717534
149	42    	0.297537 	0.199144	-0.0175   	0.811246
150	48    	0.265155 	0.17113 	-0.0171429	0.811246
151	45    	0.339576 	0.187976	-0.02     	0.811246
152	46    	0.341853 	0.192903	-0.0133333	0.811246
153	46    	0.31647  	0.209517	-0.02     	0.811246
154	48    	0.293436 	0.18806 	-0.02     	0.811246
155	47    	0.312961 	0.17546 	-0.0166667	0.693092
156	44    	0.311833 	0.231274	-0.02     	0.811246
157	46    	0.296462 	0.203949	-0.02     	0.811246
158	44    	0.299201 	0.237911	-0.02     	0.811246
159	46    	0.309481 	0.235532	-0.0175   	0.730303
160	45    	0.357674 	0.234449	-0.0177778	0.730303
161	46    	0.324535 	0.226925	-0.0175001	0.730303
162	44    	0.351899 	0.214454	-0.0185714	0.730303
163	45    	0.353622 	0.214597	-0.0179999	0.730303
164	41    	0.398832 	0.232965	-0.015    	0.800245
165	46    	0.266412 	0.233937	-0.0175001	0.754309
166	45    	0.320858 	0.224762	-0.0175001	0.754309
167	42    	0.350487 	0.21891 	-0.0175   	0.756572
168	45    	0.381767 	0.193865	0.097693  	0.756572
169	44    	0.350685 	0.240049	-0.0150003	0.756572
170	49    	0.330932 	0.229056	-0.0177777	0.826319
171	47    	0.357209 	0.232654	-0.0175   	0.826319
172	47    	0.320592 	0.245152	-0.0199999	0.83112 
173	45    	0.367839 	0.221615	-0.0177778	0.826319
174	48    	0.323419 	0.228773	-0.02     	0.835026
175	47    	0.327356 	0.210398	-0.0177778	0.835026
176	46    	0.326901 	0.21937 	-0.0177778	0.835026
177	45    	0.330471 	0.221912	-0.0175   	0.835026
178	46    	0.281882 	0.243457	-0.0175002	0.835026
179	50    	0.300341 	0.229843	-0.02     	0.835026
180	49    	0.316365 	0.221583	-0.0175001	0.835026
181	47    	0.303381 	0.183462	-0.02     	0.683769
182	46    	0.306965 	0.19584 	-0.0177778	0.68203 
183	49    	0.330825 	0.21567 	-0.0181819	0.753832
184	46    	0.352875 	0.225393	-0.0175   	0.725741
185	48    	0.353843 	0.181306	-0.0166667	0.717897
186	48    	0.332998 	0.196489	-0.02     	0.692801
187	43    	0.364405 	0.221325	-0.0171427	0.702748
188	44    	0.36624  	0.228959	-0.0171429	0.730197
189	47    	0.316425 	0.216472	-0.02     	0.736017
190	49    	0.336191 	0.220996	-0.0174999	0.854524
191	45    	0.293355 	0.207136	-0.02     	0.854524
192	47    	0.32383  	0.175187	-0.0181818	0.731273
193	47    	0.284451 	0.217118	-0.02     	0.731273
194	45    	0.312621 	0.230182	-0.02     	0.70665 
195	46    	0.274036 	0.211763	-0.02     	0.70665 
196	49    	0.278686 	0.166157	-0.02     	0.646845
197	47    	0.261439 	0.191665	-0.0171429	0.70665 
198	44    	0.326725 	0.193584	-0.0200001	0.706515
199	45    	0.337857 	0.240784	-0.0166667	0.745125
200	45    	0.280182 	0.221992	-0.02     	0.745125
201	47    	0.288692 	0.182028	-0.0149999	0.745125
202	49    	0.236212 	0.155298	-0.0175   	0.633334
203	40    	0.311821 	0.188529	-0.0166667	0.65639 
204	41    	0.340596 	0.191037	-0.0175   	0.677139
205	47    	0.301599 	0.18691 	-0.0171427	0.72996 
206	47    	0.308896 	0.204321	-0.0171429	0.703307
207	47    	0.352933 	0.189084	0.0857829 	0.706349
208	46    	0.284771 	0.195236	-0.0166667	0.707426
209	46    	0.24535  	0.211976	-0.02     	0.707426
210	46    	0.279914 	0.198928	-0.0171429	0.817345
211	45    	0.261319 	0.211011	-0.02     	0.817345
212	49    	0.241682 	0.181101	-0.02     	0.817345
213	48    	0.24766  	0.153241	-0.0171428	0.817345
214	47    	0.267349 	0.1035  	0.0866357 	0.56427 
215	45    	0.287339 	0.128337	-0.015    	0.56427 
216	46    	0.288136 	0.123439	-0.02     	0.56427 
217	42    	0.317218 	0.141057	-0.0133333	0.56427 
218	46    	0.268612 	0.140691	-0.02     	0.56427 
219	49    	0.270821 	0.12422 	-0.0175   	0.60348 
220	45    	0.310823 	0.138485	-0.0171428	0.837372
221	47    	0.30509  	0.1596  	-0.018    	0.843923
222	45    	0.284449 	0.171808	-0.02     	0.843923
223	47    	0.263987 	0.190267	-0.0199999	0.843923
224	42    	0.294744 	0.205974	-0.018    	0.837866
225	44    	0.331842 	0.207404	-0.0171429	0.837866
226	44    	0.318789 	0.218081	-0.0166668	0.842736
227	42    	0.359402 	0.228128	-0.02     	0.813563
228	45    	0.304441 	0.201684	-0.0166667	0.813563
229	41    	0.371582 	0.202473	0.126534  	0.813563
230	47    	0.272068 	0.15942 	-0.02     	0.813563
231	43    	0.323243 	0.179953	-0.0171427	0.813563
232	48    	0.282123 	0.199548	-0.0200001	0.813563
233	47    	0.289076 	0.159238	-0.016    	0.813563
234	45    	0.280793 	0.180557	-0.02     	0.813563
235	47    	0.296176 	0.15055 	-0.02     	0.695764
236	44    	0.318055 	0.189025	-0.0171429	0.809127
237	48    	0.262975 	0.178761	-0.02     	0.736288
238	46    	0.318551 	0.163176	-0.0177778	0.809129
239	49    	0.250413 	0.139721	-0.018    	0.695764
240	47    	0.259478 	0.121473	-0.0150001	0.612879
241	43    	0.320398 	0.145839	0.0826096 	0.612879
242	45    	0.322294 	0.140899	-0.0175   	0.612879
243	45    	0.29057  	0.153398	-0.0175   	0.669323
244	48    	0.324257 	0.161956	0.063759  	0.668632
245	47    	0.364345 	0.12257 	0.114107  	0.668632
246	44    	0.316244 	0.237154	-1        	0.641747
247	43    	0.367574 	0.177208	-0.0166666	0.660144
248	43    	0.40382  	0.159565	0.0746309 	0.752269
249	46    	0.355006 	0.172979	-0.0177778	0.664635
250	44    	0.342883 	0.201288	-0.015    	0.864404
251	44    	0.351275 	0.212359	-0.02     	0.864404
252	48    	0.348379 	0.188233	-0.0171429	0.864404
253	41    	0.375029 	0.195677	-0.0133334	0.864404
254	46    	0.383232 	0.19693 	-0.0149999	0.805539
255	47    	0.359296 	0.175709	-0.0150001	0.805539
256	47    	0.366739 	0.218394	-0.02     	0.805897
257	48    	0.388388 	0.209046	-0.015    	0.9052  
258	45    	0.379265 	0.196608	0.0835856 	0.805897
259	48    	0.369851 	0.203324	-0.0200001	0.805897
260	41    	0.456233 	0.24815 	-0.0150001	0.805897
261	48    	0.365809 	0.219297	0.089906  	0.890954
262	47    	0.373689 	0.211466	-0.0159999	0.805897
263	46    	0.34157  	0.189968	-0.0166667	0.805897
264	48    	0.327281 	0.199443	-0.0166666	0.890954
265	48    	0.39276  	0.166954	0.0590866 	0.666632
266	49    	0.369578 	0.180998	0.0781116 	0.724226
267	46    	0.334304 	0.193696	-0.01     	0.724367
268	45    	0.335745 	0.190385	-0.02     	0.724226
269	48    	0.334903 	0.200127	-0.0133334	0.724226
270	47    	0.33179  	0.186374	-0.0177779	0.723486
271	46    	0.318234 	0.180333	0.0593146 	0.713021
272	45    	0.37504  	0.209297	-0.0175001	0.713021
273	43    	0.341937 	0.20852 	-0.0171429	0.713021
274	46    	0.377349 	0.22005 	-0.0199999	0.744065
275	47    	0.291362 	0.204113	-0.018    	0.744065
276	45    	0.322302 	0.20617 	-0.0175   	0.744065
277	44    	0.283368 	0.230723	-0.0177778	0.744065
278	45    	0.268886 	0.204699	-0.0171429	0.744065
279	46    	0.277756 	0.187803	-0.0175   	0.706107
280	44    	0.28484  	0.215386	-0.0171429	0.706107
281	48    	0.340162 	0.224062	-0.0175   	0.70647 
282	42    	0.347734 	0.241389	-0.0166666	0.726645
283	45    	0.326857 	0.237975	-0.02     	0.726645
284	48    	0.255804 	0.221219	-0.0171428	0.712972
285	45    	0.331496 	0.222742	-0.02     	0.703177
286	43    	0.364869 	0.240586	-0.02     	0.70665 
287	45    	0.334924 	0.24    	-0.02     	0.731344
288	45    	0.325314 	0.238961	-0.02     	0.731524
289	44    	0.328045 	0.236769	-0.0175   	0.731524
290	47    	0.31992  	0.223541	-0.02     	0.730872
291	46    	0.295605 	0.245613	-0.0177778	0.731304
292	43    	0.304494 	0.231789	-0.0171429	0.737683
293	48    	0.287089 	0.221988	-0.0175   	0.749031
294	49    	0.286685 	0.188183	-0.0171428	0.730872
295	48    	0.319877 	0.243343	-0.02     	0.731296
296	47    	0.31551  	0.218545	-0.0200001	0.730872
297	49    	0.29843  	0.204657	-0.0171429	0.729998
298	47    	0.307401 	0.205709	-0.0175   	0.83112 
299	49    	0.267279 	0.227464	-0.02     	0.83112 
300	46    	0.308527 	0.223   	-0.0177778	0.730872
301	42    	0.322988 	0.226516	-0.0175   	0.730872
302	46    	0.289041 	0.239605	-0.0175   	0.730872
303	50    	0.327831 	0.233467	-0.0175   	0.83112 
304	46    	0.360087 	0.225876	-0.0171428	0.83112 
305	49    	0.30794  	0.248705	-0.0199999	0.730872
306	49    	0.307196 	0.23526 	-0.02     	0.73105 
307	49    	0.299416 	0.214149	-0.02     	0.729979
308	49    	0.259203 	0.20003 	-0.0177778	0.725427
309	48    	0.318893 	0.226383	-0.02     	0.834751
310	46    	0.320164 	0.211966	-0.0171428	0.834751
311	45    	0.294199 	0.243668	-0.02     	0.834751
312	45    	0.324317 	0.238491	-0.0199999	0.731104
313	47    	0.327877 	0.231216	-0.018    	0.731104
314	47    	0.296814 	0.239214	-0.02     	0.72995 
315	49    	0.294575 	0.224032	-0.02     	0.726745
316	47    	0.316516 	0.187516	-0.016    	0.731104
317	44    	0.283013 	0.257205	-0.0200001	0.729613
318	49    	0.344415 	0.195945	-0.016    	0.729613
319	45    	0.384149 	0.233636	-0.02     	0.726699
320	46    	0.243212 	0.237063	-0.02     	0.706285
321	44    	0.274974 	0.230331	-0.0180001	0.706419
322	46    	0.313138 	0.229683	-0.0175   	0.731172
323	49    	0.274897 	0.198868	-0.0171429	0.725831
324	47    	0.288287 	0.208921	-0.02     	0.725831
325	49    	0.295126 	0.188522	-0.0177778	0.831427
326	47    	0.303826 	0.178264	-0.01     	0.716547
327	45    	0.299904 	0.192317	-0.0175001	0.716547
328	46    	0.296844 	0.165922	-0.016    	0.826918
329	42    	0.357277 	0.21178 	-0.0166667	0.826918
330	50    	0.351755 	0.209396	-0.01     	0.82704 
331	43    	0.344993 	0.230901	-0.0171429	0.84034 
332	47    	0.290805 	0.189273	-0.0175001	0.832435
333	44    	0.304152 	0.206957	-0.02     	0.832435
334	46    	0.322973 	0.219118	-0.0171429	0.840104
335	45    	0.340441 	0.194752	-0.0166667	0.832435
336	48    	0.259328 	0.222347	-0.0200001	0.832435
337	47    	0.302569 	0.186845	-0.018    	0.732489
338	44    	0.335513 	0.20048 	-0.0177778	0.819317
339	47    	0.270334 	0.225397	-0.02     	0.813708
340	47    	0.301173 	0.205391	-0.0166666	0.813708
341	44    	0.262901 	0.234771	-0.0171412	0.813708
342	43    	0.35696  	0.255119	-0.0171428	0.819969
343	47    	0.28269  	0.254899	-0.0166668	0.819458
344	47    	0.316151 	0.270229	-0.0166666	0.813708
345	44    	0.277614 	0.277772	-0.0200001	0.813708
346	46    	0.290047 	0.232586	-0.0171429	0.813756
347	50    	0.18412  	0.211545	-0.0175   	0.813708
348	45    	0.266355 	0.209013	-0.02     	0.813708
349	44    	0.228263 	0.204439	-0.02     	0.813708
350	48    	0.259615 	0.196265	-0.0175001	0.811247
351	48    	0.237463 	0.198539	-0.02     	0.706012
352	47    	0.284521 	0.210297	-0.0171429	0.705842
353	44    	0.363002 	0.217929	-0.0171429	0.705828
354	46    	0.331149 	0.235641	-0.0175   	0.811247
355	44    	0.355035 	0.250699	-0.02     	0.812083
356	47    	0.321516 	0.222179	-0.0175   	0.812083
357	49    	0.222713 	0.193355	-0.0175   	0.812083
358	44    	0.277956 	0.229913	-0.0171429	0.812083
359	38    	0.35049  	0.260225	-0.02     	0.812083
360	44    	0.264552 	0.257444	-0.017143 	0.812083
361	47    	0.265497 	0.241957	-0.0171412	0.813756
362	45    	0.26518  	0.209811	-0.0175   	0.813756
363	43    	0.270972 	0.213152	-0.0171429	0.813756
364	48    	0.280402 	0.225741	-0.0166667	0.819969
365	43    	0.3226   	0.243341	-0.02     	0.813756
366	46    	0.236511 	0.207451	-0.0166667	0.813756
367	45    	0.291575 	0.208267	-0.0175001	0.813756
368	46    	0.244021 	0.19214 	-0.02     	0.728534
369	47    	0.287051 	0.144127	-0.0175001	0.581188
370	46    	0.243158 	0.18003 	-0.0177778	0.581188
371	47    	0.2733   	0.184188	-0.0171429	0.686837
372	45    	0.308101 	0.205375	-0.0175   	0.686837
373	44    	0.347452 	0.217536	-0.0166667	0.705857
374	47    	0.324349 	0.223295	-0.02     	0.812083
375	48    	0.21911  	0.206344	-0.02     	0.812977
376	45    	0.249782 	0.202977	-0.0181818	0.812977
377	43    	0.344252 	0.186469	-0.0166652	0.812083
378	47    	0.270839 	0.210095	-0.0174999	0.812083
379	47    	0.245861 	0.210332	-0.0177777	0.812083
380	44    	0.278853 	0.244177	-0.0175   	0.813708
381	47    	0.283844 	0.233511	-0.0171429	0.705828
382	46    	0.325791 	0.246675	-0.017143 	0.813756
383	46    	0.312854 	0.252444	-0.0171429	0.813756
384	48    	0.239226 	0.223103	-0.0166667	0.813756
385	44    	0.259587 	0.226125	-0.0171428	0.813756
386	43    	0.236044 	0.263191	-0.0171429	0.813756
387	45    	0.271611 	0.260771	-0.0166667	0.813756
388	47    	0.244554 	0.237997	-0.0175   	0.813756
389	48    	0.268116 	0.208423	-0.0171428	0.813756
390	48    	0.250308 	0.194614	-0.0171429	0.819403
391	49    	0.281984 	0.237687	-0.02     	0.807297
392	45    	0.324315 	0.205011	-0.02     	0.713339
393	45    	0.385886 	0.211954	-0.0171429	0.813708
394	45    	0.293731 	0.235371	-0.0199999	0.813708
395	46    	0.204889 	0.22348 	-0.02     	0.812977
396	48    	0.224876 	0.191079	-0.0166667	0.812977
397	47    	0.294672 	0.213766	-0.0160001	0.816601
398	43    	0.322759 	0.259133	-0.0166667	0.816601
399	48    	0.24232  	0.23003 	-0.02     	0.812977
400	46    	0.296337 	0.236039	-0.0171429	0.812977
401	43    	0.279208 	0.251672	-0.0200001	0.812977
402	47    	0.259966 	0.194043	-0.0166667	0.812977
403	41    	0.279591 	0.246386	-0.0171429	0.812977
404	45    	0.281986 	0.262933	-0.0166667	0.812977
405	45    	0.26357  	0.268215	-0.0171428	0.812977
406	44    	0.245298 	0.25426 	-0.0175   	0.812977
407	45    	0.318664 	0.266114	-0.0166667	0.812977
408	47    	0.281714 	0.270472	-0.0166667	0.812977
409	47    	0.249878 	0.244432	-0.02     	0.813756
410	45    	0.302645 	0.267396	-0.0166667	0.813756
411	47    	0.224299 	0.229213	-0.0171429	0.812083
412	46    	0.293915 	0.215418	-0.02     	0.812825
413	46    	0.31372  	0.257185	-0.02     	0.812308
414	45    	0.325283 	0.251138	-0.018    	0.812308
415	45    	0.302279 	0.239499	-0.02     	0.812083
416	46    	0.290548 	0.235159	-0.0175   	0.812083
417	49    	0.318362 	0.201087	-0.02     	0.818826
418	48    	0.303222 	0.246621	-0.02     	0.812083
419	43    	0.402521 	0.265062	-0.0171428	0.818806
420	47    	0.349886 	0.284895	-0.0166667	0.818826
421	46    	0.319964 	0.25773 	-0.0166667	0.818826
422	47    	0.307329 	0.227516	-0.0171428	0.812083
423	50    	0.274526 	0.191333	-0.02     	0.812825
424	44    	0.318271 	0.221278	-0.0175001	0.705171
425	47    	0.341102 	0.20379 	-0.018    	0.812308
426	46    	0.305249 	0.236029	-0.0166667	0.812308
427	47    	0.319912 	0.232666	-0.0175   	0.812308
428	45    	0.300531 	0.238953	-0.02     	0.812308
429	44    	0.339965 	0.275508	-0.0175   	0.812308
430	45    	0.356236 	0.249355	-0.0171428	0.812308
431	49    	0.332267 	0.223329	-0.0166667	0.812083
432	45    	0.338311 	0.228976	-0.0181819	0.812083
433	41    	0.329245 	0.241009	-0.0174999	0.812977
434	46    	0.308784 	0.233576	-0.02     	0.812977
435	46    	0.303619 	0.254448	-0.0171429	0.812977
436	44    	0.272008 	0.246705	-0.02     	0.812977
437	46    	0.246207 	0.223139	-0.02     	0.812977
438	43    	0.288942 	0.269698	-0.0175001	0.812977
439	46    	0.269942 	0.238413	-0.0175   	0.812977
440	48    	0.265948 	0.220108	-0.02     	0.812977
441	43    	0.337692 	0.260549	-0.0171429	0.812977
442	49    	0.200108 	0.224897	-0.02     	0.812977
443	42    	0.320597 	0.226428	-0.017143 	0.812977
444	47    	0.282073 	0.246359	-0.0171429	0.812308
445	49    	0.283943 	0.197633	-0.0200001	0.702995
446	47    	0.299024 	0.232272	-0.0177778	0.844005
447	50    	0.259506 	0.182515	-0.02     	0.841612
448	46    	0.288003 	0.207458	-0.0175   	0.844005
449	47    	0.310964 	0.197095	-0.015    	0.841612
450	48    	0.289633 	0.196585	-0.0175   	0.728219
451	46    	0.303622 	0.210628	-0.0177778	0.806129
452	47    	0.253784 	0.176   	-0.017143 	0.669431
453	46    	0.273916 	0.182846	-0.0171428	0.67193 
454	42    	0.317041 	0.188837	-0.0177778	0.727539
455	47    	0.353839 	0.212533	-0.0175   	0.727539
456	49    	0.238963 	0.181394	-0.0175   	0.657099
457	47    	0.306077 	0.188606	-0.0166667	0.841737
458	47    	0.30842  	0.204265	-0.0171429	0.841737
459	46    	0.358027 	0.231142	-0.02     	0.865647
460	48    	0.290454 	0.215433	-0.0171428	0.866382
461	46    	0.337208 	0.216043	-0.0166667	0.811247
462	49    	0.301631 	0.235959	-0.02     	0.813708
463	46    	0.272244 	0.223863	-0.0175   	0.811247
464	50    	0.232974 	0.199997	-0.02     	0.703466
465	44    	0.292134 	0.198107	-0.0171429	0.703466
466	44    	0.341613 	0.22381 	-0.0175001	0.706026
467	46    	0.30285  	0.2282  	-0.02     	0.812977
468	48    	0.262169 	0.196415	-0.02     	0.706026
469	49    	0.277586 	0.232478	-0.02     	0.813756
470	48    	0.299465 	0.231058	-0.0166667	0.813756
471	48    	0.281311 	0.225138	-0.0174999	0.813756
472	48    	0.283468 	0.23758 	-0.0175   	0.813708
473	46    	0.27866  	0.236029	-0.0175   	0.813708
474	47    	0.258332 	0.18369 	-0.0166667	0.813708
475	50    	0.270458 	0.203544	-0.0175   	0.802666
476	47    	0.285941 	0.217801	-0.0175   	0.805245
477	47    	0.312116 	0.228199	-0.0166666	0.802666
478	48    	0.303041 	0.21768 	-0.02     	0.802666
479	45    	0.343688 	0.236183	-0.0171429	0.812159
480	49    	0.261439 	0.235474	-0.02     	0.812308
481	46    	0.328039 	0.242687	-0.0171429	0.812977
482	42    	0.335208 	0.267856	-0.0166667	0.812977
483	45    	0.263017 	0.25002 	-0.02     	0.812977
484	46    	0.248426 	0.243825	-0.0166667	0.812977
485	48    	0.215401 	0.177949	-0.0171429	0.812977
486	45    	0.266286 	0.21875 	-0.02     	0.812977
487	47    	0.245309 	0.232187	-0.0177778	0.812977
488	48    	0.266481 	0.225303	-0.0166667	0.812977
489	47    	0.234558 	0.221835	-0.0177778	0.812825
490	45    	0.292775 	0.238506	-0.0175   	0.812434
491	44    	0.273431 	0.259493	-0.0171428	0.812434
492	45    	0.287842 	0.242392	-0.0199999	0.85618 
493	47    	0.281744 	0.227791	-0.02     	0.85618 
494	47    	0.323877 	0.200298	-0.015    	0.812825
495	46    	0.31178  	0.199012	-0.0166667	0.812825
496	41    	0.324981 	0.239879	-0.0166667	0.812825
497	44    	0.241818 	0.256692	-0.0166667	0.812977
498	41    	0.255569 	0.280986	-0.0175   	0.812977
499	46    	0.20945  	0.234424	-0.0166667	0.812977
500	46    	0.224897 	0.203654	-0.0166667	0.812977
501	47    	0.180327 	0.184827	-0.0171429	0.812977
502	49    	0.20269  	0.178704	-0.0171429	0.812308
503	46    	0.224118 	0.19607 	-0.02     	0.812308
504	48    	0.26483  	0.173141	-0.016    	0.694701
505	44    	0.256101 	0.226896	-0.0171429	0.694701
506	46    	0.311666 	0.225176	-0.0171429	0.813981
507	47    	0.287911 	0.258112	-0.0174999	0.813981
508	40    	0.295454 	0.300776	-0.02     	0.813708
509	49    	0.272155 	0.22789 	-0.0166667	0.812977
510	49    	0.234069 	0.237545	-0.02     	0.812977
511	43    	0.25281  	0.244081	-0.0166667	0.812977
512	45    	0.308014 	0.27267 	-0.0166667	0.812977
513	48    	0.23043  	0.226283	-0.0166667	0.812977
514	45    	0.262397 	0.239672	-0.0166667	0.812977
515	44    	0.246388 	0.243922	-0.0171429	0.813756
516	42    	0.30078  	0.260947	-0.0171429	0.813756
517	49    	0.236987 	0.228458	-0.0166667	0.813756
518	44    	0.320703 	0.245593	-0.0171429	0.863828
519	47    	0.278545 	0.220307	-0.0171429	0.863828
520	46    	0.356731 	0.191259	-0.0175   	0.771575
521	46    	0.364385 	0.231197	-0.0171429	0.771575
522	47    	0.297741 	0.226495	-0.02     	0.843584
523	47    	0.316771 	0.212261	-0.0175   	0.843584
524	49    	0.313381 	0.180557	-0.0171428	0.819969
525	44    	0.365962 	0.224269	-0.02     	0.819969
526	48    	0.294655 	0.217505	-0.0175   	0.819969
527	48    	0.27236  	0.171168	-0.0166667	0.706012
528	47    	0.334119 	0.179874	-0.0177778	0.706012
529	41    	0.349389 	0.23878 	-0.0171429	0.850967
530	48    	0.292394 	0.243796	-0.0171429	0.813756
531	49    	0.275326 	0.215318	-0.0171429	0.813708
532	45    	0.347646 	0.252566	-0.0171429	0.818806
533	47    	0.253669 	0.232733	-0.018    	0.813708
534	46    	0.290116 	0.230124	-0.0171429	0.813708
535	46    	0.310437 	0.248409	-0.0171428	0.813708
536	44    	0.281556 	0.258369	-0.0171428	0.813756
537	47    	0.204196 	0.194001	-0.0171428	0.732138
538	45    	0.273819 	0.209458	-0.02     	0.732138
539	44    	0.321218 	0.205769	-0.0171429	0.732138
540	45    	0.318644 	0.217062	-0.0171429	0.732138
541	49    	0.286838 	0.20658 	-0.0175001	0.732138
542	44    	0.327977 	0.209702	-0.0166667	0.811396
543	47    	0.242301 	0.20847 	-0.0175   	0.732138
544	48    	0.281041 	0.186898	-0.0175   	0.732138
545	48    	0.295339 	0.195911	-0.0177778	0.812308
546	48    	0.293312 	0.221588	-0.0177778	0.812308
547	48    	0.271757 	0.229077	-0.0175   	0.724562
548	45    	0.344194 	0.22621 	-0.0177778	0.732214
549	49    	0.309383 	0.214759	-0.0171429	0.834856
550	42    	0.377916 	0.269527	-0.0177778	0.887982
551	48    	0.310505 	0.226315	-0.0166667	0.887982
552	45    	0.292412 	0.237191	-0.02     	0.887982
553	44    	0.382596 	0.245832	-0.02     	0.887982
554	44    	0.405702 	0.270466	-0.02     	0.887982
555	46    	0.390066 	0.258877	-0.0175   	0.90629 
556	45    	0.386808 	0.267678	-0.02     	0.90629 
557	49    	0.281909 	0.221842	-0.0175   	0.811695
558	43    	0.358291 	0.253339	-0.02     	0.811695
559	46    	0.353371 	0.241638	-0.0177778	0.833485
560	46    	0.285438 	0.224525	-0.0200001	0.811695
561	47    	0.403206 	0.21981 	-0.0159999	0.811695
562	47    	0.340945 	0.2468  	-0.0199999	0.898394
563	46    	0.306058 	0.239243	-0.0177777	0.898394
564	46    	0.360454 	0.252697	-0.02     	0.898394
565	48    	0.354386 	0.261725	-0.02     	0.898394
566	49    	0.297656 	0.211801	-0.0200001	0.898394
567	46    	0.37577  	0.200368	0.0686056 	0.898394
568	43    	0.381611 	0.286145	-0.02     	0.898394
569	49    	0.344322 	0.247039	-0.0175   	0.898394
570	48    	0.338863 	0.217179	-0.018    	0.801839
571	47    	0.381046 	0.212318	-0.0177778	0.889952
572	46    	0.375605 	0.23998 	0.0533047 	0.898394
573	45    	0.366867 	0.271508	-0.02     	0.809301
574	49    	0.373953 	0.224962	-0.0150001	0.809468
575	43    	0.373449 	0.245516	-0.0159976	0.812021
576	46    	0.392602 	0.244741	-0.02     	0.889952
577	46    	0.422846 	0.241606	-0.0199999	0.889952
578	43    	0.464929 	0.269103	-0.0160001	0.889952
579	44    	0.411673 	0.267526	-0.0171428	0.889952
580	49    	0.380577 	0.262634	-0.0160001	0.889952
581	47    	0.399087 	0.222273	-0.016    	0.814851
582	46    	0.402189 	0.237067	-0.015    	0.822047
583	46    	0.403681 	0.199131	0.093912  	0.822047
584	45    	0.398547 	0.205099	0.0515803 	0.822047
585	43    	0.354575 	0.232031	-0.02     	0.760164
586	47    	0.382722 	0.240812	-0.0159893	0.846557
587	47    	0.44318  	0.243271	0.0663447 	0.851439
588	48    	0.451017 	0.200089	0.0588276 	0.901798
589	49    	0.340878 	0.224416	-0.0166667	0.901798
590	46    	0.342906 	0.249644	-0.0177778	0.901837
591	46    	0.367646 	0.233777	-0.016    	0.901798
592	48    	0.416946 	0.258494	0.0749242 	0.937316
593	49    	0.335256 	0.237445	-0.0180001	0.982967
594	44    	0.368265 	0.285813	-0.0183334	0.982967
595	45    	0.362217 	0.248926	-0.02     	0.982967
596	48    	0.369717 	0.245127	0.066161  	0.982967
597	47    	0.322711 	0.236409	-0.0150001	0.982967
598	48    	0.302965 	0.185059	-0.02     	0.982967
599	48    	0.321949 	0.180093	-0.0216667	0.854421
600	46    	0.280033 	0.190314	-0.02     	0.854421
601	47    	0.340677 	0.168691	-0.0159999	0.854421
602	46    	0.363065 	0.178548	0.077344  	0.854421
603	48    	0.310267 	0.153956	-0.0166667	0.854421
604	48    	0.311516 	0.137658	0.0954552 	0.664493
605	46    	0.338009 	0.155771	-0.0133334	0.664493
606	47    	0.339088 	0.181216	-0.0171429	0.77344 
607	47    	0.336706 	0.158239	-0.016    	0.700679
608	48    	0.343603 	0.165012	0.0992292 	0.700679
609	46    	0.340567 	0.158535	-0.01     	0.700679
610	48    	0.311177 	0.178387	-0.0166667	0.720053
611	41    	0.379615 	0.19567 	0.10465   	0.766796
612	47    	0.272282 	0.210956	-0.0181818	0.766796
613	47    	0.334544 	0.187379	-0.0175   	0.73105 
614	49    	0.247269 	0.186688	-0.02     	0.650663
615	46    	0.334416 	0.190851	-0.0177778	0.73105 
616	47    	0.323891 	0.186026	-0.02     	0.730155
617	47    	0.272543 	0.216143	-0.0200001	0.730155
618	46    	0.306614 	0.207633	-0.02     	0.706637
619	46    	0.273265 	0.20246 	-0.0177778	0.706419
620	44    	0.300088 	0.227861	-0.0177778	0.706431
621	47    	0.256697 	0.250576	-0.0171429	0.706431
622	47    	0.340132 	0.232093	-0.0171429	0.706431
623	46    	0.288083 	0.23944 	-0.0200001	0.706431
624	46    	0.228617 	0.233038	-0.02     	0.706431
625	48    	0.213808 	0.20181 	-0.02     	0.706431
626	48    	0.218623 	0.215415	-0.02     	0.706431
627	45    	0.299211 	0.201158	-0.02     	0.706431
628	48    	0.236387 	0.228687	-0.0171429	0.70647 
629	44    	0.264009 	0.2044  	-0.0166668	0.698473
630	47    	0.321275 	0.181865	-0.0171427	0.706431
631	46    	0.304173 	0.18867 	-0.0166667	0.706431
632	46    	0.331602 	0.20416 	-0.0166667	0.729998
633	45    	0.360662 	0.220126	-0.0171428	0.706285
634	43    	0.318912 	0.227289	-0.0171428	0.730832
635	46    	0.272503 	0.206114	-0.02     	0.729998
636	46    	0.282432 	0.227162	-0.02     	0.729998
637	48    	0.343582 	0.206714	-0.0171429	0.729998
638	48    	0.227448 	0.232012	-0.018    	0.730348
639	48    	0.311818 	0.219288	-0.0175   	0.776532
640	45    	0.308235 	0.22256 	-0.02     	0.776532
641	42    	0.372049 	0.227281	-0.0200001	0.776532
642	46    	0.312587 	0.196927	-0.0200001	0.733306
643	48    	0.251163 	0.178767	-0.0177778	0.702748
644	46    	0.302212 	0.179741	-0.0175   	0.730348
645	46    	0.297622 	0.193039	-0.0171429	0.730348
646	43    	0.326452 	0.224849	-0.02     	0.730832
647	48    	0.307991 	0.243947	-0.0175   	0.83112 
648	45    	0.364533 	0.22024 	-0.0175   	0.730348
649	48    	0.321773 	0.217363	-0.0200001	0.83112 
650	50    	0.26067  	0.178072	-0.0171429	0.730348
651	48    	0.312439 	0.197565	-0.0171428	0.83112 
652	42    	0.285257 	0.213046	-0.0175001	0.83112 
653	45    	0.306202 	0.20666 	-0.0175   	0.83112 
654	44    	0.330745 	0.215613	-0.0171416	0.83112 
655	49    	0.331317 	0.222441	-0.016    	0.83112 
656	42    	0.346968 	0.248983	-0.0175001	0.83112 
657	45    	0.327293 	0.245022	-0.02     	0.83112 
658	47    	0.313968 	0.220448	-0.0199999	0.706637
659	48    	0.323612 	0.196554	-0.0171428	0.702292
660	44    	0.295434 	0.21174 	-0.0175   	0.702292
661	47    	0.247971 	0.207458	-0.02     	0.702748
662	48    	0.312651 	0.176061	-0.015    	0.692801
663	47    	0.346965 	0.225478	-0.0174992	0.799778
664	45    	0.284306 	0.231128	-0.02     	0.720414
665	46    	0.330665 	0.203727	-0.015    	0.720414
666	48    	0.309209 	0.242823	-0.0171429	0.888513
667	46    	0.349069 	0.221624	-0.0166667	0.888513
668	46    	0.3423   	0.237269	-0.0175   	0.888513
669	46    	0.356188 	0.208658	-0.0171429	0.802707
670	45    	0.333036 	0.220864	-0.0171429	0.802707
671	46    	0.329465 	0.207918	-0.02     	0.802707
672	47    	0.324349 	0.199045	-0.02     	0.742495
673	46    	0.390575 	0.183208	0.0727383 	0.742495
674	43    	0.338913 	0.196837	-0.0177778	0.742495
675	46    	0.317862 	0.226922	-0.02     	0.790244
676	46    	0.346332 	0.209822	-0.0199999	0.790244
677	49    	0.313386 	0.195176	-0.0171429	0.803492
678	44    	0.327797 	0.230721	-0.0171429	0.811247
679	47    	0.255937 	0.225386	-0.0200001	0.818826
680	45    	0.353555 	0.246544	-0.0159976	0.818826
681	47    	0.353826 	0.235782	-0.0166667	0.818826
682	45    	0.303832 	0.258221	-0.0171429	0.818826
683	46    	0.270209 	0.244957	-0.0175   	0.818826
684	49    	0.289176 	0.231907	-0.0175   	0.726308
685	48    	0.270177 	0.217476	-0.0175   	0.812825
686	44    	0.299525 	0.25564 	-0.0166667	0.812825
687	48    	0.275826 	0.22973 	-0.0171428	0.812083
688	47    	0.261383 	0.221858	-0.02     	0.812083
689	48    	0.263168 	0.228016	-0.0166667	0.812083
690	47    	0.316491 	0.207142	-0.016    	0.812308
691	46    	0.291806 	0.233151	-0.02     	0.812308
692	46    	0.312635 	0.212547	-0.02     	0.819317
693	48    	0.333879 	0.212314	-0.0175   	0.813756
694	47    	0.28938  	0.212895	-0.0175   	0.732974
695	44    	0.338515 	0.228946	-0.0175   	0.706312
696	45    	0.325341 	0.232153	-0.0171429	0.706312
697	45    	0.347701 	0.218516	-0.02     	0.706312
698	46    	0.348017 	0.255782	-0.0175   	0.813756
699	48    	0.29649  	0.224275	-0.017143 	0.70503 
700	47    	0.317013 	0.219196	-0.0171429	0.705022
701	47    	0.315393 	0.220398	-0.0174999	0.813756
702	47    	0.358514 	0.214317	-0.0160001	0.813756
703	47    	0.318443 	0.252394	-0.0181818	0.811396
704	44    	0.31912  	0.245226	-0.0177778	0.811396
705	43    	0.42242  	0.236814	-0.0166667	0.813756
706	45    	0.309627 	0.275171	-0.02     	0.813756
707	44    	0.327699 	0.271836	-0.0181818	0.813756
708	46    	0.331087 	0.244077	-0.0200001	0.732974
709	47    	0.300405 	0.218626	-0.02     	0.732974
710	45    	0.28808  	0.227736	-0.0175001	0.732974
711	47    	0.280199 	0.234238	-0.0171429	0.812825
712	46    	0.290538 	0.243563	-0.0175   	0.812825
713	50    	0.275043 	0.247516	-0.018    	0.818826
714	48    	0.304793 	0.262802	-0.0166667	0.813756
715	45    	0.280349 	0.234045	-0.0179998	0.811247
716	48    	0.285974 	0.24287 	-0.0175001	0.705828
717	49    	0.300068 	0.222145	-0.02     	0.818826
718	44    	0.334773 	0.222085	-0.0166667	0.705123
719	49    	0.24543  	0.217614	-0.02     	0.818826
720	47    	0.321684 	0.243292	-0.0175   	0.818826
721	45    	0.325673 	0.231334	-0.02     	0.811247
722	45    	0.31851  	0.25418 	-0.02     	0.818826
723	47    	0.286975 	0.208357	-0.0166667	0.732772
724	40    	0.345176 	0.224108	-0.0199999	0.803492
725	44    	0.331529 	0.23876 	-0.02     	0.803492
726	44    	0.31051  	0.249431	-0.02     	0.803492
727	46    	0.294125 	0.258722	-0.0199998	0.803492
728	44    	0.328863 	0.237828	-0.0175   	0.802666
729	48    	0.386101 	0.249782	-0.0177778	0.805075
730	45    	0.333293 	0.292758	-0.02     	0.811247
731	45    	0.268146 	0.245792	-0.02     	0.811247
732	46    	0.284252 	0.280679	-0.02     	0.805075
733	48    	0.22008  	0.217288	-0.0225   	0.804635
734	46    	0.253899 	0.211763	-0.02     	0.804635
735	42    	0.285807 	0.269374	-0.0200001	0.804635
736	45    	0.289667 	0.237772	-0.02     	0.804635
737	42    	0.311047 	0.261531	-0.02     	0.804635
738	45    	0.346873 	0.272227	-0.0175   	0.811247
739	48    	0.213255 	0.202199	-0.02     	0.804635
740	46    	0.255057 	0.179253	-0.02     	0.812977
741	43    	0.348143 	0.249082	-0.02     	0.812977
742	50    	0.235777 	0.212539	-0.0166667	0.819969
743	49    	0.256278 	0.195955	-0.0166667	0.819969
744	45    	0.337671 	0.235791	-0.02     	0.73483 
745	47    	0.258043 	0.197944	-0.02     	0.706026
746	47    	0.294243 	0.183262	-0.0171429	0.706026
747	45    	0.298281 	0.170901	-0.0166667	0.692977
748	44    	0.301291 	0.196976	-0.02     	0.692977
749	47    	0.294107 	0.20811 	-0.0175   	0.69333 
750	49    	0.296532 	0.195143	-0.02     	0.697561
751	45    	0.280163 	0.212353	-0.0177778	0.697561
752	46    	0.384105 	0.235149	-0.0175   	0.812825
753	48    	0.329445 	0.24211 	-0.02     	0.809777
754	48    	0.341116 	0.214947	-0.0177778	0.705842
755	48    	0.294995 	0.214762	-0.0177777	0.812308
756	47    	0.270019 	0.177948	-0.0171429	0.697561
757	47    	0.293413 	0.19761 	-0.0175   	0.698961
758	46    	0.357676 	0.221636	-0.02     	0.733997
759	45    	0.362398 	0.247522	-0.02     	0.818826
760	44    	0.358978 	0.2303  	-0.0171429	0.818826
761	45    	0.345966 	0.199918	-0.0166667	0.818826
762	45    	0.308661 	0.219749	-0.0171428	0.818826
763	48    	0.262444 	0.202866	-0.02     	0.728583
764	45    	0.288751 	0.209874	-0.0171429	0.728583
765	48    	0.278416 	0.172917	-0.0177778	0.686312
766	44    	0.319413 	0.189231	-0.0171429	0.705842
767	41    	0.357116 	0.227215	-0.02     	0.705842
768	46    	0.328883 	0.215345	-0.02     	0.818826
769	44    	0.304944 	0.219888	-0.02     	0.818826
770	46    	0.29798  	0.219925	-0.0171428	0.713717
771	44    	0.33044  	0.238247	-0.02     	0.827724
772	46    	0.352859 	0.222551	-0.02     	0.734625
773	46    	0.342928 	0.230652	-0.0177778	0.734625
774	44    	0.345522 	0.223746	-0.0171429	0.827724
775	49    	0.26704  	0.241463	-0.0200001	0.739988
776	42    	0.364946 	0.226847	-0.0175   	0.730039
777	45    	0.370934 	0.230408	-0.02     	0.743966
778	48    	0.286135 	0.198748	-0.02     	0.734406
779	44    	0.362856 	0.200244	0.0817036 	0.729862
780	47    	0.351675 	0.196379	-0.0199999	0.746604
781	47    	0.323029 	0.211843	-0.0171429	0.827724
782	47    	0.347102 	0.202897	-0.0175001	0.827724
783	45    	0.336085 	0.19969 	-0.02     	0.732579
784	45    	0.324244 	0.216299	-0.02     	0.751779
785	48    	0.254863 	0.191553	-0.02     	0.732579
786	46    	0.297571 	0.182906	-0.0166665	0.732381
787	47    	0.324846 	0.219152	-0.017143 	0.732381
788	47    	0.319053 	0.212977	-0.0174999	0.732381
789	48    	0.262417 	0.178631	-0.02     	0.704779
790	47    	0.299224 	0.199372	-0.02     	0.812825
791	45    	0.277459 	0.223828	-0.0200001	0.812825
792	46    	0.30504  	0.234332	-0.02     	0.812825
793	47    	0.295925 	0.254183	-0.017143 	0.812825
794	46    	0.280142 	0.28031 	-0.0171429	0.812977
795	45    	0.293432 	0.24339 	-0.0166667	0.813756
796	46    	0.206904 	0.248827	-0.02     	0.812977
797	45    	0.305037 	0.242499	-0.0166667	0.812977
798	48    	0.251436 	0.275154	-0.0171429	0.812977
799	43    	0.28695  	0.26867 	-0.0166667	0.812977
800	42    	0.30214  	0.263802	-0.0166667	0.812977
801	48    	0.285839 	0.225787	-0.0166667	0.812977
802	42    	0.318576 	0.278756	-0.0166667	0.812977
803	48    	0.245463 	0.226992	-0.02     	0.812977
804	50    	0.184046 	0.213473	-0.0171429	0.811247
805	46    	0.271771 	0.239845	-0.0166667	0.811396
806	49    	0.300649 	0.223601	-0.02     	0.811396
807	44    	0.316114 	0.242958	-0.0171429	0.811396
808	46    	0.323713 	0.214718	-0.0171428	0.811396
809	46    	0.326884 	0.223755	-0.0175   	0.812308
810	44    	0.332241 	0.235865	-0.0175   	0.812308
811	44    	0.308899 	0.265893	-0.0177778	0.819317
812	49    	0.281474 	0.219525	-0.0166667	0.810578
813	45    	0.315706 	0.223598	-0.0177778	0.811247
814	46    	0.272134 	0.218401	-0.02     	0.732661
815	42    	0.317622 	0.229753	-0.02     	0.732661
816	43    	0.326399 	0.240389	-0.0175   	0.732661
817	48    	0.26623  	0.219111	-0.0171429	0.729582
818	47    	0.329295 	0.212019	-0.02     	0.729582
819	45    	0.287615 	0.19818 	-0.02     	0.695321
820	47    	0.347023 	0.201824	-0.0174999	0.813417
821	48    	0.304444 	0.213037	-0.0166666	0.811396
822	46    	0.319081 	0.242183	-0.0171429	0.819458
823	45    	0.348019 	0.251509	-0.02     	0.811396
824	46    	0.305689 	0.232183	-0.0166665	0.811396
825	48    	0.300931 	0.252589	-0.017143 	0.813756
826	46    	0.34363  	0.25535 	-0.02     	0.813756
827	46    	0.308605 	0.212568	-0.0200001	0.813756
828	46    	0.321521 	0.284284	-0.0171428	0.813756
829	47    	0.259914 	0.25517 	-0.0171429	0.811396
830	48    	0.243001 	0.231463	-0.0175   	0.706026
831	48    	0.257566 	0.227141	-0.02     	0.706026
832	46    	0.276133 	0.223384	-0.0166666	0.812308
833	40    	0.316784 	0.269712	-0.0171429	0.812308
834	44    	0.351693 	0.266517	-0.0166667	0.812308
835	44    	0.260743 	0.264805	-0.0171428	0.812308
836	47    	0.320089 	0.232191	-0.02     	0.812825
837	44    	0.237001 	0.238272	-0.0166666	0.812308
838	45    	0.24112  	0.246761	-0.0171429	0.812825
839	47    	0.257692 	0.245036	-0.0166667	0.812308
840	49    	0.246042 	0.226134	-0.0166667	0.812977
841	45    	0.226217 	0.226069	-0.02     	0.812977
842	49    	0.220708 	0.145479	-0.0175   	0.514281
843	45    	0.253223 	0.17911 	-0.0166667	0.706026
844	44    	0.243233 	0.180197	-0.02     	0.581188
845	44    	0.250844 	0.18739 	-0.0166667	0.582266
846	47    	0.226896 	0.153717	-0.0171428	0.582319
847	47    	0.199375 	0.184786	-0.02     	0.812977
848	47    	0.302034 	0.179271	-0.0166652	0.813708
849	48    	0.191902 	0.205438	-0.0199999	0.813708
850	45    	0.266438 	0.222548	-0.02     	0.813708
851	47    	0.264714 	0.18363 	-0.0166667	0.813708
852	45    	0.311893 	0.204009	-0.015    	0.813708
853	46    	0.276581 	0.218026	-0.0171429	0.813708
854	46    	0.326279 	0.198479	-0.0177778	0.813708
855	46    	0.286326 	0.206018	-0.0199999	0.813708
856	44    	0.30057  	0.200723	-0.0166667	0.819334
857	47    	0.301497 	0.207004	-0.0175   	0.705169
858	46    	0.30881  	0.187664	-0.0177778	0.702687
859	47    	0.308422 	0.190761	-0.016    	0.861755
860	45    	0.292802 	0.217901	-0.0175   	0.860746
861	46    	0.366466 	0.271977	-0.0171428	0.962294
862	46    	0.334975 	0.24549 	-0.02     	0.865732
863	46    	0.343679 	0.269564	-0.0171429	0.865732
864	49    	0.245883 	0.183648	-0.02     	0.86621 
865	48    	0.278706 	0.20749 	-0.02     	0.774417
866	47    	0.308877 	0.199543	-0.0160001	0.865692
867	47    	0.358732 	0.210632	-0.018    	0.865692
868	50    	0.337244 	0.219162	-0.0133333	0.873609
869	46    	0.383807 	0.247617	0.0617714 	1.01788 
870	45    	0.328561 	0.236479	-0.015    	1.01788 
871	47    	0.351278 	0.243738	-0.02     	1.01788 
872	46    	0.34625  	0.22485 	-0.02     	1.01788 
873	47    	0.362687 	0.190136	0.08323   	1.01788 
874	38    	0.410132 	0.253086	-0.0228571	1.01788 
875	45    	0.321744 	0.211908	-0.0133338	1.01788 
876	45    	0.347766 	0.203982	0.0860889 	1.01788 
877	44    	0.363986 	0.2395  	-0.015    	0.862967
878	43    	0.376602 	0.259772	-0.02     	0.862967
879	45    	0.423279 	0.264347	0.0742977 	0.961956
880	46    	0.388914 	0.220316	0.112644  	0.862967
881	46    	0.348124 	0.260453	-0.0175   	0.961803
882	45    	0.347828 	0.231504	-0.0177777	0.862967
883	46    	0.33893  	0.236683	-0.02     	0.862967
884	45    	0.364084 	0.222867	-0.0181819	0.862967
885	43    	0.366741 	0.269195	-0.02     	0.862967
886	46    	0.455645 	0.247197	-0.0171429	0.919724
887	49    	0.361693 	0.209267	0.0530639 	0.917109
888	47    	0.354928 	0.223495	-0.0166667	0.917109
889	46    	0.369074 	0.200738	-0.02     	0.865032
890	50    	0.331652 	0.176163	-0.0171429	0.70555 
891	48    	0.352054 	0.175112	0.0646629 	0.705971
892	47    	0.334352 	0.194267	-0.0166666	0.753411
893	49    	0.31426  	0.186245	-0.02     	0.70555 
894	45    	0.32916  	0.200966	-0.016    	0.789023
895	42    	0.374922 	0.220051	-0.0166666	0.858485
896	44    	0.392568 	0.231855	0.0613866 	0.864961
897	48    	0.312617 	0.182462	-0.0166666	0.789023
898	48    	0.305225 	0.178128	-0.016    	0.865769
899	48    	0.315403 	0.14721 	-0.01     	0.713717
900	45    	0.311687 	0.177122	-0.0149999	0.713717
901	47    	0.308045 	0.148091	-0.018    	0.713717
902	46    	0.343949 	0.182574	-0.02     	0.713717
903	47    	0.288387 	0.172908	-0.0175   	0.682515
904	46    	0.311117 	0.182805	-0.02     	0.676145
905	42    	0.399569 	0.21725 	-0.01     	1.01237 
906	47    	0.334736 	0.197938	0.0865553 	1.01237 
907	48    	0.326205 	0.19772 	-0.01     	1.01237 
908	45    	0.365806 	0.208939	0.0812237 	1.01237 
909	41    	0.393531 	0.229399	-0.0175002	1.01237 
910	44    	0.406395 	0.242199	0.0994271 	1.01237 
911	46    	0.326688 	0.211956	-0.0150001	1.01237 
912	46    	0.361037 	0.251485	0.0756241 	1.01237 
913	44    	0.408342 	0.249669	0.0756873 	1.01237 
914	46    	0.315517 	0.219899	-0.02     	1.01237 
915	43    	0.354483 	0.226288	0.0671303 	1.01237 
916	47    	0.324212 	0.196413	0.115777  	1.01237 
917	47    	0.314651 	0.206123	-0.02     	1.01237 
918	44    	0.325497 	0.190723	-0.0166652	0.825243
919	45    	0.396463 	0.198151	0.115794  	0.898412
920	48    	0.361403 	0.182433	0.112246  	0.829526
921	48    	0.327756 	0.184181	0.0633797 	0.90788 
922	47    	0.320267 	0.192978	-0.0177778	0.90788 
923	44    	0.325394 	0.196887	-0.0150002	0.90788 
924	49    	0.28751  	0.137896	-0.02     	0.703367
925	44    	0.289612 	0.146102	-0.015    	0.709539
926	48    	0.312771 	0.152909	-0.0180001	0.709539
927	50    	0.294087 	0.119568	0.0417648 	0.594219
928	48    	0.312967 	0.13966 	-0.0171429	0.709539
929	44    	0.335621 	0.12182 	0.117003  	0.591491
930	40    	0.33266  	0.150384	-0.01     	0.591491
931	44    	0.350224 	0.128467	0.11238   	0.591491
932	46    	0.331499 	0.139514	0.114695  	0.734512
933	45    	0.30122  	0.154399	-0.0166667	0.618078
934	46    	0.363611 	0.154892	0.0592046 	0.678031
935	45    	0.326908 	0.15858 	0.0775126 	0.678364
936	48    	0.296557 	0.162178	0.0371484 	0.754879
937	46    	0.304523 	0.153982	-0.0166667	0.644665
938	46    	0.348565 	0.160801	0.0988072 	0.784859
939	48    	0.297974 	0.162436	-0.0175001	0.784859
940	50    	0.315752 	0.140112	-0.0171429	0.870859
941	45    	0.368839 	0.159373	-0.0160001	0.870859
942	49    	0.325659 	0.173949	0.0780779 	0.888995
943	45    	0.348524 	0.167384	0.0631665 	0.888995
944	47    	0.352305 	0.196281	-0.0150001	0.888995
945	46    	0.38105  	0.172069	0.122208  	0.888995
946	46    	0.354334 	0.178849	-0.015    	0.888995
947	47    	0.359621 	0.161625	0.113783  	0.888995
948	44    	0.350369 	0.213577	-0.02     	0.888995
949	47    	0.350077 	0.152702	0.0981979 	0.86585 
950	42    	0.427866 	0.182289	-0.0160002	0.86585 
951	46    	0.380788 	0.202929	0.0704312 	0.86585 
952	48    	0.374232 	0.174128	0.0858253 	0.86585 
953	47    	0.373616 	0.189622	0.11704   	0.86585 
954	45    	0.363379 	0.19936 	0.0417776 	0.86585 
955	45    	0.401086 	0.159109	0.147193  	0.86585 
956	48    	0.368735 	0.162965	0.104368  	0.743667
957	45    	0.340258 	0.165923	0.0830197 	0.728237
958	45    	0.370864 	0.181198	0.0991884 	0.749684
959	44    	0.362776 	0.173155	-0.0175   	0.749684
960	44    	0.354706 	0.161925	0.15264   	0.749684
961	43    	0.397239 	0.182895	0.116429  	0.867787
962	46    	0.383354 	0.197846	0.0315105 	0.867787
963	45    	0.37478  	0.175861	0.0965589 	0.749337
964	44    	0.369462 	0.165558	0.0871544 	0.785745
965	48    	0.381133 	0.161503	0.103488  	0.788087
966	45    	0.369509 	0.157005	0.139896  	0.788087
967	49    	0.358708 	0.150888	0.14877   	0.842612
968	47    	0.325866 	0.168864	-0.016    	0.793926
969	46    	0.37212  	0.156858	0.139328  	0.793926
970	45    	0.353048 	0.195108	-0.01     	0.867106
971	43    	0.328288 	0.221289	-0.0175001	0.867106
972	47    	0.298291 	0.165453	-0.0177778	0.866092
973	48    	0.323188 	0.145712	-0.015    	0.72659 
974	47    	0.345803 	0.13759 	0.0669687 	0.632644
975	42    	0.365909 	0.153383	0.103683  	0.747163
976	44    	0.381073 	0.14584 	0.144863  	0.724279
977	48    	0.347877 	0.182548	-0.0199999	0.738159
978	44    	0.407125 	0.167587	0.174658  	0.738159
979	49    	0.355633 	0.156211	-0.0171428	0.779605
980	49    	0.340721 	0.155681	0.0580403 	0.669984
981	49    	0.311598 	0.225524	-1        	0.669984
982	42    	0.358644 	0.149735	0.0632514 	0.669984
983	44    	0.36564  	0.139109	0.128422  	0.669984
984	45    	0.312682 	0.240798	-1        	0.724564
985	48    	0.351785 	0.145927	0.125726  	0.785981
986	44    	0.412702 	0.186576	0.0562655 	0.785981
987	45    	0.407857 	0.198114	0.0730714 	0.774798
988	44    	0.36869  	0.181632	0.139406  	0.86182 
989	43    	0.351217 	0.181424	-0.015    	0.752635
990	45    	0.339404 	0.164441	0.0961877 	0.752635
991	43    	0.354367 	0.193515	-0.0175   	0.752635
992	45    	0.356045 	0.187526	-0.016    	0.730883
993	50    	0.336439 	0.142981	0.11162   	0.806782
994	46    	0.385705 	0.172905	0.109105  	0.729401
995	47    	0.316761 	0.20184 	-0.0166667	0.734044
996	43    	0.307372 	0.213033	-0.0166668	0.734044
997	48    	0.309585 	0.21174 	-0.0200001	0.813708
998	47    	0.313324 	0.219037	-0.0171428	0.813708
999	48    	0.242544 	0.203724	-0.0175   	0.705984
1000	47    	0.269696 	0.194985	-0.0199999	0.813708
Best individuals:
(1.0178761149995028,) 	-->	 /*9*/LRRFLBUUUUF
VMNeuronManager.autoload: Neuro classes added: Delay Light Nn PIDP PIDV SeeLight SeeLight2 S0 S1 Thr 
UserScripts.autoload: 19 user scripts added.
Simulator.load: Loading from 'eval-allcriteria.sim'
Loader.load: Comments read from file follow:
Loader.load:  Sample settings for evaluating many criteria of performance of a Framsticks creature.
Loader.load:  See the "evalcount" parameter if you want to speed the evaluation up or have a more stable result.
Loader.load:  Other important parameters are "Energy0" and "perfperiod".
Loader.load:  Put this file in the "data" subdirectory within the Framsticks distribution.
Simulator.load: Settings loaded from 'eval-allcriteria.sim'
Simulator.load: Loading from 'deterministic.sim'
Loader.load: Comments read from file follow:
Loader.load:  Parameter values that make the evaluation of a Framsticks creature deterministic.
Loader.load:  The values turn off random noise, so evaluation of the same genotype will always yield the same performance.
Loader.load:  The advantage is that you do not need to evaluate a genotype many times, and performance values are reliable.
Loader.load:  The disadvantage is that evolved creatures are "overfitting", i.e. rely entirely on the specific environment,
Loader.load:  and their behavior may be different in any other environment or (even slightly) changed conditions or parameter values,
Loader.load:  so each creature evolved using these settings must be later inspected using exactly the same setup.
Loader.load: 
Loader.load:  Before loading this file, load base settings, e.g. "eval-allcriteria.sim".
Loader.load:  Put this file in the "data" subdirectory within the Framsticks distribution.
Simulator.load: Settings loaded from 'deterministic.sim'
Simulator.load: Loading from 'sample-period-2.sim'
Loader.load: Comments read from file follow:
Loader.load:  Very low "performance sampling period" in the first population to sample performance very often during lifespan
Loader.load:  and avoid overlooking some behavior. Averaged performance of sampled values is returned as the final value.
Loader.load:  See http://www.framsticks.com/a/al_params.html#exper-perfcalc
Loader.load: 
Loader.load:  Before loading this file, load base settings, e.g. "eval-allcriteria.sim".
Loader.load:  Put this file in the "data" subdirectory within the Framsticks distribution.
Simulator.load: Loading from 'f9-mut-020.sim'
Simulator.load: Settings loaded from 'f9-mut-020.sim'
