Argument values: path=C:\Users\1625203\Downloads\Framsticks50rc22\Framsticks50rc22, lib=None, sim=eval-allcriteria.sim;deterministic.sim;sample-period-2.sim;f9-mut-050.sim, genformat=None, initialgenotype=/*9*/BLU, opt=vertpos, popsize=50, generations=1000, tournament=10, pmut=0.9, pxov=0.2, hof_size=1, hof_savefile=None, max_numparts=30, max_numjoints=None, max_numneurons=None, max_numconnections=None, max_numgenochars=50
Using Framsticks version: 5.0rc22
Home (writable) dir     : C:\Users\1625203\Downloads\Framsticks50rc22\Framsticks50rc22\data
Resources dir           : C:\Users\1625203\Downloads\Framsticks50rc22\Framsticks50rc22\data

Available objects: ['CheckpointEvent', 'Collision', 'CrCollision', 'Creature', 'CreatureSettings', 'CreatureSignals', 'CreatureSnapshot', 'Dictionary', 'ExpProperties', 'ExpState', 'ExtValue', 'File', 'FunctionReference', 'GenMan', 'GenManStats', 'GenePool', 'GenePools', 'Geno', 'Genotype', 'Interface', 'Joint', 'Loader', 'Math', 'MechJoint', 'MechPart', 'MessageCatcher', 'Model', 'ModelGeometry', 'ModelSymmetry', 'Neuro', 'NeuroClass', 'NeuroClassLibrary', 'NeuroDef', 'NeuroSignals', 'NeuronsSimEnabled', 'ODE', 'Orient', 'Part', 'Population', 'Populations', 'Ref', 'Signal', 'SignalView', 'SimilMeasure', 'SimilMeasureDistribution', 'SimilMeasureGreedy', 'SimilMeasureHungarian', 'Simulator', 'SlaveSimulators', 'StopEvent', 'String', 'UserScripts', 'Vector', 'WireframeAppearance', 'World', 'WorldMap', 'WorldSignals', 'XYZ', '__builtins__', '__cached__', '__doc__', '__file__', '__loader__', '__name__', '__package__', '__spec__', 'c_api', 'ctypes', 'home_dir', 'init', 'os', 're', 'res_dir', 'sim_params', 'stats', 'sys']

Performing a basic test 1/2... OK.
Performing a basic test 2/2... OK.
Using settings: ['eval-allcriteria.sim', 'deterministic.sim', 'sample-period-2.sim', 'f9-mut-050.sim']
gen	nevals	avg     	stddev	min     	max     
0  	50    	0.218369	0     	0.218369	0.218369
1  	48    	0.0590151	0.116111	-0.0160001	0.514537
2  	47    	0.0928787	0.118505	-0.0160001	0.514537
3  	45    	0.121674 	0.125327	-0.016    	0.514537
4  	45    	0.130944 	0.138937	-0.02     	0.514537
5  	45    	0.182994 	0.142896	-0.0171428	0.514537
6  	45    	0.145767 	0.171729	-0.02     	0.514537
7  	48    	0.152476 	0.159476	-0.02     	0.514444
8  	46    	0.163649 	0.171119	-0.02     	0.514444
9  	42    	0.165247 	0.174537	-0.02     	0.539526
10 	48    	0.120081 	0.139967	-0.0177778	0.449364
11 	49    	0.170277 	0.120954	-0.0177778	0.515134
12 	49    	0.218503 	0.125939	-0.0171428	0.566993
13 	45    	0.216421 	0.134654	-0.02     	0.566993
14 	46    	0.263825 	0.119523	-0.016    	0.566993
15 	42    	0.272272 	0.150117	-0.0166667	0.576913
16 	48    	0.237167 	0.118978	-0.02     	0.502328
17 	48    	0.207265 	0.116644	-0.0166667	0.502328
18 	47    	0.242266 	0.147616	-0.0181818	0.836234
19 	46    	0.230978 	0.118289	-0.0175   	0.477533
20 	46    	0.233869 	0.105412	-0.018    	0.484236
21 	49    	0.227224 	0.124358	-0.02     	0.574547
22 	43    	0.246297 	0.174754	-0.02     	0.574547
23 	48    	0.189057 	0.128572	-0.02     	0.574547
24 	44    	0.242527 	0.187545	-0.02     	0.716226
25 	47    	0.20443  	0.179115	-0.02     	0.631821
26 	47    	0.239434 	0.148997	-0.02     	0.579351
27 	44    	0.254847 	0.154285	-0.0175   	0.689119
28 	46    	0.218966 	0.157612	-0.02     	0.579351
29 	45    	0.239367 	0.156466	-0.0171428	0.647481
30 	48    	0.207053 	0.152333	-0.0177778	0.581279
31 	48    	0.229602 	0.128513	-0.02     	0.581279
32 	43    	0.246195 	0.147754	-0.0177777	0.581279
33 	47    	0.242259 	0.132308	-0.02     	0.581279
34 	47    	0.198143 	0.159422	-0.02     	0.61055 
35 	44    	0.208737 	0.125074	-0.02     	0.581279
36 	46    	0.196006 	0.135177	-0.0175001	0.517908
37 	46    	0.226024 	0.131295	-0.0225   	0.517908
38 	46    	0.218567 	0.117738	-0.0175   	0.463518
39 	45    	0.247701 	0.117049	-0.02     	0.463518
40 	47    	0.231493 	0.125199	-0.0222222	0.437627
41 	40    	0.266786 	0.133076	-0.02     	0.703175
42 	47    	0.235188 	0.119798	-0.0181818	0.703175
43 	44    	0.2637   	0.135481	-0.02     	0.703175
44 	44    	0.257141 	0.144517	-0.02     	0.703175
45 	47    	0.287919 	0.166716	-0.0166667	0.73599 
46 	44    	0.240737 	0.199791	-0.02     	0.73599 
47 	47    	0.246815 	0.133168	-0.018    	0.574752
48 	46    	0.252188 	0.13597 	-0.02     	0.540453
49 	46    	0.268365 	0.103706	-0.016    	0.516256
50 	47    	0.257412 	0.126949	-0.0171428	0.610161
51 	46    	0.237104 	0.126453	-0.0180001	0.610161
52 	46    	0.274783 	0.10158 	-0.02     	0.481565
53 	46    	0.271559 	0.112284	-0.0175   	0.502687
54 	45    	0.308339 	0.0906085	0.0910191 	0.502687
55 	48    	0.275446 	0.0965938	-0.0166667	0.481565
56 	48    	0.254137 	0.192182 	-1        	0.480878
57 	41    	0.273508 	0.201842 	-1        	0.480028
58 	46    	0.299124 	0.0731392	0.162757  	0.451769
59 	43    	0.280448 	0.204721 	-1        	0.493526
60 	47    	0.171861 	0.397478 	-1        	0.516621
61 	49    	0.285386 	0.201438 	-1        	0.485771
62 	48    	0.248815 	0.196776 	-1        	0.436311
63 	50    	0.202796 	0.313413 	-1        	0.488729
64 	47    	0.293593 	0.0829603	0.0843813 	0.509691
65 	46    	0.21982  	0.366212 	-1        	0.458362
66 	48    	0.26015  	0.269377 	-1        	0.458362
67 	48    	0.23067  	0.324518 	-1        	0.521184
68 	45    	0.232776 	0.329538 	-1        	0.521184
69 	45    	0.270367 	0.278947 	-1        	0.573638
70 	47    	0.322048 	0.103551 	-0.02     	0.589202
71 	49    	0.219507 	0.221364 	-1        	0.696513
72 	45    	0.237174 	0.270271 	-1        	0.508841
73 	48    	0.295847 	0.0808119	0.166939  	0.508841
74 	46    	0.239263 	0.2055   	-1        	0.506099
75 	45    	0.27263  	0.109811 	-0.0175   	0.522619
76 	47    	0.283953 	0.0839277	0.0962936 	0.433467
77 	41    	0.309258 	0.0928854	0.0985369 	0.566424
78 	46    	0.295527 	0.101109 	0.124363  	0.553497
79 	47    	0.251496 	0.275611 	-1        	0.553497
80 	47    	0.162955 	0.404916 	-1        	0.553497
81 	46    	0.26032  	0.270544 	-1        	0.553497
82 	46    	0.236561 	0.267241 	-1        	0.553497
83 	46    	0.29727  	0.0713101	0.115509  	0.446442
84 	45    	0.255032 	0.266543 	-1        	0.460309
85 	49    	0.131968 	0.427441 	-1        	0.515032
86 	41    	0.289581 	0.205391 	-1        	0.515032
87 	45    	0.267794 	0.200883 	-1        	0.4764  
88 	43    	0.236283 	0.326799 	-1        	0.606377
89 	48    	0.245991 	0.27089  	-1        	0.606377
90 	44    	0.244814 	0.274219 	-1        	0.606377
91 	46    	0.17763  	0.400472 	-1        	0.538407
92 	47    	0.232534 	0.324235 	-1        	0.561885
93 	45    	0.149116 	0.434665 	-1        	0.561885
94 	45    	0.234883 	0.325445 	-1        	0.561885
95 	46    	0.244401 	0.275038 	-1        	0.554764
96 	47    	0.236638 	0.26823  	-1        	0.544171
97 	45    	0.191761 	0.366356 	-1        	0.544171
98 	47    	0.21033  	0.367219 	-1        	0.544171
99 	46    	0.0452217	0.52942  	-1        	0.544171
100	43    	0.161913 	0.437442 	-1        	0.544171
101	48    	0.175961 	0.35657  	-1        	0.544171
102	46    	0.162385 	0.433902 	-1        	0.475372
103	47    	0.148025 	0.431145 	-1        	0.475372
104	46    	0.12436  	0.461641 	-1        	0.475372
105	44    	0.0847635	0.514658 	-1        	0.496807
106	49    	0.019169 	0.545474 	-1        	0.496807
107	41    	0.0467352	0.560305 	-1        	0.50496 
108	49    	0.114749 	0.49344  	-1        	0.740699
109	47    	0.206596 	0.372266 	-1        	0.740699
110	47    	0.288276 	0.292409 	-1        	0.740699
111	47    	0.275013 	0.227436 	-1        	0.740699
112	45    	0.273709 	0.221791 	-1        	0.587068
113	49    	0.305889 	0.0900748	0.119     	0.51157 
114	46    	0.276743 	0.200249 	-1        	0.469335
115	45    	0.266012 	0.198558 	-1        	0.469335
116	48    	0.281529 	0.0993071	0.0387347 	0.455463
117	46    	0.270055 	0.271007 	-1        	0.558831
118	48    	0.22583  	0.318703 	-1        	0.509958
119	49    	0.269977 	0.196791 	-1        	0.496057
120	48    	0.236442 	0.322371 	-1        	0.560111
121	42    	0.221659 	0.372648 	-1        	0.560111
122	46    	0.163431 	0.440258 	-1        	0.560111
123	47    	0.153995 	0.43421  	-1        	0.525198
124	45    	0.175747 	0.440481 	-1        	0.525198
125	46    	0.0529583	0.53362  	-1        	0.454348
126	46    	0.17094  	0.399949 	-1        	0.646055
127	47    	0.0913602	0.486531 	-1        	0.646055
128	47    	0.14925  	0.434312 	-1        	0.646055
129	45    	0.13257  	0.468029 	-1        	0.646055
130	43    	0.00119235	0.602504 	-1        	0.646055
131	47    	0.15592   	0.438515 	-1        	0.646055
132	48    	0.207084  	0.368579 	-1        	0.646055
133	45    	0.0151899 	0.581423 	-1        	0.646055
134	43    	0.254696  	0.334641 	-1        	0.646055
135	45    	0.238786  	0.289801 	-1        	0.646055
136	43    	0.304757  	0.229035 	-1        	0.646055
137	43    	0.314938  	0.10685  	0.167147  	0.646055
138	47    	0.25587   	0.274128 	-1        	0.532798
139	45    	0.228805  	0.32488  	-1        	0.532798
140	45    	0.308349  	0.0876215	0.0961577 	0.532798
141	46    	0.235338  	0.320894 	-1        	0.478541
142	48    	0.251873  	0.327637 	-1        	0.562834
143	45    	0.221581  	0.327522 	-1        	0.540492
144	46    	0.158465  	0.43823  	-1        	0.516675
145	47    	0.129711  	0.465881 	-1        	0.551441
146	45    	0.0673663 	0.538858 	-1        	0.50447 
147	44    	0.104471  	0.488631 	-1        	0.50447 
148	47    	0.0154379 	0.54567  	-1        	0.50447 
149	45    	-0.0928735	0.625981 	-1        	0.50447 
150	47    	-0.0216413	0.583108 	-1        	0.542666
151	48    	0.13033   	0.424001 	-1        	0.435604
152	48    	0.0605278 	0.501712 	-1        	0.442564
153	45    	0.136756  	0.429985 	-1        	0.538472
154	47    	0.104797  	0.455221 	-1        	0.584304
155	46    	0.2805    	0.201793 	-1        	0.584304
156	47    	0.104536  	0.491085 	-1        	0.561924
157	46    	0.200509  	0.368729 	-1        	0.493339
158	46    	0.209428  	0.275088 	-1        	0.493339
159	45    	0.18072   	0.36387  	-1        	0.557665
160	44    	0.224429  	0.327424 	-1        	0.493339
161	46    	0.0622201 	0.505658 	-1        	0.493339
162	44    	0.109368  	0.49071  	-1        	0.56001 
163	48    	0.149821  	0.435018 	-1        	0.56001 
164	46    	0.0882417 	0.515945 	-1        	0.56001 
165	44    	0.249919  	0.327101 	-1        	0.56001 
166	46    	0.163559  	0.437912 	-1        	0.492487
167	46    	0.167705  	0.400688 	-1        	0.492487
168	46    	0.186737  	0.40554  	-1        	0.494585
169	49    	0.145623  	0.46661  	-1        	0.482423
170	45    	0.0607088 	0.536122 	-1        	0.476131
171	50    	-0.0863057	0.602221 	-1        	0.530012
172	48    	0.0534923 	0.531944 	-1        	0.49905 
173	44    	0.12086   	0.463803 	-1        	0.49905 
174	44    	0.164743  	0.401336 	-1        	0.49905 
175	48    	0.24712   	0.209698 	-1        	0.49905 
176	47    	0.101889  	0.489079 	-1        	0.515791
177	48    	0.182796  	0.403872 	-1        	0.527602
178	44    	0.179548  	0.405476 	-1        	0.530812
179	45    	0.316247  	0.0960787	0.11682   	0.530812
180	46    	0.220082  	0.325654 	-1        	0.530812
181	47    	0.266913  	0.275671 	-1        	0.534113
182	43    	0.274595  	0.273555 	-1        	0.534113
183	47    	0.205229  	0.316542 	-1        	0.4827  
184	47    	0.221962  	0.322049 	-1        	0.470387
185	46    	0.255899  	0.272875 	-1        	0.552084
186	44    	0.0768084 	0.51417  	-1        	0.552084
187	46    	0.164546  	0.438668 	-1        	0.566367
188	48    	0.24401   	0.266841 	-1        	0.505851
189	47    	0.221758  	0.320782 	-1        	0.505851
190	47    	0.0816669 	0.51633  	-1        	0.505851
191	42    	0.250865  	0.334013 	-1        	0.612765
192	46    	0.145635  	0.430371 	-1        	0.521537
193	45    	0.154199  	0.433406 	-1        	0.521537
194	48    	0.0924145 	0.483703 	-1        	0.539549
195	45    	0.199654  	0.364372 	-1        	0.539549
196	42    	0.296965  	0.202234 	-1        	0.521537
197	48    	0.166248  	0.394869 	-1        	0.435356
198	40    	0.244838  	0.323381 	-1        	0.450526
199	46    	0.201866  	0.363344 	-1        	0.474758
200	44    	0.230951  	0.325155 	-1        	0.50251 
201	46    	0.0136292 	0.57272  	-1        	0.474758
202	45    	0.133787  	0.46432  	-1        	0.474758
203	43    	-0.121334 	0.634989 	-1        	0.471749
204	50    	-0.114328 	0.609139 	-1        	0.399179
205	43    	-0.0799815	0.605498 	-1        	0.434877
206	48    	0.0498179 	0.529027 	-1        	0.44797 
207	47    	0.0792814 	0.510789 	-1        	0.50462 
208	49    	-0.135409 	0.62617  	-1        	0.50462 
209	47    	-0.0618329	0.590089 	-1        	0.50462 
210	46    	-0.0338653	0.577972 	-1        	0.47461 
211	49    	0.0145135 	0.54401  	-1        	0.453347
212	42    	0.0349944 	0.553213 	-1        	0.453347
213	48    	-0.0800621	0.606506 	-1        	0.453913
214	47    	0.025595  	0.549643 	-1        	0.456135
215	44    	-0.0380454	0.60565  	-1        	0.523729
216	46    	-0.0657039	0.616209 	-1        	0.523729
217	48    	0.0687408 	0.53992  	-1        	0.523729
218	46    	0.0129154 	0.542931 	-1        	0.461963
219	47    	0.0795873 	0.513264 	-1        	0.590142
220	48    	0.229529  	0.317108 	-1        	0.466631
221	42    	0.117987  	0.495061 	-1        	0.466631
222	47    	0.203677  	0.36564  	-1        	0.564052
223	46    	0.267864  	0.273468 	-1        	0.564052
224	46    	0.251734  	0.327848 	-1        	0.564052
225	47    	0.219089  	0.374949 	-1        	0.534092
226	47    	0.217583  	0.325213 	-1        	0.593858
227	47    	0.260787  	0.273439 	-1        	0.534092
228	45    	0.242545  	0.325587 	-1        	0.534092
229	45    	0.252541  	0.326601 	-1        	0.534092
230	46    	0.233832  	0.322256 	-1        	0.534092
231	46    	0.2758    	0.202561 	-1        	0.534092
232	45    	0.267313  	0.197594 	-1        	0.474106
233	48    	0.244963  	0.272223 	-1        	0.547233
234	49    	0.307017  	0.0800764	0.170602  	0.49061 
235	49    	0.252646  	0.264083 	-1        	0.425453
236	49    	0.150435  	0.43083  	-1        	0.45389 
237	44    	0.149373  	0.431574 	-1        	0.483424
238	48    	0.0363069 	0.557771 	-1        	0.539043
239	48    	0.247678  	0.275388 	-1        	0.513556
240	44    	0.0325666 	0.559464 	-1        	0.602751
241	46    	-0.227763 	0.661694 	-1        	0.513556
242	46    	-0.0729326	0.610662 	-1        	0.513556
243	46    	-0.453523 	0.671584 	-1        	0.513556
244	39    	-0.0535181	0.623779 	-1        	0.513556
245	46    	-0.151731 	0.640905 	-1        	0.513556
246	45    	-0.191597 	0.663332 	-1        	0.584122
247	46    	-0.230839 	0.659717 	-1        	0.503836
248	49    	-0.109267 	0.614803 	-1        	0.503836
249	48    	-0.256797 	0.662411 	-1        	0.688074
250	46    	0.0067638 	0.57033  	-1        	0.56063 
251	47    	0.0568656 	0.535435 	-1        	0.484778
252	46    	0.139496  	0.467613 	-1        	0.509861
253	48    	0.265253  	0.199376 	-1        	0.546454
254	45    	0.319251  	0.0948987	0.153266  	0.546454
255	48    	0.268405  	0.209399 	-1        	0.546454
256	44    	0.239442  	0.274589 	-1        	0.546454
257	46    	0.305306  	0.104734 	-0.0133334	0.587639
258	50    	0.288827  	0.102965 	-0.018    	0.585144
259	42    	0.293421  	0.126683 	-0.0200001	0.585144
260	44    	0.286607  	0.122134 	-0.02     	0.585144
261	43    	0.29534   	0.129331 	0.0916087 	0.585144
262	45    	0.28457   	0.135256 	-0.02     	0.585144
263	44    	0.281774  	0.115809 	0.0755307 	0.585144
264	46    	0.234454  	0.118188 	-0.017143 	0.585144
265	44    	0.295105  	0.137801 	-0.02     	0.644715
266	44    	0.287864  	0.135827 	-0.0199999	0.585144
267	47    	0.296738  	0.100047 	0.123054  	0.585144
268	45    	0.306707  	0.106113 	0.0751499 	0.528952
269	46    	0.258706  	0.10124  	0.053264  	0.485954
270	45    	0.280543  	0.106299 	-0.0166666	0.534307
271	47    	0.249947  	0.119158 	-0.018    	0.559218
272	45    	0.282654  	0.102037 	0.0755091 	0.478395
273	47    	0.265775  	0.123696 	-0.0177778	0.478395
274	47    	0.286557  	0.0972551	0.0753818 	0.506549
275	47    	0.223779  	0.323005 	-1        	0.531027
276	44    	0.242349  	0.33241  	-1        	0.531027
277	47    	0.255568  	0.206607 	-1        	0.503485
278	44    	0.239894  	0.323588 	-1        	0.503485
279	44    	0.322985  	0.0971612	-0.015    	0.503485
280	46    	0.305542  	0.0944449	-0.02     	0.503485
281	47    	0.275442  	0.202807 	-1        	0.503485
282	47    	0.109064  	0.454245 	-1        	0.503485
283	46    	0.166876  	0.40068  	-1        	0.503485
284	46    	0.142736  	0.429446 	-1        	0.503485
285	47    	0.164833  	0.438026 	-1        	0.503485
286	44    	0.216494  	0.367597 	-1        	0.503485
287	47    	0.228481  	0.265014 	-1        	0.503485
288	44    	0.300626  	0.206362 	-1        	0.503485
289	46    	0.304541  	0.10846  	0.0952177 	0.571538
290	45    	0.290494  	0.210311 	-1        	0.571538
291	49    	0.291105  	0.0837398	0.123224  	0.467881
292	45    	0.226284  	0.266276 	-1        	0.483033
293	45    	0.171668  	0.399443 	-1        	0.483033
294	49    	0.283757  	0.0898214	0.0822931 	0.526086
295	45    	0.284945  	0.100949 	-0.0175   	0.495111
296	43    	0.298006  	0.107098 	0.0470213 	0.540027
297	45    	0.269035  	0.214796 	-1        	0.540027
298	43    	0.3086    	0.122613 	-0.0166667	0.609271
299	47    	0.309568  	0.0855188	0.143585  	0.52514 
300	41    	0.305062  	0.114893 	-0.015    	0.52514 
301	45    	0.256064  	0.20016  	-1        	0.52514 
302	46    	0.304138  	0.0813867	0.105126  	0.452683
303	50    	0.264918  	0.118309 	-0.0184616	0.476539
304	46    	0.256449  	0.210321 	-1        	0.526823
305	42    	0.287706  	0.211025 	-1        	0.526823
306	45    	0.210788  	0.288507 	-1        	0.813707
307	49    	0.269593  	0.0977716	-0.0133332	0.526823
308	47    	0.262198  	0.205695 	-1        	0.526823
309	46    	0.290302  	0.0902726	0.086394  	0.526823
310	45    	0.304155  	0.1149   	0.0465136 	0.60683 
311	44    	0.319989  	0.108518 	0.0411271 	0.60683 
312	43    	0.306306  	0.102388 	0.0707171 	0.526823
313	43    	0.302884  	0.124156 	-0.0171429	0.682282
314	43    	0.304863  	0.120436 	0.104319  	0.682282
315	45    	0.29734   	0.126843 	0.039023  	0.682282
316	48    	0.280337  	0.106409 	0.0726058 	0.682282
317	48    	0.276438  	0.134431 	-0.02     	0.682282
318	48    	0.272807  	0.117092 	-0.0184616	0.582913
319	46    	0.264361  	0.148613 	-0.0166667	0.582913
320	47    	0.238658  	0.152193 	-0.0166667	0.582913
321	45    	0.252184  	0.154092 	-0.0166667	0.582913
322	45    	0.254712  	0.15339  	-0.0171429	0.576041
323	44    	0.236113  	0.153714 	-0.0166668	0.582913
324	46    	0.181503  	0.149318 	-0.0171429	0.582913
325	48    	0.198187  	0.135657 	-0.0171429	0.583187
326	49    	0.211488  	0.128955 	-0.02     	0.515749
327	47    	0.231964  	0.135166 	-0.018    	0.533563
328	46    	0.240258  	0.103642 	-0.01     	0.533563
329	46    	0.265496  	0.118789 	-0.0166667	0.533563
330	46    	0.232823  	0.111917 	-0.02     	0.533563
331	46    	0.263358  	0.0926004	-0.02     	0.533563
332	46    	0.277513  	0.0845643	0.0457714 	0.437404
333	45    	0.280209  	0.100043 	-0.0166667	0.551023
334	43    	0.312917  	0.117008 	0.098911  	0.551023
335	46    	0.280871  	0.120109 	-0.02     	0.551023
336	43    	0.304451  	0.131154 	-0.0166667	0.553971
337	46    	0.28176   	0.135879 	-0.01     	0.551023
338	47    	0.266917  	0.11879  	-0.016    	0.551023
339	42    	0.292048  	0.12172  	-0.015    	0.581157
340	48    	0.241869  	0.10074  	-0.0200001	0.515787
341	46    	0.248213  	0.12364  	-0.0159999	0.515669
342	46    	0.238431  	0.106331 	-0.0166667	0.428038
343	48    	0.259248  	0.0955055	-0.0150001	0.487139
344	46    	0.248367  	0.139299 	-0.016    	0.657045
345	44    	0.27929   	0.162933 	-0.0171429	0.657045
346	47    	0.18896   	0.209897 	-1        	0.657045
347	46    	0.260511  	0.157365 	-0.0160001	0.657045
348	48    	0.214624  	0.14516  	-0.0166668	0.657045
349	46    	0.255355  	0.153291 	-0.0166667	0.71989 
350	46    	0.271114  	0.122012 	-0.016    	0.61484 
351	48    	0.250638  	0.134529 	-0.0166666	0.61484 
352	47    	0.260312  	0.143582 	-0.0177778	0.613838
353	45    	0.171121  	0.317986 	-1        	0.479465
354	46    	0.228417  	0.201066 	-1        	0.484301
355	47    	0.22873   	0.327488 	-1        	0.516702
356	44    	0.239702  	0.329917 	-1        	0.516702
357	43    	0.255628  	0.28126  	-1        	0.516702
358	45    	0.153525  	0.437437 	-1        	0.516702
359	48    	0.253093  	0.278593 	-1        	0.533153
360	47    	0.16001   	0.364881 	-1        	0.528819
361	48    	0.245634  	0.213564 	-1        	0.547797
362	47    	0.257857  	0.1325   	-0.0181818	0.528819
363	46    	0.279111  	0.22766  	-1        	0.591003
364	48    	0.260039  	0.155413 	-0.02     	0.645597
365	45    	0.29967   	0.157451 	-0.0177777	0.645597
366	44    	0.266739  	0.189681 	-0.0228572	0.731513
367	43    	0.271444  	0.198281 	-0.02     	0.731513
368	49    	0.238533  	0.137954 	-0.018    	0.645597
369	47    	0.266118  	0.173001 	-0.02     	0.836338
370	45    	0.272546  	0.153497 	-0.0177778	0.836338
371	46    	0.274663  	0.164996 	-0.02     	0.836338
372	45    	0.255066  	0.172267 	-0.015    	0.836338
373	46    	0.279537  	0.152345 	-0.0171429	0.645597
374	45    	0.254778  	0.168705 	-0.02     	0.645597
375	44    	0.304973  	0.171809 	-0.0175   	0.645597
376	46    	0.250003  	0.183857 	-0.0177778	0.649557
377	48    	0.26001   	0.167496 	-0.0171429	0.693407
378	48    	0.263356  	0.147916 	-0.0179999	0.646172
379	46    	0.229524  	0.145436 	-0.0166667	0.643813
380	48    	0.225085  	0.148324 	-0.0166667	0.64386 
381	46    	0.235933  	0.123475 	-0.02     	0.649901
382	42    	0.254959  	0.158914 	-0.018    	0.703707
383	45    	0.250337  	0.140589 	-0.0166667	0.703707
384	48    	0.256415  	0.144027 	-0.0177778	0.660099
385	46    	0.262234  	0.149972 	-0.0177778	0.698626
386	47    	0.251062  	0.10551  	-0.0199999	0.591749
387	46    	0.246122  	0.15415  	-0.0175   	0.829557
388	43    	0.259605  	0.169292 	-0.0171429	0.829557
389	47    	0.231728  	0.128321 	-0.0175   	0.829557
390	44    	0.276787  	0.139372 	0.0848863 	0.829557
391	47    	0.245625  	0.140181 	-0.0175   	0.829557
392	48    	0.264162  	0.0965917	-0.016    	0.442011
393	48    	0.249685  	0.106963 	-0.0166667	0.493817
394	46    	0.283001  	0.11222  	-0.0171428	0.519041
395	46    	0.283302  	0.0989191	-0.0177778	0.574762
396	47    	0.209786  	0.366088 	-1        	0.482619
397	47    	0.247401  	0.200113 	-1        	0.443827
398	46    	0.270386  	0.193004 	-1        	0.404513
399	48    	0.246114  	0.264748 	-1        	0.487384
400	45    	0.303513  	0.0785131	0.0465149 	0.434491
401	44    	0.243196  	0.267749 	-1        	0.456593
402	47    	0.246241  	0.26527  	-1        	0.456593
403	42    	0.192034  	0.407123 	-1        	0.522052
404	45    	0.061203  	0.53764  	-1        	0.522052
405	45    	-0.057893 	0.62158  	-1        	0.566564
406	49    	-0.070222 	0.584215 	-1        	0.504779
407	47    	0.172512  	0.402586 	-1        	0.511286
408	46    	0.192645  	0.362608 	-1        	0.511286
409	47    	0.149433  	0.434019 	-1        	0.511286
410	45    	0.0543774 	0.533906 	-1        	0.511286
411	44    	0.0954479 	0.489969 	-1        	0.53747 
412	47    	-0.0086754	0.561537 	-1        	0.53747 
413	46    	0.0352115 	0.553688 	-1        	0.466243
414	45    	0.246118  	0.323134 	-1        	0.536238
415	46    	0.105709  	0.487907 	-1        	0.476817
416	46    	0.101582  	0.486044 	-1        	0.47589 
417	49    	0.121167  	0.460083 	-1        	0.45853 
418	46    	-0.00601004	0.562855 	-1        	0.45853 
419	46    	0.00855756 	0.571811 	-1        	0.506614
420	46    	-0.0849051 	0.605272 	-1        	0.506614
421	49    	-0.175976  	0.649019 	-1        	0.495781
422	46    	0.00638339 	0.568859 	-1        	0.474183
423	43    	-0.100647  	0.621974 	-1        	0.52393 
424	46    	-0.177897  	0.62044  	-1        	0.52393 
425	47    	0.0812143  	0.513778 	-1        	0.562845
426	46    	0.230315   	0.324495 	-1        	0.473356
427	43    	0.152106   	0.435135 	-1        	0.473356
428	43    	0.0818187  	0.514437 	-1        	0.479366
429	46    	0.157419   	0.435975 	-1        	0.473356
430	45    	0.0683973  	0.506268 	-1        	0.473356
431	45    	0.134105   	0.464225 	-1        	0.473356
432	44    	0.151994   	0.433397 	-1        	0.538023
433	46    	0.107029   	0.488214 	-1        	0.538023
434	45    	0.186383   	0.404926 	-1        	0.538023
435	45    	0.222501   	0.326242 	-1        	0.538023
436	43    	0.208027   	0.371724 	-1        	0.538023
437	49    	0.24737    	0.202494 	-1        	0.483647
438	45    	0.133696   	0.432167 	-1        	0.460641
439	44    	0.230166   	0.32263  	-1        	0.566127
440	46    	0.247436   	0.277121 	-1        	0.566127
441	45    	0.274346   	0.217472 	-1        	0.642987
442	47    	0.209063   	0.329614 	-1        	0.642987
443	45    	0.27424    	0.21398  	-1        	0.642987
444	46    	0.238125   	0.283164 	-1        	0.623084
445	48    	0.283929   	0.133077 	-0.02     	0.623084
446	46    	0.308914   	0.130395 	-0.02     	0.625238
447	46    	0.305886   	0.0984913	0.11725   	0.557519
448	44    	0.259808   	0.213885 	-1        	0.557519
449	48    	0.26513    	0.100339 	-0.0185714	0.440385
450	49    	0.26671    	0.0981387	-0.02     	0.474454
451	47    	0.234892   	0.267707 	-1        	0.58503 
452	46    	0.200904   	0.331146 	-1        	0.58503 
453	45    	0.0860276  	0.456715 	-1        	0.58503 
454	49    	-0.016531  	0.533443 	-1        	0.58318 
455	43    	0.183022   	0.371533 	-1        	0.605309
456	49    	0.173038   	0.276766 	-1        	0.648024
457	47    	0.131973   	0.266052 	-1        	0.536506
458	48    	0.208903   	0.200202 	-1        	0.535866
459	46    	0.264858   	0.118709 	-0.0171428	0.59745 
460	48    	0.246411   	0.120807 	-0.0177778	0.552502
461	47    	0.280306   	0.143843 	-0.02     	0.600594
462	47    	0.245098   	0.140859 	-0.0171429	0.56548 
463	49    	0.247666   	0.0940791	-0.0175   	0.556805
464	47    	0.258982   	0.120386 	-0.0133334	0.623813
465	43    	0.294843   	0.0911762	0.0580985 	0.497636
466	44    	0.253992   	0.133164 	-0.02     	0.497636
467	49    	0.251103   	0.14423  	-0.018    	0.659549
468	44    	0.282074   	0.153565 	-0.0171429	0.659549
469	46    	0.291219   	0.135029 	-0.0171429	0.659549
470	43    	0.312121   	0.148278 	-0.02     	0.659549
471	48    	0.3104     	0.158251 	-0.0166667	0.858682
472	47    	0.315721   	0.154812 	-0.02     	0.727236
473	49    	0.285541   	0.11782  	0.0710733 	0.659549
474	46    	0.271559   	0.115874 	0.0660784 	0.626691
475	48    	0.27906    	0.125299 	0.0733091 	0.666153
476	44    	0.298676   	0.115352 	0.0689523 	0.581271
477	49    	0.271723   	0.103319 	0.0911908 	0.516998
478	46    	0.28783    	0.115604 	0.0564926 	0.552313
479	46    	0.274708   	0.108393 	-0.015    	0.552313
480	42    	0.3294     	0.137867 	-0.0133333	0.814342
481	46    	0.26674    	0.171506 	-0.0171428	0.814342
482	44    	0.294525   	0.154895 	-0.0150001	0.814342
483	46    	0.245837   	0.180719 	-0.0175   	0.814342
484	43    	0.272035   	0.197136 	-0.02     	0.814342
485	44    	0.258075   	0.210371 	-0.02     	0.814342
486	47    	0.276928   	0.166148 	-0.0175   	0.814342
487	46    	0.240175   	0.187624 	-0.02     	0.814342
488	47    	0.21435    	0.147955 	-0.02     	0.814342
489	44    	0.278098   	0.129184 	-0.0166667	0.814342
490	47    	0.226622   	0.113356 	-0.02     	0.476223
491	47    	0.227494   	0.113346 	-0.02     	0.476223
492	44    	0.254375   	0.156929 	-0.0171428	0.751609
493	47    	0.247608   	0.116699 	-0.02     	0.531265
494	47    	0.261832   	0.109234 	-0.015    	0.531265
495	44    	0.27138    	0.113237 	0.0791399 	0.531265
496	44    	0.26176    	0.120369 	-0.0150001	0.531265
497	47    	0.278285   	0.102662 	-0.0133333	0.514772
498	42    	0.292366   	0.122253 	0.0661221 	0.514772
499	47    	0.304386   	0.0999221	0.113068  	0.514772
500	46    	0.275656   	0.108875 	-0.015    	0.610103
501	41    	0.306232   	0.114025 	0.0500784 	0.610103
502	47    	0.249389   	0.196005 	-1        	0.426915
503	45    	0.301896   	0.112647 	-0.016    	0.552022
504	47    	0.298225   	0.0976501	0.0720587 	0.552022
505	45    	0.309414   	0.100438 	0.0931541 	0.552022
506	46    	0.30188    	0.0867021	0.0557971 	0.497516
507	46    	0.326421   	0.0926761	0.128401  	0.5324  
508	46    	0.299728   	0.0864547	0.123225  	0.521866
509	47    	0.269129   	0.218647 	-1        	0.646485
510	46    	0.276565   	0.205349 	-1        	0.519975
511	46    	0.278786   	0.102516 	-0.0150001	0.497516
512	46    	0.285424   	0.087422 	0.131111  	0.497516
513	46    	0.297053   	0.212537 	-1        	0.550365
514	49    	0.297165   	0.0950613	0.120955  	0.497277
515	46    	0.296067   	0.102708 	0.128208  	0.497277
516	44    	0.318253   	0.107271 	0.0809275 	0.542746
517	47    	0.290028   	0.100871 	0.0453427 	0.497661
518	47    	0.206822   	0.320889 	-1        	0.499407
519	48    	0.260467   	0.214294 	-1        	0.578384
520	46    	0.271661   	0.200556 	-1        	0.499407
521	45    	0.237847   	0.209412 	-1        	0.478448
522	44    	0.286967   	0.197523 	-1        	0.478448
523	46    	0.203141   	0.31582  	-1        	0.478448
524	46    	0.198589   	0.365095 	-1        	0.526163
525	43    	0.12779    	0.46716  	-1        	0.526163
526	47    	0.0476469  	0.531886 	-1        	0.521366
527	46    	0.0946635  	0.485024 	-1        	0.521765
528	48    	0.0565193  	0.501099 	-1        	0.521765
529	45    	0.00338092 	0.569617 	-1        	0.521765
530	48    	-0.0598082 	0.591661 	-1        	0.521765
531	45    	0.0163133  	0.54732  	-1        	0.521765
532	47    	-0.179388  	0.619792 	-1        	0.514476
533	47    	0.0162066  	0.550512 	-1        	0.528407
534	48    	0.247953   	0.271404 	-1        	0.508354
535	44    	0.229659   	0.274326 	-1        	0.508354
536	45    	0.286727   	0.105733 	-0.0166666	0.575653
537	48    	0.268265   	0.120721 	-0.022    	0.531949
538	47    	0.256532   	0.114121 	-0.02     	0.508354
539	48    	0.2512     	0.101733 	-0.02     	0.46701 
540	47    	0.290496   	0.0865771	-0.0171386	0.444312
541	46    	0.300971   	0.118176 	-0.015    	0.684803
542	47    	0.314397   	0.12403  	0.102084  	0.684803
543	48    	0.235968   	0.27474  	-1        	0.684803
544	48    	0.217165   	0.326102 	-1        	0.641781
545	46    	0.237106   	0.335599 	-1        	0.641781
546	49    	0.265839   	0.199856 	-1        	0.611184
547	46    	0.299081   	0.117144 	-0.015    	0.611184
548	48    	0.263266   	0.0915705	0.101711  	0.48975 
549	47    	0.296959   	0.111506 	-0.01     	0.608488
550	48    	0.288662   	0.117237 	-0.016    	0.608488
551	46    	0.263917   	0.119699 	-0.0133333	0.608488
552	46    	0.245689   	0.27308  	-1        	0.673368
553	43    	0.256041   	0.227395 	-1        	0.673368
554	46    	0.265814   	0.123631 	-0.0166667	0.673368
555	42    	0.313308   	0.156463 	-0.0175   	0.673368
556	42    	0.311367   	0.173472 	-0.0171429	0.673368
557	48    	0.239766   	0.10962  	-0.0177778	0.543937
558	49    	0.238706   	0.103602 	-0.0177779	0.466554
559	43    	0.285325   	0.0829441	0.0990281 	0.454727
560	42    	0.275216   	0.100384 	0.066856  	0.454727
561	47    	0.278108   	0.0888349	0.0989713 	0.500608
562	46    	0.24286    	0.118227 	-0.0199999	0.500608
563	41    	0.309603   	0.101691 	0.058048  	0.510856
564	49    	0.285666   	0.0998752	0.0943636 	0.616402
565	43    	0.314637   	0.125802 	-0.0149999	0.616402
566	45    	0.265776   	0.206466 	-1        	0.616402
567	46    	0.302263   	0.102791 	0.0774805 	0.616402
568	46    	0.24044    	0.278624 	-1        	0.616402
569	45    	0.311702   	0.116603 	-0.0171429	0.619485
570	44    	0.266976   	0.287514 	-1        	0.619485
571	45    	0.27635    	0.283956 	-1        	0.619485
572	48    	0.288039   	0.205169 	-1        	0.573047
573	47    	0.263503   	0.277441 	-1        	0.573047
574	44    	0.302327   	0.211594 	-1        	0.573047
575	47    	0.204173   	0.364575 	-1        	0.573047
576	46    	0.248195   	0.266313 	-1        	0.472027
577	44    	0.293608   	0.199129 	-1        	0.451218
578	48    	0.219562   	0.318764 	-1        	0.486621
579	47    	0.210213   	0.318527 	-1        	0.563108
580	47    	0.228606   	0.323108 	-1        	0.563108
581	49    	0.247458   	0.203766 	-1        	0.563108
582	47    	0.255697   	0.273586 	-1        	0.563108
583	49    	0.202108   	0.362592 	-1        	0.510827
584	48    	0.132288   	0.427731 	-1        	0.510827
585	46    	0.153484   	0.351991 	-1        	0.407045
586	47    	0.295575   	0.0931213	-0.0133333	0.472829
587	49    	0.206085   	0.310569 	-1        	0.400718
588	44    	0.24937    	0.267389 	-1        	0.474514
589	46    	0.250477   	0.272368 	-1        	0.474514
590	46    	0.302001   	0.116002 	-0.0218181	0.50999 
591	45    	0.308854   	0.205844 	-1        	0.547195
592	47    	0.279822   	0.203655 	-1        	0.532582
593	44    	0.300384   	0.201827 	-1        	0.51494 
594	47    	0.263911   	0.273074 	-1        	0.51494 
595	46    	0.207094   	0.368648 	-1        	0.51494 
596	48    	0.211439   	0.363563 	-1        	0.463421
597	46    	0.221492   	0.321522 	-1        	0.573881
598	49    	0.097521   	0.450954 	-1        	0.428382
599	48    	0.259971   	0.192803 	-1        	0.426029
600	49    	0.191188   	0.359358 	-1        	0.442582
601	49    	0.140295   	0.464531 	-1        	0.567018
602	50    	0.0354244  	0.522683 	-1        	0.485441
603	44    	0.0279024  	0.551721 	-1        	0.485441
604	45    	-0.0204415 	0.586725 	-1        	0.500334
605	49    	-0.0998122 	0.620242 	-1        	0.500334
606	46    	0.0494485  	0.534002 	-1        	0.580379
607	45    	0.192932   	0.405688 	-1        	0.580379
608	47    	0.180051   	0.400427 	-1        	0.482438
609	44    	0.244118   	0.27148  	-1        	0.504456
610	44    	0.238323   	0.325278 	-1        	0.528879
611	47    	0.16731    	0.400629 	-1        	0.528879
612	47    	0.241882   	0.268331 	-1        	0.528879
613	47    	0.220954   	0.316499 	-1        	0.528879
614	43    	0.262168   	0.272551 	-1        	0.528879
615	46    	0.202837   	0.364085 	-1        	0.502531
616	45    	0.14619    	0.430886 	-1        	0.502531
617	49    	0.153384   	0.395128 	-1        	0.556386
618	47    	0.176586   	0.400136 	-1        	0.556386
619	41    	0.293302   	0.110785 	-0.0133333	0.574097
620	46    	0.116804   	0.45847  	-1        	0.463846
621	48    	0.246506   	0.274545 	-1        	0.540575
622	47    	0.24561    	0.274777 	-1        	0.503438
623	45    	0.310417   	0.0978388	0.131444  	0.513612
624	49    	0.148266   	0.434877 	-1        	0.53517 
625	45    	0.0471371  	0.528888 	-1        	0.46648 
626	46    	0.146478   	0.42928  	-1        	0.46648 
627	47    	0.109516   	0.489891 	-1        	0.48684 
628	47    	0.281142   	0.215897 	-1        	0.505331
629	48    	0.19644    	0.365679 	-1        	0.557033
630	46    	0.238216   	0.330982 	-1        	0.557033
631	48    	0.244105   	0.327704 	-1        	0.557033
632	49    	0.249595   	0.203771 	-1        	0.557033
633	43    	0.31       	0.0943687	0.0984598 	0.557033
634	48    	0.220326   	0.328236 	-1        	0.504717
635	47    	0.207041   	0.318753 	-1        	0.505159
636	48    	0.234589   	0.265684 	-1        	0.478963
637	49    	0.199278   	0.367296 	-1        	0.487611
638	45    	0.230075   	0.326227 	-1        	0.487611
639	47    	0.282541   	0.199465 	-1        	0.487611
640	48    	0.29024    	0.197278 	-1        	0.46681 
641	47    	0.234639   	0.320308 	-1        	0.534982
642	45    	0.274707   	0.206505 	-1        	0.539498
643	46    	0.279776   	0.27331  	-1        	0.534982
644	43    	0.00621242 	0.573267 	-1        	0.534982
645	45    	0.233761   	0.373807 	-1        	0.534982
646	44    	0.301373   	0.220218 	-1        	0.562277
647	48    	0.208926   	0.32268  	-1        	0.534982
648	48    	0.157455   	0.394719 	-1        	0.54711 
649	48    	0.210582   	0.318063 	-1        	0.534982
650	43    	0.249256   	0.268281 	-1        	0.556937
651	45    	0.164671   	0.403233 	-1        	0.534982
652	42    	0.220444   	0.36715  	-1        	0.534982
653	46    	-0.0139358 	0.560278 	-1        	0.534982
654	44    	0.183942   	0.404369 	-1        	0.512003
655	46    	0.216239   	0.369396 	-1        	0.504673
656	49    	0.00556108 	0.541259 	-1        	0.541965
657	45    	0.197582   	0.372782 	-1        	0.541965
658	49    	0.13986    	0.390843 	-1        	0.514075
659	47    	0.0396109  	0.498344 	-1        	0.476835
660	42    	0.0972575  	0.490646 	-1        	0.479052
661	48    	-0.00300661	0.536763 	-1        	0.476532
662	43    	0.201857   	0.410361 	-1        	0.507962
663	45    	0.196341   	0.364464 	-1        	0.507962
664	43    	0.236777   	0.282415 	-1        	0.552421
665	49    	0.143613   	0.432263 	-1        	0.561107
666	45    	0.226482   	0.32148  	-1        	0.498283
667	47    	0.272429   	0.105452 	0.070663  	0.509271
668	48    	0.277142   	0.0907813	0.081125  	0.509271
669	46    	0.294941   	0.114105 	-0.0171429	0.575772
670	44    	0.279046   	0.136015 	-0.02     	0.576756
671	43    	0.297274   	0.114205 	-0.0133333	0.548615
672	47    	0.280706   	0.102408 	0.0631519 	0.520971
673	49    	0.251156   	0.111221 	-0.016    	0.502247
674	48    	0.293125   	0.122546 	-0.016    	0.632796
675	49    	0.26795    	0.124867 	-0.0175   	0.632796
676	48    	0.254339   	0.0999275	-0.02     	0.466033
677	47    	0.254715   	0.127431 	-0.0171429	0.503449
678	46    	0.247899   	0.199463 	-1        	0.581352
679	48    	0.265344   	0.126134 	-0.0166667	0.498382
680	45    	0.299185   	0.116343 	-0.0171413	0.56948 
681	50    	0.221345   	0.265225 	-1        	0.525252
682	48    	0.255944   	0.273458 	-1        	0.517775
683	48    	0.280341   	0.0939924	0.0546454 	0.517775
684	46    	0.210054   	0.36587  	-1        	0.550417
685	45    	0.284192   	0.105513 	-0.015    	0.550417
686	47    	0.167245   	0.402012 	-1        	0.591735
687	43    	0.322873   	0.105515 	0.0850712 	0.591735
688	45    	0.215132   	0.368803 	-1        	0.578643
689	48    	0.269121   	0.282857 	-1        	0.692877
690	44    	0.299524   	0.22065  	-1        	0.692877
691	45    	0.318557   	0.119704 	0.0709381 	0.692877
692	49    	0.235911   	0.26875  	-1        	0.571444
693	46    	0.213146   	0.320279 	-1        	0.4677  
694	49    	0.299199   	0.0787849	0.116017  	0.535104
695	46    	0.274831   	0.206895 	-1        	0.535104
696	48    	0.196257   	0.360029 	-1        	0.535104
697	45    	0.317387   	0.0788802	0.127485  	0.517525
698	47    	0.312786   	0.101341 	0.141098  	0.641313
699	47    	0.216373   	0.324334 	-1        	0.641313
700	45    	0.244366   	0.329441 	-1        	0.641313
701	45    	0.240164   	0.325831 	-1        	0.641313
702	48    	0.149089   	0.434316 	-1        	0.464224
703	44    	0.272172   	0.272436 	-1        	0.477018
704	48    	0.223655   	0.322268 	-1        	0.579204
705	48    	0.255439   	0.27157  	-1        	0.579204
706	48    	0.230014   	0.320611 	-1        	0.515574
707	46    	0.166119   	0.436328 	-1        	0.515574
708	44    	0.0160274  	0.546497 	-1        	0.48173 
709	37    	0.149098   	0.473611 	-1        	0.48173 
710	47    	0.24444    	0.272413 	-1        	0.496583
711	47    	0.155845   	0.436005 	-1        	0.496583
712	46    	0.189495   	0.402211 	-1        	0.496583
713	41    	0.21593    	0.368459 	-1        	0.496583
714	45    	0.166655   	0.437991 	-1        	0.527918
715	46    	0.229289   	0.373147 	-1        	0.527918
716	48    	0.160113   	0.436358 	-1        	0.566542
717	43    	0.29478    	0.209324 	-1        	0.524679
718	44    	0.199566   	0.410313 	-1        	0.524679
719	48    	0.161513   	0.435757 	-1        	0.508213
720	45    	0.068162   	0.505137 	-1        	0.459792
721	47    	0.248618   	0.3304   	-1        	0.616804
722	48    	0.248478   	0.277341 	-1        	0.616804
723	46    	0.240237   	0.330171 	-1        	0.616804
724	46    	0.283545   	0.19912  	-1        	0.454356
725	46    	0.201601   	0.362367 	-1        	0.556975
726	48    	0.2488     	0.325523 	-1        	0.556975
727	48    	0.125271   	0.458526 	-1        	0.482596
728	45    	0.170815   	0.438097 	-1        	0.520538
729	45    	0.206577   	0.410023 	-1        	0.520538
730	46    	0.274836   	0.273127 	-1        	0.591298
731	47    	0.161877   	0.439519 	-1        	0.52466 
732	45    	0.228372   	0.320782 	-1        	0.482096
733	44    	0.213092   	0.370644 	-1        	0.535399
734	48    	0.212665   	0.367609 	-1        	0.499987
735	47    	0.19495    	0.365552 	-1        	0.502444
736	45    	0.291368   	0.20101  	-1        	0.502444
737	45    	0.304064   	0.198705 	-1        	0.48631 
738	46    	0.221481   	0.370762 	-1        	0.532878
739	45    	0.109279   	0.491937 	-1        	0.493765
740	48    	0.0984118  	0.486338 	-1        	0.543787
741	47    	0.168422   	0.359991 	-1        	0.568473
742	44    	0.310093   	0.109277 	-0.016    	0.568473
743	45    	0.261726   	0.209478 	-1        	0.568473
744	45    	0.303673   	0.115592 	-0.0185714	0.568473
745	45    	0.28571    	0.103248 	0.100175  	0.568473
746	45    	0.286552   	0.0927877	-0.015    	0.486235
747	48    	0.229447   	0.263234 	-1        	0.438559
748	44    	0.152369   	0.399894 	-1        	0.491644
749	47    	0.314617   	0.08272  	0.0882785 	0.491644
750	45    	0.262839   	0.277587 	-1        	0.491644
751	46    	0.117302   	0.459864 	-1        	0.519802
752	48    	0.241847   	0.267019 	-1        	0.519802
753	47    	0.211797   	0.371091 	-1        	0.548057
754	46    	0.317559   	0.100474 	0.0313967 	0.548057
755	46    	0.318864   	0.0833848	0.170188  	0.548057
756	47    	0.20187    	0.364892 	-1        	0.50876 
757	45    	0.216175   	0.368189 	-1        	0.50876 
758	43    	0.13862    	0.467581 	-1        	0.50876 
759	47    	0.11082    	0.494837 	-1        	0.59555 
760	43    	0.208558   	0.372275 	-1        	0.59555 
761	48    	0.243874   	0.211932 	-1        	0.59555 
762	47    	0.230289   	0.328454 	-1        	0.59555 
763	46    	0.216959   	0.324019 	-1        	0.59555 
764	45    	0.267014   	0.216421 	-1        	0.59555 
765	46    	0.260677   	0.204965 	-1        	0.484398
766	43    	0.232085   	0.373873 	-1        	0.521323
767	44    	0.235348   	0.325599 	-1        	0.521323
768	45    	0.263805   	0.269514 	-1        	0.532763
769	47    	0.157595   	0.438537 	-1        	0.521323
770	43    	0.276147   	0.277098 	-1        	0.515218
771	39    	0.33673    	0.105587 	0.137734  	0.515218
772	46    	0.273308   	0.275751 	-1        	0.52734 
773	44    	0.216174   	0.371437 	-1        	0.537304
774	47    	0.208886   	0.318289 	-1        	0.537304
775	44    	0.212164   	0.321138 	-1        	0.537304
776	39    	0.348421   	0.0965619	0.129533  	0.537304
777	46    	0.287823   	0.205187 	-1        	0.537304
778	40    	0.301831   	0.207987 	-1        	0.537304
779	47    	0.242483   	0.32495  	-1        	0.537304
780	44    	0.260513   	0.277059 	-1        	0.537304
781	42    	0.309857   	0.103373 	-0.016    	0.473673
782	44    	0.24588    	0.26749  	-1        	0.473673
783	44    	0.258271   	0.271548 	-1        	0.526771
784	42    	0.270275   	0.276114 	-1        	0.557316
785	42    	0.333338   	0.112196 	-0.0133333	0.557316
786	42    	0.275945   	0.341387 	-1        	0.557316
787	46    	0.22173    	0.324047 	-1        	0.557316
788	43    	0.324641   	0.113562 	0.0881727 	0.557316
789	47    	0.234453   	0.376152 	-1        	0.667478
790	47    	0.285225   	0.205399 	-1        	0.557316
791	47    	0.224863   	0.32035  	-1        	0.557316
792	47    	0.208251   	0.367626 	-1        	0.557316
793	45    	0.262851   	0.280772 	-1        	0.519067
794	49    	0.231179   	0.322442 	-1        	0.575153
795	49    	0.253069   	0.272855 	-1        	0.487296
796	46    	0.220865   	0.332056 	-1        	0.487296
797	49    	0.279042   	0.270523 	-1        	0.500911
798	43    	0.207961   	0.411517 	-1        	0.518365
799	47    	0.256807   	0.273589 	-1        	0.534893
800	46    	0.163954   	0.437826 	-1        	0.525905
801	46    	0.147222   	0.470365 	-1        	0.525905
802	44    	0.0825382  	0.514551 	-1        	0.518687
803	44    	0.213821   	0.373922 	-1        	0.611536
804	46    	0.260388   	0.282721 	-1        	0.611536
805	48    	0.287813   	0.108084 	-0.0184617	0.583104
806	48    	0.296881   	0.0883354	0.12902   	0.583104
807	46    	0.29413    	0.0755874	0.132454  	0.583104
808	44    	0.279675   	0.203613 	-1        	0.583104
809	41    	0.310461   	0.104125 	-0.016    	0.583104
810	44    	0.287465   	0.28513  	-1        	0.583104
811	47    	0.22684    	0.372213 	-1        	0.600523
812	47    	0.103639   	0.490011 	-1        	0.581802
813	44    	0.202237   	0.365892 	-1        	0.499871
814	43    	0.299628   	0.20782  	-1        	0.499871
815	47    	0.289883   	0.204302 	-1        	0.499871
816	49    	0.136568   	0.429523 	-1        	0.584562
817	43    	0.157853   	0.434614 	-1        	0.584562
818	45    	0.146342   	0.431859 	-1        	0.550011
819	46    	0.232472   	0.319269 	-1        	0.459361
820	45    	0.258025   	0.26883  	-1        	0.459361
821	46    	0.195899   	0.361652 	-1        	0.467576
822	46    	0.160667   	0.434962 	-1        	0.517823
823	45    	0.184951   	0.408712 	-1        	0.679422
824	46    	0.291615   	0.208343 	-1        	0.679422
825	46    	0.261232   	0.277251 	-1        	0.679422
826	47    	0.223169   	0.319197 	-1        	0.500449
827	48    	0.286201   	0.0732073	0.12702   	0.494375
828	45    	0.272169   	0.266485 	-1        	0.494375
829	47    	0.256112   	0.327168 	-1        	0.54309 
830	44    	0.222164   	0.373498 	-1        	0.54309 
831	45    	0.290049   	0.277205 	-1        	0.54309 
832	43    	0.235895   	0.32911  	-1        	0.54309 
833	48    	0.275459   	0.195472 	-1        	0.461406
834	46    	0.299115   	0.0954327	0.0983317 	0.557363
835	46    	0.180506   	0.400093 	-1        	0.47548 
836	44    	0.214655   	0.368731 	-1        	0.477122
837	43    	0.136168   	0.464401 	-1        	0.477122
838	46    	0.248299   	0.277556 	-1        	0.595629
839	45    	0.208401   	0.368342 	-1        	0.595629
840	46    	0.257161   	0.264641 	-1        	0.489517
841	44    	0.267341   	0.2699   	-1        	0.489517
842	46    	0.182469   	0.355473 	-1        	0.489517
843	44    	0.262087   	0.268818 	-1        	0.489517
844	48    	0.175459   	0.400591 	-1        	0.50006 
845	47    	0.114498   	0.456694 	-1        	0.46569 
846	46    	0.096953   	0.484891 	-1        	0.473562
847	46    	0.147841   	0.429208 	-1        	0.436551
848	45    	0.247611   	0.270009 	-1        	0.535217
849	45    	0.10615    	0.488788 	-1        	0.535217
850	48    	0.13272    	0.461163 	-1        	0.44288 
851	50    	0.182369   	0.357201 	-1        	0.473207
852	42    	0.213995   	0.314256 	-1        	0.473207
853	45    	0.135156   	0.432505 	-1        	0.473675
854	49    	0.193212   	0.362528 	-1        	0.455185
855	45    	0.217774   	0.323716 	-1        	0.494479
856	46    	0.203238   	0.364829 	-1        	0.494479
857	46    	0.077835   	0.511326 	-1        	0.494479
858	44    	0.237226   	0.32328  	-1        	0.490782
859	45    	0.223626   	0.369095 	-1        	0.49914 
860	47    	0.0481126  	0.528536 	-1        	0.490782
861	49    	0.192499   	0.363535 	-1        	0.481551
862	47    	0.0618841  	0.503834 	-1        	0.45549 
863	46    	-0.342642  	0.660239 	-1        	0.485429
864	44    	-0.159299  	0.635685 	-1        	0.485429
865	47    	-0.512439  	0.627717 	-1        	0.485429
866	45    	-0.180337  	0.644393 	-1        	0.431604
867	50    	0.0116069  	0.541497 	-1        	0.478788
868	46    	0.0924776  	0.482811 	-1        	0.521435
869	44    	0.133862   	0.46477  	-1        	0.521435
870	44    	0.210565   	0.371975 	-1        	0.521435
871	45    	0.167252   	0.440351 	-1        	0.573945
872	49    	0.207252   	0.365127 	-1        	0.520412
873	47    	0.113597   	0.492185 	-1        	0.552672
874	45    	0.203228   	0.365588 	-1        	0.552672
875	49    	0.193792   	0.357358 	-1        	0.444596
876	47    	0.240766   	0.32372  	-1        	0.457504
877	46    	0.255497   	0.274177 	-1        	0.532743
878	45    	0.258489   	0.273119 	-1        	0.530597
879	46    	0.23246    	0.321435 	-1        	0.530597
880	47    	0.162822   	0.438542 	-1        	0.502095
881	48    	0.206833   	0.365318 	-1        	0.49998 
882	47    	0.0338953  	0.525433 	-1        	0.49998 
883	43    	0.244344   	0.325043 	-1        	0.49998 
884	45    	0.155841   	0.436392 	-1        	0.49998 
885	46    	0.232208   	0.373757 	-1        	0.531106
886	46    	0.205521   	0.367377 	-1        	0.495145
887	46    	0.188713   	0.406267 	-1        	0.526818
888	50    	0.179416   	0.399125 	-1        	0.481134
889	46    	0.144752   	0.471197 	-1        	0.632346
890	46    	0.232302   	0.328547 	-1        	0.632346
891	48    	0.000516964	0.568131 	-1        	0.632346
892	46    	0.195238   	0.411738 	-1        	0.632346
893	48    	0.157069   	0.433974 	-1        	0.503942
894	47    	0.0263603  	0.520875 	-1        	0.503942
895	45    	0.18621    	0.364324 	-1        	0.503942
896	45    	0.294164   	0.205355 	-1        	0.503942
897	43    	0.312811   	0.215922 	-1        	0.588198
898	49    	0.282461   	0.203984 	-1        	0.588198
899	49    	0.105951   	0.45117  	-1        	0.433541
900	44    	0.271634   	0.200452 	-1        	0.490397
901	44    	0.150102   	0.431924 	-1        	0.437379
902	47    	-0.0827064 	0.604829 	-1        	0.555176
903	47    	0.0142591  	0.543282 	-1        	0.555176
904	47    	-0.0272062 	0.580739 	-1        	0.452353
905	49    	0.0580215  	0.53368  	-1        	0.484421
906	46    	-0.0401363 	0.603001 	-1        	0.508141
907	47    	-0.0709112 	0.613898 	-1        	0.57494 
908	46    	-0.133506  	0.627478 	-1        	0.57494 
909	45    	0.083924   	0.513838 	-1        	0.57494 
910	46    	0.107665   	0.457926 	-1        	0.57494 
911	45    	0.208034   	0.36847  	-1        	0.57494 
912	46    	0.254574   	0.26917  	-1        	0.48365 
913	48    	0.137436   	0.42584  	-1        	0.412163
914	48    	0.165502   	0.393164 	-1        	0.413461
915	44    	0.00504625 	0.570124 	-1        	0.52235 
916	47    	0.268283   	0.210833 	-1        	0.52235 
917	47    	0.0888802  	0.48127  	-1        	0.494017
918	45    	0.146241   	0.469235 	-1        	0.499272
919	46    	0.00255093 	0.568676 	-1        	0.494017
920	43    	-0.173114  	0.651951 	-1        	0.494017
921	47    	-0.122428  	0.634953 	-1        	0.599871
922	45    	-0.0874002 	0.628683 	-1        	0.469231
923	45    	0.182813   	0.400307 	-1        	0.475374
924	47    	0.105226   	0.487973 	-1        	0.493995
925	43    	0.176171   	0.401146 	-1        	0.493995
926	48    	0.159963   	0.397229 	-1        	0.509772
927	39    	0.224891   	0.372446 	-1        	0.509772
928	45    	0.192396   	0.411968 	-1        	0.59863 
929	49    	0.206305   	0.317976 	-1        	0.473679
930	46    	0.143759   	0.394778 	-1        	0.489261
931	47    	0.227026   	0.324785 	-1        	0.492509
932	49    	0.137329   	0.463328 	-1        	0.537473
933	45    	0.16719    	0.438711 	-1        	0.474282
934	46    	0.232864   	0.325448 	-1        	0.512804
935	45    	0.192353   	0.405511 	-1        	0.481466
936	49    	-0.08688   	0.604701 	-1        	0.698479
937	47    	0.111883   	0.492104 	-1        	0.698479
938	47    	0.0695444  	0.543629 	-1        	0.761758
939	42    	0.0855001  	0.549567 	-1        	0.495984
940	47    	0.0835247  	0.483426 	-1        	0.548345
941	49    	0.205873   	0.36388  	-1        	0.537824
942	41    	0.216549   	0.372629 	-1        	0.537824
943	45    	0.288282   	0.212122 	-1        	0.537824
944	44    	0.160345   	0.438285 	-1        	0.537824
945	44    	0.104176   	0.492134 	-1        	0.537824
946	44    	0.161953   	0.43803  	-1        	0.603979
947	45    	0.264598   	0.269599 	-1        	0.498934
948	47    	0.184507   	0.357544 	-1        	0.498934
949	48    	0.276379   	0.200957 	-1        	0.504026
950	48    	0.145148   	0.433553 	-1        	0.488127
951	46    	0.31536    	0.0832718	0.162169  	0.51584 
952	49    	0.258371   	0.26947  	-1        	0.485008
953	47    	0.233538   	0.326751 	-1        	0.555287
954	48    	0.252892   	0.276616 	-1        	0.757195
955	48    	0.218671   	0.322637 	-1        	0.555287
956	46    	0.213777   	0.370289 	-1        	0.522715
957	47    	0.185299   	0.367592 	-1        	0.582975
958	42    	0.241072   	0.329706 	-1        	0.582975
959	46    	0.251748   	0.32797  	-1        	0.526424
960	46    	0.0824332  	0.511976 	-1        	0.526424
961	45    	-0.0955011 	0.626124 	-1        	0.526424
962	44    	-0.266151  	0.682331 	-1        	0.55466 
963	46    	-0.213232  	0.648697 	-1        	0.567945
964	45    	0.112246   	0.492982 	-1        	0.567945
965	44    	-0.150677  	0.61669  	-1        	0.472623
966	48    	0.129768   	0.424347 	-1        	0.549934
967	46    	0.129907   	0.426016 	-1        	0.549934
968	45    	0.195408   	0.362137 	-1        	0.463334
969	50    	0.233066   	0.188029 	-1        	0.42741 
970	41    	0.159391   	0.394283 	-1        	0.507072
971	43    	0.280649   	0.207311 	-1        	0.592772
972	46    	0.214532   	0.323097 	-1        	0.50724 
973	45    	0.221028   	0.325269 	-1        	0.574357
974	45    	0.293492   	0.117055 	-0.02     	0.574357
975	46    	0.278371   	0.109065 	0.0747684 	0.574357
976	49    	0.224598   	0.271141 	-1        	0.550476
977	49    	0.268607   	0.0838803	-0.0166668	0.448712
978	50    	0.254332   	0.0977042	-0.016    	0.51539 
979	48    	0.262952   	0.0865316	0.0326858 	0.431715
980	48    	0.269814   	0.110676 	-0.01875  	0.468317
981	47    	0.263251   	0.107834 	-0.0186667	0.468317
982	46    	0.296838   	0.0840763	0.159987  	0.476775
983	45    	0.277187   	0.105105 	-0.02     	0.476775
984	46    	0.275551   	0.096981 	0.0694902 	0.470142
985	48    	0.257329   	0.0921086	0.0709564 	0.45996 
986	44    	0.28126    	0.0970675	0.0853194 	0.45996 
987	50    	0.262112   	0.096711 	-0.015    	0.473032
988	45    	0.269606   	0.205505 	-1        	0.473032
989	47    	0.287932   	0.0967739	-0.0177778	0.488224
990	45    	0.0806566  	0.479938 	-1        	0.488224
991	47    	0.178554   	0.401406 	-1        	0.509789
992	45    	0.247423   	0.268894 	-1        	0.509789
993	47    	0.231288   	0.262898 	-1        	0.473032
994	46    	0.296122   	0.0942072	-0.02     	0.477441
995	46    	0.201587   	0.313723 	-1        	0.477441
996	47    	0.304322   	0.0952312	0.0797237 	0.547361
997	42    	0.245298   	0.326321 	-1        	0.547361
998	46    	0.311195   	0.0733342	0.164206  	0.496647
999	45    	0.18641    	0.404105 	-1        	0.50436 
1000	45    	0.316271   	0.0747574	0.158897  	0.50436 
Best individuals:
(0.8586823265056229,) 	-->	 /*9*/DRDFBRFLRUUUR
VMNeuronManager.autoload: Neuro classes added: Delay Light Nn PIDP PIDV SeeLight SeeLight2 S0 S1 Thr 
UserScripts.autoload: 19 user scripts added.
Simulator.load: Loading from 'eval-allcriteria.sim'
Loader.load: Comments read from file follow:
Loader.load:  Sample settings for evaluating many criteria of performance of a Framsticks creature.
Loader.load:  See the "evalcount" parameter if you want to speed the evaluation up or have a more stable result.
Loader.load:  Other important parameters are "Energy0" and "perfperiod".
Loader.load:  Put this file in the "data" subdirectory within the Framsticks distribution.
Simulator.load: Settings loaded from 'eval-allcriteria.sim'
Simulator.load: Loading from 'deterministic.sim'
Loader.load: Comments read from file follow:
Loader.load:  Parameter values that make the evaluation of a Framsticks creature deterministic.
Loader.load:  The values turn off random noise, so evaluation of the same genotype will always yield the same performance.
Loader.load:  The advantage is that you do not need to evaluate a genotype many times, and performance values are reliable.
Loader.load:  The disadvantage is that evolved creatures are "overfitting", i.e. rely entirely on the specific environment,
Loader.load:  and their behavior may be different in any other environment or (even slightly) changed conditions or parameter values,
Loader.load:  so each creature evolved using these settings must be later inspected using exactly the same setup.
Loader.load: 
Loader.load:  Before loading this file, load base settings, e.g. "eval-allcriteria.sim".
Loader.load:  Put this file in the "data" subdirectory within the Framsticks distribution.
Simulator.load: Settings loaded from 'deterministic.sim'
Simulator.load: Loading from 'sample-period-2.sim'
Loader.load: Comments read from file follow:
Loader.load:  Very low "performance sampling period" in the first population to sample performance very often during lifespan
Loader.load:  and avoid overlooking some behavior. Averaged performance of sampled values is returned as the final value.
Loader.load:  See http://www.framsticks.com/a/al_params.html#exper-perfcalc
Loader.load: 
Loader.load:  Before loading this file, load base settings, e.g. "eval-allcriteria.sim".
Loader.load:  Put this file in the "data" subdirectory within the Framsticks distribution.
Simulator.load: Loading from 'f9-mut-050.sim'
Simulator.load: Settings loaded from 'f9-mut-050.sim'
