gen	nevals	avg     	stddev	min     	max     
0  	50    	0.218369	0     	0.218369	0.218369
1  	49    	0.0717398	0.111405	-0.0150001	0.306831
2  	49    	0.120324 	0.12023 	-0.02     	0.514537
3  	43    	0.16178  	0.155262	-0.02     	0.514537
4  	45    	0.22381  	0.164565	-0.016    	0.812825
5  	49    	0.230182 	0.191207	-0.0160001	0.812825
6  	48    	0.244395 	0.196931	-0.02     	0.58128 
7  	46    	0.28767  	0.201729	-0.0166667	0.68981 
8  	49    	0.186895 	0.199503	-0.0171429	0.581352
9  	46    	0.255728 	0.194025	-0.0171429	0.702382
10 	46    	0.296665 	0.223705	-0.0171429	0.812308
11 	45    	0.311472 	0.267958	-0.02     	0.812308
12 	46    	0.329276 	0.247193	-0.0166667	0.812308
13 	47    	0.354514 	0.277823	-0.02     	0.812977
14 	46    	0.295528 	0.282407	-0.02     	0.812825
15 	40    	0.366899 	0.283216	-0.0171429	0.818806
16 	48    	0.268303 	0.241029	-0.0171429	0.811247
17 	46    	0.349696 	0.23024 	-0.016    	0.812825
18 	47    	0.327569 	0.254774	-0.0166667	0.811247
19 	46    	0.30999  	0.253109	-0.0166667	0.811247
20 	43    	0.360782 	0.27578 	-0.0166667	0.811247
21 	46    	0.394294 	0.256945	-0.0171428	0.811247
22 	47    	0.342939 	0.263394	-0.0166667	0.813708
23 	43    	0.402094 	0.280783	-0.0171429	0.813756
24 	48    	0.273168 	0.292717	-0.02     	0.813756
25 	43    	0.309009 	0.291694	-0.0166667	0.813756
26 	46    	0.245676 	0.244426	-0.0166667	0.813756
27 	45    	0.237612 	0.213511	-0.0166667	0.813756
28 	48    	0.30905  	0.215138	-0.0166667	0.813708
29 	44    	0.342472 	0.235276	-0.0166667	0.732661
30 	47    	0.339164 	0.249538	-0.0171429	0.749401
31 	44    	0.35168  	0.246679	-0.0171429	0.732661
32 	47    	0.262061 	0.265308	-0.0175   	0.732935
33 	46    	0.317536 	0.27363 	-0.02     	0.813708
34 	45    	0.321873 	0.266428	-0.0175001	0.832826
35 	42    	0.342392 	0.275325	-0.02     	0.813708
36 	49    	0.219016 	0.230175	-0.02     	0.832826
37 	48    	0.281877 	0.240888	-0.0166667	0.833485
38 	46    	0.343349 	0.285654	-0.0174999	0.833485
39 	48    	0.287982 	0.267677	-0.02     	0.833485
40 	47    	0.316526 	0.274408	-0.0177778	0.833485
41 	47    	0.367103 	0.249462	-0.02     	0.77229 
42 	48    	0.398064 	0.266425	-0.02     	0.836975
43 	47    	0.355445 	0.265928	-0.0175   	0.820739
44 	48    	0.387655 	0.269338	-0.016    	0.813417
45 	47    	0.388245 	0.266507	-0.02     	0.829557
46 	49    	0.381745 	0.257593	-0.02     	0.829524
47 	47    	0.372059 	0.25557 	-0.018    	0.829524
48 	46    	0.433725 	0.250974	-0.0149999	0.829524
49 	45    	0.37642  	0.247488	-0.0177778	0.829524
50 	44    	0.400726 	0.268613	-0.0199999	0.93732 
51 	47    	0.473321 	0.326747	-0.02     	0.93732 
52 	46    	0.365718 	0.265812	-0.017143 	0.93732 
53 	48    	0.432745 	0.25441 	-0.016    	0.927982
54 	43    	0.471327 	0.28631 	0.124015  	0.927982
55 	42    	0.460132 	0.325922	-0.0171429	0.927982
56 	48    	0.400791 	0.280146	-0.0171428	0.927982
57 	48    	0.42989  	0.288712	-0.016    	0.940936
58 	47    	0.409717 	0.276995	0.0715819 	0.940936
59 	47    	0.436269 	0.290205	-0.0171411	0.940936
60 	46    	0.400903 	0.279371	0.10706   	0.940936
61 	48    	0.332473 	0.192575	0.0854634 	0.838909
62 	44    	0.485237 	0.241099	0.0739022 	0.857388
63 	48    	0.448136 	0.264092	0.0904698 	0.85738 
64 	46    	0.35606  	0.310392	-1        	0.85738 
65 	48    	0.43543  	0.24421 	0.0881834 	0.85738 
66 	45    	0.379945 	0.222972	0.138685  	0.85738 
67 	45    	0.405224 	0.229097	0.0850331 	0.85738 
68 	45    	0.425843 	0.268094	0.110071  	0.85738 
69 	48    	0.446795 	0.265333	0.0997535 	0.85738 
70 	44    	0.464359 	0.269624	0.0627922 	0.85738 
71 	45    	0.464075 	0.347456	-1        	0.85765 
72 	44    	0.454498 	0.354881	-1        	0.885309
73 	44    	0.482529 	0.268313	0.115335  	0.912328
74 	47    	0.459535 	0.26914 	0.0845449 	0.912328
75 	47    	0.392566 	0.323724	-1        	0.912328
76 	45    	0.439117 	0.259659	0.129438  	0.912328
77 	46    	0.386924 	0.237143	-0.016    	0.915263
78 	46    	0.481632 	0.271967	0.105388  	0.915263
79 	47    	0.470279 	0.279717	-0.015    	0.856932
80 	42    	0.445585 	0.271632	0.0986921 	0.856932
81 	41    	0.456495 	0.2683  	0.108526  	0.915551
82 	44    	0.428215 	0.273413	0.118225  	0.904843
83 	43    	0.4225   	0.285904	-0.0133334	0.904843
84 	44    	0.427693 	0.275748	0.0546319 	0.914004
85 	45    	0.373042 	0.298991	0.0744775 	0.914004
86 	47    	0.342013 	0.29132 	-0.0166667	0.914004
87 	48    	0.420431 	0.28396 	0.112964  	0.904843
88 	46    	0.367316 	0.262022	-0.015    	0.85521 
89 	46    	0.446933 	0.240961	0.0593584 	0.85521 
90 	48    	0.407804 	0.231598	0.0894273 	0.882753
91 	43    	0.561325 	0.243152	0.107046  	0.906873
92 	46    	0.424021 	0.345293	-1        	0.908288
93 	47    	0.365148 	0.491112	-1        	0.908288
94 	46    	0.313378 	0.410218	-1        	0.856795
95 	46    	0.440739 	0.335721	-1        	0.856795
96 	47    	0.446613 	0.280854	0.0840718 	0.97557 
97 	46    	0.503762 	0.29357 	0.113549  	0.97557 
98 	46    	0.395391 	0.273351	-0.0177778	0.97557 
99 	42    	0.469561 	0.315895	0.0581686 	0.97557 
100	46    	0.415836 	0.291365	-0.0171428	0.97557 
101	49    	0.359307 	0.245311	0.0626599 	0.97557 
102	45    	0.387093 	0.268578	-0.0166668	0.97557 
103	42    	0.440715 	0.267354	0.119416  	0.97557 
104	44    	0.420408 	0.296244	0.0634972 	0.97557 
105	46    	0.38128  	0.272485	0.0400874 	0.97557 
106	47    	0.407152 	0.276777	-0.015    	0.97557 
107	46    	0.404344 	0.272655	0.0630039 	0.97557 
108	42    	0.466022 	0.286067	0.100757  	0.97557 
109	46    	0.398136 	0.298853	-0.0177778	0.97557 
110	45    	0.444359 	0.309403	-0.0133332	0.97557 
111	48    	0.49253  	0.325248	-0.0159999	0.976293
112	47    	0.366491 	0.4035  	-1        	0.976293
113	48    	0.397865 	0.266736	-0.02     	0.976293
114	45    	0.379715 	0.325948	-1        	0.976293
115	47    	0.468213 	0.287367	0.0836094 	0.976293
116	47    	0.404197 	0.285854	-0.0175   	0.919092
117	48    	0.477881 	0.291513	0.0884472 	0.928547
118	46    	0.424594 	0.31645 	-0.02     	0.928547
119	49    	0.485201 	0.294195	-0.02     	0.986427
120	42    	0.538186 	0.327566	0.0641139 	0.986427
121	42    	0.50885  	0.332272	0.0641139 	0.986427
122	47    	0.408549 	0.316769	0.0641139 	0.986427
123	43    	0.467982 	0.381131	-1        	0.986427
124	48    	0.440694 	0.312574	-0.0171428	0.986427
125	49    	0.385471 	0.2843  	0.0324212 	0.914101
126	48    	0.344332 	0.256618	-0.0200001	0.868617
127	47    	0.520539 	0.269803	-0.0177778	0.912259
128	46    	0.469955 	0.275704	0.116951  	0.94336 
129	48    	0.419449 	0.451747	-1        	0.919366
130	45    	0.382825 	0.578754	-1        	0.94336 
131	46    	0.395099 	0.411361	-1        	0.964563
132	47    	0.517443 	0.275208	0.0694699 	0.964563
133	48    	0.293918 	0.662952	-1        	0.964563
134	47    	0.501955 	0.320133	-0.01     	0.964563
135	47    	0.424377 	0.519682	-1        	0.964563
136	49    	0.468698 	0.345421	-1        	0.918301
137	47    	0.430154 	0.411726	-1        	0.993193
138	47    	0.359016 	0.516561	-1        	0.928008
139	47    	0.381575 	0.439409	-1        	0.964189
140	46    	0.256419 	0.534335	-1        	0.964189
141	44    	0.299563 	0.552517	-1        	0.970205
142	46    	0.421262 	0.515112	-1        	0.970205
143	45    	0.480039 	0.435415	-1        	0.993285
144	48    	0.287512 	0.469972	-1        	0.982024
145	45    	0.521318 	0.381549	-1        	0.983044
146	42    	0.377668 	0.54504 	-1        	0.983044
147	45    	0.326023 	0.563595	-1        	0.983044
148	45    	0.239042 	0.645039	-1        	0.983044
149	45    	0.449667 	0.411923	-1        	0.983044
150	49    	0.432846 	0.460482	-1        	0.983044
151	44    	0.406735 	0.458487	-1        	0.935545
152	46    	0.43287  	0.458825	-1        	0.942476
153	48    	0.339408 	0.526351	-1        	0.950892
154	47    	0.553643 	0.412876	-1        	0.942476
155	46    	0.485977 	0.468945	-1        	0.942476
156	47    	0.312641 	0.51512 	-1        	0.942476
157	45    	0.436112 	0.427961	-1        	0.95404 
158	49    	0.258113 	0.626329	-1        	0.958264
159	44    	0.354847 	0.586121	-1        	0.986476
160	48    	0.427583 	0.430963	-1        	0.960825
161	41    	0.436744 	0.567534	-1        	0.994685
162	49    	0.226734 	0.525839	-1        	0.947641
163	44    	0.199048 	0.583364	-1        	0.947641
164	47    	0.374031 	0.531758	-1        	0.917267
165	46    	0.263008 	0.614416	-1        	0.917267
166	48    	0.366793 	0.528343	-1        	0.918654
167	47    	0.316453 	0.606569	-1        	1.09069 
168	47    	0.136285 	0.669038	-1        	1.09069 
169	46    	0.442886 	0.436688	-1        	1.02434 
170	47    	0.23051  	0.648434	-1        	1.06681 
171	45    	0.276306 	0.506413	-1        	1.06681 
172	44    	0.517598 	0.454379	-1        	1.06681 
173	45    	0.285179 	0.557033	-1        	1.06681 
174	43    	0.198382 	0.629627	-1        	1.06681 
175	46    	0.0428614	0.700449	-1        	1.06681 
176	44    	0.234544 	0.615527	-1        	1.06681 
177	43    	0.377754 	0.517428	-1        	1.12824 
178	47    	0.19384  	0.602394	-1        	1.12824 
179	47    	0.267962 	0.459473	-1        	1.11322 
180	48    	0.368173 	0.491544	-1        	1.11322 
181	47    	0.338756 	0.470167	-1        	0.978314
182	48    	0.391815 	0.436357	-1        	0.959613
183	46    	0.244376 	0.606776	-1        	0.976674
184	46    	0.296453 	0.587185	-1        	0.959613
185	48    	0.274451 	0.612418	-1        	1.02712 
186	47    	0.181836 	0.604951	-1        	1.03288 
187	48    	0.386277 	0.494392	-1        	1.01405 
188	44    	0.428107 	0.509928	-1        	1.01405 
189	45    	0.348652 	0.536056	-1        	0.971537
190	46    	0.403436 	0.595487	-1        	0.972422
191	47    	0.433781 	0.545216	-1        	0.972422
192	45    	0.53188  	0.360816	-1        	0.95416 
193	47    	0.4599   	0.397369	-1        	0.934747
194	43    	0.551632 	0.358939	-1        	0.935891
195	48    	0.385291 	0.430738	-1        	0.963559
196	46    	0.454586 	0.497767	-1        	0.932158
197	43    	0.515229 	0.406268	-1        	0.944492
198	49    	0.368034 	0.521217	-1        	0.944492
199	42    	0.560194 	0.417357	-1        	0.960815
200	46    	0.362578 	0.612352	-1        	1.00952 
201	47    	0.470078 	0.4613  	-1        	1.00952 
202	45    	0.417279 	0.550182	-1        	1.00807 
203	45    	0.387945 	0.581491	-1        	1.00807 
204	47    	0.382216 	0.54376 	-1        	1.00298 
205	48    	0.447162 	0.332045	-1        	1.00298 
206	47    	0.386418 	0.532381	-1        	1.00298 
207	46    	0.434918 	0.508532	-1        	1.00298 
208	47    	0.358424 	0.609063	-1        	0.985529
209	47    	0.478951 	0.353728	-1        	0.981723
210	46    	0.403804 	0.487033	-1        	0.984602
211	46    	0.500856 	0.465321	-1        	0.983604
212	45    	0.434865 	0.505276	-1        	0.983604
213	46    	0.515474 	0.441031	-1        	0.984281
214	47    	0.415957 	0.399234	-1        	0.983604
215	45    	0.466815 	0.519196	-1        	0.984265
216	47    	0.478908 	0.478302	-1        	0.984265
217	46    	0.478097 	0.354997	-1        	0.983604
218	45    	0.329076 	0.524689	-1        	0.983604
219	45    	0.358009 	0.447701	-1        	0.98798 
220	45    	0.310751 	0.543193	-1        	1.01894 
221	45    	0.481067 	0.426456	-1        	1.01894 
222	48    	0.2127   	0.591518	-1        	1.01894 
223	45    	0.363886 	0.547956	-1        	1.01894 
224	44    	0.389058 	0.510126	-1        	1.01894 
225	45    	0.545921 	0.343784	-0.0166667	1.01894 
226	47    	0.409498 	0.472705	-1        	1.01894 
227	48    	0.296097 	0.464916	-1        	1.01894 
228	47    	0.328076 	0.421021	-1        	0.982448
229	46    	0.451194 	0.406639	-1        	1.01894 
230	48    	0.336065 	0.564312	-1        	1.01894 
231	45    	0.523976 	0.388191	-1        	1.01894 
232	50    	0.287998 	0.399213	-1        	0.973445
233	42    	0.385121 	0.493855	-1        	0.973445
234	44    	0.419323 	0.558511	-1        	0.973445
235	46    	0.182411 	0.608954	-1        	0.973445
236	44    	0.484653 	0.360021	-1        	0.973445
237	43    	0.389096 	0.466158	-1        	0.973445
238	47    	0.381091 	0.500032	-1        	0.973445
239	47    	0.393681 	0.398015	-1        	0.973445
240	47    	0.420092 	0.341107	-1        	0.973445
241	46    	0.367697 	0.392567	-1        	0.974733
242	45    	0.517229 	0.308535	0.12873   	0.974733
243	44    	0.349261 	0.546667	-1        	1.01894 
244	42    	0.431822 	0.493856	-1        	1.01894 
245	48    	0.3313   	0.486768	-1        	0.983253
246	44    	0.444158 	0.366763	-1        	0.974733
247	44    	0.448123 	0.388124	-1        	0.974733
248	48    	0.283922 	0.478887	-1        	0.974733
249	47    	0.340263 	0.440614	-1        	0.974733
250	45    	0.407356 	0.411298	-1        	0.974733
251	46    	0.364033 	0.320433	-1        	0.973445
252	47    	0.374826 	0.490745	-1        	0.973445
253	49    	0.330338 	0.521503	-1        	0.941411
254	45    	0.444887 	0.328064	-1        	0.980574
255	46    	0.405392 	0.428265	-1        	0.980574
256	46    	0.44134  	0.503409	-1        	0.980574
257	49    	0.38322  	0.433866	-1        	0.929867
258	46    	0.338385 	0.575115	-1        	0.987402
259	45    	0.362378 	0.502184	-1        	0.96336 
260	45    	0.375941 	0.460053	-1        	0.968216
261	48    	0.331705 	0.386104	-1        	0.967882
262	43    	0.401149 	0.406807	-1        	0.967882
263	46    	0.377342 	0.384679	-1        	0.978731
264	48    	0.332612 	0.376096	-1        	0.978731
265	44    	0.41423  	0.364455	-1        	0.978731
266	41    	0.3405   	0.44913 	-1        	0.987657
267	48    	0.303231 	0.44192 	-1        	0.987657
268	45    	0.306404 	0.438799	-1        	0.987657
269	47    	0.382681 	0.424815	-1        	0.987657
270	48    	0.221013 	0.483282	-1        	0.988362
271	46    	0.346204 	0.275273	-0.02     	0.988362
272	49    	0.218292 	0.382087	-1        	0.988362
273	46    	0.268005 	0.466939	-1        	0.988362
274	44    	0.4275   	0.46536 	-1        	0.980681
275	47    	0.300963 	0.434313	-1        	0.988362
276	45    	0.347093 	0.457512	-1        	0.988362
277	45    	0.278659 	0.473724	-1        	0.988362
278	46    	0.194575 	0.508771	-1        	0.988362
279	45    	0.304814 	0.425908	-1        	0.988362
280	44    	0.366184 	0.399938	-1        	0.988362
281	47    	0.250617 	0.31524 	-1        	0.956221
282	46    	0.269482 	0.239107	-1        	0.944346
283	46    	0.185039 	0.476908	-1        	0.944346
284	47    	0.355466 	0.384888	-1        	0.944929
285	48    	0.312298 	0.346494	-1        	0.944346
286	49    	0.260222 	0.385009	-1        	0.900044
287	44    	0.269065 	0.535279	-1        	0.886402
288	48    	0.299832 	0.422418	-1        	0.944346
289	46    	0.394922 	0.350667	-1        	0.944346
290	46    	0.320373 	0.479106	-1        	0.986657
291	45    	0.433403 	0.418178	-1        	0.986657
292	45    	0.34426  	0.531476	-1        	0.997396
293	44    	0.326315 	0.485109	-1        	0.986657
294	44    	0.409021 	0.454136	-1        	0.986657
295	46    	0.367793 	0.49794 	-1        	0.98808 
296	44    	0.363701 	0.508614	-1        	0.98808 
297	46    	0.279834 	0.588495	-1        	0.98808 
298	48    	0.271759 	0.502221	-1        	0.98808 
299	46    	0.35248  	0.577582	-1        	0.98808 
300	48    	0.432836 	0.435916	-1        	0.98808 
301	46    	0.299311 	0.523652	-1        	0.98808 
302	46    	0.331887 	0.43321 	-1        	0.98808 
303	46    	0.285737 	0.554208	-1        	0.955589
304	49    	0.120674 	0.714947	-1        	0.973426
305	47    	0.458601 	0.370358	-1        	0.973426
306	47    	0.37194  	0.587697	-1        	0.973426
307	48    	0.352513 	0.409949	-1        	0.973426
308	47    	0.30585  	0.510907	-1        	0.961451
309	47    	0.341448 	0.422655	-1        	0.954424
310	45    	0.473751 	0.32981 	-1        	0.948876
311	45    	0.452983 	0.410222	-1        	0.973734
312	47    	0.500264 	0.270401	0.183942  	0.973734
313	49    	0.352795 	0.43365 	-1        	0.951782
314	45    	0.319763 	0.561326	-1        	0.973734
315	48    	0.433653 	0.45587 	-1        	0.956366
316	46    	0.501556 	0.413376	-1        	0.956366
317	46    	0.323551 	0.519973	-1        	0.956366
318	46    	0.466805 	0.286113	0.153005  	0.974423
319	43    	0.460406 	0.381655	-1        	0.974423
320	46    	0.10467  	0.646595	-1        	0.974423
321	46    	0.44393  	0.404028	-1        	0.974423
322	46    	0.379599 	0.429477	-1        	0.939637
323	45    	0.294954 	0.548828	-1        	0.933991
324	48    	0.515252 	0.42799 	-1        	0.948384
325	48    	0.39557  	0.541666	-1        	0.977556
326	48    	0.337623 	0.470142	-1        	0.979782
327	48    	0.27258  	0.488096	-1        	0.979782
328	47    	0.440594 	0.392401	-1        	0.952551
329	47    	0.302945 	0.595082	-1        	0.979782
330	48    	0.341154 	0.529739	-1        	1.01948 
331	47    	0.194058 	0.660258	-1        	0.979994
332	48    	0.382483 	0.512752	-1        	0.979994
333	47    	0.397869 	0.497269	-1        	0.980917
334	46    	0.423908 	0.503091	-1        	0.959784
335	45    	0.297065 	0.557148	-1        	0.957507
336	44    	0.382386 	0.453656	-1        	0.957507
337	49    	0.313809 	0.44508 	-1        	0.908986
338	44    	0.334157 	0.512384	-1        	0.918916
339	48    	0.317596 	0.471495	-1        	0.910342
340	47    	0.381903 	0.386734	-1        	0.910308
341	44    	0.268957 	0.490755	-1        	0.910308
342	44    	0.377901 	0.436766	-1        	0.929879
343	45    	0.260311 	0.487481	-1        	0.929879
344	46    	0.32432  	0.401957	-1        	0.929879
345	43    	0.316425 	0.505109	-1        	0.910308
346	47    	0.205853 	0.539465	-1        	0.8982  
347	43    	0.268294 	0.531594	-1        	0.8982  
348	45    	0.371264 	0.480675	-1        	0.910308
349	46    	0.402062 	0.341797	-1        	0.910308
350	46    	0.310703 	0.545909	-1        	0.910308
351	47    	0.352731 	0.483916	-1        	0.910308
352	43    	0.552002 	0.286767	0.197124  	0.910802
353	46    	0.421265 	0.451607	-1        	0.91264 
354	47    	0.322497 	0.546031	-1        	0.91264 
355	48    	0.352984 	0.519017	-1        	1.02354 
356	42    	0.443642 	0.454639	-1        	0.91264 
357	43    	0.359361 	0.476859	-1        	0.91264 
358	46    	0.419084 	0.446292	-1        	0.91264 
359	44    	0.531441 	0.340061	-1        	0.942764
360	46    	0.339884 	0.516369	-1        	0.911213
361	45    	0.424158 	0.446689	-1        	0.94803 
362	47    	0.470714 	0.39485 	-1        	0.967442
363	48    	0.40417  	0.390175	-1        	0.983783
364	46    	0.395592 	0.4544  	-1        	0.983783
365	47    	0.216932 	0.545597	-1        	0.983783
366	48    	0.295708 	0.582916	-1        	0.983783
367	44    	0.423117 	0.506359	-1        	0.983783
368	46    	0.238013 	0.639975	-1        	0.983783
369	47    	0.495951 	0.361216	-1        	1.01216 
370	46    	0.440653 	0.399153	-1        	0.983783
371	48    	0.458787 	0.343767	-1        	0.983783
372	42    	0.38146  	0.476239	-1        	0.983783
373	44    	0.413501 	0.487754	-1        	0.951292
374	44    	0.457784 	0.442121	-1        	0.913504
375	46    	0.272568 	0.634519	-1        	0.965943
376	45    	0.38375  	0.525441	-1        	0.965943
377	45    	0.451499 	0.443534	-1        	0.965943
378	45    	0.431561 	0.494592	-1        	0.960152
379	46    	0.398931 	0.480715	-1        	0.960152
380	44    	0.412355 	0.525496	-1        	0.960152
381	45    	0.445297 	0.389273	-1        	0.960152
382	44    	0.256967 	0.589691	-1        	0.922021
383	43    	0.470105 	0.341752	-1        	0.931899
384	43    	0.392987 	0.495316	-1        	1.0005  
385	47    	0.327217 	0.55917 	-1        	0.997945
386	45    	0.520572 	0.418201	-1        	0.965943
387	45    	0.481721 	0.367595	-1        	0.967504
388	46    	0.307769 	0.562396	-1        	0.998194
389	46    	0.440242 	0.46919 	-1        	0.967504
390	47    	0.412433 	0.407347	-1        	0.981642
391	47    	0.350181 	0.488133	-1        	0.981642
392	43    	0.29431  	0.618982	-1        	0.981642
393	46    	0.421359 	0.50393 	-1        	0.998194
394	44    	0.358528 	0.570291	-1        	0.998194
395	43    	0.377518 	0.540963	-1        	0.998194
396	43    	0.463547 	0.421484	-1        	0.998194
397	44    	0.413338 	0.410551	-1        	0.998194
398	46    	0.378543 	0.392923	-1        	0.998194
399	45    	0.317695 	0.527522	-1        	0.998194
400	47    	0.437852 	0.425656	-1        	0.998194
401	47    	0.448947 	0.377693	-1        	0.998194
402	44    	0.461147 	0.285575	0.145649  	0.998194
403	45    	0.48837  	0.37673 	-1        	0.998194
404	45    	0.444484 	0.486978	-1        	0.998194
405	44    	0.448638 	0.295573	0.101114  	1.00003 
406	48    	0.316024 	0.424507	-1        	0.998194
407	45    	0.36478  	0.504216	-1        	0.998194
408	47    	0.31029  	0.474883	-1        	1.00889 
409	45    	0.251988 	0.579266	-1        	1.00889 
410	44    	0.381222 	0.452411	-1        	0.941647
411	47    	0.356253 	0.417165	-1        	0.936704
412	46    	0.450165 	0.339101	-1        	0.997945
413	46    	0.403733 	0.393841	-1        	1.0005  
414	44    	0.474949 	0.417634	-1        	1.0005  
415	46    	0.332173 	0.566623	-1        	0.992331
416	45    	0.39082  	0.500293	-1        	0.984257
417	49    	0.454539 	0.485855	-1        	0.962279
418	48    	0.408689 	0.394085	-1        	0.960515
419	48    	0.274041 	0.605795	-1        	0.960515
420	42    	0.510709 	0.354724	-1        	0.964678
421	45    	0.483114 	0.354826	-1        	0.988511
422	46    	0.34846  	0.427519	-1        	0.960515
423	47    	0.347936 	0.368685	-1        	0.960515
424	46    	0.372731 	0.535802	-1        	0.988511
425	44    	0.372876 	0.439725	-1        	1.00974 
426	45    	0.426466 	0.338556	-1        	1.00974 
427	47    	0.366339 	0.306783	-1        	1.00974 
428	47    	0.327587 	0.462485	-1        	0.978747
429	44    	0.407175 	0.389932	-1        	0.978747
430	48    	0.202811 	0.615093	-1        	0.984325
431	45    	0.361489 	0.312274	-1        	0.984325
432	41    	0.443932 	0.458599	-1        	0.984325
433	46    	0.389475 	0.445963	-1        	0.984325
434	46    	0.368366 	0.420169	-1        	0.886888
435	48    	0.2661   	0.600935	-1        	0.941214
436	45    	0.293811 	0.579799	-1        	0.941214
437	45    	0.186984 	0.642554	-1        	0.96749 
438	44    	0.415556 	0.376531	-1        	0.96749 
439	46    	0.380582 	0.516237	-1        	0.96749 
440	50    	0.461735 	0.395272	-1        	1.0115  
441	47    	0.345056 	0.516204	-1        	0.966859
442	40    	0.529221 	0.348636	-1        	0.966859
443	40    	0.536888 	0.410224	-1        	0.966859
444	49    	0.210707 	0.607287	-1        	0.930178
445	48    	0.376254 	0.515225	-1        	0.930178
446	46    	0.376868 	0.513562	-1        	0.932247
447	44    	0.431009 	0.374811	-1        	0.968449
448	48    	0.389114 	0.519285	-1        	0.968449
449	49    	0.317981 	0.497224	-1        	0.888429
450	44    	0.418749 	0.480435	-1        	1.02197 
451	46    	0.422721 	0.438141	-1        	0.890135
452	46    	0.564005 	0.395626	-1        	0.932596
453	47    	0.451755 	0.317855	-1        	0.935275
454	47    	0.486632 	0.398302	-1        	0.951641
455	49    	0.451173 	0.391022	-1        	0.928855
456	47    	0.386123 	0.429283	-1        	0.985616
457	47    	0.327359 	0.46612 	-1        	0.895935
458	47    	0.381523 	0.485679	-1        	0.895935
459	48    	0.403894 	0.327206	-1        	0.891394
460	46    	0.350312 	0.467238	-1        	0.891394
461	45    	0.357433 	0.524404	-1        	0.89294 
462	47    	0.408682 	0.446185	-1        	0.89294 
463	45    	0.427703 	0.548212	-1        	0.940661
464	44    	0.443364 	0.406072	-1        	0.952193
465	48    	0.485091 	0.342929	-1        	0.952193
466	49    	0.443589 	0.453233	-1        	0.949085
467	47    	0.493352 	0.459167	-1        	0.94993 
468	43    	0.355647 	0.542101	-1        	0.94993 
469	44    	0.292534 	0.574045	-1        	0.957439
470	45    	0.314694 	0.484704	-1        	0.957439
471	48    	0.347157 	0.467247	-1        	0.996828
472	49    	0.42288  	0.42475 	-1        	1.06712 
473	48    	0.436516 	0.488599	-1        	1.00208 
474	47    	0.368534 	0.43993 	-1        	1.00467 
475	47    	0.210268 	0.497167	-1        	1.00467 
476	46    	0.193477 	0.643508	-1        	1.01818 
477	46    	0.437392 	0.408626	-1        	1.02097 
478	46    	0.328946 	0.429212	-1        	1.03116 
479	44    	0.390981 	0.432228	-1        	1.08339 
480	47    	0.269132 	0.56381 	-1        	1.08339 
481	44    	0.234805 	0.503839	-1        	1.08339 
482	48    	0.323442 	0.507275	-1        	1.08207 
483	45    	0.315044 	0.461051	-1        	1.02867 
484	45    	0.359831 	0.523124	-1        	1.08339 
485	46    	0.412021 	0.400424	-1        	1.08339 
486	44    	0.400012 	0.377694	-1        	1.08339 
487	45    	0.367785 	0.297225	0.0729651 	1.00563 
488	43    	0.427859 	0.439601	-1        	1.02111 
489	47    	0.386943 	0.427245	-1        	1.03708 
490	46    	0.361691 	0.425876	-1        	1.03708 
491	46    	0.374506 	0.426197	-1        	1.03708 
492	47    	0.425845 	0.449731	-1        	1.07715 
493	46    	0.259272 	0.420022	-1        	1.03708 
494	44    	0.316677 	0.439395	-1        	1.03708 
495	47    	0.27881  	0.516914	-1        	1.03708 
496	44    	0.51345  	0.406993	-1        	1.08421 
497	45    	0.214396 	0.587238	-1        	1.08421 
498	45    	0.39728  	0.373629	-1        	1.02248 
499	47    	0.379294 	0.47979 	-1        	1.02248 
500	44    	0.407833 	0.435956	-1        	1.02472 
501	43    	0.375377 	0.475813	-1        	1.02863 
502	45    	0.396139 	0.402139	-1        	1.02472 
503	48    	0.321709 	0.442259	-1        	0.975288
504	49    	0.265008 	0.507878	-1        	0.982481
505	46    	0.314074 	0.471568	-1        	0.963843
506	46    	0.385892 	0.511651	-1        	0.963843
507	43    	0.444862 	0.433389	-1        	0.97482 
508	45    	0.41036  	0.522264	-1        	1.03363 
509	43    	0.229064 	0.720681	-1        	1.03363 
510	46    	0.319382 	0.585565	-1        	1.09799 
511	45    	0.289565 	0.656105	-1        	1.09799 
512	46    	0.361016 	0.562307	-1        	1.09799 
513	44    	0.302526 	0.55849 	-1        	1.13234 
514	45    	0.396519 	0.509237	-1        	1.1013  
515	45    	0.158485 	0.587652	-1        	1.1013  
516	44    	0.263593 	0.427656	-1        	1.1013  
517	45    	0.192108 	0.640847	-1        	1.09859 
518	46    	0.283014 	0.523537	-1        	1.09859 
519	47    	0.236629 	0.497073	-1        	1.04151 
520	45    	0.30432  	0.537049	-1        	1.04439 
521	45    	0.320237 	0.591877	-1        	1.11114 
522	47    	0.334497 	0.632056	-1        	1.06705 
523	44    	0.352072 	0.422725	-1        	1.06705 
524	44    	0.350829 	0.574825	-1        	1.06705 
525	46    	0.237881 	0.561036	-1        	1.06158 
526	47    	0.315951 	0.548952	-1        	1.05827 
527	47    	0.318037 	0.549293	-1        	1.06811 
528	44    	0.350751 	0.645312	-1        	1.09973 
529	50    	0.198573 	0.621142	-1        	1.15506 
530	46    	0.364632 	0.502134	-1        	1.15506 
531	44    	0.274049 	0.582214	-1        	1.06391 
532	42    	0.550757 	0.543003	-1        	1.10273 
533	44    	0.214728 	0.596531	-1        	1.06391 
534	48    	0.175567 	0.629311	-1        	1.06391 
535	48    	0.313421 	0.497262	-1        	1.05366 
536	46    	0.317751 	0.528636	-1        	0.990688
537	45    	0.200999 	0.571946	-1        	0.990688
538	47    	0.285385 	0.475699	-1        	0.990688
539	48    	0.322578 	0.437979	-1        	1.04245 
540	47    	0.22502  	0.47732 	-1        	0.991051
541	47    	0.290809 	0.598302	-1        	0.991051
542	46    	0.402676 	0.365746	-1        	1.02636 
543	48    	0.256582 	0.556737	-1        	1.04033 
544	43    	0.382866 	0.491108	-1        	1.04033 
545	49    	0.320453 	0.455972	-1        	1.03347 
546	44    	0.279594 	0.487472	-1        	1.03347 
547	45    	0.291448 	0.528871	-1        	1.03347 
548	47    	0.20684  	0.647815	-1        	1.03451 
549	44    	0.348911 	0.51562 	-1        	1.01446 
550	47    	0.383493 	0.47484 	-1        	1.01446 
551	47    	0.456213 	0.40379 	-1        	1.01446 
552	45    	0.348974 	0.553863	-1        	1.09543 
553	50    	0.274761 	0.53281 	-1        	1.01446 
554	43    	0.487236 	0.46135 	-1        	1.01446 
555	45    	0.413168 	0.332594	-0.0177778	1.01446 
556	45    	0.454454 	0.448884	-1        	1.02956 
557	46    	0.370174 	0.487252	-1        	1.02956 
558	46    	0.451896 	0.410408	-1        	1.02956 
559	49    	0.429165 	0.487436	-1        	1.0402  
560	48    	0.380628 	0.436698	-1        	1.0239  
561	44    	0.442661 	0.503588	-1        	1.0239  
562	48    	0.350345 	0.512768	-1        	1.0239  
563	43    	0.526115 	0.358707	0.0912647 	1.0239  
564	47    	0.407683 	0.46265 	-1        	1.00952 
565	44    	0.412131 	0.447775	-1        	1.0239  
566	43    	0.396815 	0.446253	-1        	1.0261  
567	45    	0.431947 	0.402158	-1        	1.0261  
568	48    	0.386792 	0.427048	-1        	1.0239  
569	44    	0.500705 	0.407946	-1        	1.03918 
570	44    	0.475838 	0.416615	-1        	1.0239  
571	46    	0.405491 	0.5004  	-1        	1.04446 
572	42    	0.419274 	0.415659	-1        	1.04446 
573	45    	0.434301 	0.459469	-1        	1.04446 
574	45    	0.402621 	0.460872	-1        	1.04446 
575	49    	0.337616 	0.571946	-1        	1.04446 
576	45    	0.424094 	0.354305	0.079049  	1.04446 
577	44    	0.389309 	0.496583	-1        	1.04446 
578	46    	0.285234 	0.527526	-1        	1.04446 
579	44    	0.437658 	0.476045	-1        	1.04446 
580	45    	0.375214 	0.499777	-1        	1.09843 
581	45    	0.260767 	0.61418 	-1        	1.10857 
582	48    	0.437307 	0.524206	-1        	1.10857 
583	44    	0.435677 	0.483943	-1        	1.11654 
584	45    	0.34371  	0.436735	-1        	1.11654 
585	45    	0.432973 	0.408037	-1        	1.11654 
586	46    	0.38238  	0.489075	-1        	1.11654 
587	50    	0.449389 	0.465652	-1        	1.11654 
588	48    	0.345932 	0.298973	-0.018    	1.10969 
589	42    	0.389633 	0.422129	-1        	1.10969 
590	47    	0.375318 	0.497744	-1        	1.10969 
591	47    	0.387344 	0.388787	-1        	1.10846 
592	44    	0.38797  	0.384249	-1        	1.10846 
593	45    	0.429694 	0.353867	-0.0133332	1.10846 
594	47    	0.452803 	0.413733	-1        	1.05874 
595	49    	0.282711 	0.440729	-1        	1.02561 
596	45    	0.423939 	0.458236	-1        	1.03505 
597	47    	0.378467 	0.315009	-0.018    	0.982004
598	45    	0.486866 	0.438081	-1        	1.02694 
599	49    	0.479201 	0.337701	0.115215  	1.02794 
600	45    	0.412527 	0.491053	-1        	1.02794 
601	47    	0.391553 	0.437688	-1        	1.02794 
602	44    	0.514632 	0.464261	-1        	1.08661 
603	47    	0.292271 	0.337193	-1        	1.01084 
604	46    	0.388803 	0.378592	-1        	1.01084 
605	46    	0.420017 	0.477768	-1        	1.01084 
606	49    	0.225069 	0.544047	-1        	1.01084 
607	45    	0.485815 	0.312814	0.0738026 	1.01084 
608	46    	0.421222 	0.48926 	-1        	1.04395 
609	46    	0.294316 	0.484081	-1        	1.04395 
610	47    	0.365872 	0.413266	-1        	0.971154
611	48    	0.410387 	0.488644	-1        	1.01428 
612	50    	0.35993  	0.466862	-1        	0.970071
613	46    	0.395542 	0.459411	-1        	0.973958
614	47    	0.395814 	0.477491	-1        	0.981153
615	47    	0.417231 	0.439525	-1        	1.01347 
616	44    	0.40555  	0.504886	-1        	1.04876 
617	47    	0.462383 	0.530425	-1        	1.04876 
618	48    	0.357185 	0.50488 	-1        	1.04876 
619	46    	0.386444 	0.432434	-1        	1.10822 
620	44    	0.488798 	0.463866	-1        	1.10822 
621	46    	0.301619 	0.557155	-1        	1.1223  
622	44    	0.478453 	0.419399	-1        	1.1223  
623	43    	0.310571 	0.68109 	-1        	1.1223  
624	44    	0.284025 	0.519912	-1        	1.1223  
625	47    	0.314669 	0.414254	-1        	1.1223  
626	46    	0.204924 	0.573452	-1        	1.12081 
627	46    	0.342187 	0.52375 	-1        	1.12081 
628	46    	0.326251 	0.466295	-1        	1.06093 
629	47    	0.291344 	0.527377	-1        	1.06093 
630	49    	0.252511 	0.461032	-1        	1.00561 
631	46    	0.341698 	0.579999	-1        	1.05403 
632	43    	0.438912 	0.507341	-1        	1.05403 
633	46    	0.472935 	0.336932	0.0849213 	1.00561 
634	43    	0.468524 	0.506701	-1        	1.00561 
635	48    	0.467425 	0.438442	-1        	1.06082 
636	49    	0.368519 	0.426417	-1        	1.06082 
637	47    	0.444602 	0.418135	-1        	1.08376 
638	45    	0.345688 	0.607923	-1        	1.08376 
639	46    	0.326149 	0.482255	-1        	1.08376 
640	44    	0.373521 	0.584753	-1        	1.08376 
641	47    	0.47836  	0.381412	-0.0149999	1.08376 
642	47    	0.38125  	0.50119 	-1        	1.15725 
643	45    	0.383598 	0.455365	-1        	1.15725 
644	45    	0.360377 	0.38917 	-1        	1.15725 
645	43    	0.255257 	0.535595	-1        	1.05955 
646	45    	0.241334 	0.484119	-1        	1.05955 
647	45    	0.294031 	0.498257	-1        	1.05955 
648	47    	0.172361 	0.483754	-1        	1.03505 
649	48    	0.297606 	0.343745	-1        	1.08442 
650	44    	0.441793 	0.353545	-0.0166667	1.08442 
651	46    	0.328423 	0.441285	-1        	1.08856 
652	45    	0.419469 	0.358216	0.122523  	1.08442 
653	42    	0.520915 	0.399121	-0.0175   	1.08442 
654	46    	0.321843 	0.443064	-1        	1.08442 
655	47    	0.266557 	0.400384	-1        	1.08442 
656	46    	0.355923 	0.351646	-0.0171429	1.08442 
657	48    	0.30059  	0.46898 	-1        	1.09271 
658	45    	0.369429 	0.40834 	-1        	1.09271 
659	44    	0.314241 	0.426956	-1        	1.09271 
660	40    	0.505809 	0.413686	0.0854854 	1.09271 
661	46    	0.325218 	0.449269	-1        	1.09271 
662	46    	0.291249 	0.513945	-1        	1.09363 
663	49    	0.298706 	0.468761	-1        	1.09363 
664	49    	0.227371 	0.462208	-1        	1.07697 
665	44    	0.364161 	0.378588	-1        	1.03278 
666	45    	0.264946 	0.501019	-1        	1.03278 
667	47    	0.244452 	0.469727	-1        	1.06976 
668	49    	0.268554 	0.482913	-1        	1.06976 
669	49    	0.261562 	0.42494 	-1        	1.02608 
670	42    	0.304475 	0.577468	-1        	1.02608 
671	47    	0.376074 	0.441164	-1        	1.03444 
672	44    	0.394814 	0.535826	-1        	1.06976 
673	42    	0.431527 	0.457079	-1        	1.06976 
674	45    	0.342243 	0.476801	-1        	1.09363 
675	43    	0.304666 	0.591485	-1        	1.09363 
676	47    	0.292446 	0.514204	-1        	1.11759 
677	46    	0.166698 	0.559938	-1        	1.09363 
678	41    	0.307126 	0.604748	-1        	1.15463 
679	49    	0.177728 	0.618902	-1        	1.12439 
680	46    	0.365745 	0.50197 	-1        	1.17656 
681	47    	0.308798 	0.531643	-1        	1.12325 
682	47    	0.226255 	0.534404	-1        	1.12325 
683	48    	0.18885  	0.656017	-1        	1.12325 
684	46    	0.286465 	0.459167	-1        	1.12573 
685	45    	0.190506 	0.583877	-1        	1.10711 
686	48    	0.153601 	0.693872	-1        	1.07554 
687	46    	0.353158 	0.555556	-1        	1.07288 
688	46    	0.292942 	0.577524	-1        	1.08032 
689	47    	0.348415 	0.445096	-1        	1.07288 
690	48    	0.381165 	0.441939	-1        	1.07288 
691	45    	0.30541  	0.662765	-1        	1.07288 
692	43    	0.206248 	0.649599	-1        	1.07288 
693	46    	0.359089 	0.433497	-1        	1.07288 
694	44    	0.0867215	0.683215	-1        	1.07288 
695	43    	0.305029 	0.602026	-1        	1.10709 
696	48    	0.177636 	0.562822	-1        	1.07288 
697	46    	0.206348 	0.575026	-1        	1.07288 
698	42    	0.405043 	0.395233	-1        	1.07288 
699	46    	0.221868 	0.46547 	-1        	1.07288 
700	43    	0.375326 	0.44229 	-1        	1.09096 
701	48    	0.184746 	0.53643 	-1        	1.08603 
702	48    	0.152196 	0.653083	-1        	1.08603 
703	42    	0.455503 	0.464458	-1        	1.08603 
704	47    	0.437085 	0.426796	-1        	1.08603 
705	48    	0.38707  	0.417563	-1        	1.07288 
706	47    	0.424535 	0.575477	-1        	1.1508  
707	46    	0.446659 	0.498573	-1        	1.1508  
708	45    	0.263721 	0.65771 	-1        	1.1508  
709	40    	0.423295 	0.624527	-1        	1.1508  
710	44    	0.406384 	0.588535	-1        	1.1508  
711	48    	0.350225 	0.590306	-1        	1.1508  
712	41    	0.283273 	0.675412	-1        	1.1508  
713	48    	0.417249 	0.526629	-1        	1.16073 
714	45    	0.405946 	0.601783	-1        	1.16073 
715	44    	0.340927 	0.543983	-1        	1.16073 
716	48    	0.161523 	0.45456 	-1        	1.12763 
717	47    	0.159617 	0.605597	-1        	1.0338  
718	45    	0.350547 	0.584163	-1        	1.0338  
719	46    	0.434698 	0.536345	-1        	1.05192 
720	46    	0.423704 	0.44262 	-1        	1.08947 
721	44    	0.378665 	0.479842	-1        	1.0338  
722	47    	0.34672  	0.503889	-1        	1.02286 
723	46    	0.198202 	0.599169	-1        	1.02286 
724	47    	-0.00341025	0.707673	-1        	1.02286 
725	47    	0.331929   	0.495261	-1        	0.995532
726	46    	0.272606   	0.466633	-1        	0.995532
727	47    	0.29969    	0.611069	-1        	1.03634 
728	47    	0.262388   	0.456814	-1        	1.03634 
729	44    	0.379097   	0.566457	-1        	1.03634 
730	45    	0.422969   	0.445612	-1        	1.03634 
731	47    	0.345265   	0.450548	-1        	1.0233  
732	48    	0.463041   	0.455824	-1        	1.0233  
733	45    	0.312207   	0.57345 	-1        	1.0233  
734	46    	0.214559   	0.564389	-1        	0.994524
735	47    	0.246109   	0.490967	-1        	0.974705
736	47    	0.429829   	0.415508	-1        	0.974705
737	48    	0.450056   	0.396508	-1        	1.03562 
738	45    	0.410383   	0.560551	-1        	1.03562 
739	46    	0.511547   	0.401604	-1        	1.0946  
740	48    	0.524114   	0.417426	-1        	1.10592 
741	44    	0.318135   	0.397665	-1        	1.10592 
742	44    	0.378894   	0.472119	-1        	1.10592 
743	44    	0.394338   	0.429307	-1        	1.053   
744	45    	0.334578   	0.591347	-1        	1.07607 
745	45    	0.346292   	0.512265	-1        	1.053   
746	39    	0.561974   	0.479148	-1        	1.10326 
747	44    	0.582097   	0.544541	-1        	1.11415 
748	50    	0.115528   	0.545803	-1        	1.1041  
749	47    	0.310863   	0.429573	-1        	1.1041  
750	46    	0.287882   	0.517142	-1        	1.1041  
751	46    	0.277907   	0.637798	-1        	1.05339 
752	48    	0.397513   	0.524921	-1        	1.13502 
753	45    	0.374254   	0.527437	-1        	1.13502 
754	43    	0.450339   	0.521716	-1        	1.13502 
755	45    	0.310513   	0.477729	-1        	1.13502 
756	45    	0.415158   	0.602039	-1        	1.13502 
757	45    	0.362677   	0.52222 	-1        	1.13502 
758	44    	0.429227   	0.490389	-1        	1.13502 
759	45    	0.242922   	0.586078	-1        	1.13502 
760	41    	0.525056   	0.413975	0.0971532 	1.13502 
761	45    	0.29225    	0.475584	-1        	1.13502 
762	47    	0.176494   	0.494303	-1        	1.13502 
763	42    	0.351268   	0.586855	-1        	1.13502 
764	47    	0.306672   	0.472354	-1        	1.13502 
765	49    	0.131464   	0.522407	-1        	1.13502 
766	46    	0.268889   	0.466104	-1        	1.05849 
767	43    	0.380862   	0.465658	-1        	1.13448 
768	45    	0.32717    	0.575083	-1        	1.13476 
769	49    	0.270062   	0.439952	-1        	1.13476 
770	47    	0.213884   	0.528209	-1        	1.06304 
771	48    	0.363243   	0.459923	-1        	1.04066 
772	43    	0.346123   	0.629259	-1        	1.06304 
773	45    	0.401312   	0.494706	-1        	1.06304 
774	45    	0.284669   	0.695456	-1        	1.06304 
775	48    	0.261125   	0.53921 	-1        	1.06304 
776	49    	0.479543   	0.420698	-1        	1.06304 
777	48    	0.153107   	0.618416	-1        	1.06185 
778	46    	0.181755   	0.557471	-1        	1.06185 
779	44    	0.341929   	0.456667	-1        	1.04749 
780	48    	0.423622   	0.494134	-1        	1.04749 
781	44    	0.255862   	0.56804 	-1        	1.04749 
782	44    	0.452811   	0.419501	-1        	1.04749 
783	47    	0.356687   	0.539847	-1        	1.04749 
784	45    	0.368042   	0.400996	-1        	1.04749 
785	46    	0.384045   	0.45883 	-1        	1.0466  
786	45    	0.25927    	0.575725	-1        	1.0466  
787	48    	0.30861    	0.471969	-1        	1.04837 
788	49    	0.440965   	0.337447	0.0838859 	1.05244 
789	49    	0.303833   	0.502534	-1        	1.04837 
790	49    	0.186328   	0.584625	-1        	1.04837 
791	48    	0.352161   	0.443373	-1        	1.05106 
792	45    	0.461064   	0.489128	-1        	1.05259 
793	47    	0.386282   	0.463776	-1        	0.992528
794	47    	0.383455   	0.47053 	-1        	1.04089 
795	45    	0.335249   	0.496902	-1        	1.04089 
796	47    	0.281359   	0.571364	-1        	1.04089 
797	47    	0.457735   	0.451304	-1        	1.04089 
798	46    	0.350461   	0.518711	-1        	1.15191 
799	45    	0.144505   	0.618111	-1        	1.15191 
800	46    	0.266997   	0.511173	-1        	1.00482 
801	46    	0.208518   	0.637416	-1        	1.06108 
802	47    	0.290479   	0.563325	-1        	1.06108 
803	44    	0.446411   	0.537366	-1        	1.06108 
804	46    	0.377294   	0.59707 	-1        	1.08886 
805	44    	0.28276    	0.601882	-1        	1.08886 
806	48    	0.299246   	0.610812	-1        	1.0908  
807	50    	0.115043   	0.574368	-1        	1.03727 
808	49    	0.272994   	0.45994 	-1        	1.0318  
809	48    	0.156989   	0.599023	-1        	0.987987
810	46    	0.233617   	0.614474	-1        	0.96127 
811	48    	0.391869   	0.449761	-1        	0.99743 
812	43    	0.387512   	0.421541	-1        	0.970335
813	48    	0.202121   	0.506497	-1        	0.948838
814	45    	0.327375   	0.484599	-1        	0.951809
815	44    	0.355688   	0.458454	-1        	0.999412
816	43    	0.199629   	0.627973	-1        	1.00293 
817	50    	0.390912   	0.468744	-1        	1.02318 
818	47    	0.362062   	0.513709	-1        	1.02318 
819	49    	0.267193   	0.498982	-1        	1.06045 
820	49    	0.12837    	0.491879	-1        	0.999441
821	48    	0.242564   	0.476361	-1        	0.999441
822	46    	0.34591    	0.575095	-1        	1.06045 
823	44    	0.454565   	0.379595	-1        	1.06045 
824	47    	0.385843   	0.473699	-1        	1.03933 
825	48    	0.316725   	0.420354	-1        	0.987304
826	45    	0.450555   	0.304248	0.113618  	0.987304
827	48    	0.330046   	0.380789	-1        	0.956385
828	43    	0.342722   	0.383189	-1        	0.956385
829	48    	0.296944   	0.276271	-1        	0.95729 
830	45    	0.310845   	0.412968	-1        	0.95729 
831	46    	0.361181   	0.333455	-1        	0.95729 
832	47    	0.401785   	0.338802	-1        	0.95729 
833	46    	0.421381   	0.346384	-1        	0.949101
834	48    	0.405076   	0.344003	-1        	0.95911 
835	46    	0.27954    	0.403689	-1        	0.95911 
836	43    	0.45919    	0.355759	-1        	1.0565  
837	42    	0.418948   	0.377991	-1        	1.03186 
838	45    	0.511608   	0.32601 	-0.02     	1.03186 
839	47    	0.467487   	0.293506	0.138398  	1.03186 
840	45    	0.438197   	0.316757	-0.0177778	1.05595 
841	47    	0.357287   	0.331593	-1        	1.03186 
842	46    	0.402106   	0.364662	-1        	1.03186 
843	44    	0.295351   	0.44608 	-1        	1.03186 
844	48    	0.327596   	0.256402	0.119735  	1.03982 
845	46    	0.395058   	0.278215	-0.02     	1.04814 
846	40    	0.487706   	0.386065	-1        	1.04814 
847	47    	0.365871   	0.395768	-1        	1.0565  
848	45    	0.418071   	0.30754 	-0.0150002	1.04814 
849	49    	0.475737   	0.299061	0.126787  	1.03443 
850	47    	0.306438   	0.408255	-1        	0.988439
851	44    	0.450391   	0.283304	-0.0228572	0.987853
852	46    	0.528641   	0.297715	0.14698   	0.989747
853	44    	0.456531   	0.286237	-0.015    	0.989747
854	47    	0.404856   	0.344204	-1        	1.03443 
855	48    	0.426557   	0.26173 	0.0395338 	1.03373 
856	49    	0.389424   	0.377166	-1        	0.992595
857	46    	0.443281   	0.364134	-1        	1.03802 
858	45    	0.371272   	0.629328	-1        	1.03802 
859	46    	0.19227    	0.727057	-1        	1.03802 
860	46    	0.331707   	0.652252	-1        	1.03768 
861	45    	0.0494669  	0.770395	-1        	1.03768 
862	41    	0.253949   	0.72698 	-1        	1.05601 
863	45    	0.237668   	0.720434	-1        	1.08745 
864	46    	0.157046   	0.668423	-1        	1.09571 
865	46    	0.289116   	0.663048	-1        	1.09571 
866	46    	0.369524   	0.587513	-1        	1.09223 
867	47    	0.2553     	0.66114 	-1        	1.09583 
868	45    	0.497994   	0.454626	-1        	1.09223 
869	45    	0.223208   	0.60457 	-1        	1.12298 
870	44    	0.291617   	0.658871	-1        	1.12298 
871	46    	0.0466778  	0.733988	-1        	1.12298 
872	43    	0.308626   	0.561546	-1        	1.12298 
873	46    	0.359062   	0.556997	-1        	1.1544  
874	48    	0.225015   	0.642426	-1        	1.12298 
875	46    	0.279845   	0.504003	-1        	1.12652 
876	48    	0.261709   	0.57877 	-1        	1.1316  
877	49    	0.379395   	0.579913	-1        	1.13175 
878	47    	0.50448    	0.46145 	-1        	1.02096 
879	46    	0.12747    	0.720035	-1        	1.03369 
880	46    	0.457635   	0.46364 	-1        	1.03369 
881	46    	0.392049   	0.49229 	-1        	1.03369 
882	45    	0.349344   	0.616005	-1        	1.03369 
883	46    	0.461924   	0.409299	-1        	1.04965 
884	46    	0.481732   	0.423872	-1        	1.04965 
885	47    	0.351482   	0.610052	-1        	1.04166 
886	48    	0.271697   	0.615357	-1        	1.01613 
887	46    	0.404471   	0.500812	-1        	1.01613 
888	48    	0.212303   	0.538684	-1        	0.942537
889	44    	0.401142   	0.529263	-1        	0.94768 
890	45    	0.300863   	0.66391 	-1        	0.959843
891	48    	0.403836   	0.532903	-1        	0.959166
892	45    	0.47867    	0.470056	-1        	0.958647
893	41    	0.508566   	0.483553	-1        	0.958647
894	43    	0.594532   	0.369897	-1        	0.978768
895	44    	0.52454    	0.485378	-1        	0.984464
896	48    	0.286711   	0.558618	-1        	1.01059 
897	41    	0.562985   	0.541515	-1        	1.0521  
898	48    	0.460292   	0.524132	-1        	1.0521  
899	46    	0.59824    	0.41353 	-1        	1.05299 
900	47    	0.471948   	0.544165	-1        	1.06726 
901	43    	0.449467   	0.509016	-1        	1.1024  
902	46    	0.360467   	0.554235	-1        	1.1024  
903	43    	0.490812   	0.405601	-1        	1.1024  
904	46    	0.124116   	0.690875	-1        	1.1024  
905	43    	0.469922   	0.391721	-1        	1.1024  
906	48    	0.254032   	0.623514	-1        	1.1024  
907	48    	0.260216   	0.629181	-1        	1.1024  
908	49    	0.364445   	0.494875	-1        	1.07188 
909	49    	0.333459   	0.48169 	-1        	1.12793 
910	48    	0.442331   	0.538666	-1        	1.09665 
911	48    	0.504372   	0.398936	-1        	1.09926 
912	45    	0.395762   	0.617903	-1        	1.09926 
913	46    	0.444096   	0.455369	-1        	1.09926 
914	40    	0.59237    	0.356703	-0.015    	1.09926 
915	47    	0.313015   	0.483055	-1        	1.09926 
916	47    	0.21566    	0.561709	-1        	1.09926 
917	46    	0.318205   	0.577313	-1        	1.11331 
918	44    	0.538387   	0.474758	-1        	1.11331 
919	47    	0.359714   	0.512171	-1        	1.11331 
920	46    	0.435807   	0.458177	-1        	1.11331 
921	46    	0.38685    	0.433741	-1        	1.16901 
922	49    	0.508175   	0.402296	-1        	1.09983 
923	48    	0.505336   	0.424261	-1        	1.11086 
924	48    	0.443035   	0.517843	-1        	1.11086 
925	46    	0.398009   	0.493525	-1        	1.09994 
926	46    	0.438212   	0.449063	-1        	1.10363 
927	41    	0.470333   	0.655225	-1        	1.10363 
928	48    	0.341554   	0.525112	-1        	1.1083  
929	47    	0.419632   	0.558996	-1        	1.1083  
930	45    	0.440927   	0.398401	-1        	1.1083  
931	45    	0.429644   	0.552169	-1        	1.10363 
932	46    	0.326112   	0.506872	-1        	1.10363 
933	44    	0.383753   	0.575221	-1        	1.10363 
934	42    	0.495218   	0.421378	-1        	1.10363 
935	46    	0.391694   	0.378061	-1        	1.10363 
936	45    	0.469306   	0.399184	-1        	1.10363 
937	45    	0.325844   	0.496712	-1        	1.09299 
938	41    	0.39821    	0.489556	-1        	1.09299 
939	41    	0.387033   	0.499726	-1        	1.09299 
940	48    	0.255566   	0.507127	-1        	1.10327 
941	49    	0.311324   	0.568854	-1        	1.12512 
942	46    	0.43864    	0.491079	-1        	1.12512 
943	44    	0.451913   	0.437972	-1        	1.12446 
944	47    	0.473193   	0.458021	-1        	1.10589 
945	47    	0.423272   	0.425773	-1        	1.08048 
946	46    	0.441459   	0.547619	-1        	1.10591 
947	48    	0.281612   	0.551644	-1        	1.05814 
948	47    	0.534012   	0.51191 	-1        	1.10591 
949	44    	0.522581   	0.486215	-1        	1.10591 
950	42    	0.390042   	0.587928	-1        	1.12497 
951	45    	0.51051    	0.416452	-1        	1.12512 
952	48    	0.334837   	0.376524	-1        	1.10269 
953	48    	0.485643   	0.455427	-1        	1.12497 
954	45    	0.484272   	0.467696	-1        	1.12497 
955	44    	0.240987   	0.6242  	-1        	1.12512 
956	46    	0.333264   	0.494404	-1        	1.12512 
957	47    	0.338404   	0.637827	-1        	1.12512 
958	47    	0.334389   	0.507859	-1        	1.12175 
959	46    	0.374093   	0.350279	-1        	1.12352 
960	48    	0.365112   	0.413253	-1        	1.12386 
961	48    	0.389666   	0.460964	-1        	1.12352 
962	46    	0.265396   	0.588651	-1        	1.12352 
963	50    	0.315434   	0.407907	-1        	1.01318 
964	47    	0.326157   	0.425747	-1        	1.01318 
965	46    	0.351826   	0.477851	-1        	1.01318 
966	44    	0.237875   	0.605597	-1        	0.997922
967	47    	0.287355   	0.496333	-1        	0.997922
968	42    	0.50306    	0.346446	-1        	0.997922
969	47    	0.37199    	0.542494	-1        	0.997922
970	46    	0.359712   	0.485793	-1        	0.997922
971	47    	0.378177   	0.433013	-1        	0.98981 
972	48    	0.410805   	0.516262	-1        	1.04979 
973	47    	0.387869   	0.564494	-1        	1.05857 
974	45    	0.484839   	0.338638	-0.0159976	1.05857 
975	46    	0.433581   	0.532359	-1        	1.06327 
976	45    	0.392314   	0.424089	-1        	1.05857 
977	43    	0.457582   	0.498076	-1        	1.06506 
978	48    	0.274207   	0.360511	-1        	1.05857 
979	47    	0.361227   	0.524496	-1        	1.06693 
980	46    	0.509106   	0.330475	0.134606  	1.06784 
981	46    	0.38667    	0.426808	-1        	1.05857 
982	47    	0.215401   	0.642209	-1        	1.10419 
983	49    	0.427687   	0.30557 	0.0663398 	1.06413 
984	47    	0.440955   	0.389141	-1        	1.06413 
985	46    	0.348615   	0.464587	-1        	1.06627 
986	44    	0.443687   	0.440209	-1        	1.06888 
987	46    	0.414065   	0.445016	-1        	1.1014  
988	43    	0.401017   	0.498547	-1        	1.1014  
989	48    	0.278796   	0.409672	-1        	1.06888 
990	44    	0.392708   	0.511642	-1        	1.06888 
991	47    	0.424736   	0.535975	-1        	1.108   
992	47    	0.370921   	0.370085	-1        	1.108   
993	47    	0.374725   	0.463209	-1        	1.10658 
994	47    	0.336526   	0.456332	-1        	1.14083 
995	46    	0.341976   	0.54482 	-1        	1.14083 
996	45    	0.319129   	0.532313	-1        	1.14083 
997	48    	0.371622   	0.506172	-1        	1.14083 
998	43    	0.519767   	0.459414	-1        	1.14083 
999	44    	0.323617   	0.584533	-1        	1.14083 
1000	44    	0.473213   	0.475478	-1        	1.14083