Argument values: path=C:\Users\1625203\Downloads\Framsticks50rc22\Framsticks50rc22, lib=None, sim=eval-allcriteria.sim;deterministic.sim;sample-period-2.sim;f9-mut-005.sim, genformat=None, initialgenotype=/*9*/BLU, opt=vertpos, popsize=50, generations=1000, tournament=10, pmut=0.9, pxov=0.2, hof_size=1, hof_savefile=None, max_numparts=30, max_numjoints=None, max_numneurons=None, max_numconnections=None, max_numgenochars=50
Using Framsticks version: 5.0rc22
Home (writable) dir     : C:\Users\1625203\Downloads\Framsticks50rc22\Framsticks50rc22\data
Resources dir           : C:\Users\1625203\Downloads\Framsticks50rc22\Framsticks50rc22\data

Available objects: ['CheckpointEvent', 'Collision', 'CrCollision', 'Creature', 'CreatureSettings', 'CreatureSignals', 'CreatureSnapshot', 'Dictionary', 'ExpProperties', 'ExpState', 'ExtValue', 'File', 'FunctionReference', 'GenMan', 'GenManStats', 'GenePool', 'GenePools', 'Geno', 'Genotype', 'Interface', 'Joint', 'Loader', 'Math', 'MechJoint', 'MechPart', 'MessageCatcher', 'Model', 'ModelGeometry', 'ModelSymmetry', 'Neuro', 'NeuroClass', 'NeuroClassLibrary', 'NeuroDef', 'NeuroSignals', 'NeuronsSimEnabled', 'ODE', 'Orient', 'Part', 'Population', 'Populations', 'Ref', 'Signal', 'SignalView', 'SimilMeasure', 'SimilMeasureDistribution', 'SimilMeasureGreedy', 'SimilMeasureHungarian', 'Simulator', 'SlaveSimulators', 'StopEvent', 'String', 'UserScripts', 'Vector', 'WireframeAppearance', 'World', 'WorldMap', 'WorldSignals', 'XYZ', '__builtins__', '__cached__', '__doc__', '__file__', '__loader__', '__name__', '__package__', '__spec__', 'c_api', 'ctypes', 'home_dir', 'init', 'os', 're', 'res_dir', 'sim_params', 'stats', 'sys']

Performing a basic test 1/2... OK.
Performing a basic test 2/2... OK.
Using settings: ['eval-allcriteria.sim', 'deterministic.sim', 'sample-period-2.sim', 'f9-mut-005.sim']
gen	nevals	avg     	stddev	min     	max     
0  	50    	0.218369	0     	0.218369	0.218369
1  	49    	0.0642697	0.121189	-0.0150001	0.427755
2  	48    	0.135977 	0.153015	-0.0166667	0.556437
3  	48    	0.217871 	0.149806	-0.016    	0.557663
4  	46    	0.268304 	0.189774	-0.0171429	0.812825
5  	47    	0.243069 	0.223967	-0.0175   	0.812825
6  	46    	0.282997 	0.205482	-0.0171429	0.812977
7  	45    	0.296714 	0.212975	-0.0160001	0.812977
8  	47    	0.262032 	0.22591 	-0.0166667	0.812825
9  	45    	0.29279  	0.236884	-0.0160001	0.813756
10 	46    	0.278682 	0.280711	-0.0171413	0.813756
11 	49    	0.228801 	0.255627	-0.0166667	0.813756
12 	49    	0.24306  	0.24665 	-0.0166667	0.813756
13 	47    	0.250751 	0.239873	-0.0177778	0.813756
14 	45    	0.261782 	0.266596	-0.0166667	0.813756
15 	46    	0.302644 	0.262731	-0.0166667	0.813756
16 	46    	0.281852 	0.244789	-0.0171429	0.813708
17 	45    	0.316325 	0.278394	-0.0166667	0.813756
18 	47    	0.245505 	0.261145	-0.0166666	0.813756
19 	43    	0.291217 	0.262494	-0.0166668	0.813756
20 	46    	0.225271 	0.255158	-0.0171429	0.84741 
21 	48    	0.27224  	0.214735	-0.0166667	0.84741 
22 	45    	0.323197 	0.241717	-0.0171429	0.84741 
23 	39    	0.377116 	0.278302	-0.0171428	0.84741 
24 	46    	0.362456 	0.232858	-0.0171429	0.84741 
25 	46    	0.370443 	0.200633	-0.02     	0.84741 
26 	44    	0.345814 	0.220062	-0.02     	0.84741 
27 	47    	0.309366 	0.239693	-0.02     	0.812825
28 	47    	0.380814 	0.228775	-0.0171429	0.812083
29 	44    	0.326101 	0.259309	-0.0171429	0.812825
30 	44    	0.393248 	0.253099	-0.02     	0.812825
31 	46    	0.297785 	0.262752	-0.02     	0.812977
32 	45    	0.322939 	0.292471	-0.0171428	0.813756
33 	47    	0.294208 	0.293946	-0.0175   	0.812977
34 	46    	0.240093 	0.28713 	-0.0166667	0.812977
35 	43    	0.243883 	0.241183	-0.0174925	0.812977
36 	45    	0.24319  	0.225658	-0.0171429	0.812977
37 	46    	0.321412 	0.270354	-0.0171429	0.812977
38 	45    	0.229776 	0.237022	-0.0171429	0.812977
39 	44    	0.226664 	0.261458	-0.0166667	0.812977
40 	47    	0.222533 	0.241662	-0.0166667	0.812977
41 	45    	0.353177 	0.231839	-0.0166667	0.812977
42 	45    	0.27962  	0.23725 	-0.0166667	0.812308
43 	45    	0.295598 	0.251018	-0.0175   	0.812308
44 	48    	0.265534 	0.270619	-0.0166667	0.812308
45 	45    	0.298809 	0.260309	-0.0171429	0.812308
46 	48    	0.241446 	0.263885	-0.02     	0.812308
47 	50    	0.288964 	0.205572	-0.0166667	0.701765
48 	44    	0.301622 	0.227116	-0.0171429	0.695373
49 	49    	0.313119 	0.243191	-0.0171429	0.812977
50 	45    	0.355694 	0.268147	-0.0171429	0.812977
51 	46    	0.241878 	0.238223	-0.0171428	0.812083
52 	46    	0.30619  	0.246677	-0.0171429	0.812825
53 	43    	0.321242 	0.271073	-0.0166667	0.812825
54 	46    	0.30744  	0.273033	-0.0166667	0.812977
55 	47    	0.301263 	0.270604	-0.0171429	0.812825
56 	48    	0.282045 	0.269712	-0.0171429	0.813708
57 	47    	0.330737 	0.264075	-0.0171429	0.812825
58 	47    	0.354767 	0.250755	-0.0166667	0.813756
59 	46    	0.347923 	0.255367	-0.0171429	0.813708
60 	48    	0.323823 	0.258898	-0.0175   	0.813756
61 	48    	0.28922  	0.241411	-0.0171415	0.811247
62 	44    	0.310739 	0.258456	-0.02     	0.819969
63 	48    	0.334298 	0.273525	-0.0171429	0.819969
64 	47    	0.273486 	0.258183	-0.0166667	0.819969
65 	48    	0.300277 	0.228604	-0.0166667	0.811247
66 	47    	0.361462 	0.242841	-0.0166667	0.819969
67 	45    	0.377924 	0.30953 	-0.0171429	0.819969
68 	46    	0.358969 	0.259898	-0.0166667	0.819969
69 	46    	0.3162   	0.278514	-0.0166666	0.819969
70 	43    	0.4205   	0.287844	-0.0171428	0.819969
71 	45    	0.351817 	0.282798	-0.0171428	0.819969
72 	46    	0.405683 	0.263719	-0.0166667	0.819969
73 	44    	0.395708 	0.276   	-0.0133337	0.819969
74 	45    	0.434429 	0.295153	-0.0166667	0.819969
75 	45    	0.399404 	0.271109	-0.0166652	0.819969
76 	48    	0.314246 	0.242858	-0.016657 	0.844917
77 	46    	0.340094 	0.22193 	-0.02     	0.844917
78 	48    	0.368071 	0.229927	-0.02     	0.819969
79 	48    	0.351086 	0.24376 	-0.0166667	0.819969
80 	50    	0.316137 	0.218153	-0.0166666	0.705352
81 	46    	0.365823 	0.224829	-0.0177778	0.720007
82 	47    	0.350549 	0.246156	-0.0171429	0.812977
83 	46    	0.276829 	0.217879	-0.0175001	0.812977
84 	47    	0.381866 	0.224509	-0.0166667	0.812977
85 	47    	0.360749 	0.24425 	-0.018    	0.812977
86 	45    	0.308139 	0.25227 	-0.0171429	0.818806
87 	44    	0.394347 	0.267455	-0.0166667	0.818826
88 	45    	0.333052 	0.236533	-0.016    	0.818826
89 	45    	0.387808 	0.254206	-0.0166567	0.818826
90 	46    	0.338827 	0.254519	-0.0166667	0.818826
91 	44    	0.365111 	0.265145	-0.02     	0.818826
92 	47    	0.403033 	0.236714	-0.0166667	0.86375 
93 	48    	0.355918 	0.210435	0.0709059 	0.818826
94 	46    	0.27463  	0.218624	-0.0171429	0.728798
95 	47    	0.363356 	0.2298  	-0.0171429	0.813756
96 	43    	0.388546 	0.278574	-0.0200001	0.813756
97 	49    	0.270575 	0.25925 	-0.0177778	0.818806
98 	46    	0.28456  	0.27416 	-0.0166667	0.813708
99 	48    	0.320552 	0.265276	-0.0171429	0.813708
100	46    	0.330675 	0.259141	-0.0166667	0.813756
101	44    	0.386301 	0.293245	-0.0166667	0.813708
102	46    	0.302586 	0.258866	-0.0171428	0.813708
103	47    	0.255064 	0.243508	-0.0166667	0.813756
104	48    	0.282076 	0.279478	-0.0171429	0.813708
105	40    	0.422656 	0.286526	-0.0166667	0.819317
106	48    	0.340708 	0.283119	-0.0166667	0.813756
107	48    	0.258712 	0.221724	-0.0166667	0.813756
108	45    	0.35561  	0.273974	-0.0177778	0.813756
109	49    	0.268465 	0.241172	-0.0175   	0.813756
110	44    	0.339232 	0.285114	-0.0166667	0.813756
111	46    	0.302719 	0.272804	-0.0166667	0.811396
112	47    	0.263143 	0.234215	-0.0171429	0.811396
113	47    	0.247777 	0.21481 	-0.0166666	0.811396
114	44    	0.260154 	0.23999 	-0.0171429	0.811396
115	47    	0.255118 	0.223623	-0.02     	0.706014
116	45    	0.264024 	0.212534	-0.02     	0.812825
117	41    	0.36906  	0.250879	-0.0171429	0.812977
118	48    	0.299543 	0.218876	-0.0171428	0.812825
119	47    	0.266404 	0.217568	-0.0171428	0.812825
120	47    	0.30284  	0.195898	-0.0175   	0.812825
121	46    	0.252237 	0.210885	-0.02     	0.812977
122	46    	0.298793 	0.212422	-0.0166667	0.812977
123	46    	0.365774 	0.218327	-0.0175   	0.812825
124	46    	0.318331 	0.255867	-0.0166667	0.812825
125	45    	0.319494 	0.281331	-0.0171428	0.812825
126	45    	0.367919 	0.263932	-0.0171429	0.812825
127	46    	0.257785 	0.243912	-0.02     	0.813756
128	44    	0.373668 	0.270546	-0.0166667	0.819458
129	46    	0.257522 	0.241402	-0.0171428	0.819458
130	46    	0.358804 	0.238176	-0.0149998	0.819458
131	48    	0.364165 	0.230553	-0.0171429	0.819458
132	47    	0.372624 	0.252755	-0.016    	0.845432
133	45    	0.301387 	0.228766	-0.0160001	0.845432
134	45    	0.36633  	0.248685	-0.0177778	0.85973 
135	44    	0.351987 	0.263735	-0.0171429	0.85973 
136	46    	0.366328 	0.264652	-0.0166668	0.860476
137	46    	0.374153 	0.24587 	-0.0171429	0.860476
138	45    	0.388514 	0.243504	-0.0166666	0.860476
139	48    	0.305705 	0.191767	0.0858661 	0.860476
140	49    	0.373168 	0.221601	-0.0166666	0.867039
141	49    	0.369588 	0.197529	-0.015    	0.864368
142	45    	0.409428 	0.218735	-0.01     	0.853387
143	48    	0.380505 	0.214066	-0.0133333	0.853387
144	46    	0.451997 	0.248344	-0.0160001	0.857595
145	49    	0.323047 	0.227226	-0.0171373	0.84746 
146	46    	0.413915 	0.256048	-0.016    	0.854466
147	43    	0.485129 	0.254944	-0.02     	0.864005
148	45    	0.422719 	0.281569	0.0664814 	0.867347
149	45    	0.387623 	0.273048	-0.0171428	0.867347
150	48    	0.378259 	0.267035	-0.0166652	0.867347
151	47    	0.35926  	0.242851	-0.0133334	0.983659
152	47    	0.391941 	0.247735	0.0732886 	0.858759
153	48    	0.412852 	0.240156	-0.016    	0.868492
154	48    	0.361717 	0.225051	-0.01     	0.866712
155	48    	0.367893 	0.24849 	-0.0171429	0.781367
156	47    	0.384167 	0.222469	-0.0171429	0.776153
157	45    	0.398976 	0.233157	-0.01     	0.866712
158	47    	0.397879 	0.245087	-0.0150001	0.890068
159	45    	0.472755 	0.27777 	0.0751331 	0.981685
160	48    	0.395933 	0.250757	0.0748606 	0.981685
161	47    	0.425892 	0.281407	-0.0166666	0.916572
162	46    	0.467396 	0.229745	0.138147  	0.916572
163	45    	0.432495 	0.246409	-0.016    	0.916572
164	47    	0.436747 	0.253744	-0.015    	0.916572
165	46    	0.455039 	0.252133	0.090719  	0.916572
166	45    	0.47642  	0.25529 	-0.0199999	0.867397
167	45    	0.44121  	0.249766	0.14867   	0.960934
168	48    	0.359454 	0.239977	-0.02     	0.866794
169	47    	0.391074 	0.212419	-0.01     	0.866794
170	47    	0.389282 	0.250437	-0.02     	0.870593
171	46    	0.44747  	0.268782	-0.0171428	0.870593
172	47    	0.406366 	0.255051	-0.015    	0.870593
173	46    	0.436381 	0.243576	-0.0166667	0.867116
174	46    	0.421423 	0.252732	0.0847299 	0.867268
175	45    	0.457799 	0.270142	-0.0171428	0.867268
176	46    	0.483665 	0.263873	0.0853499 	0.867392
177	43    	0.445281 	0.279239	-0.0166667	0.867268
178	47    	0.423698 	0.260094	-0.0171428	0.867392
179	43    	0.512722 	0.273574	-0.0133333	0.867392
180	46    	0.419499 	0.276683	-0.0166667	0.867392
181	48    	0.417178 	0.269419	-0.02     	0.867268
182	44    	0.495057 	0.272162	-0.0133333	0.992782
183	47    	0.508686 	0.264419	0.15767   	0.994843
184	45    	0.431083 	0.280261	0.0984731 	0.994843
185	47    	0.42712  	0.286289	-0.0150001	0.994843
186	44    	0.454929 	0.322535	-0.0166667	0.994843
187	49    	0.432876 	0.286387	0.0959683 	0.994843
188	46    	0.481477 	0.29659 	-0.0160001	1.01432 
189	46    	0.448132 	0.278392	-0.016    	1.01432 
190	46    	0.441014 	0.267177	0.150818  	1.01432 
191	46    	0.38916  	0.239087	0.106608  	1.01432 
192	47    	0.490432 	0.247369	0.13848   	0.995981
193	46    	0.420012 	0.279164	0.106924  	0.995981
194	46    	0.479331 	0.30085 	-0.0150001	1.00355 
195	49    	0.488446 	0.279863	-0.01     	0.994843
196	46    	0.432379 	0.264666	-0.0171428	0.99693 
197	44    	0.541195 	0.285586	0.158338  	1.01568 
198	46    	0.443148 	0.293567	0.0866227 	1.01568 
199	42    	0.469908 	0.282098	0.115004  	1.01568 
200	45    	0.435369 	0.291196	-0.0171429	1.01568 
201	46    	0.462482 	0.303659	-0.0171429	1.01568 
202	48    	0.414481 	0.251407	0.145279  	1.01568 
203	43    	0.435685 	0.243669	-0.015    	1.00394 
204	47    	0.465895 	0.269648	-0.016    	1.00394 
205	47    	0.410933 	0.293117	-0.016    	1.00355 
206	47    	0.358817 	0.212466	0.127954  	0.854306
207	45    	0.461237 	0.228021	0.119952  	0.848003
208	47    	0.398729 	0.244814	-0.016    	1.0182  
209	47    	0.429613 	0.224715	0.102564  	1.0182  
210	40    	0.596819 	0.270459	0.0780193 	1.0182  
211	49    	0.520975 	0.294022	0.121352  	1.01673 
212	46    	0.502949 	0.306582	0.0629352 	1.01679 
213	46    	0.466807 	0.311823	0.107829  	1.05741 
214	40    	0.63989  	0.355021	-0.0160001	1.05741 
215	48    	0.436192 	0.330759	-0.0166667	1.05741 
216	47    	0.541608 	0.321523	0.0593258 	1.05741 
217	47    	0.465516 	0.300335	0.114811  	1.05741 
218	45    	0.56538  	0.332338	-0.0174998	1.05741 
219	45    	0.469592 	0.325173	0.109965  	1.05668 
220	41    	0.607026 	0.336557	-0.016    	1.05668 
221	49    	0.519065 	0.302426	0.101499  	1.05668 
222	49    	0.506513 	0.301681	0.157147  	1.01697 
223	45    	0.504924 	0.302346	0.138423  	1.01996 
224	45    	0.489057 	0.296661	-0.0171428	1.05668 
225	43    	0.598711 	0.290533	0.144768  	1.05668 
226	46    	0.588292 	0.339155	-0.0150003	1.05639 
227	45    	0.57266  	0.30552 	0.107443  	1.05639 
228	48    	0.524057 	0.291865	0.128332  	1.05741 
229	49    	0.500303 	0.324283	-0.0180001	1.05639 
230	44    	0.518241 	0.321078	-0.0171431	1.05639 
231	46    	0.529753 	0.311349	0.0885148 	1.05639 
232	39    	0.630638 	0.318512	0.14197   	1.05639 
233	45    	0.475144 	0.323777	0.0658463 	1.05639 
234	46    	0.540799 	0.297055	0.152413  	1.05639 
235	46    	0.540659 	0.334589	-0.0171429	1.05639 
236	48    	0.491004 	0.308899	0.14142   	1.02885 
237	49    	0.467346 	0.290281	-0.0133333	1.0103  
238	48    	0.482947 	0.277005	0.0705826 	0.988269
239	45    	0.44131  	0.279062	0.0861546 	0.90865 
240	46    	0.459501 	0.271963	0.0729546 	1.06243 
241	44    	0.483598 	0.284254	0.10241   	0.983462
242	45    	0.515086 	0.273456	0.144757  	0.978365
243	44    	0.44304  	0.278964	-0.0171415	0.988548
244	46    	0.463952 	0.299434	-0.0171231	0.971584
245	43    	0.530408 	0.313423	0.0872309 	0.994364
246	47    	0.427691 	0.296048	-0.0183333	0.994364
247	45    	0.553795 	0.276579	0.0949012 	0.971584
248	44    	0.495048 	0.306829	0.097309  	0.978365
249	48    	0.525693 	0.29415 	0.119899  	0.992266
250	46    	0.501878 	0.322493	0.0757351 	1.07056 
251	47    	0.461515 	0.305863	-0.0175   	0.992266
252	43    	0.548067 	0.299693	0.150884  	0.992266
253	47    	0.487468 	0.298448	0.140665  	0.998815
254	49    	0.526294 	0.298078	-0.0177778	1.07809 
255	46    	0.501514 	0.299501	0.136036  	1.07809 
256	48    	0.529018 	0.301293	0.0748445 	1.07809 
257	44    	0.490327 	0.285416	0.0872496 	1.07809 
258	46    	0.566929 	0.316844	-0.0159957	1.07809 
259	49    	0.474969 	0.322804	-0.0133333	0.982556
260	47    	0.568279 	0.309224	0.116028  	1.06917 
261	48    	0.508278 	0.270451	0.126774  	1.00599 
262	46    	0.560744 	0.308651	-0.0146967	1.00599 
263	47    	0.508489 	0.295649	-0.015    	1.00599 
264	47    	0.515766 	0.287946	0.0584002 	1.00599 
265	46    	0.502275 	0.322681	-0.0200001	1.00599 
266	45    	0.59642  	0.31901 	-0.0133332	1.00599 
267	47    	0.585272 	0.332412	-0.0177778	1.00783 
268	46    	0.582559 	0.305427	-0.0175   	1.00648 
269	48    	0.550414 	0.312799	-0.0175   	1.00617 
270	47    	0.503403 	0.288372	0.11611   	1.00617 
271	47    	0.485667 	0.296553	-0.016    	1.00617 
272	46    	0.572203 	0.299984	-0.0166667	1.00869 
273	44    	0.564093 	0.29423 	0.143671  	1.05139 
274	48    	0.510551 	0.315968	-0.0171415	1.14836 
275	48    	0.553475 	0.304025	0.109852  	1.07585 
276	44    	0.529945 	0.337124	-0.01714  	1.07585 
277	46    	0.511456 	0.356395	-0.018    	1.07585 
278	47    	0.508403 	0.335045	-0.02     	1.05139 
279	46    	0.517654 	0.341949	-0.0133333	1.0747  
280	46    	0.520983 	0.337308	-0.016    	1.0747  
281	46    	0.503494 	0.326487	0.110257  	1.0747  
282	46    	0.433877 	0.326353	-0.02     	1.15178 
283	50    	0.491064 	0.320769	-0.0133333	1.07219 
284	47    	0.436724 	0.283626	-0.02     	1.05024 
285	46    	0.438845 	0.351614	-1        	1.03822 
286	43    	0.483922 	0.292737	0.10481   	1.03822 
287	48    	0.448063 	0.284102	-0.016    	1.03822 
288	45    	0.489526 	0.290596	0.100659  	0.971704
289	47    	0.50235  	0.287123	0.120836  	0.972011
290	48    	0.499267 	0.280266	0.141956  	0.988398
291	45    	0.514629 	0.281483	0.0727812 	1.03281 
292	48    	0.421904 	0.265946	-0.015    	1.03281 
293	48    	0.446286 	0.268808	-0.015    	1.06587 
294	46    	0.427483 	0.25294 	-0.01     	0.984679
295	47    	0.47695  	0.287018	-0.016664 	0.994913
296	47    	0.537133 	0.337059	-0.01     	1.13781 
297	47    	0.431605 	0.311098	-0.0133333	1.13781 
298	46    	0.435886 	0.29552 	-0.0171429	1.13781 
299	46    	0.471562 	0.314703	-0.016    	1.03452 
300	48    	0.460648 	0.314408	-0.0166666	1.03716 
301	45    	0.51336  	0.351874	-0.016    	1.03716 
302	46    	0.456815 	0.337949	-0.0150001	1.03452 
303	43    	0.48626  	0.346495	-0.0171429	1.03708 
304	47    	0.502091 	0.286134	0.0642657 	0.996214
305	46    	0.471771 	0.323457	-0.0171428	1.03452 
306	48    	0.416183 	0.296389	-0.015    	1.03716 
307	46    	0.498515 	0.308876	0.0559048 	1.11353 
308	49    	0.452422 	0.253164	0.102277  	1.11353 
309	47    	0.469655 	0.258472	0.0557461 	0.973937
310	44    	0.485601 	0.286365	-0.0133333	1.03696 
311	47    	0.545605 	0.281883	-0.015    	1.03696 
312	45    	0.548022 	0.305485	0.100197  	1.03452 
313	44    	0.550946 	0.32088 	-0.0133333	1.03486 
314	46    	0.487611 	0.318141	-0.0166667	1.03708 
315	47    	0.548255 	0.284733	0.112989  	1.04529 
316	48    	0.534445 	0.313857	0.141837  	1.04456 
317	46    	0.559391 	0.300918	0.13593   	1.04291 
318	46    	0.546667 	0.2994  	-0.0150001	1.04291 
319	43    	0.655566 	0.314136	-0.0166667	1.10637 
320	44    	0.612898 	0.35917 	-0.0166666	1.11898 
321	47    	0.5123   	0.360457	0.119971  	1.11898 
322	47    	0.37438  	0.288168	-0.0200001	1.0473  
323	46    	0.570049 	0.294051	-0.02     	1.0473  
324	42    	0.571141 	0.323259	-0.0171428	1.12281 
325	47    	0.494337 	0.346272	-0.0174999	1.12281 
326	48    	0.582306 	0.340446	0.101637  	1.12178 
327	47    	0.525468 	0.373617	-0.0133333	1.11838 
328	43    	0.557064 	0.374063	-0.0166666	1.11372 
329	48    	0.548804 	0.326307	0.0672815 	1.11372 
330	47    	0.51015  	0.33262 	0.12488   	1.11372 
331	46    	0.469967 	0.439862	-1        	1.11372 
332	46    	0.534486 	0.321246	0.0919025 	1.05357 
333	49    	0.544994 	0.328427	0.0502168 	1.11372 
334	48    	0.479164 	0.320261	0.14411   	1.05357 
335	47    	0.491458 	0.328259	-0.016    	1.10618 
336	50    	0.584777 	0.330209	0.094047  	1.17467 
337	49    	0.584983 	0.341176	-0.0181818	1.1143  
338	46    	0.58761  	0.325065	0.168571  	1.09115 
339	44    	0.561725 	0.347786	-0.0175   	1.09115 
340	46    	0.50433  	0.314628	-0.0133333	1.05357 
341	44    	0.517425 	0.335839	-0.0177778	1.05357 
342	44    	0.557199 	0.356336	-0.0177778	1.11522 
343	48    	0.476202 	0.296489	0.0916439 	1.05357 
344	47    	0.567582 	0.311147	0.131107  	1.18388 
345	46    	0.502656 	0.303995	0.060322  	1.11522 
346	48    	0.475427 	0.264097	0.143324  	1.11522 
347	46    	0.529057 	0.273779	-0.01     	1.11522 
348	46    	0.556709 	0.294426	0.0981939 	1.11522 
349	48    	0.539598 	0.262477	0.130803  	0.970961
350	45    	0.541302 	0.293374	-0.016    	1.05385 
351	46    	0.53778  	0.292009	-0.0175   	1.05385 
352	48    	0.453322 	0.300462	-0.0150002	1.11522 
353	44    	0.520934 	0.270227	0.156102  	1.11522 
354	45    	0.543464 	0.280412	0.112225  	1.11522 
355	47    	0.600676 	0.27976 	0.17963   	1.04882 
356	46    	0.531469 	0.26738 	-0.0166608	1.04882 
357	48    	0.601953 	0.274543	0.0631665 	1.0101  
358	47    	0.472036 	0.25666 	0.147495  	0.982243
359	42    	0.620198 	0.262314	0.224407  	0.993342
360	45    	0.621234 	0.290284	0.113886  	1.06544 
361	42    	0.585839 	0.317291	0.138146  	1.06544 
362	45    	0.584844 	0.301285	0.125309  	1.13968 
363	42    	0.562795 	0.331938	-0.0166666	1.13968 
364	44    	0.596064 	0.316448	0.162374  	1.13968 
365	44    	0.61109  	0.306219	-0.018    	1.06702 
366	45    	0.555384 	0.30194 	0.165206  	1.06715 
367	43    	0.578035 	0.300818	0.119687  	1.06715 
368	46    	0.549511 	0.305853	-0.0171412	1.06715 
369	46    	0.521449 	0.312717	0.0916137 	1.0599  
370	49    	0.502233 	0.300917	-0.02     	1.00729 
371	44    	0.574276 	0.302757	-0.0149998	1.00729 
372	45    	0.626447 	0.325637	-0.00670266	1.00729 
373	49    	0.49057  	0.27041 	0.160591   	1.00329 
374	49    	0.443135 	0.266761	0.1484     	1.00329 
375	46    	0.469844 	0.298371	-0.0133333 	1.06859 
376	47    	0.542674 	0.290756	0.14846    	0.998545
377	43    	0.626861 	0.318161	-0.0171428 	1.07242 
378	45    	0.483017 	0.300643	0.131182   	1.07242 
379	48    	0.533691 	0.311664	0.086086   	1.07242 
380	48    	0.533309 	0.297546	-0.0160001 	0.995436
381	44    	0.547483 	0.275438	0.0972944  	0.998545
382	46    	0.595806 	0.281546	0.139166   	0.998545
383	46    	0.53386  	0.294506	-0.0166667 	0.99381 
384	46    	0.526025 	0.344308	-0.0183333 	1.05985 
385	47    	0.59962  	0.316477	0.0917856  	1.15137 
386	45    	0.562947 	0.333647	0.0613643  	1.07633 
387	48    	0.458211 	0.301125	-0.0177778 	1.07633 
388	48    	0.491516 	0.268211	0.118088   	0.946651
389	45    	0.511763 	0.277263	0.15306    	1.05594 
390	45    	0.509251 	0.287701	-0.016     	0.946483
391	47    	0.451513 	0.253815	-0.01      	0.930705
392	44    	0.537809 	0.28591 	0.0667644  	0.937836
393	49    	0.463745 	0.261245	0.075027   	0.930065
394	45    	0.503986 	0.283816	-0.0133332 	0.930741
395	48    	0.473938 	0.278215	0.157118   	0.930741
396	47    	0.43226  	0.257106	-0.0166557 	0.930741
397	40    	0.565113 	0.268993	0.0743215  	0.931076
398	47    	0.460464 	0.282639	-0.01      	0.931076
399	47    	0.4826   	0.270251	0.0580624  	0.991219
400	48    	0.511914 	0.274213	-0.016     	0.991118
401	48    	0.488    	0.262702	0.0638814  	0.930705
402	47    	0.471806 	0.262903	0.112566   	0.990581
403	50    	0.436344 	0.26152 	0.0530513  	0.974902
404	48    	0.427478 	0.247867	0.0995185  	0.929982
405	47    	0.475565 	0.252376	0.081642   	0.970038
406	45    	0.471916 	0.273971	0.0988053  	0.970038
407	41    	0.518066 	0.288111	0.151293   	1.006   
408	45    	0.428779 	0.270246	0.0694914  	0.970038
409	47    	0.378359 	0.254781	0.111164   	0.970038
410	47    	0.455    	0.254611	0.117366   	1.006   
411	46    	0.424522 	0.270413	-0.0166667 	0.996937
412	43    	0.506601 	0.262325	0.0620046  	0.996937
413	44    	0.447661 	0.293261	-0.02      	0.996937
414	47    	0.443121 	0.297783	-0.02      	1.00309 
415	49    	0.475042 	0.289185	-0.0171429 	0.99286 
416	43    	0.466019 	0.30086 	0.0419002  	0.99286 
417	48    	0.421069 	0.289355	-0.02      	1.00309 
418	42    	0.460887 	0.311143	-0.0177778 	1.00309 
419	46    	0.411403 	0.324234	-0.0175    	1.09647 
420	45    	0.333361 	0.247246	-0.02      	0.985863
421	49    	0.339369 	0.235792	-0.015     	1.03635 
422	46    	0.451862 	0.235022	0.167396   	0.99286 
423	48    	0.423774 	0.284438	-0.018     	1.03757 
424	47    	0.477579 	0.284925	-0.015     	1.03974 
425	46    	0.387041 	0.257617	0.0591981  	1.03974 
426	45    	0.443475 	0.279132	-0.02      	1.07687 
427	47    	0.458562 	0.299263	-0.0166667 	1.03974 
428	47    	0.42938  	0.286749	-0.0166667 	1.03974 
429	48    	0.380046 	0.251967	-0.02      	1.03974 
430	47    	0.397834 	0.261727	-0.0149999 	1.03974 
431	49    	0.401448 	0.2526  	-0.0177778 	1.03757 
432	45    	0.449793 	0.270954	-0.0166667 	1.03757 
433	48    	0.357545 	0.231935	0.0572904  	1.03757 
434	46    	0.441276 	0.244483	-0.0150001 	1.03757 
435	48    	0.366196 	0.225143	-0.0166666 	1.03757 
436	46    	0.432304 	0.232397	0.168041   	1.03757 
437	46    	0.520708 	0.288898	0.148525   	1.03757 
438	47    	0.384619 	0.239094	-0.01      	1.03757 
439	49    	0.411348 	0.242611	0.0756999  	1.03974 
440	49    	0.399008 	0.264014	-0.0159999 	1.05411 
441	44    	0.453643 	0.284459	-0.018     	1.05411 
442	48    	0.40131  	0.264012	-0.0177778 	1.00603 
443	46    	0.47341  	0.253877	0.184989   	1.00603 
444	46    	0.410793 	0.270027	-0.02      	0.933   
445	46    	0.438261 	0.260167	-0.0133333 	0.99286 
446	45    	0.455096 	0.282765	-0.0166594 	1.03974 
447	45    	0.486161 	0.244654	0.119238   	0.990505
448	46    	0.426731 	0.241126	-0.0159976 	0.933208
449	43    	0.461133 	0.271204	-0.02      	1.01379 
450	45    	0.440315 	0.273108	-0.0171428 	1.00974 
451	44    	0.479446 	0.249207	0.066962   	1.00974 
452	46    	0.407949 	0.22769 	-0.0150002 	0.981802
453	47    	0.437781 	0.239156	-0.0171427 	1.01963 
454	46    	0.451759 	0.215475	0.116589   	0.933485
455	47    	0.429515 	0.270749	-0.0166584 	1.01963 
456	48    	0.45816  	0.290635	-0.016     	1.01963 
457	48    	0.432306 	0.311382	-0.0180001 	1.12134 
458	46    	0.404113 	0.29203 	-0.0177778 	1.12134 
459	48    	0.36639  	0.272868	-0.018     	1.01854 
460	46    	0.471828 	0.275866	0.0658326  	1.12746 
461	45    	0.467205 	0.295937	-0.0177778 	1.12746 
462	45    	0.415983 	0.263088	0.0986298  	1.12746 
463	47    	0.454929 	0.28862 	0.0589199  	1.12746 
464	49    	0.373146 	0.244787	0.0857647  	1.12746 
465	49    	0.36714  	0.178651	0.0638814  	0.786061
466	45    	0.370389 	0.194702	-0.02      	0.869082
467	46    	0.36782  	0.18362 	0.075      	0.757969
468	48    	0.41297  	0.183576	0.153238   	0.766232
469	45    	0.388349 	0.17839 	0.141291   	0.766232
470	48    	0.413168 	0.217427	-0.0166666 	0.793765
471	47    	0.404654 	0.203949	-0.0171428 	0.785509
472	45    	0.465216 	0.227064	-0.0150001 	0.796098
473	45    	0.440105 	0.235725	-0.0166652 	0.796098
474	46    	0.410561 	0.252538	-0.0166667 	0.870711
475	43    	0.514129 	0.230115	0.135957   	0.870711
476	40    	0.467509 	0.268566	0.123097   	0.870711
477	46    	0.459546 	0.244199	0.0852316  	0.870711
478	44    	0.531099 	0.247677	0.137074   	0.870711
479	47    	0.455862 	0.25968 	0.086881   	0.923934
480	47    	0.52584  	0.263346	0.119265   	0.923934
481	43    	0.437556 	0.286256	-0.0160001 	0.918753
482	45    	0.461237 	0.267926	0.0934885  	0.918753
483	46    	0.507043 	0.290396	-0.0166667 	0.918753
484	44    	0.439302 	0.27763 	0.135782   	0.961576
485	46    	0.483071 	0.296105	0.119541   	0.961576
486	48    	0.382085 	0.285453	-0.0177778 	0.961576
487	48    	0.398534 	0.262533	-0.016     	0.961576
488	46    	0.394499 	0.330464	-1         	0.898925
489	48    	0.465478 	0.253568	-0.0171428 	0.891998
490	47    	0.513365 	0.249684	-0.0159963 	0.900907
491	48    	0.445931 	0.235968	0.108303   	0.856675
492	49    	0.428994 	0.233739	0.0850176  	0.953649
493	45    	0.503131 	0.276603	-0.0166667 	1.05295 
494	45    	0.491387 	0.286623	0.070997   	1.05295 
495	44    	0.480676 	0.310476	-0.016     	0.978409
496	46    	0.402452 	0.251998	0.152333   	0.978409
497	48    	0.422484 	0.244894	0.147672   	0.978409
498	47    	0.445781 	0.253572	0.109673   	0.978409
499	47    	0.387218 	0.21225 	-0.0166667 	0.978409
500	47    	0.427394 	0.234948	-0.0171429 	0.978409
501	49    	0.410017 	0.23058 	0.125533   	0.990295
502	47    	0.431236 	0.22592 	-0.0133334 	0.990295
503	44    	0.377006 	0.35576 	-1         	0.990295
504	46    	0.501168 	0.217795	0.184736   	0.990295
505	46    	0.532834 	0.230317	0.182619   	0.94726 
506	48    	0.476537 	0.245623	0.131907   	0.920867
507	48    	0.431711 	0.217467	0.153096   	0.92308 
508	50    	0.426888 	0.214246	0.0750183  	0.921584
509	46    	0.467157 	0.217497	0.140577   	0.830946
510	46    	0.478484 	0.194222	0.14419    	0.830946
511	43    	0.472906 	0.211952	0.18286    	0.86706 
512	47    	0.421749 	0.21071 	-0.0160001 	0.783912
513	48    	0.420554 	0.234377	-0.0160001 	0.832734
514	48    	0.451633 	0.296846	-1         	0.832734
515	48    	0.462087 	0.236708	0.143899   	0.835842
516	48    	0.393877 	0.193923	0.1408     	0.801974
517	47    	0.430057 	0.219217	0.0871972  	0.799002
518	50    	0.417376 	0.206974	-0.0166667 	0.802038
519	46    	0.399083 	0.27622 	-1         	0.802038
520	44    	0.427419 	0.283443	-1         	0.802038
521	45    	0.352218 	0.277482	-1         	0.802038
522	42    	0.496521 	0.219385	-0.0133333 	0.802038
523	45    	0.386239 	0.216376	0.149033   	0.802038
524	43    	0.422983 	0.232126	-0.0166667 	0.875711
525	46    	0.370452 	0.300273	-1         	0.876839
526	47    	0.46075  	0.202846	0.132063   	0.876839
527	44    	0.439831 	0.213912	0.120759   	0.876839
528	46    	0.451582 	0.227577	0.116295   	0.876839
529	46    	0.416158 	0.221972	0.140582   	0.876839
530	47    	0.454811 	0.222008	0.16073    	0.900769
531	48    	0.411117 	0.250204	-0.0166667 	0.865944
532	44    	0.473413 	0.221241	0.16221    	0.937307
533	47    	0.45066  	0.233529	0.158111   	0.937307
534	48    	0.432888 	0.221214	0.140863   	0.937307
535	46    	0.409258 	0.219449	0.12936    	0.937307
536	44    	0.378786 	0.224392	0.0889176  	0.937307
537	47    	0.420654 	0.243051	-0.0150001 	0.937307
538	46    	0.402046 	0.21651 	0.121941   	0.934688
539	44    	0.406962 	0.322332	-1         	0.934688
540	47    	0.378096 	0.306355	-1         	0.876839
541	47    	0.352979 	0.28239 	-1         	0.876839
542	49    	0.479725 	0.185857	0.190969   	1.01051 
543	45    	0.416797 	0.206307	0.155437   	0.869373
544	47    	0.416108 	0.219757	0.111546   	0.870265
545	43    	0.445664 	0.248822	-0.015     	1.01029 
546	45    	0.411983 	0.236359	0.109983   	1.01029 
547	45    	0.415715 	0.222934	0.0928606  	0.870265
548	46    	0.464204 	0.253131	0.0757216  	1.01029 
549	47    	0.404167 	0.226647	0.105245   	0.936937
550	49    	0.437552 	0.222156	-0.0133332 	1.01029 
551	45    	0.472467 	0.245643	0.137981   	1.01029 
552	44    	0.442585 	0.268278	0.123467   	1.00152 
553	44    	0.478236 	0.307922	-0.0166666 	1.00152 
554	45    	0.446081 	0.29494 	-0.0166666 	1.00152 
555	47    	0.422772 	0.240241	0.177986   	0.993862
556	46    	0.387374 	0.215487	0.0832632  	0.926936
557	49    	0.360893 	0.172515	0.155665   	0.872166
558	48    	0.445482 	0.199479	-0.0133333 	0.872166
559	45    	0.376201 	0.35933 	-1         	0.940346
560	44    	0.429601 	0.323173	-1         	0.937017
561	47    	0.42419  	0.232262	0.116381   	0.937017
562	43    	0.451563 	0.290179	-0.0166666 	0.937017
563	49    	0.367639 	0.23938 	-0.0175    	0.940356
564	46    	0.459453 	0.229944	0.162256   	0.940356
565	48    	0.353291 	0.211123	0.0631273  	0.839505
566	46    	0.396927 	0.19633 	0.0843177  	0.817791
567	45    	0.392895 	0.212527	-0.0133337 	0.784019
568	49    	0.40832  	0.217189	0.0560224  	0.784019
569	46    	0.403297 	0.309516	-1         	0.874348
570	43    	0.490258 	0.239154	0.07546    	0.874348
571	47    	0.440929 	0.301701	-1         	0.874348
572	47    	0.447199 	0.217935	0.142772   	0.874348
573	47    	0.430585 	0.347847	-1         	0.874348
574	47    	0.409997 	0.360108	-1         	0.898638
575	47    	0.405001 	0.412982	-1         	0.843551
576	49    	0.449721 	0.186865	-0.0166667 	0.837287
577	47    	0.369714 	0.453584	-1         	0.966882
578	47    	0.435996 	0.286126	-1         	0.966882
579	47    	0.390061 	0.269319	-1         	0.822836
580	48    	0.326803 	0.435411	-1         	0.853761
581	45    	0.454466 	0.20731 	0.145661   	0.860354
582	47    	0.400963 	0.294595	-1         	0.935063
583	47    	0.300906 	0.470701	-1         	0.929805
584	47    	0.39654  	0.189199	0.0984719  	0.891302
585	46    	0.458416 	0.268824	-1         	0.891302
586	49    	0.336183 	0.312027	-1         	0.86858 
587	48    	0.403024 	0.266963	-1         	0.844738
588	44    	0.39156  	0.461091	-1         	0.950618
589	47    	0.370209 	0.461326	-1         	0.950618
590	48    	0.387942 	0.478231	-1         	1.08165 
591	48    	0.497881 	0.349244	-1         	1.08165 
592	48    	0.410377 	0.452242	-1         	1.08165 
593	47    	0.462174 	0.403335	-1         	1.08165 
594	44    	0.465693 	0.424607	-1         	1.08165 
595	45    	0.390337 	0.430082	-1         	1.03927 
596	48    	0.410623 	0.188175	0.201789   	1.03927 
597	46    	0.402935 	0.413808	-1         	1.03927 
598	45    	0.403305 	0.381107	-1         	1.03927 
599	47    	0.26809  	0.468975	-1         	1.03927 
600	48    	0.476953 	0.245664	0.185571   	1.03927 
601	47    	0.282156 	0.528499	-1         	1.03927 
602	44    	0.441423 	0.392318	-1         	1.03927 
603	43    	0.500195 	0.411015	-1         	1.03927 
604	48    	0.403358 	0.494042	-1         	1.08165 
605	46    	0.438738 	0.39462 	-1         	1.05715 
606	45    	0.504861 	0.368288	-1         	1.05918 
607	48    	0.459882 	0.415222	-1         	1.06033 
608	46    	0.476205 	0.309221	0.099412   	1.06107 
609	45    	0.390418 	0.325638	-1         	1.06107 
610	45    	0.375413 	0.435764	-1         	1.04278 
611	44    	0.418177 	0.375243	-1         	1.04815 
612	43    	0.534715 	0.262625	0.197989   	1.04815 
613	45    	0.497787 	0.364588	-1         	1.08276 
614	44    	0.468966 	0.358141	-1         	1.08276 
615	46    	0.510501 	0.355838	-1         	1.08276 
616	46    	0.523947 	0.301776	0.187858   	1.09512 
617	45    	0.455056 	0.42927 	-1         	1.09512 
618	47    	0.440697 	0.415081	-1         	1.09512 
619	49    	0.466548 	0.338   	-1         	1.05018 
620	46    	0.387559 	0.483568	-1         	1.05018 
621	45    	0.415953 	0.435091	-1         	1.05018 
622	43    	0.540691 	0.353118	-1         	1.09512 
623	48    	0.473746 	0.232449	0.223878   	0.960887
624	47    	0.446931 	0.339672	-1         	1.08939 
625	47    	0.390985 	0.430505	-1         	1.08939 
626	42    	0.404303 	0.286562	-1         	1.03569 
627	46    	0.381598 	0.465981	-1         	1.03569 
628	48    	0.399811 	0.352318	-1         	0.966728
629	46    	0.410408 	0.464867	-1         	0.938108
630	48    	0.413924 	0.235956	-0.018     	0.938108
631	44    	0.473265 	0.347568	-1         	0.944358
632	49    	0.217226 	0.545038	-1         	0.944358
633	48    	0.420227 	0.299207	-1         	0.892002
634	45    	0.464555 	0.382812	-1         	0.916957
635	45    	0.351838 	0.470224	-1         	0.916957
636	48    	0.361145 	0.374802	-1         	0.921891
637	42    	0.491816 	0.398388	-1         	0.92493 
638	41    	0.459121 	0.355142	-1         	0.92737 
639	46    	0.388809 	0.373534	-1         	0.921891
640	45    	0.410206 	0.374514	-1         	0.929264
641	46    	0.479659 	0.251814	0.138283   	0.929264
642	45    	0.297121 	0.395453	-1         	0.929264
643	46    	0.289631 	0.43785 	-1         	0.955156
644	45    	0.436034 	0.202419	0.18032    	0.929264
645	45    	0.429047 	0.296643	-1         	0.929264
646	45    	0.416094 	0.230979	-0.016     	0.929264
647	44    	0.37967  	0.369603	-1         	0.929264
648	46    	0.366606 	0.368246	-1         	0.929264
649	43    	0.52833  	0.252609	0.0622598  	0.940222
650	48    	0.3158   	0.504978	-1         	0.95387 
651	46    	0.312401 	0.453572	-1         	0.940222
652	46    	0.340449 	0.413898	-1         	0.940222
653	44    	0.353318 	0.418959	-1         	1.01067 
654	46    	0.467041 	0.230902	0.210928   	0.907251
655	48    	0.4059   	0.337208	-1         	0.907251
656	48    	0.374437 	0.391817	-1         	0.940695
657	46    	0.445263 	0.364413	-1         	0.940695
658	45    	0.363088 	0.289674	-1         	0.940695
659	49    	0.360651 	0.452667	-1         	0.940695
660	43    	0.417095 	0.314103	-1         	0.940695
661	46    	0.301646 	0.53178 	-1         	0.927807
662	45    	0.291376 	0.481898	-1         	0.927807
663	44    	0.341657 	0.496076	-1         	0.927807
664	47    	0.39651  	0.412848	-1         	0.927807
665	44    	0.425693 	0.426287	-1         	0.95652 
666	45    	0.342354 	0.396119	-1         	0.907815
667	42    	0.487922 	0.237785	0.196404   	0.907815
668	49    	0.406069 	0.301452	-1         	0.907815
669	46    	0.435664 	0.290154	-1         	0.895581
670	49    	0.381556 	0.410505	-1         	0.934597
671	47    	0.43284  	0.226822	0.130734   	0.934597
672	49    	0.298874 	0.417707	-1         	0.875693
673	44    	0.441448 	0.283279	-1         	0.886107
674	47    	0.389706 	0.343438	-1         	0.886107
675	48    	0.390138 	0.183789	0.0622289  	0.886107
676	48    	0.313141 	0.419772	-1         	0.886107
677	45    	0.206946 	0.562214	-1         	0.909885
678	47    	0.293096 	0.467451	-1         	0.92965 
679	47    	0.404483 	0.175854	0.194607   	0.917829
680	45    	0.395813 	0.354528	-1         	0.895499
681	46    	0.280486 	0.415084	-1         	0.895499
682	46    	0.244977 	0.504695	-1         	0.874483
683	43    	0.378785 	0.350041	-1         	0.874483
684	47    	0.321515 	0.437443	-1         	0.895499
685	47    	0.252758 	0.541623	-1         	0.914051
686	46    	0.3012   	0.473651	-1         	0.914051
687	44    	0.294792 	0.506208	-1         	0.893839
688	45    	0.39233  	0.331713	-1         	0.874483
689	45    	0.35621  	0.395295	-1         	0.874483
690	45    	0.406065 	0.448918	-1         	0.914964
691	45    	0.403623 	0.405404	-1         	0.914964
692	49    	0.398382 	0.406598	-1         	0.914964
693	44    	0.3579   	0.504362	-1         	0.931115
694	45    	0.37771  	0.462976	-1         	0.931115
695	48    	0.348622 	0.386902	-1         	0.914964
696	45    	0.265583 	0.550329	-1         	0.925851
697	49    	0.321464 	0.483913	-1         	0.918485
698	45    	0.376491 	0.355527	-1         	0.985334
699	50    	0.436293 	0.421826	-1         	0.885929
700	47    	0.405615 	0.283047	-1         	0.889891
701	46    	0.215013 	0.566368	-1         	0.889891
702	45    	0.234394 	0.621145	-1         	0.906448
703	47    	0.346245 	0.460386	-1         	0.928918
704	47    	0.202314 	0.634831	-1         	0.928918
705	47    	0.313985 	0.434455	-1         	0.887892
706	47    	0.276908 	0.507674	-1         	0.887892
707	47    	0.280816 	0.59275 	-1         	0.910153
708	46    	0.249484 	0.590074	-1         	0.924358
709	45    	0.260781 	0.694916	-1         	0.889321
710	44    	0.122567 	0.729578	-1         	0.889321
711	46    	0.244345 	0.656295	-1         	0.945159
712	42    	0.383724 	0.517289	-1         	0.945159
713	46    	0.275292 	0.527431	-1         	1.03581 
714	48    	0.252625 	0.547117	-1         	1.03581 
715	47    	0.450943 	0.430048	-1         	1.02922 
716	49    	0.261722 	0.554122	-1         	0.95065 
717	45    	0.304684 	0.607292	-1         	0.95065 
718	48    	0.254665 	0.540467	-1         	0.896787
719	46    	0.349525 	0.536912	-1         	0.896787
720	48    	0.381463 	0.451144	-1         	0.896787
721	45    	0.382454 	0.498197	-1         	0.896787
722	46    	0.411694 	0.456449	-1         	0.87509 
723	46    	0.449954 	0.406304	-1         	0.906927
724	44    	0.290913 	0.598661	-1         	0.906927
725	45    	0.30457  	0.607652	-1         	0.910228
726	46    	0.344377 	0.506832	-1         	0.910228
727	48    	0.173043 	0.619264	-1         	1.0221  
728	42    	0.261903 	0.627708	-1         	1.0221  
729	46    	0.207789 	0.638494	-1         	0.931463
730	43    	0.305831 	0.540548	-1         	0.931463
731	46    	0.137131 	0.705273	-1         	0.931463
732	49    	0.118081 	0.654523	-1         	0.894208
733	47    	0.293748 	0.559752	-1         	0.880396
734	43    	0.515087 	0.433258	-1         	0.880396
735	47    	0.217054 	0.561607	-1         	0.880396
736	46    	0.294214 	0.559411	-1         	0.922077
737	46    	0.112744 	0.684023	-1         	0.920093
738	50    	0.012567 	0.714882	-1         	0.916968
739	49    	0.197571 	0.660317	-1         	0.867845
740	47    	0.268665 	0.581354	-1         	0.86597 
741	47    	0.37904  	0.495702	-1         	0.845017
742	46    	0.395866 	0.458191	-1         	0.888074
743	50    	0.114593 	0.620604	-1         	0.818488
744	45    	0.221858 	0.556551	-1         	0.807255
745	43    	0.209835 	0.596967	-1         	0.869571
746	48    	0.180991 	0.585651	-1         	0.900807
747	50    	0.140745 	0.563857	-1         	0.95149 
748	49    	0.212707 	0.515907	-1         	0.738452
749	45    	0.383437 	0.392642	-1         	0.803513
750	48    	0.380777 	0.27447 	-1         	0.803513
751	47    	0.370113 	0.280251	-1         	0.72968 
752	49    	0.361578 	0.340576	-1         	0.86318 
753	45    	0.362699 	0.397096	-1         	0.769127
754	46    	0.349653 	0.389407	-1         	0.769127
755	49    	0.335183 	0.33418 	-1         	0.796603
756	45    	0.352906 	0.427846	-1         	0.796603
757	48    	0.37124  	0.334192	-1         	0.758121
758	48    	0.431914 	0.264042	-1         	0.763203
759	47    	0.338942 	0.38539 	-1         	0.791471
760	49    	0.317195 	0.378016	-1         	0.791471
761	45    	0.492379 	0.280765	-1         	0.791471
762	46    	0.358097 	0.344519	-1         	0.792378
763	44    	0.388794 	0.409291	-1         	0.79725 
764	46    	0.417028 	0.282993	-1         	0.809099
765	45    	0.403074 	0.405524	-1         	0.813691
766	45    	0.429535 	0.361761	-1         	0.857016
767	47    	0.312395 	0.389917	-1         	0.813691
768	46    	0.41381  	0.301662	-1         	0.813691
769	47    	0.343277 	0.331157	-1         	0.776958
770	45    	0.388055 	0.343218	-1         	0.871602
771	43    	0.397391 	0.364398	-1         	0.871602
772	48    	0.343188 	0.33719 	-1         	0.867367
773	48    	0.33937  	0.324656	-1         	0.867367
774	46    	0.325144 	0.386649	-1         	0.867367
775	47    	0.398013 	0.345319	-1         	0.867367
776	45    	0.359968 	0.410055	-1         	0.867367
777	46    	0.35748  	0.40829 	-1         	0.867367
778	44    	0.455553 	0.378342	-1         	0.938032
779	46    	0.348139 	0.410651	-1         	0.867367
780	44    	0.373421 	0.405033	-1         	0.867367
781	46    	0.425431 	0.294754	-1         	0.867367
782	47    	0.425768 	0.370437	-1         	0.868747
783	48    	0.261029 	0.468096	-1         	0.983676
784	44    	0.347212 	0.350692	-1         	0.983676
785	45    	0.357932 	0.291559	-1         	0.983676
786	46    	0.400505 	0.374803	-1         	0.983676
787	47    	0.422139 	0.314047	-1         	0.872194
788	49    	0.292734 	0.339665	-1         	0.860907
789	47    	0.307232 	0.439667	-1         	0.843213
790	44    	0.424546 	0.21864 	0.122649   	0.843213
791	45    	0.439594 	0.259718	0.101994   	0.870605
792	49    	0.304747 	0.34664 	-1         	0.873586
793	47    	0.446365 	0.257384	0.106433   	0.859545
794	48    	0.410329 	0.278364	-1         	0.857542
795	47    	0.369762 	0.463467	-1         	0.90261 
796	45    	0.499426 	0.24479 	0.191544   	0.90261 
797	45    	0.431317 	0.251078	-0.0150001 	0.921251
798	47    	0.418457 	0.395851	-1         	1.03117 
799	48    	0.425284 	0.23766 	0.171049   	0.925741
800	47    	0.34414  	0.359933	-1         	0.991373
801	46    	0.428372 	0.318734	-1         	0.983285
802	48    	0.326727 	0.402394	-1         	1.0234  
803	45    	0.383145 	0.300437	-1         	0.91336 
804	47    	0.311196 	0.322565	-1         	0.840942
805	46    	0.313249 	0.452081	-1         	0.937314
806	49    	0.205198 	0.439778	-1         	0.820452
807	46    	0.367546 	0.271673	-1         	0.802466
808	48    	0.35575  	0.388962	-1         	0.808014
809	44    	0.396364 	0.27939 	-1         	0.810621
810	47    	0.359371 	0.272099	-1         	0.810621
811	43    	0.403905 	0.290964	-1         	0.813332
812	46    	0.394342 	0.352846	-1         	0.847379
813	43    	0.359664 	0.34975 	-1         	0.866641
814	45    	0.361837 	0.292689	-1         	0.847379
815	47    	0.386292 	0.18034 	0.206556   	0.847379
816	39    	0.443451 	0.205949	0.16914    	0.847379
817	45    	0.378736 	0.197612	-0.01      	0.847379
818	44    	0.452597 	0.204177	0.12515    	0.847379
819	46    	0.37431  	0.35006 	-1         	0.847379
820	46    	0.362433 	0.340018	-1         	0.810698
821	47    	0.409738 	0.229105	-0.02      	0.81145 
822	44    	0.393067 	0.207748	0.150808   	0.810698
823	46    	0.398868 	0.197651	0.0897214  	0.823761
824	46    	0.402674 	0.220453	-0.02      	0.823761
825	45    	0.413647 	0.174587	0.154373   	0.823761
826	46    	0.355793 	0.338443	-1         	0.823761
827	48    	0.379468 	0.274334	-1         	0.848034
828	46    	0.390055 	0.194716	-0.01      	0.835069
829	45    	0.472906 	0.233114	0.184513   	0.884642
830	46    	0.461654 	0.229702	0.153499   	0.884642
831	44    	0.387387 	0.295103	-1         	0.884642
832	48    	0.34548  	0.400211	-1         	0.884642
833	44    	0.480521 	0.307693	-1         	0.88519 
834	46    	0.489824 	0.208378	0.198052   	0.884642
835	46    	0.385048 	0.462304	-1         	0.884642
836	45    	0.375124 	0.409192	-1         	0.884642
837	44    	0.364444 	0.49623 	-1         	0.895096
838	47    	0.493855 	0.292669	-1         	0.945113
839	48    	0.486957 	0.204006	0.194459   	0.945113
840	43    	0.399923 	0.421697	-1         	0.871216
841	45    	0.441227 	0.435341	-1         	0.95178 
842	45    	0.484864 	0.308256	-1         	0.884642
843	46    	0.42567  	0.359754	-1         	0.868029
844	46    	0.44505  	0.227566	-0.015     	0.851914
845	47    	0.425657 	0.298938	-1         	0.95178 
846	47    	0.436162 	0.389264	-1         	0.946633
847	45    	0.354603 	0.487073	-1         	0.946633
848	46    	0.440875 	0.255143	0.17829    	0.95178 
849	48    	0.452672 	0.312219	-1         	0.947125
850	43    	0.458048 	0.222173	0.137328   	0.947125
851	44    	0.426081 	0.359659	-1         	0.947125
852	44    	0.472252 	0.387524	-1         	0.980275
853	48    	0.454261 	0.30998 	-1         	0.980275
854	48    	0.398784 	0.356359	-1         	0.941101
855	42    	0.473587 	0.339664	-1         	0.941101
856	47    	0.404544 	0.245649	0.121939   	0.941101
857	46    	0.34233  	0.271957	-1         	0.869473
858	48    	0.384854 	0.278481	-1         	0.858161
859	46    	0.399844 	0.349342	-1         	0.954336
860	48    	0.413828 	0.204651	-0.0166667 	0.858234
861	46    	0.409173 	0.350411	-1         	0.891167
862	47    	0.313278 	0.486662	-1         	0.902023
863	47    	0.397705 	0.382081	-1         	0.949569
864	45    	0.390463 	0.386981	-1         	0.949569
865	46    	0.342055 	0.553551	-1         	0.949569
866	46    	0.480297 	0.333509	-1         	0.949569
867	47    	0.300389 	0.5476  	-1         	1.02052 
868	48    	0.416608 	0.315319	-1         	1.02052 
869	46    	0.404629 	0.436945	-1         	1.02052 
870	45    	0.365867 	0.421353	-1         	1.02052 
871	47    	0.425457 	0.323035	-1         	1.04148 
872	48    	0.416141 	0.342282	-1         	1.04148 
873	45    	0.470418 	0.250115	0.0516777  	0.991558
874	44    	0.377701 	0.366422	-1         	0.991558
875	44    	0.443129 	0.333161	-1         	0.991558
876	43    	0.404578 	0.348033	-1         	0.991558
877	47    	0.356215 	0.413281	-1         	0.991558
878	45    	0.435475 	0.275309	-0.01      	1.0529  
879	43    	0.467461 	0.422084	-1         	1.0529  
880	47    	0.279323 	0.402746	-1         	1.0529  
881	45    	0.318687 	0.425722	-1         	1.0529  
882	47    	0.345556 	0.35649 	-1         	1.0529  
883	45    	0.306999 	0.383766	-1         	1.0529  
884	46    	0.326561 	0.384874	-1         	1.0529  
885	44    	0.336583 	0.43646 	-1         	1.0529  
886	49    	0.342726 	0.385693	-1         	1.0529  
887	49    	0.418417 	0.245037	0.107934   	0.884727
888	46    	0.419565 	0.351482	-1         	0.964034
889	47    	0.540403 	0.268093	-0.0171429 	1.03745 
890	47    	0.49687  	0.352052	-1         	1.01017 
891	46    	0.4661   	0.370927	-1         	1.01189 
892	41    	0.535374 	0.292284	0.120485   	1.01125 
893	49    	0.475567 	0.303218	0.0503223  	1.01125 
894	46    	0.42467  	0.479975	-1         	1.0631  
895	45    	0.389374 	0.456102	-1         	1.04951 
896	43    	0.416128 	0.369217	-1         	1.04951 
897	47    	0.348709 	0.333425	-1         	1.04745 
898	47    	0.424701 	0.270584	0.0421173  	1.06315 
899	48    	0.518104 	0.260984	0.141241   	1.04951 
900	49    	0.433469 	0.252748	0.118695   	0.996948
901	47    	0.369049 	0.415753	-1         	0.996948
902	44    	0.472337 	0.230394	0.15185    	0.996948
903	47    	0.390333 	0.423414	-1         	0.9875  
904	48    	0.456908 	0.307642	-1         	0.9875  
905	47    	0.338137 	0.395451	-1         	0.945279
906	48    	0.264436 	0.511996	-1         	0.945279
907	48    	0.361955 	0.284185	-1         	0.887515
908	48    	0.418636 	0.219574	0.156526   	0.887515
909	47    	0.414348 	0.365259	-1         	0.887515
910	44    	0.452708 	0.306373	-1         	0.957203
911	48    	0.428603 	0.307864	-1         	0.957203
912	47    	0.465994 	0.327383	-1         	1.00733 
913	42    	0.47793  	0.347847	-1         	1.00733 
914	45    	0.463543 	0.254431	0.138362   	1.00733 
915	49    	0.320673 	0.455694	-1         	1.00733 
916	44    	0.397071 	0.486013	-1         	1.00733 
917	46    	0.361491 	0.43566 	-1         	1.00733 
918	49    	0.322509 	0.464473	-1         	1.04056 
919	47    	0.378706 	0.293622	-1         	1.01417 
920	44    	0.385402 	0.390435	-1         	0.999045
921	43    	0.462188 	0.459793	-1         	1.02585 
922	48    	0.433289 	0.402994	-1         	1.02292 
923	43    	0.441701 	0.480279	-1         	1.02292 
924	48    	0.227833 	0.55711 	-1         	1.02292 
925	47    	0.319838 	0.541535	-1         	1.02292 
926	43    	0.347161 	0.454451	-1         	1.1388  
927	47    	0.394694 	0.378107	-1         	1.1388  
928	50    	0.312007 	0.388685	-1         	0.933743
929	48    	0.432009 	0.227982	0.12646    	0.933743
930	46    	0.387425 	0.426445	-1         	0.917766
931	43    	0.50197  	0.348937	-1         	0.962988
932	48    	0.433445 	0.403161	-1         	0.962988
933	43    	0.484505 	0.276206	0.0912868  	0.96443 
934	45    	0.340853 	0.446887	-1         	0.962988
935	46    	0.469015 	0.289848	0.0436144  	0.962988
936	45    	0.359813 	0.492627	-1         	1.0185  
937	45    	0.314095 	0.471526	-1         	0.975607
938	43    	0.463693 	0.334409	-1         	0.962988
939	46    	0.366337 	0.427772	-1         	0.962988
940	46    	0.39076  	0.429331	-1         	0.927675
941	47    	0.408315 	0.322818	-1         	0.933516
942	47    	0.396316 	0.392302	-1         	0.891586
943	47    	0.477539 	0.399752	-1         	0.931239
944	45    	0.36505  	0.387406	-1         	0.932125
945	47    	0.352056 	0.4264  	-1         	0.963738
946	46    	0.276701 	0.53718 	-1         	0.937217
947	47    	0.423762 	0.234794	0.0920598  	0.936733
948	48    	0.234867 	0.449566	-1         	0.936733
949	45    	0.337781 	0.359906	-1         	0.936733
950	48    	0.201624 	0.565553	-1         	0.928972
951	46    	0.334607 	0.493799	-1         	0.977255
952	46    	0.420331 	0.226345	-0.02      	0.977255
953	48    	0.35972  	0.355698	-1         	0.969579
954	47    	0.386765 	0.224824	-0.0175    	0.969579
955	47    	0.383624 	0.316981	-1         	0.972265
956	48    	0.27953  	0.527926	-1         	0.875127
957	49    	0.313993 	0.440805	-1         	0.850218
958	47    	0.388724 	0.407875	-1         	0.850218
959	45    	0.464809 	0.301942	-1         	0.850218
960	42    	0.442053 	0.315937	-1         	0.850218
961	47    	0.375335 	0.515055	-1         	0.921664
962	49    	0.399038 	0.373048	-1         	0.951095
963	43    	0.392702 	0.380896	-1         	0.938356
964	48    	0.288692 	0.370916	-1         	0.938981
965	49    	0.344679 	0.507952	-1         	1.00428 
966	47    	0.39415  	0.442486	-1         	1.05756 
967	49    	0.301171 	0.396274	-1         	0.910803
968	48    	0.409652 	0.362862	-1         	0.998871
969	46    	0.328143 	0.442983	-1         	0.904163
970	48    	0.426304 	0.303387	-1         	0.862887
971	49    	0.279283 	0.480353	-1         	0.910941
972	49    	0.471855 	0.232837	0.133244   	1.01967 
973	47    	0.416288 	0.377378	-1         	1.07041 
974	46    	0.371773 	0.471793	-1         	0.866335
975	44    	0.465828 	0.232794	0.0474369  	0.904606
976	46    	0.378692 	0.468664	-1         	0.963806
977	42    	0.315638 	0.556163	-1         	0.963806
978	46    	0.257275 	0.525951	-1         	0.936457
979	45    	0.513425 	0.341463	-1         	0.956604
980	47    	0.379378 	0.483957	-1         	1.00808 
981	45    	0.453906 	0.339684	-1         	1.00789 
982	44    	0.467393 	0.359576	-1         	1.01323 
983	50    	0.3341   	0.410109	-1         	1.00351 
984	47    	0.388374 	0.371812	-1         	1.00351 
985	46    	0.441076 	0.238273	0.136231   	1.00351 
986	46    	0.463124 	0.325524	-1         	1.0057  
987	47    	0.480102 	0.244125	-0.0171428 	0.983015
988	48    	0.413456 	0.386599	-1         	0.983015
989	45    	0.46584  	0.32969 	-1         	0.983015
990	45    	0.412645 	0.437545	-1         	0.978382
991	44    	0.495947 	0.396197	-1         	0.978382
992	45    	0.509268 	0.27389 	-0.016     	0.978382
993	47    	0.359556 	0.425848	-1         	0.979696
994	49    	0.457954 	0.252701	-0.0159964 	0.978382
995	46    	0.481193 	0.319966	-1         	1.0057  
996	46    	0.518333 	0.327102	-1         	0.979696
997	47    	0.584827 	0.262626	0.0985746  	0.98139 
998	46    	0.558688 	0.271583	0.134882   	0.98139 
999	48    	0.542599 	0.274915	0.0632006  	1.04208 
1000	48    	0.529911 	0.247383	0.132149   	1.02902 
Best individuals:
(1.1838817410294789,) 	-->	 /*9*/DDDDBFLBRLLBRFUUUUU
VMNeuronManager.autoload: Neuro classes added: Delay Light Nn PIDP PIDV SeeLight SeeLight2 S0 S1 Thr 
UserScripts.autoload: 19 user scripts added.
Simulator.load: Loading from 'eval-allcriteria.sim'
Loader.load: Comments read from file follow:
Loader.load:  Sample settings for evaluating many criteria of performance of a Framsticks creature.
Loader.load:  See the "evalcount" parameter if you want to speed the evaluation up or have a more stable result.
Loader.load:  Other important parameters are "Energy0" and "perfperiod".
Loader.load:  Put this file in the "data" subdirectory within the Framsticks distribution.
Simulator.load: Settings loaded from 'eval-allcriteria.sim'
Simulator.load: Loading from 'deterministic.sim'
Loader.load: Comments read from file follow:
Loader.load:  Parameter values that make the evaluation of a Framsticks creature deterministic.
Loader.load:  The values turn off random noise, so evaluation of the same genotype will always yield the same performance.
Loader.load:  The advantage is that you do not need to evaluate a genotype many times, and performance values are reliable.
Loader.load:  The disadvantage is that evolved creatures are "overfitting", i.e. rely entirely on the specific environment,
Loader.load:  and their behavior may be different in any other environment or (even slightly) changed conditions or parameter values,
Loader.load:  so each creature evolved using these settings must be later inspected using exactly the same setup.
Loader.load: 
Loader.load:  Before loading this file, load base settings, e.g. "eval-allcriteria.sim".
Loader.load:  Put this file in the "data" subdirectory within the Framsticks distribution.
Simulator.load: Settings loaded from 'deterministic.sim'
Simulator.load: Loading from 'sample-period-2.sim'
Loader.load: Comments read from file follow:
Loader.load:  Very low "performance sampling period" in the first population to sample performance very often during lifespan
Loader.load:  and avoid overlooking some behavior. Averaged performance of sampled values is returned as the final value.
Loader.load:  See http://www.framsticks.com/a/al_params.html#exper-perfcalc
Loader.load: 
Loader.load:  Before loading this file, load base settings, e.g. "eval-allcriteria.sim".
Loader.load:  Put this file in the "data" subdirectory within the Framsticks distribution.
Simulator.load: Loading from 'f9-mut-005.sim'
Simulator.load: Settings loaded from 'f9-mut-005.sim'
