Argument values: path=C:\Users\1625203\Downloads\Framsticks50rc22\Framsticks50rc22, lib=None, sim=eval-allcriteria.sim;deterministic.sim;sample-period-2.sim;f9-mut-005.sim, genformat=None, initialgenotype=/*9*/BLU, opt=vertpos, popsize=50, generations=1000, tournament=10, pmut=0.9, pxov=0.2, hof_size=1, hof_savefile=None, max_numparts=30, max_numjoints=None, max_numneurons=None, max_numconnections=None, max_numgenochars=50
Using Framsticks version: 5.0rc22
Home (writable) dir     : C:\Users\1625203\Downloads\Framsticks50rc22\Framsticks50rc22\data
Resources dir           : C:\Users\1625203\Downloads\Framsticks50rc22\Framsticks50rc22\data

Available objects: ['CheckpointEvent', 'Collision', 'CrCollision', 'Creature', 'CreatureSettings', 'CreatureSignals', 'CreatureSnapshot', 'Dictionary', 'ExpProperties', 'ExpState', 'ExtValue', 'File', 'FunctionReference', 'GenMan', 'GenManStats', 'GenePool', 'GenePools', 'Geno', 'Genotype', 'Interface', 'Joint', 'Loader', 'Math', 'MechJoint', 'MechPart', 'MessageCatcher', 'Model', 'ModelGeometry', 'ModelSymmetry', 'Neuro', 'NeuroClass', 'NeuroClassLibrary', 'NeuroDef', 'NeuroSignals', 'NeuronsSimEnabled', 'ODE', 'Orient', 'Part', 'Population', 'Populations', 'Ref', 'Signal', 'SignalView', 'SimilMeasure', 'SimilMeasureDistribution', 'SimilMeasureGreedy', 'SimilMeasureHungarian', 'Simulator', 'SlaveSimulators', 'StopEvent', 'String', 'UserScripts', 'Vector', 'WireframeAppearance', 'World', 'WorldMap', 'WorldSignals', 'XYZ', '__builtins__', '__cached__', '__doc__', '__file__', '__loader__', '__name__', '__package__', '__spec__', 'c_api', 'ctypes', 'home_dir', 'init', 'os', 're', 'res_dir', 'sim_params', 'stats', 'sys']

Performing a basic test 1/2... OK.
Performing a basic test 2/2... OK.
Using settings: ['eval-allcriteria.sim', 'deterministic.sim', 'sample-period-2.sim', 'f9-mut-005.sim']
gen	nevals	avg     	stddev	min     	max     
0  	50    	0.218369	0     	0.218369	0.218369
1  	48    	0.0853026	0.139967	-0.0150001	0.514537
2  	50    	0.110849 	0.170502	-0.0160001	0.812825
3  	48    	0.226125 	0.1819  	-0.0160001	0.812825
4  	43    	0.261719 	0.20105 	-0.0166667	0.813708
5  	45    	0.27022  	0.18192 	-0.0166667	0.596788
6  	47    	0.238376 	0.213529	-0.02     	0.581352
7  	46    	0.26646  	0.228803	-0.0166668	0.812825
8  	45    	0.255428 	0.212005	-0.0166668	0.690311
9  	43    	0.345687 	0.238054	-0.0171429	0.803492
10 	46    	0.264658 	0.230407	-0.0175   	0.813954
11 	46    	0.274264 	0.201786	-0.02     	0.690311
12 	46    	0.302391 	0.178628	-0.02     	0.634841
13 	47    	0.274068 	0.182066	-0.0166668	0.690311
14 	46    	0.344774 	0.202454	-0.017143 	0.813954
15 	45    	0.2979   	0.246341	-0.0175   	0.813954
16 	45    	0.302977 	0.22739 	-0.02     	0.813954
17 	44    	0.387713 	0.228189	-0.016    	0.813954
18 	43    	0.405135 	0.269939	-0.016    	0.813954
19 	47    	0.380492 	0.225695	-0.016    	0.813954
20 	48    	0.301072 	0.23641 	-0.0175   	0.813954
21 	42    	0.352881 	0.234525	-0.0175   	0.70633 
22 	41    	0.374855 	0.237652	-0.0171429	0.70633 
23 	42    	0.358256 	0.244185	-0.0171429	0.731104
24 	46    	0.268951 	0.222211	-0.0171429	0.731104
25 	46    	0.297372 	0.22118 	-0.0171429	0.706431
26 	47    	0.363146 	0.24883 	-0.02     	0.818054
27 	47    	0.356304 	0.248861	-0.0175   	0.818054
28 	44    	0.351064 	0.257688	-0.0175   	0.818054
29 	41    	0.454558 	0.238597	-0.0175   	0.818054
30 	48    	0.412455 	0.265783	-0.0171429	0.827119
31 	49    	0.324076 	0.253954	-0.0171429	0.827119
32 	46    	0.426728 	0.255623	-0.0166668	0.834784
33 	45    	0.4699   	0.255554	-0.02     	0.83537 
34 	46    	0.404751 	0.24314 	-0.0133333	0.83537 
35 	45    	0.464041 	0.282811	-0.02     	0.83537 
36 	46    	0.382514 	0.296275	-0.02     	0.83537 
37 	47    	0.334833 	0.277739	-0.02     	0.83537 
38 	44    	0.41869  	0.294065	-0.02     	0.83537 
39 	46    	0.441246 	0.292563	-0.0181818	0.835619
40 	48    	0.32152  	0.292251	-0.0175   	0.835619
41 	48    	0.397056 	0.28017 	-0.02     	0.83537 
42 	46    	0.386497 	0.275   	-0.02     	0.834784
43 	47    	0.359275 	0.253835	-0.0166668	0.833256
44 	48    	0.355792 	0.288434	-0.02     	0.834784
45 	45    	0.337526 	0.281602	-0.0177778	0.833256
46 	48    	0.292423 	0.237821	-0.02     	0.834784
47 	49    	0.287183 	0.249578	-0.0175   	0.83537 
48 	47    	0.37982  	0.268025	-0.0174999	0.83537 
49 	42    	0.391977 	0.29724 	-0.0174999	0.83537 
50 	46    	0.336435 	0.279872	-0.02     	0.83537 
51 	47    	0.291441 	0.238757	-0.02     	0.83537 
52 	46    	0.390595 	0.271655	-0.0175   	0.83537 
53 	46    	0.400257 	0.275953	-0.02     	0.834751
54 	48    	0.40802  	0.284203	-0.02     	0.834751
55 	48    	0.320359 	0.247834	-0.0175   	0.834751
56 	47    	0.306925 	0.241046	-0.0171429	0.834751
57 	47    	0.322092 	0.277324	-0.02     	0.83537 
58 	48    	0.337562 	0.254466	-0.0200001	0.83537 
59 	45    	0.345855 	0.267132	-0.02     	0.83537 
60 	46    	0.37498  	0.299475	-0.0166667	0.83537 
61 	45    	0.354409 	0.29171 	-0.02     	0.83537 
62 	47    	0.362487 	0.304957	-0.02     	0.940502
63 	46    	0.383992 	0.295538	-0.0177779	0.940502
64 	46    	0.324252 	0.269331	-0.0177778	0.88445 
65 	43    	0.446237 	0.267371	0.0626698 	0.88445 
66 	44    	0.351266 	0.286405	-0.0175001	0.88445 
67 	47    	0.453009 	0.277209	-0.0171428	0.975525
68 	45    	0.434646 	0.304755	-0.0200001	0.975525
69 	45    	0.419352 	0.283519	0.0991917 	0.868746
70 	48    	0.399432 	0.244796	-0.0133333	0.868746
71 	45    	0.427197 	0.285921	-0.0171428	0.912574
72 	45    	0.473555 	0.278078	0.0677463 	0.985188
73 	47    	0.536737 	0.276653	0.115682  	0.985188
74 	46    	0.431015 	0.280877	-0.0171429	1.02288 
75 	45    	0.363051 	0.250232	0.0661596 	1.02288 
76 	47    	0.515686 	0.28569 	0.0689711 	1.02288 
77 	48    	0.45158  	0.287495	0.0527335 	1.02288 
78 	44    	0.462809 	0.318966	0.0749805 	1.02288 
79 	48    	0.423059 	0.291562	0.125     	1.02288 
80 	43    	0.44155  	0.315792	-0.0150001	1.02288 
81 	43    	0.463089 	0.31316 	0.119253  	1.12226 
82 	43    	0.476467 	0.352301	-0.0175   	1.02288 
83 	44    	0.487893 	0.326036	0.114165  	1.02288 
84 	48    	0.357513 	0.297274	-0.018    	1.00024 
85 	49    	0.505975 	0.29941 	0.0680401 	1.05193 
86 	45    	0.427368 	0.320369	-0.0171429	0.944306
87 	45    	0.51702  	0.302425	-0.0159999	0.97167 
88 	49    	0.411741 	0.29735 	-0.0171428	1.0422  
89 	46    	0.443905 	0.311839	-0.016    	0.977089
90 	47    	0.461414 	0.264061	-0.0177778	0.977089
91 	46    	0.559566 	0.268768	0.100645  	1.06586 
92 	46    	0.42641  	0.305028	-0.0166667	1.03968 
93 	46    	0.44994  	0.295275	-0.0175   	1.03968 
94 	45    	0.446049 	0.30838 	0.0734449 	0.970792
95 	48    	0.371598 	0.296151	-0.0149999	0.972407
96 	48    	0.464857 	0.279312	0.0662732 	0.97868 
97 	49    	0.390285 	0.257342	0.0512602 	0.972407
98 	47    	0.450177 	0.277812	-0.016    	1.05111 
99 	45    	0.45065  	0.279461	-0.0133333	1.05111 
100	44    	0.47824  	0.283475	-0.0120008	0.985249
101	46    	0.415388 	0.287689	-0.018    	0.968749
102	45    	0.469998 	0.282226	-0.015    	0.968749
103	45    	0.480544 	0.279141	0.106336  	0.968749
104	48    	0.414425 	0.257873	-0.0133332	0.968749
105	43    	0.481277 	0.28036 	0.133603  	0.968749
106	45    	0.509222 	0.278192	0.075057  	0.968749
107	45    	0.426532 	0.301783	0.0828611 	0.968749
108	48    	0.426007 	0.290421	-0.02     	0.974194
109	43    	0.506049 	0.316898	-0.02     	0.971389
110	46    	0.475385 	0.309889	-0.0120008	0.971389
111	47    	0.461377 	0.286047	0.10017   	0.944678
112	46    	0.47632  	0.305438	0.0849277 	1.05111 
113	45    	0.498057 	0.316904	-0.0166667	0.977694
114	45    	0.443184 	0.319412	-0.0133333	0.977694
115	44    	0.490313 	0.293133	-0.0171429	0.977478
116	46    	0.412266 	0.267592	-0.01     	0.977478
117	47    	0.510763 	0.272703	0.180037  	0.977478
118	48    	0.458082 	0.264921	0.157617  	0.977634
119	47    	0.477001 	0.259749	0.145027  	0.984159
120	47    	0.487476 	0.268497	0.117831  	0.984159
121	46    	0.527645 	0.278577	0.137783  	0.984238
122	48    	0.476488 	0.294237	0.113075  	0.9747  
123	45    	0.502968 	0.300292	0.0696004 	0.9747  
124	48    	0.450153 	0.288828	-0.0175   	0.9747  
125	46    	0.447949 	0.292848	0.0588961 	0.947611
126	49    	0.540374 	0.268849	0.111243  	0.9747  
127	47    	0.451037 	0.302191	0.0726224 	1.05527 
128	45    	0.498108 	0.327459	0.11856   	1.05527 
129	46    	0.554752 	0.321707	0.119697  	1.05527 
130	46    	0.532188 	0.340414	-0.016    	1.05527 
131	46    	0.437704 	0.32069 	-0.0133334	1.05527 
132	46    	0.473245 	0.322591	-0.016    	1.05527 
133	43    	0.632133 	0.318442	-0.0171428	1.10729 
134	46    	0.437197 	0.302151	0.0980649 	1.0552  
135	46    	0.461714 	0.327887	0.0823877 	1.05354 
136	47    	0.380637 	0.30415 	-0.0166667	1.05354 
137	48    	0.449    	0.315937	-0.016    	1.05527 
138	48    	0.420852 	0.291061	-0.0177778	0.907074
139	46    	0.497354 	0.300547	-0.0171428	0.981635
140	47    	0.49452  	0.294897	-0.0166667	0.982804
141	48    	0.534956 	0.275601	0.0849572 	0.981635
142	47    	0.521984 	0.305006	-0.01     	0.979762
143	47    	0.536641 	0.299073	-0.016    	0.976819
144	44    	0.596888 	0.2785  	-0.018    	0.974114
145	45    	0.503159 	0.293659	0.106144  	0.974114
146	46    	0.501706 	0.296494	0.0862474 	0.983817
147	50    	0.515436 	0.283947	0.0753659 	0.914775
148	48    	0.500998 	0.24621 	0.117561  	0.879139
149	46    	0.559168 	0.274996	0.159689  	0.979975
150	45    	0.460356 	0.295161	0.104565  	0.976161
151	48    	0.514107 	0.291496	-0.0166667	0.976161
152	45    	0.581366 	0.31427 	-0.0171429	0.976193
153	49    	0.501384 	0.312333	-0.0175   	0.986324
154	47    	0.478642 	0.26953 	-0.0133333	0.901099
155	45    	0.557626 	0.286322	0.0749757 	1.0579  
156	44    	0.557837 	0.297255	0.107202  	0.986324
157	45    	0.499177 	0.320843	0.0626911 	0.986324
158	48    	0.493793 	0.319724	0.0779406 	1.03011 
159	44    	0.490676 	0.301356	-0.0133333	1.03011 
160	47    	0.495842 	0.311243	-0.0171429	0.986324
161	43    	0.56128  	0.31753 	0.0622022 	0.986324
162	48    	0.428569 	0.323094	-0.0177778	0.986324
163	47    	0.588371 	0.290903	-0.016    	0.979859
164	48    	0.501796 	0.321951	-0.0171428	1.09038 
165	43    	0.497308 	0.321257	0.0591152 	1.09038 
166	46    	0.551934 	0.347973	-0.0177778	1.09038 
167	42    	0.536814 	0.375514	-0.0166667	1.10525 
168	45    	0.459115 	0.340386	-0.0159976	1.10525 
169	49    	0.525935 	0.326709	0.0997395 	1.09038 
170	46    	0.481947 	0.347528	-0.0181819	1.09038 
171	50    	0.433971 	0.277511	0.0456639 	1.04956 
172	44    	0.476124 	0.353009	-1        	1.0351  
173	45    	0.467773 	0.280327	0.0790421 	1.0351  
174	49    	0.4546   	0.255956	0.0968055 	0.972863
175	43    	0.553952 	0.283683	-0.016    	1.12016 
176	44    	0.607254 	0.342548	-0.0171428	1.12016 
177	48    	0.406912 	0.31932 	-0.02     	1.10415 
178	45    	0.481546 	0.298294	0.0836125 	0.980182
179	48    	0.466966 	0.279248	0.138092  	0.980182
180	46    	0.469163 	0.299714	0.0761753 	1.05339 
181	47    	0.503985 	0.304536	-0.0166667	1.11979 
182	46    	0.510099 	0.294756	-0.0171428	1.04354 
183	46    	0.575766 	0.278864	0.167548  	1.03999 
184	46    	0.434233 	0.425154	-1        	0.991702
185	46    	0.474024 	0.276779	0.13118   	0.991702
186	42    	0.554451 	0.276092	0.152169  	0.991702
187	48    	0.458701 	0.278339	0.113913  	0.980082
188	44    	0.477138 	0.349682	-1        	0.912267
189	49    	0.502704 	0.279985	-0.015    	1.02514 
190	48    	0.535527 	0.266956	0.187153  	1.1086  
191	46    	0.458577 	0.287752	-0.0166666	0.981802
192	45    	0.518104 	0.296885	0.100329  	0.981802
193	46    	0.478734 	0.294302	-0.0160001	0.972202
194	48    	0.468864 	0.303076	-0.016    	0.972202
195	41    	0.516581 	0.307007	0.117297  	0.972202
196	43    	0.547054 	0.303752	0.13829   	0.972202
197	46    	0.484653 	0.313827	0.1058    	0.972202
198	47    	0.400875 	0.402675	-1        	0.969375
199	49    	0.43413  	0.292752	-0.016    	0.976534
200	43    	0.416128 	0.442431	-1        	0.976534
201	45    	0.521601 	0.271603	0.152154  	0.981747
202	43    	0.522755 	0.309822	-0.0171429	1.10405 
203	44    	0.540434 	0.294285	-0.0160001	1.0392  
204	48    	0.442204 	0.285714	-0.0160001	0.976534
205	47    	0.560868 	0.271499	0.0987958 	1.0395  
206	48    	0.55606  	0.325065	-0.0150001	1.10924 
207	48    	0.523129 	0.372138	-1        	1.10924 
208	47    	0.487084 	0.368022	-1        	1.10924 
209	47    	0.455785 	0.363777	-1        	1.03298 
210	45    	0.48502  	0.337714	-1        	0.973926
211	46    	0.504196 	0.299388	0.0754767 	1.03779 
212	45    	0.494249 	0.34715 	-1        	1.03779 
213	46    	0.581648 	0.28173 	0.122323  	1.03779 
214	47    	0.501699 	0.364061	-1        	0.974003
215	47    	0.537247 	0.338958	-1        	0.981187
216	44    	0.595995 	0.27901 	0.114731  	1.03492 
217	47    	0.475618 	0.426299	-1        	1.03492 
218	50    	0.379223 	0.322865	-1        	0.900272
219	48    	0.478402 	0.252665	0.129705  	1.02693 
220	45    	0.557542 	0.339098	-1        	1.02693 
221	43    	0.614462 	0.271814	0.180349  	1.02693 
222	47    	0.52824  	0.301208	0.15222   	1.12216 
223	47    	0.599174 	0.315176	-0.0166666	1.12216 
224	43    	0.641384 	0.343566	-0.0133334	1.12216 
225	46    	0.51681  	0.345162	-0.0175   	1.12027 
226	46    	0.49656  	0.33814 	0.0904032 	1.12027 
227	47    	0.564802 	0.333091	0.0803997 	1.11763 
228	47    	0.506145 	0.324726	-0.015    	1.11763 
229	44    	0.504245 	0.331355	0.0456639 	1.11763 
230	46    	0.416029 	0.297602	-0.0133334	1.11763 
231	45    	0.592249 	0.313745	0.0946455 	1.12027 
232	47    	0.476241 	0.336857	-0.0174999	1.11763 
233	44    	0.596784 	0.374407	0.106814  	1.11763 
234	48    	0.484908 	0.342883	-0.015    	1.11763 
235	46    	0.539393 	0.330202	0.0632101 	1.11763 
236	43    	0.580401 	0.344682	0.127044  	1.11763 
237	48    	0.506086 	0.325167	-0.018    	1.11763 
238	45    	0.455914 	0.319229	-0.015    	1.12064 
239	47    	0.426345 	0.409396	-1        	1.02993 
240	49    	0.485338 	0.370505	-1        	1.07089 
241	46    	0.580206 	0.332363	-0.015    	1.07089 
242	49    	0.505163 	0.310484	0.109977  	0.984054
243	45    	0.593707 	0.294396	0.0994254 	0.984054
244	48    	0.569391 	0.308331	-0.018    	1.1106  
245	45    	0.545786 	0.317699	-0.0166666	1.1106  
246	49    	0.478643 	0.310371	0.108232  	1.1106  
247	46    	0.547158 	0.328561	-0.0175001	1.1106  
248	48    	0.479954 	0.336122	-0.0181818	1.1106  
249	48    	0.519782 	0.322218	-0.015    	1.04889 
250	49    	0.44665  	0.297994	-0.0133333	1.04889 
251	45    	0.51081  	0.298273	0.148367  	1.04895 
252	50    	0.542433 	0.316958	-0.02     	1.08276 
253	48    	0.488974 	0.325082	-0.0177778	0.980958
254	45    	0.554067 	0.325051	-0.0171429	1.0479  
255	45    	0.553106 	0.336767	0.136313  	1.0479  
256	45    	0.550771 	0.337869	-0.0150003	1.0479  
257	43    	0.461133 	0.343129	-0.0177778	1.0479  
258	40    	0.542205 	0.366343	-0.0171429	1.0479  
259	48    	0.47716  	0.338078	-0.0177778	1.11843 
260	44    	0.522098 	0.349352	-0.0179999	1.12178 
261	47    	0.513093 	0.344057	-0.0177778	1.12178 
262	47    	0.510848 	0.331735	0.112651  	1.12339 
263	45    	0.61442  	0.341087	0.0680645 	1.12339 
264	47    	0.611352 	0.315762	0.157655  	1.12168 
265	43    	0.637386 	0.344813	-0.0166666	1.12168 
266	48    	0.634979 	0.334949	0.170592  	1.1254  
267	45    	0.606448 	0.360329	-0.016    	1.12168 
268	46    	0.575471 	0.338548	-0.0150001	1.04834 
269	45    	0.571035 	0.338275	0.0398456 	1.12168 
270	46    	0.659035 	0.320368	0.106309  	1.1254  
271	48    	0.557235 	0.372193	0.0561142 	1.1254  
272	46    	0.609572 	0.377551	-0.0159977	1.1254  
273	43    	0.635168 	0.370106	-0.0133333	1.1254  
274	48    	0.514227 	0.324304	0.116774  	1.1254  
275	46    	0.56825  	0.368329	-0.0166652	1.1254  
276	47    	0.565473 	0.349734	0.106253  	1.1254  
277	47    	0.500632 	0.332055	-0.0166667	1.1254  
278	41    	0.610446 	0.34004 	-0.0171428	1.1254  
279	44    	0.64639  	0.357024	0.0760379 	1.16569 
280	46    	0.582826 	0.326217	-0.0166667	1.04587 
281	43    	0.534648 	0.314212	-0.016    	1.04306 
282	45    	0.586191 	0.274228	-0.0133333	1.04306 
283	45    	0.602198 	0.365649	-1        	1.1254  
284	46    	0.565289 	0.411072	-1        	1.1254  
285	47    	0.566174 	0.345616	-0.015    	1.1254  
286	48    	0.56048  	0.318641	0.108834  	1.04587 
287	47    	0.605717 	0.286362	0.100502  	1.04303 
288	47    	0.591847 	0.309529	0.0740917 	1.18951 
289	48    	0.658236 	0.314815	-0.0166667	1.18951 
290	46    	0.566454 	0.309383	0.141062  	1.0545  
291	47    	0.585276 	0.309669	0.131996  	1.12444 
292	46    	0.55552  	0.334573	-0.0199999	1.12444 
293	46    	0.55768  	0.334677	0.0461913 	1.12444 
294	46    	0.579534 	0.33116 	0.0961944 	1.12444 
295	45    	0.514749 	0.329187	-0.016    	1.12444 
296	45    	0.535693 	0.317416	0.141305  	1.06544 
297	49    	0.534074 	0.351862	-0.0166668	1.12119 
298	44    	0.55192  	0.35427 	-0.018    	1.04954 
299	44    	0.497888 	0.382209	-0.0166667	1.04473 
300	43    	0.659588 	0.342762	0.0894406 	1.12429 
301	46    	0.530454 	0.338101	-0.0166665	1.12429 
302	42    	0.599053 	0.350619	0.0404826 	1.12429 
303	46    	0.58956  	0.338687	-0.0159999	1.05206 
304	47    	0.585719 	0.324121	0.136731  	1.11818 
305	47    	0.501503 	0.3175  	0.141813  	1.05206 
306	45    	0.59144  	0.298415	0.153589  	1.02332 
307	47    	0.597604 	0.312207	0.141851  	1.05211 
308	44    	0.586    	0.30867 	0.142021  	1.05211 
309	46    	0.552399 	0.331556	-0.0171428	1.05211 
310	44    	0.560398 	0.316003	0.138197  	1.05211 
311	48    	0.469272 	0.322428	0.0876044 	1.04712 
312	43    	0.534219 	0.297295	0.156343  	1.04887 
313	47    	0.586808 	0.274909	0.118064  	1.03677 
314	47    	0.567184 	0.307492	0.0663871 	1.03677 
315	48    	0.511413 	0.295862	0.141798  	0.979135
316	47    	0.492938 	0.279688	0.0724845 	1.03677 
317	46    	0.4326   	0.295265	-0.0166652	1.04366 
318	49    	0.39811  	0.273465	0.138204  	1.04396 
319	47    	0.477679 	0.290773	0.0905422 	1.04891 
320	46    	0.487562 	0.297425	-0.0160001	1.04891 
321	44    	0.527129 	0.315217	-0.0171429	1.04891 
322	47    	0.465939 	0.269243	0.143961  	1.04891 
323	46    	0.470366 	0.295072	-0.0166667	1.04775 
324	45    	0.489033 	0.300018	0.123972  	1.04775 
325	45    	0.388165 	0.292441	-0.0171429	0.98177 
326	46    	0.406453 	0.26592 	-0.0166667	0.98177 
327	45    	0.470206 	0.293355	0.0928888 	1.02328 
328	46    	0.519195 	0.287478	0.0572588 	0.98177 
329	45    	0.422505 	0.306049	0.0566285 	0.98177 
330	45    	0.448542 	0.304832	-0.0159979	0.98177 
331	46    	0.553138 	0.27335 	-0.0175   	1.02328 
332	47    	0.460589 	0.303736	-0.02     	1.02328 
333	46    	0.441708 	0.307204	-0.0177778	1.02328 
334	47    	0.464961 	0.285921	-0.0200001	0.965396
335	46    	0.456522 	0.281327	0.0750729 	0.984803
336	45    	0.492089 	0.305463	-0.0166661	1.04759 
337	46    	0.52337  	0.295693	0.125571  	1.04759 
338	46    	0.432558 	0.330215	-0.0200001	1.04759 
339	47    	0.510116 	0.311297	-0.0177778	1.04905 
340	47    	0.497883 	0.305982	-0.0171429	1.04905 
341	47    	0.493009 	0.325   	-0.0175   	1.04905 
342	47    	0.493958 	0.292433	-0.0177778	0.970092
343	44    	0.568334 	0.290536	-0.0166667	0.980263
344	48    	0.498451 	0.261996	0.147405  	0.943097
345	43    	0.56647  	0.276817	-0.0180001	0.943097
346	47    	0.506481 	0.284641	0.0846758 	1.04411 
347	46    	0.484338 	0.304075	-0.016    	1.04411 
348	48    	0.479038 	0.309233	-0.0166652	1.04411 
349	45    	0.540787 	0.303286	0.104838  	1.04411 
350	45    	0.535143 	0.308512	0.0757351 	0.987134
351	42    	0.486373 	0.335176	-0.0133333	0.987134
352	46    	0.417866 	0.306799	0.064466  	0.987134
353	47    	0.480565 	0.321003	-0.0133334	0.975011
354	46    	0.480468 	0.298507	-0.02     	0.987134
355	44    	0.523505 	0.30702 	-0.0166667	0.987134
356	46    	0.433746 	0.301098	0.0749813 	1.07527 
357	44    	0.509961 	0.294327	0.0757632 	1.07527 
358	45    	0.499389 	0.306462	-0.0179999	1.07527 
359	45    	0.372755 	0.31505 	-0.0175   	1.07527 
360	44    	0.492509 	0.334297	0.0664614 	1.07527 
361	46    	0.478855 	0.33408 	-0.0133333	1.07527 
362	46    	0.463199 	0.314708	0.0739144 	0.98161 
363	46    	0.450595 	0.312049	-0.0171429	0.966091
364	46    	0.500629 	0.267402	-0.016    	0.966091
365	43    	0.461111 	0.282632	-0.0150001	0.966091
366	47    	0.51507  	0.291967	-0.02     	1.07527 
367	47    	0.431438 	0.31387 	-0.0171428	1.06672 
368	46    	0.449438 	0.295744	-0.0177778	0.906624
369	44    	0.454575 	0.293813	-0.0133333	0.906624
370	48    	0.448803 	0.287604	-0.0166667	0.937173
371	45    	0.40571  	0.304737	-0.0171429	0.937173
372	46    	0.511943 	0.285322	-0.0133333	0.937173
373	45    	0.438941 	0.309186	-0.0160001	0.983752
374	43    	0.441104 	0.310612	0.0594713 	0.983752
375	48    	0.427493 	0.269169	-0.015    	0.905294
376	46    	0.477323 	0.273717	0.0750701 	0.983752
377	44    	0.506352 	0.314373	0.0665475 	0.983752
378	48    	0.343111 	0.267934	-0.0166667	0.981017
379	45    	0.525802 	0.237935	-0.0160001	0.899899
380	42    	0.520792 	0.276609	0.0663826 	0.983752
381	47    	0.445143 	0.295945	-0.0160001	0.981017
382	44    	0.496723 	0.283191	0.0555799 	0.907134
383	49    	0.49056  	0.300834	-0.0171428	0.908078
384	48    	0.432145 	0.247734	-0.0177777	0.908078
385	45    	0.499218 	0.241637	-0.0166666	0.90778 
386	47    	0.442954 	0.251771	-0.0149999	1.05494 
387	48    	0.503672 	0.269387	0.127978  	1.06057 
388	47    	0.542531 	0.277146	0.118601  	0.981017
389	47    	0.424463 	0.281842	-0.018    	0.981017
390	46    	0.445112 	0.290226	-0.0133334	0.981017
391	46    	0.465034 	0.31065 	-0.0166668	0.981017
392	48    	0.393563 	0.298674	-0.0133334	0.913321
393	46    	0.45093  	0.294626	-0.0181818	0.913321
394	46    	0.436623 	0.296823	-0.0166667	0.913321
395	49    	0.412716 	0.294712	-0.0175   	0.917198
396	47    	0.45455  	0.278837	-0.016    	0.969843
397	47    	0.488087 	0.270437	-0.0177778	0.969843
398	45    	0.452828 	0.267396	-0.0171429	0.988077
399	46    	0.431592 	0.31445 	-0.015    	0.969843
400	48    	0.464257 	0.25667 	0.0847301 	0.888668
401	48    	0.53397  	0.259068	-0.0175   	0.988077
402	47    	0.433303 	0.27755 	-0.0181819	0.988718
403	45    	0.452534 	0.244506	0.046466  	0.900559
404	44    	0.446552 	0.248319	0.0663692 	0.900559
405	48    	0.422336 	0.262029	-0.0171429	1.00813 
406	46    	0.435527 	0.260059	-0.015    	0.887484
407	46    	0.421917 	0.328252	-1        	0.91208 
408	46    	0.446706 	0.285662	-0.015    	0.912637
409	44    	0.484186 	0.308358	-0.0171428	0.901891
410	43    	0.551847 	0.300425	0.099225  	1.01743 
411	46    	0.439163 	0.297156	-0.015    	1.00339 
412	47    	0.430199 	0.278558	0.0574284 	1.00339 
413	47    	0.485792 	0.376112	-1        	1.00339 
414	45    	0.493001 	0.325295	0.0716793 	1.01329 
415	48    	0.338159 	0.283106	0.053953  	1.10466 
416	48    	0.436202 	0.3363  	-0.0177778	1.10466 
417	46    	0.479463 	0.352033	0.0776094 	1.10466 
418	46    	0.37449  	0.316681	-0.0171429	1.10466 
419	45    	0.382405 	0.312586	-0.0177778	1.10466 
420	49    	0.351735 	0.299958	0.0754055 	1.10466 
421	45    	0.380103 	0.405834	-1        	1.10394 
422	44    	0.435702 	0.267881	0.105125  	1.10394 
423	47    	0.34496  	0.373115	-1        	0.879363
424	44    	0.304376 	0.45638 	-1        	0.847139
425	45    	0.43546  	0.318379	-1        	0.847139
426	47    	0.476648 	0.254384	0.121768  	0.847139
427	48    	0.4029   	0.319585	-1        	0.847139
428	46    	0.419627 	0.237215	0.0844365 	0.849115
429	48    	0.459379 	0.240767	-0.0133334	0.849115
430	44    	0.568843 	0.218461	0.147032  	0.959824
431	46    	0.51193  	0.244893	0.125178  	0.887483
432	48    	0.473061 	0.261032	-0.016    	0.885954
433	46    	0.446212 	0.232745	0.115947  	0.885954
434	47    	0.467704 	0.246168	0.129152  	0.960774
435	45    	0.44074  	0.254131	0.0566938 	0.885954
436	47    	0.505544 	0.241983	0.0819125 	0.996697
437	47    	0.412643 	0.209935	0.131346  	0.878601
438	47    	0.421279 	0.25377 	-0.0175   	0.892475
439	43    	0.48738  	0.271351	0.107806  	0.965583
440	46    	0.451996 	0.295365	0.0790961 	1.01493 
441	47    	0.452519 	0.282053	0.086526  	1.01493 
442	48    	0.402167 	0.274718	0.0627749 	0.937249
443	49    	0.407323 	0.248869	-0.0171429	0.872791
444	47    	0.377788 	0.243538	-0.0166666	0.831199
445	46    	0.471485 	0.230448	-0.01     	0.831199
446	45    	0.494868 	0.265633	0.111978  	0.894318
447	48    	0.469766 	0.260753	0.0847784 	0.956178
448	46    	0.482651 	0.272307	-0.0166578	0.961004
449	47    	0.51401  	0.295536	0.122113  	0.957226
450	46    	0.492234 	0.280512	0.148654  	0.961004
451	48    	0.495385 	0.287729	0.128721  	0.908738
452	47    	0.525811 	0.269444	0.10822   	1.0315  
453	49    	0.416962 	0.266826	-0.0166666	0.967243
454	44    	0.514273 	0.265213	0.0547566 	0.914761
455	48    	0.534859 	0.284705	-0.015    	0.979362
456	46    	0.539235 	0.305778	-0.0175   	1.0165  
457	48    	0.411698 	0.292549	-0.0171428	1.0165  
458	49    	0.448113 	0.302377	0.0911114 	1.06675 
459	46    	0.493276 	0.30291 	0.0678121 	1.06675 
460	49    	0.521351 	0.270241	0.118085  	0.942796
461	45    	0.452581 	0.453958	-1        	1.02887 
462	43    	0.515432 	0.36007 	-1        	0.96305 
463	43    	0.517863 	0.433379	-1        	0.991955
464	44    	0.464753 	0.420503	-1        	1.07137 
465	44    	0.298438 	0.633906	-1        	1.07137 
466	48    	0.333321 	0.569134	-1        	1.08058 
467	46    	0.268224 	0.567481	-1        	1.08058 
468	48    	0.332052 	0.558616	-1        	1.08516 
469	50    	0.351379 	0.521772	-1        	1.02393 
470	47    	0.350663 	0.497545	-1        	0.97276 
471	46    	0.321686 	0.477321	-1        	0.852315
472	48    	0.181059 	0.615861	-1        	0.818454
473	48    	0.288219 	0.551291	-1        	0.837934
474	47    	0.234766 	0.642884	-1        	0.892328
475	47    	0.341844 	0.458685	-1        	0.942132
476	42    	0.350419 	0.539709	-1        	0.994527
477	47    	0.322129 	0.448665	-1        	0.994527
478	48    	0.274284 	0.555766	-1        	0.931662
479	46    	0.389232 	0.466093	-1        	0.931662
480	46    	0.385035 	0.482813	-1        	0.962151
481	46    	0.230383 	0.547526	-1        	0.912681
482	46    	0.413836 	0.417261	-1        	0.865737
483	48    	0.453835 	0.364937	-1        	0.870055
484	48    	0.325506 	0.573013	-1        	1.00863 
485	44    	0.468562 	0.390576	-1        	1.00863 
486	46    	0.292113 	0.581619	-1        	1.04896 
487	42    	0.435178 	0.415632	-1        	1.04896 
488	45    	0.336394 	0.508421	-1        	1.04896 
489	46    	0.331891 	0.418072	-1        	1.04896 
490	48    	0.276274 	0.59694 	-1        	1.04896 
491	47    	0.272024 	0.523654	-1        	1.04896 
492	46    	0.317717 	0.584105	-1        	1.04896 
493	45    	0.367342 	0.528901	-1        	1.04896 
494	44    	0.331926 	0.501508	-1        	1.04896 
495	47    	0.427828 	0.298983	-1        	0.935901
496	46    	0.280195 	0.564511	-1        	0.935901
497	46    	0.47032  	0.441904	-1        	0.967782
498	45    	0.3684   	0.475537	-1        	0.935901
499	46    	0.336859 	0.532536	-1        	0.935335
500	48    	0.378193 	0.448864	-1        	0.85737 
501	46    	0.460164 	0.358863	-1        	0.802555
502	44    	0.456609 	0.431651	-1        	0.909208
503	46    	0.247528 	0.590097	-1        	0.85686 
504	47    	0.399136 	0.301223	-1        	0.908087
505	45    	0.288949 	0.517263	-1        	0.889221
506	45    	0.446096 	0.304001	-1        	1.05313 
507	48    	0.43699  	0.312096	-1        	0.948804
508	46    	0.47623  	0.233863	0.13561   	0.948804
509	48    	0.476667 	0.324008	-1        	0.954595
510	42    	0.451671 	0.383142	-1        	0.954595
511	46    	0.428421 	0.257183	0.0865954 	1.03395 
512	44    	0.477525 	0.28333 	-0.01     	1.03395 
513	46    	0.472203 	0.277143	0.0965964 	1.03395 
514	46    	0.467597 	0.29427 	-0.0171428	1.03395 
515	43    	0.429836 	0.292598	-0.02     	1.01267 
516	44    	0.517446 	0.30414 	0.113346  	1.01267 
517	44    	0.522276 	0.31873 	0.039534  	1.01818 
518	45    	0.45763  	0.324748	-0.016    	1.10089 
519	47    	0.49406  	0.297465	0.0545198 	1.01818 
520	44    	0.446706 	0.317372	-0.0159964	1.01497 
521	48    	0.497719 	0.317608	0.0779002 	1.1151  
522	44    	0.422239 	0.447537	-1        	1.15105 
523	49    	0.433405 	0.30354 	0.0827674 	1.01953 
524	47    	0.515257 	0.302178	0.151287  	1.02459 
525	48    	0.309817 	0.473888	-1        	1.01953 
526	47    	0.433067 	0.319687	-1        	1.01953 
527	49    	0.402503 	0.40009 	-1        	1.15105 
528	47    	0.277214 	0.45266 	-1        	1.03673 
529	46    	0.392082 	0.429406	-1        	1.08492 
530	47    	0.218147 	0.545852	-1        	1.07106 
531	47    	0.290525 	0.533423	-1        	1.07106 
532	45    	0.389663 	0.460011	-1        	0.949984
533	47    	0.462623 	0.309365	-1        	0.959192
534	50    	0.219831 	0.577897	-1        	0.920927
535	44    	0.375696 	0.458371	-1        	0.920927
536	44    	0.460412 	0.278721	-1        	0.906844
537	47    	0.461209 	0.418245	-1        	0.97494 
538	46    	0.450074 	0.299586	-1        	0.97494 
539	45    	0.408728 	0.357466	-1        	0.921851
540	43    	0.495874 	0.313814	-1        	0.921851
541	44    	0.442809 	0.432226	-1        	0.921851
542	47    	0.354965 	0.512217	-1        	0.974567
543	45    	0.439378 	0.30608 	-1        	0.974567
544	47    	0.282467 	0.480523	-1        	0.974567
545	44    	0.427847 	0.373933	-1        	0.974567
546	47    	0.336034 	0.411635	-1        	0.95183 
547	45    	0.238604 	0.498135	-1        	0.944245
548	48    	0.381395 	0.183793	-0.0133333	0.787993
549	44    	0.426932 	0.334505	-1        	0.787335
550	45    	0.476869 	0.285395	-1        	0.796307
551	47    	0.387922 	0.346955	-1        	0.826322
552	49    	0.477078 	0.188434	0.185151  	0.852659
553	45    	0.3842   	0.411174	-1        	0.934965
554	46    	0.360887 	0.449973	-1        	0.883393
555	49    	0.316507 	0.476839	-1        	0.788713
556	43    	0.537511 	0.199943	-0.0150001	0.871428
557	45    	0.430506 	0.422659	-1        	0.871428
558	49    	0.369846 	0.402397	-1        	0.88995 
559	43    	0.417072 	0.364682	-1        	0.946619
560	47    	0.271767 	0.508295	-1        	0.891898
561	41    	0.510445 	0.305082	-1        	0.891898
562	46    	0.444313 	0.349732	-1        	0.891898
563	45    	0.399813 	0.452534	-1        	0.891898
564	44    	0.366509 	0.498033	-1        	0.891898
565	48    	0.262901 	0.592419	-1        	0.895488
566	45    	0.354154 	0.507118	-1        	0.940521
567	46    	0.413699 	0.481627	-1        	1.03339 
568	46    	0.245598 	0.583245	-1        	1.03339 
569	49    	0.277236 	0.558909	-1        	1.0788  
570	47    	0.451702 	0.359944	-1        	1.0788  
571	49    	0.342544 	0.487451	-1        	0.940521
572	43    	0.392813 	0.403573	-1        	0.973825
573	42    	0.430569 	0.368018	-1        	0.973825
574	45    	0.322291 	0.537019	-1        	0.973825
575	47    	0.458367 	0.316148	-1        	0.973825
576	44    	0.433001 	0.375687	-1        	0.973825
577	47    	0.36101  	0.512434	-1        	0.973825
578	42    	0.341395 	0.554201	-1        	0.973825
579	44    	0.469875 	0.260073	0.054724  	0.979269
580	46    	0.368951 	0.368464	-1        	0.979365
581	48    	0.376297 	0.290567	-1        	0.979365
582	48    	0.351708 	0.415968	-1        	0.979365
583	47    	0.435048 	0.252052	0.150786  	0.983182
584	48    	0.410156 	0.337445	-1        	0.979365
585	49    	0.41996  	0.243309	0.1434    	0.979365
586	45    	0.433122 	0.264435	0.0823065 	0.963006
587	42    	0.435657 	0.261035	0.0874839 	0.963006
588	47    	0.47069  	0.334909	-1        	0.985487
589	47    	0.359749 	0.470705	-1        	0.985487
590	49    	0.372085 	0.273417	-1        	0.985487
591	45    	0.414171 	0.283689	-1        	0.985487
592	42    	0.450869 	0.206985	0.104794  	0.848779
593	46    	0.387665 	0.348045	-1        	0.818046
594	45    	0.419819 	0.307983	-1        	0.900147
595	48    	0.477005 	0.22222 	0.0975065 	0.900147
596	44    	0.471257 	0.300319	-1        	0.900147
597	48    	0.377193 	0.269231	-1        	0.900147
598	44    	0.372449 	0.40276 	-1        	0.890761
599	45    	0.40665  	0.424683	-1        	0.995368
600	46    	0.514518 	0.259194	0.126511  	0.995368
601	47    	0.410568 	0.450129	-1        	1.05268 
602	45    	0.484447 	0.337422	-1        	1.00066 
603	49    	0.487155 	0.246972	-0.015    	1.00066 
604	42    	0.413686 	0.395367	-1        	1.00066 
605	45    	0.351441 	0.531489	-1        	1.00066 
606	46    	0.485229 	0.27058 	0.0537746 	1.00066 
607	43    	0.539166 	0.296228	0.0606293 	1.05268 
608	48    	0.415659 	0.331386	-1        	1.04147 
609	43    	0.414483 	0.503669	-1        	1.04147 
610	43    	0.526665 	0.304928	0.125403  	1.06374 
611	43    	0.486519 	0.410529	-1        	1.06374 
612	47    	0.369817 	0.422658	-1        	1.00066 
613	48    	0.440774 	0.316029	-1        	1.00066 
614	45    	0.431575 	0.44072 	-1        	1.00066 
615	46    	0.502248 	0.274586	-0.015    	0.97373 
616	47    	0.550341 	0.271228	0.189155  	0.935654
617	48    	0.473809 	0.237164	0.204632  	0.939549
618	47    	0.43595  	0.378678	-1        	0.941936
619	46    	0.482617 	0.32815 	-1        	0.941936
620	46    	0.449394 	0.241294	-0.0159999	0.903325
621	42    	0.534993 	0.385687	-1        	0.917949
622	43    	0.532073 	0.251058	0.226205  	0.922709
623	47    	0.423351 	0.376975	-1        	1.05941 
624	48    	0.460433 	0.310394	-1        	1.05941 
625	48    	0.416509 	0.30835 	-1        	0.893055
626	46    	0.282884 	0.565202	-1        	0.893055
627	49    	0.497289 	0.226322	0.13556   	0.912862
628	45    	0.342099 	0.550946	-1        	0.912862
629	47    	0.520385 	0.327415	-1        	0.931299
630	44    	0.459297 	0.438463	-1        	0.931299
631	47    	0.502383 	0.230185	0.127217  	0.931299
632	46    	0.36931  	0.414049	-1        	0.967679
633	48    	0.472872 	0.37143 	-1        	1.04372 
634	43    	0.476011 	0.43998 	-1        	1.04372 
635	40    	0.541546 	0.271689	0.209489  	1.04372 
636	46    	0.398849 	0.39451 	-1        	1.04372 
637	47    	0.245758 	0.547672	-1        	1.04372 
638	46    	0.384836 	0.457598	-1        	1.04372 
639	45    	0.508166 	0.23511 	0.19348   	1.04372 
640	49    	0.499491 	0.204903	0.171135  	0.992365
641	43    	0.467267 	0.428292	-1        	0.940425
642	49    	0.3638   	0.404006	-1        	0.940425
643	49    	0.355839 	0.336034	-1        	0.994735
644	47    	0.404056 	0.304138	-1        	0.994735
645	43    	0.421809 	0.32617 	-1        	1.00919 
646	47    	0.409617 	0.28219 	-0.0184615	0.994735
647	43    	0.429724 	0.436354	-1        	0.994735
648	46    	0.524128 	0.27445 	0.112121  	0.994735
649	48    	0.414287 	0.363618	-1        	1.00252 
650	47    	0.384851 	0.314796	-1        	1.00252 
651	44    	0.403055 	0.42938 	-1        	0.937052
652	47    	0.458794 	0.317487	-1        	0.937052
653	47    	0.483101 	0.312179	-1        	0.879407
654	47    	0.398943 	0.416892	-1        	0.859176
655	47    	0.331711 	0.330736	-1        	0.854955
656	48    	0.359255 	0.395036	-1        	0.854955
657	47    	0.45205  	0.188949	0.177882  	0.840347
658	46    	0.458356 	0.199038	0.176632  	0.899085
659	46    	0.391244 	0.283334	-1        	0.899085
660	45    	0.431012 	0.191713	0.155442  	0.853672
661	45    	0.398574 	0.280375	-1        	0.852336
662	48    	0.385411 	0.353172	-1        	0.891632
663	40    	0.539054 	0.2407  	0.124289  	0.891632
664	45    	0.433064 	0.376334	-1        	0.93521 
665	47    	0.354569 	0.415779	-1        	0.93521 
666	46    	0.404724 	0.381528	-1        	0.93521 
667	47    	0.453963 	0.357069	-1        	0.997616
668	48    	0.426613 	0.333306	-1        	0.996253
669	44    	0.462305 	0.274273	-0.015    	0.984025
670	47    	0.381948 	0.304722	-1        	0.968861
671	46    	0.460034 	0.198313	0.215421  	0.939317
672	45    	0.43536  	0.307626	-1        	0.924501
673	46    	0.457232 	0.313279	-1        	0.94996 
674	47    	0.479587 	0.24588 	0.14342   	0.9372  
675	48    	0.451868 	0.382318	-1        	1.04966 
676	44    	0.443345 	0.323472	-1        	1.1089  
677	44    	0.488447 	0.358844	-1        	1.1089  
678	44    	0.418363 	0.346992	-1        	1.04966 
679	47    	0.468061 	0.41817 	-1        	1.1089  
680	46    	0.48487  	0.290007	0.141394  	1.1089  
681	46    	0.384545 	0.378356	-1        	1.05799 
682	48    	0.436727 	0.270585	0.111328  	1.06808 
683	41    	0.564521 	0.435652	-1        	1.07115 
684	43    	0.514252 	0.356293	0.110895  	1.1089  
685	44    	0.362351 	0.419204	-1        	1.1089  
686	48    	0.443211 	0.297366	-0.0150003	1.04199 
687	44    	0.461234 	0.281849	0.122871  	1.07295 
688	47    	0.372223 	0.318519	-1        	0.986736
689	45    	0.458182 	0.262562	-0.0177778	0.986736
690	47    	0.385443 	0.362585	-1        	0.986736
691	44    	0.495435 	0.259769	0.120346  	0.986736
692	48    	0.377403 	0.326844	-1        	0.958033
693	44    	0.393182 	0.45259 	-1        	0.99525 
694	47    	0.43868  	0.26955 	-0.0166666	0.996857
695	46    	0.450672 	0.284405	0.0740121 	0.967442
696	49    	0.420717 	0.363082	-1        	1.07219 
697	45    	0.512178 	0.373692	-1        	1.07219 
698	44    	0.496397 	0.43513 	-1        	1.07219 
699	44    	0.418638 	0.385977	-1        	1.07219 
700	48    	0.416572 	0.416859	-1        	0.951827
701	47    	0.463458 	0.365337	-1        	1.07219 
702	41    	0.537644 	0.326117	-0.0177746	1.07219 
703	46    	0.462798 	0.331959	0.0854736 	1.07219 
704	44    	0.386105 	0.480656	-1        	1.07219 
705	43    	0.42567  	0.457927	-1        	1.07219 
706	46    	0.404117 	0.356712	-1        	1.07219 
707	43    	0.474495 	0.430356	-1        	1.07219 
708	43    	0.511586 	0.306117	0.0896131 	1.07219 
709	48    	0.390844 	0.363961	-1        	1.07219 
710	44    	0.423681 	0.37926 	-1        	1.07219 
711	47    	0.443531 	0.392662	-1        	1.07219 
712	47    	0.394599 	0.470948	-1        	1.07219 
713	49    	0.325759 	0.435434	-1        	1.07219 
714	44    	0.463639 	0.386712	-1        	1.07219 
715	49    	0.354975 	0.315311	-1        	1.07219 
716	47    	0.386826 	0.38864 	-1        	1.06111 
717	48    	0.401677 	0.331552	-1        	1.06111 
718	46    	0.499966 	0.351013	-1        	1.01311 
719	47    	0.450346 	0.286383	0.077139  	1.06111 
720	44    	0.459292 	0.309219	-0.0166667	1.06111 
721	45    	0.388785 	0.367891	-1        	1.06111 
722	49    	0.498334 	0.307989	0.0621678 	1.06111 
723	46    	0.436924 	0.381604	-1        	1.06111 
724	48    	0.465633 	0.357378	-1        	1.0208  
725	45    	0.515791 	0.326258	0.0470126 	1.0208  
726	48    	0.411376 	0.414897	-1        	1.01309 
727	46    	0.453792 	0.283552	0.14111   	1.01309 
728	47    	0.368945 	0.304505	-1        	0.973666
729	46    	0.472195 	0.259584	0.11347   	0.973666
730	49    	0.410279 	0.217413	0.117751  	0.90979 
731	45    	0.447404 	0.225662	0.0865342 	0.846578
732	43    	0.422907 	0.3095  	-1        	0.846578
733	45    	0.459069 	0.318862	-1        	0.912294
734	46    	0.436766 	0.318735	-1        	0.973666
735	48    	0.452763 	0.233184	0.163246  	1.00595 
736	49    	0.426205 	0.310822	-1        	0.973666
737	43    	0.554071 	0.2497  	0.0839375 	0.973666
738	44    	0.581921 	0.267417	0.146251  	0.973666
739	45    	0.469263 	0.276969	0.156372  	0.973666
740	47    	0.474501 	0.291655	-0.0150001	0.973666
741	49    	0.453478 	0.259638	-0.01     	0.96307 
742	47    	0.442497 	0.33572 	-1        	0.96229 
743	49    	0.337097 	0.356054	-1        	1.01469 
744	47    	0.228997 	0.549231	-1        	1.01469 
745	46    	0.427978 	0.267138	-0.0177778	1.00132 
746	47    	0.401237 	0.237828	0.0729282 	1.00132 
747	47    	0.457755 	0.238453	0.126216  	1.00132 
748	47    	0.434119 	0.306101	-1        	0.94125 
749	50    	0.383059 	0.211892	0.1068    	0.865786
750	45    	0.374207 	0.4008  	-1        	0.893349
751	49    	0.338348 	0.396679	-1        	0.827347
752	45    	0.482872 	0.229009	0.128781  	0.865786
753	46    	0.490777 	0.2471  	-0.0166667	0.895405
754	46    	0.435317 	0.248541	0.0737157 	0.907337
755	45    	0.423127 	0.24323 	-0.0133333	0.907337
756	45    	0.450164 	0.272578	0.0922604 	0.907337
757	48    	0.329144 	0.292882	-1        	0.907337
758	45    	0.391413 	0.376186	-1        	0.907337
759	47    	0.468972 	0.276458	0.133315  	0.907337
760	44    	0.389175 	0.262005	-0.0199999	0.905188
761	47    	0.425324 	0.248858	0.138601  	0.905188
762	48    	0.374933 	0.208476	0.131736  	0.857152
763	50    	0.253909 	0.350088	-1        	0.746885
764	45    	0.374972 	0.159053	0.0879616 	0.67678 
765	47    	0.323416 	0.335225	-1        	0.796995
766	44    	0.362803 	0.207257	-0.016    	0.796995
767	48    	0.411879 	0.199315	0.0846612 	0.796995
768	47    	0.453633 	0.174325	0.201134  	0.771037
769	46    	0.441796 	0.193331	0.0985848 	0.771037
770	47    	0.436683 	0.185393	0.147394  	0.771037
771	44    	0.468752 	0.179834	0.120241  	0.881257
772	43    	0.445864 	0.300599	-1        	0.872219
773	44    	0.457951 	0.241396	0.155739  	0.881257
774	47    	0.431867 	0.239071	-0.0166668	0.916149
775	46    	0.429548 	0.261276	0.0548935 	0.916149
776	45    	0.424137 	0.276814	-0.016    	0.916149
777	48    	0.328429 	0.238322	-0.0177778	0.916149
778	44    	0.426254 	0.264715	0.0972095 	0.916149
779	46    	0.441036 	0.264217	-0.0171428	0.968136
780	45    	0.405832 	0.256616	0.053214  	0.94746 
781	40    	0.560023 	0.298792	0.0836761 	0.94746 
782	43    	0.546225 	0.317388	-0.0150001	0.94746 
783	45    	0.44396  	0.288889	0.0668768 	0.94746 
784	44    	0.485648 	0.289756	-0.0174999	0.94746 
785	48    	0.443257 	0.25802 	-0.0166667	0.94746 
786	45    	0.459705 	0.24822 	0.105217  	0.923149
787	48    	0.482698 	0.260438	0.0725398 	0.934757
788	43    	0.416138 	0.267678	0.109937  	0.934757
789	45    	0.472776 	0.266498	0.117161  	0.934757
790	45    	0.435942 	0.265949	0.106702  	0.934757
791	48    	0.408162 	0.240623	0.109937  	0.934757
792	47    	0.418981 	0.228566	0.126254  	0.934757
793	49    	0.406891 	0.206147	0.142373  	0.794133
794	44    	0.450132 	0.199624	-0.0171428	0.794133
795	47    	0.466042 	0.203929	0.147333  	0.867399
796	50    	0.374803 	0.17951 	0.167087  	0.794133
797	48    	0.43873  	0.173823	0.121179  	0.80433 
798	46    	0.442194 	0.205048	0.152968  	0.800022
799	46    	0.405339 	0.231554	0.0208212 	0.867399
800	43    	0.454938 	0.228207	0.148433  	0.867399
801	48    	0.403141 	0.217659	-0.0177778	0.867399
802	40    	0.470967 	0.22363 	0.16171   	0.867399
803	47    	0.413581 	0.212576	0.179317  	0.867399
804	48    	0.444983 	0.225366	0.139441  	0.867399
805	49    	0.380916 	0.22083 	-0.0150002	0.911778
806	47    	0.406283 	0.216216	0.164017  	0.867399
807	47    	0.397813 	0.216417	-0.0177777	0.905669
808	49    	0.405887 	0.223105	-0.0166652	0.905669
809	44    	0.412892 	0.219289	0.0867444 	0.905669
810	45    	0.385869 	0.246585	-0.0177778	0.921119
811	47    	0.358688 	0.268298	-0.0166652	0.921119
812	47    	0.402827 	0.234845	0.115873  	0.921119
813	44    	0.43471  	0.26138 	0.0645538 	0.90609 
814	43    	0.43475  	0.269523	-0.0166666	0.90609 
815	49    	0.35277  	0.233928	0.124146  	0.915475
816	45    	0.413802 	0.25896 	-0.016    	0.915475
817	44    	0.419488 	0.252234	0.085271  	0.918591
818	44    	0.364008 	0.236288	0.101196  	0.921119
819	45    	0.405119 	0.239858	0.132091  	0.921119
820	45    	0.459204 	0.269602	0.0636835 	0.971085
821	49    	0.349592 	0.244775	-0.0133334	0.971085
822	44    	0.466154 	0.256719	0.112816  	0.971085
823	47    	0.368725 	0.244476	-0.0171428	0.971085
824	45    	0.387147 	0.320082	-1        	0.896069
825	48    	0.39537  	0.225695	0.110745  	0.888463
826	47    	0.471233 	0.250859	0.0479527 	0.888463
827	46    	0.420816 	0.252873	-0.015    	0.891131
828	45    	0.397338 	0.234646	-0.015    	0.891131
829	48    	0.433004 	0.214144	0.16746   	0.903574
830	47    	0.453625 	0.237576	0.0871806 	0.903574
831	47    	0.435685 	0.242655	0.108549  	0.903574
832	45    	0.445052 	0.243024	-0.0133333	0.903574
833	46    	0.40202  	0.294805	-1        	0.903574
834	46    	0.46589  	0.249504	-0.0166667	0.903574
835	46    	0.454417 	0.253594	0.136548  	0.903574
836	45    	0.435636 	0.240742	0.107971  	0.901639
837	46    	0.457641 	0.254717	0.167684  	0.901639
838	46    	0.478377 	0.257186	-0.0133332	0.901639
839	46    	0.460373 	0.216008	0.166324  	0.861519
840	45    	0.497549 	0.312351	-1        	0.861519
841	48    	0.504649 	0.234576	0.154574  	0.964078
842	41    	0.416734 	0.407023	-1        	0.964078
843	48    	0.495545 	0.354316	-1        	0.982237
844	47    	0.530562 	0.360705	-1        	0.962394
845	44    	0.539767 	0.273581	0.158712  	0.962394
846	44    	0.581092 	0.284292	0.0755078 	0.984216
847	48    	0.513826 	0.30183 	-0.0166666	0.987131
848	45    	0.514157 	0.356357	-1        	0.984216
849	45    	0.510214 	0.350545	-1        	0.967523
850	46    	0.55517  	0.274283	0.144758  	1.01318 
851	42    	0.566591 	0.310327	0.142191  	1.01318 
852	46    	0.47405  	0.343022	-0.0166652	1.01795 
853	48    	0.447947 	0.373909	-1        	1.03744 
854	46    	0.542716 	0.334238	-0.016    	1.03744 
855	45    	0.397784 	0.29383 	0.0833949 	1.03744 
856	49    	0.414143 	0.346604	-1        	1.03795 
857	47    	0.461446 	0.296367	0.0755008 	0.994015
858	48    	0.339377 	0.296784	-1        	0.994015
859	46    	0.414571 	0.243035	0.0963766 	0.994015
860	45    	0.383584 	0.289677	0.0647615 	0.994015
861	46    	0.42646  	0.269851	0.0918884 	0.994015
862	46    	0.37413  	0.227963	0.0812121 	0.994015
863	46    	0.375526 	0.313956	-1        	0.994015
864	48    	0.407089 	0.246102	0.122365  	0.963249
865	43    	0.467573 	0.278277	0.096788  	0.963249
866	45    	0.386193 	0.400469	-1        	0.966584
867	44    	0.496028 	0.306208	0.0687471 	0.966584
868	46    	0.41704  	0.359392	-1        	0.966584
869	46    	0.470955 	0.276236	0.120149  	0.966584
870	44    	0.467197 	0.346361	-1        	0.917996
871	46    	0.425535 	0.398999	-1        	0.917996
872	43    	0.491126 	0.298018	-0.0175   	0.974038
873	49    	0.269788 	0.387803	-1        	0.900648
874	49    	0.314078 	0.484146	-1        	0.863022
875	47    	0.430237 	0.216096	0.0645213 	0.847802
876	47    	0.453688 	0.233411	-0.0177778	0.900091
877	46    	0.443994 	0.365478	-1        	0.906488
878	48    	0.472169 	0.302868	-1        	0.948652
879	46    	0.453816 	0.371968	-1        	0.906488
880	49    	0.308896 	0.450825	-1        	0.948652
881	46    	0.459246 	0.301577	-1        	0.846233
882	47    	0.434472 	0.310868	-1        	0.854275
883	45    	0.493918 	0.254205	-0.0166667	0.964147
884	45    	0.492117 	0.271832	-0.015    	0.964147
885	43    	0.524024 	0.253681	0.119401  	0.964147
886	47    	0.45274  	0.367515	-1        	0.89924 
887	48    	0.424002 	0.246277	0.0280224 	0.960398
888	50    	0.470565 	0.319815	-1        	0.973929
889	49    	0.42942  	0.249671	-0.0160001	0.908845
890	46    	0.452126 	0.28289 	0.0496164 	0.903411
891	48    	0.510434 	0.263852	-0.018    	0.940845
892	41    	0.501374 	0.296688	-0.0166667	1.08251 
893	46    	0.529249 	0.298719	0.0901792 	1.08251 
894	48    	0.411475 	0.284184	0.0456581 	1.07538 
895	44    	0.426693 	0.315648	-0.018    	1.07538 
896	47    	0.491546 	0.304979	-0.0175   	1.05754 
897	48    	0.442106 	0.355985	-1        	1.0349  
898	48    	0.463029 	0.289288	-0.016664 	1.0349  
899	46    	0.472128 	0.293835	0.131885  	1.0349  
900	47    	0.492713 	0.299338	-0.0199999	1.0349  
901	46    	0.479126 	0.29745 	0.0670614 	1.0349  
902	44    	0.475562 	0.308646	-0.018    	1.0349  
903	46    	0.451401 	0.353167	-1        	1.0349  
904	48    	0.431419 	0.307189	0.0915893 	1.0349  
905	47    	0.359514 	0.393619	-1        	0.987486
906	46    	0.391944 	0.341139	-1        	0.987486
907	45    	0.435445 	0.34898 	-1        	0.987486
908	48    	0.453543 	0.273651	0.12664   	0.953765
909	44    	0.459839 	0.347318	-1        	0.953765
910	42    	0.459837 	0.300968	-0.016    	0.996929
911	45    	0.422302 	0.284376	-0.015    	0.996929
912	45    	0.350291 	0.322844	-1        	0.996929
913	47    	0.40969  	0.298892	-0.0166667	0.972288
914	48    	0.467018 	0.308766	-0.0171429	0.972288
915	49    	0.349811 	0.278892	-0.02     	0.969403
916	45    	0.42958  	0.257418	0.0943181 	0.969403
917	44    	0.438339 	0.297184	-0.0175   	0.969403
918	45    	0.510118 	0.303948	0.0988678 	0.969403
919	46    	0.424399 	0.296574	-0.0160001	0.969403
920	45    	0.500436 	0.326962	-0.0159977	0.97194 
921	42    	0.470074 	0.333387	-0.0166667	0.972288
922	46    	0.503613 	0.332794	0.107534  	0.982992
923	46    	0.436831 	0.293642	0.0868927 	0.982992
924	45    	0.43853  	0.320604	0.0398736 	1.06718 
925	43    	0.506935 	0.324991	-0.0171428	1.06718 
926	46    	0.483908 	0.335819	-0.0133333	1.06718 
927	48    	0.404804 	0.334614	0.0464087 	1.06718 
928	48    	0.421484 	0.312097	-0.0171428	1.0666  
929	47    	0.484562 	0.298133	-0.0133333	0.997777
930	48    	0.450992 	0.293032	0.0563039 	1.0666  
931	45    	0.426559 	0.305084	0.0824377 	1.0666  
932	47    	0.403843 	0.282726	-0.0175   	1.0666  
933	48    	0.477454 	0.327509	-0.0171429	1.12357 
934	47    	0.463841 	0.324373	-0.0133333	1.12357 
935	49    	0.481132 	0.295609	0.114611  	1.04545 
936	44    	0.537832 	0.319368	0.0958748 	1.12357 
937	48    	0.487001 	0.328675	-0.015    	1.12357 
938	47    	0.413485 	0.321033	0.0917535 	1.00591 
939	48    	0.402571 	0.28145 	0.113607  	1.00591 
940	48    	0.466596 	0.296963	0.0728846 	0.977528
941	47    	0.48812  	0.310515	-0.0177778	1.05547 
942	49    	0.438091 	0.316765	-0.0200001	0.968063
943	47    	0.431454 	0.304555	0.0779745 	1.02751 
944	47    	0.46855  	0.331579	-0.0171429	1.04219 
945	48    	0.453276 	0.297452	-0.0150001	1.02751 
946	49    	0.48494  	0.301986	-0.0166665	0.949168
947	47    	0.518151 	0.284818	0.106911  	0.957487
948	47    	0.484851 	0.285165	-0.016    	0.957487
949	48    	0.466679 	0.276415	-0.0150001	0.957487
950	45    	0.47298  	0.26159 	0.0694046 	0.963296
951	46    	0.438042 	0.251658	0.0835733 	0.865956
952	47    	0.446728 	0.246963	0.0988612 	0.865956
953	43    	0.499309 	0.243278	0.166888  	0.865956
954	41    	0.475898 	0.257699	0.132237  	0.865956
955	46    	0.429666 	0.240518	0.109945  	0.860201
956	46    	0.448701 	0.247203	-0.0133333	0.867169
957	47    	0.415663 	0.247776	-0.0171413	0.813016
958	47    	0.394318 	0.217857	-0.016    	0.7994  
959	47    	0.414749 	0.245398	-0.016    	0.979304
960	45    	0.462143 	0.278197	0.0510668 	0.979304
961	46    	0.449255 	0.292457	-0.01     	0.979304
962	41    	0.523495 	0.328134	-0.0171429	0.979304
963	48    	0.471687 	0.33146 	-0.0159965	1.09278 
964	49    	0.430068 	0.292768	0.101258  	1.09278 
965	43    	0.482927 	0.318673	0.106901  	1.09278 
966	46    	0.471632 	0.308358	-0.00506809	1.09278 
967	43    	0.557101 	0.303321	0.13272    	1.09278 
968	45    	0.456593 	0.346821	-0.0159976 	1.04737 
969	48    	0.438127 	0.328714	0.104661   	0.984029
970	49    	0.515685 	0.309678	-0.016     	0.981679
971	46    	0.507311 	0.315619	-0.0171428 	1.11527 
972	48    	0.505994 	0.336098	0.0981159  	1.12119 
973	45    	0.570504 	0.345965	-0.0171428 	1.12119 
974	47    	0.519149 	0.327384	0.0487361  	1.04912 
975	50    	0.438953 	0.319718	-0.0166667 	1.02679 
976	48    	0.535558 	0.316751	0.0752981  	1.0482  
977	45    	0.458957 	0.318607	-0.0133334 	1.0482  
978	47    	0.436194 	0.304379	-0.0199999 	1.0482  
979	43    	0.501269 	0.312459	-0.01      	1.0482  
980	46    	0.58834  	0.310893	0.107768   	1.0482  
981	45    	0.539041 	0.336076	-0.0166667 	1.0297  
982	45    	0.496214 	0.332032	-0.0183334 	1.06719 
983	46    	0.53523  	0.326771	-0.018     	1.06719 
984	47    	0.533966 	0.313947	0.176601   	1.06719 
985	48    	0.45908  	0.330604	-0.0160001 	1.04737 
986	45    	0.535023 	0.332786	-0.0171429 	1.04805 
987	46    	0.466567 	0.343274	0.103429   	1.04247 
988	46    	0.497863 	0.349917	0.0842592  	1.04247 
989	43    	0.531155 	0.344834	-0.02      	1.04247 
990	44    	0.552859 	0.345341	0.0674225  	1.04247 
991	48    	0.48289  	0.344934	-0.01      	1.12225 
992	48    	0.557296 	0.344306	-0.018     	1.04247 
993	46    	0.494925 	0.317503	-0.02      	1.04247 
994	46    	0.538716 	0.324699	-0.0171429 	0.983984
995	47    	0.509532 	0.320648	-0.016     	1.03515 
996	47    	0.547621 	0.325413	-0.0166666 	1.09914 
997	50    	0.472274 	0.318436	-0.016     	1.04264 
998	41    	0.547451 	0.31495 	0.117021   	1.03874 
999	46    	0.505366 	0.314496	-0.0133332 	1.04876 
1000	46    	0.478095 	0.314677	-0.02      	1.03874 
Best individuals:
(1.1895067953244218,) 	-->	 /*9*/DDDDLFLBRFLBBRFLUUUUU
VMNeuronManager.autoload: Neuro classes added: Delay Light Nn PIDP PIDV SeeLight SeeLight2 S0 S1 Thr 
UserScripts.autoload: 19 user scripts added.
Simulator.load: Loading from 'eval-allcriteria.sim'
Loader.load: Comments read from file follow:
Loader.load:  Sample settings for evaluating many criteria of performance of a Framsticks creature.
Loader.load:  See the "evalcount" parameter if you want to speed the evaluation up or have a more stable result.
Loader.load:  Other important parameters are "Energy0" and "perfperiod".
Loader.load:  Put this file in the "data" subdirectory within the Framsticks distribution.
Simulator.load: Settings loaded from 'eval-allcriteria.sim'
Simulator.load: Loading from 'deterministic.sim'
Loader.load: Comments read from file follow:
Loader.load:  Parameter values that make the evaluation of a Framsticks creature deterministic.
Loader.load:  The values turn off random noise, so evaluation of the same genotype will always yield the same performance.
Loader.load:  The advantage is that you do not need to evaluate a genotype many times, and performance values are reliable.
Loader.load:  The disadvantage is that evolved creatures are "overfitting", i.e. rely entirely on the specific environment,
Loader.load:  and their behavior may be different in any other environment or (even slightly) changed conditions or parameter values,
Loader.load:  so each creature evolved using these settings must be later inspected using exactly the same setup.
Loader.load: 
Loader.load:  Before loading this file, load base settings, e.g. "eval-allcriteria.sim".
Loader.load:  Put this file in the "data" subdirectory within the Framsticks distribution.
Simulator.load: Settings loaded from 'deterministic.sim'
Simulator.load: Loading from 'sample-period-2.sim'
Loader.load: Comments read from file follow:
Loader.load:  Very low "performance sampling period" in the first population to sample performance very often during lifespan
Loader.load:  and avoid overlooking some behavior. Averaged performance of sampled values is returned as the final value.
Loader.load:  See http://www.framsticks.com/a/al_params.html#exper-perfcalc
Loader.load: 
Loader.load:  Before loading this file, load base settings, e.g. "eval-allcriteria.sim".
Loader.load:  Put this file in the "data" subdirectory within the Framsticks distribution.
Simulator.load: Loading from 'f9-mut-005.sim'
Simulator.load: Settings loaded from 'f9-mut-005.sim'
