gen	nevals	avg     	stddev	min     	max     
0  	50    	0.218369	0     	0.218369	0.218369
1  	39    	0.097231	0.112425	-0.016  	0.297429
2  	49    	0.102838	0.140814	-0.016  	0.514537
3  	43    	0.139846	0.155239	-0.02   	0.514537
4  	46    	0.191379	0.161698	-0.0160001	0.514444
5  	47    	0.217845	0.182266	-0.02     	0.812977
6  	46    	0.259737	0.200351	-0.0166667	0.812977
7  	45    	0.217538	0.201155	-0.0166666	0.812977
8  	48    	0.249933	0.21946 	-0.0174999	0.812977
9  	47    	0.188078	0.185933	-0.0166666	0.812977
10 	48    	0.20975 	0.19683 	-0.0166667	0.812308
11 	48    	0.217715	0.198389	-0.02     	0.703946
12 	49    	0.266819	0.185044	-0.0166668	0.705857
13 	45    	0.344048	0.216568	-0.0171429	0.705857
14 	44    	0.342247	0.244796	-0.0166667	0.818054
15 	47    	0.355373	0.258401	-0.0175002	0.834751
16 	46    	0.387555	0.251083	-0.0171429	0.834784
17 	45    	0.312734	0.254653	-0.0177778	0.834784
18 	46    	0.301925	0.240925	-0.02     	0.834784
19 	45    	0.357064	0.254352	-0.02     	0.834784
20 	45    	0.28333 	0.25927 	-0.0177778	0.834784
21 	43    	0.319703	0.254456	-0.02     	0.834784
22 	46    	0.300107	0.251753	-0.0177778	0.834784
23 	48    	0.353256	0.243002	-0.0174999	0.706637
24 	49    	0.275886	0.229502	-0.02     	0.706637
25 	50    	0.318018	0.216153	-0.02     	0.706637
26 	45    	0.317215	0.223173	-0.0171429	0.706637
27 	45    	0.347947	0.205201	-0.0171429	0.706637
28 	46    	0.28513 	0.233251	-0.0171427	0.706637
29 	47    	0.276487	0.209123	-0.0166666	0.706431
30 	46    	0.269783	0.199881	-0.02     	0.70633 
31 	45    	0.295397	0.198725	-0.0181819	0.727963
32 	44    	0.315894	0.230596	-0.0177778	0.727963
33 	46    	0.269415	0.222466	-0.0174999	0.728376
34 	45    	0.327895	0.217335	-0.02     	0.729565
35 	46    	0.26398 	0.206266	-0.0177778	0.729936
36 	47    	0.288295	0.200101	-0.0171429	0.835596
37 	47    	0.230765	0.212181	-0.02     	0.728376
38 	48    	0.241702	0.167413	-0.0174999	0.693461
39 	48    	0.249431	0.181889	-0.02     	0.693461
40 	45    	0.234068	0.183255	-0.0171429	0.628527
41 	47    	0.296964	0.166412	-0.02     	0.706107
42 	43    	0.291306	0.203146	-0.02     	0.706107
43 	44    	0.23894 	0.204339	-0.02     	0.706107
44 	46    	0.227265	0.165303	-0.0171429	0.695964
45 	44    	0.26313 	0.20788 	-0.0171429	0.695964
46 	44    	0.287481	0.219622	-0.0175   	0.698672
47 	45    	0.257043	0.193431	-0.0175   	0.698672
48 	49    	0.260055	0.207631	-0.0171429	0.693521
49 	49    	0.277257	0.171419	-0.0166666	0.731322
50 	47    	0.293042	0.182578	-0.0175   	0.703179
51 	46    	0.317829	0.218273	-0.0171429	0.730155
52 	43    	0.372134	0.208927	-0.0166666	0.730155
53 	46    	0.361154	0.217233	-0.0175   	0.730155
54 	47    	0.303233	0.213655	-0.02     	0.722014
55 	44    	0.32627 	0.221247	-0.0171429	0.712247
56 	49    	0.332918	0.19636 	-0.0133334	0.730155
57 	45    	0.317323	0.21339 	-0.0175   	0.730155
58 	48    	0.313541	0.209753	-0.0174999	0.833094
59 	45    	0.339517	0.22312 	-0.0177779	0.730155
60 	46    	0.291482	0.188767	-0.0181819	0.720058
61 	42    	0.341543	0.193358	-0.0166667	0.720327
62 	49    	0.289029	0.200515	-0.0175   	0.690992
63 	47    	0.336083	0.187918	-0.02     	0.652749
64 	47    	0.246391	0.200769	-0.02     	0.652854
65 	46    	0.285554	0.201289	-0.02     	0.647029
66 	47    	0.338797	0.215119	-0.0175001	0.830524
67 	46    	0.350711	0.232094	-0.02     	0.757994
68 	44    	0.386055	0.23756 	-0.02     	0.825856
69 	49    	0.31453 	0.221281	-0.0177778	0.834784
70 	45    	0.2846  	0.237377	-0.02     	0.835619
71 	45    	0.36413 	0.245011	-0.0199999	0.754079
72 	45    	0.307255	0.225104	-0.0177778	0.835619
73 	42    	0.371797	0.258039	-0.02     	0.835619
74 	43    	0.411677	0.273058	-0.0175   	0.835619
75 	47    	0.376766	0.227127	-0.0175001	0.850372
76 	49    	0.269996	0.222435	-0.02     	0.81779 
77 	48    	0.32907 	0.21773 	-0.0171428	0.81779 
78 	44    	0.410718	0.233045	-0.0200001	0.721757
79 	45    	0.413516	0.228691	-0.02     	0.835494
80 	46    	0.31644 	0.218824	-0.0175001	0.721757
81 	46    	0.337467	0.227547	-0.0166667	0.754079
82 	46    	0.385017	0.233304	-0.018    	0.81779 
83 	48    	0.363108	0.23989 	-0.0175   	0.818212
84 	43    	0.299388	0.236843	-0.0177778	0.754079
85 	46    	0.367277	0.255425	-0.02     	0.754079
86 	47    	0.280726	0.228828	-0.0177778	0.75521 
87 	47    	0.297104	0.213694	-0.02     	0.706168
88 	43    	0.332572	0.214591	-0.018    	0.706168
89 	46    	0.308593	0.202439	-0.0177778	0.706168
90 	47    	0.316618	0.197662	-0.0171429	0.731699
91 	44    	0.349202	0.206862	-0.02     	0.731699
92 	47    	0.335293	0.187947	-0.0175   	0.731699
93 	48    	0.292785	0.199557	-0.0177778	0.731322
94 	46    	0.356548	0.249371	-0.0171429	0.731699
95 	43    	0.392607	0.226929	-0.02     	0.731699
96 	45    	0.281042	0.235565	-0.0175   	0.736126
97 	46    	0.372728	0.21728 	-0.0177778	0.736126
98 	47    	0.368912	0.259761	-0.0171429	0.731699
99 	41    	0.374201	0.259781	-0.02     	0.835619
100	45    	0.317699	0.248625	-0.0199999	0.835619
101	44    	0.309026	0.231694	-0.02     	0.834784
102	47    	0.327929	0.261969	-0.02     	0.835619
103	46    	0.30939 	0.226141	-0.0175   	0.835619
104	49    	0.199023	0.185249	-0.02     	0.834784
105	48    	0.28534 	0.211705	-0.02     	0.650716
106	48    	0.336371	0.201711	-0.0177778	0.650711
107	44    	0.361734	0.212145	-0.02     	0.805021
108	48    	0.345691	0.223555	-0.0174999	0.804176
109	46    	0.259471	0.230847	-0.0177777	0.736005
110	48    	0.333499	0.200338	-0.0166668	0.653746
111	48    	0.372884	0.198311	-0.0171429	0.72334 
112	42    	0.333369	0.199231	-0.0160001	0.719428
113	42    	0.37467 	0.228847	-0.02     	0.726817
114	46    	0.309574	0.182126	-0.02     	0.719428
115	46    	0.366771	0.201197	-0.0177777	0.737253
116	43    	0.358989	0.214768	-0.0174999	0.737253
117	47    	0.317706	0.188556	-0.02     	0.783223
118	49    	0.302128	0.178299	-0.01     	0.815061
119	45    	0.352892	0.212347	-0.016    	0.815123
120	49    	0.286452	0.215043	-0.0177778	0.817075
121	47    	0.318293	0.219679	-0.0174999	0.817075
122	46    	0.303642	0.219675	-0.0177778	0.817075
123	49    	0.298505	0.215785	-0.0175   	0.809177
124	46    	0.324919	0.211579	-0.0171429	0.815061
125	45    	0.336732	0.212441	-0.0175   	0.815061
126	46    	0.299794	0.200261	-0.02     	0.767765
127	48    	0.353289	0.190572	0.0999926 	0.767765
128	45    	0.30579 	0.207814	-0.02     	0.767765
129	43    	0.330239	0.214201	-0.0150001	0.767765
130	47    	0.266602	0.198291	-0.02     	0.731965
131	46    	0.273775	0.177927	-0.017143 	0.731965
132	45    	0.310519	0.195987	-0.0171429	0.731965
133	46    	0.352177	0.21597 	-0.02     	0.831703
134	45    	0.303221	0.212149	-0.0166667	0.831703
135	46    	0.263095	0.210046	-0.0171429	0.81453 
136	48    	0.230698	0.17177 	-0.02     	0.832826
137	49    	0.24783 	0.180463	-0.0171429	0.732661
138	46    	0.3081  	0.202163	-0.0175   	0.734639
139	47    	0.320018	0.223349	-0.0177777	0.832826
140	44    	0.375993	0.242245	-0.018    	0.832826
141	46    	0.322502	0.265055	-0.02     	0.832826
142	44    	0.330044	0.248125	-0.018    	0.832826
143	39    	0.373151	0.285761	-0.0177778	0.832826
144	45    	0.317937	0.265821	-0.0177779	0.833485
145	44    	0.34955 	0.249338	-0.0177778	0.833485
146	45    	0.376973	0.274623	-0.0175   	0.833261
147	48    	0.291144	0.27625 	-0.02     	0.835935
148	46    	0.321111	0.247978	-0.0175002	0.833335
149	43    	0.358777	0.278464	-0.018    	0.833261
150	47    	0.315122	0.216364	-0.015    	0.833261
151	45    	0.336363	0.26852 	-0.02     	0.833261
152	46    	0.280892	0.236748	-0.0177778	0.832826
153	48    	0.307068	0.217009	-0.0228571	0.81028 
154	48    	0.344468	0.218182	-0.02     	0.831654
155	46    	0.307013	0.217419	-0.02     	0.831654
156	46    	0.268937	0.204542	-0.0228572	0.732729
157	46    	0.279424	0.211173	-0.0200001	0.732729
158	46    	0.344794	0.244901	-0.02     	0.732729
159	48    	0.262043	0.213921	-0.0228571	0.70864 
160	48    	0.304933	0.198944	-0.02     	0.813708
161	45    	0.253668	0.205583	-0.0228571	0.703707
162	46    	0.299191	0.196271	-0.0199999	0.706312
163	49    	0.303906	0.206036	-0.0177776	0.811247
164	45    	0.318091	0.240466	-0.0171429	0.843203
165	46    	0.286082	0.204286	-0.0166667	0.811247
166	45    	0.343193	0.243244	-0.02     	0.756118
167	48    	0.316045	0.203877	-0.0166667	0.756118
168	48    	0.344013	0.192686	-0.0228572	0.773158
169	45    	0.350775	0.233677	-0.0177778	0.867188
170	47    	0.33277 	0.234013	-0.0177778	0.858002
171	47    	0.346037	0.214032	-0.018    	0.858002
172	45    	0.364479	0.217814	0.0795044 	0.858002
173	50    	0.311817	0.198239	-0.0166667	0.756748
174	45    	0.30674 	0.198288	-0.0160001	0.713281
175	49    	0.287558	0.186876	-0.0171428	0.720195
176	47    	0.288678	0.18902 	-0.0166667	0.720241
177	45    	0.320408	0.197539	-0.0222222	0.720241
178	49    	0.329398	0.223563	-0.0171429	0.860782
179	47    	0.357084	0.228132	-0.0175   	0.860782
180	47    	0.325379	0.199043	-0.018    	0.807297
181	46    	0.285155	0.211847	-0.0181819	0.734639
182	48    	0.280718	0.188414	-0.0175   	0.698971
183	46    	0.371673	0.183545	-0.0175   	0.698971
184	43    	0.345434	0.227883	-0.0177778	0.807479
185	50    	0.340513	0.198843	-0.02     	0.728408
186	45    	0.322813	0.224797	-0.0181819	0.807479
187	44    	0.330093	0.214859	-0.0177778	0.722859
188	46    	0.28281 	0.219726	-0.0177778	0.722859
189	45    	0.378733	0.201937	-0.0166667	0.722859
190	45    	0.384996	0.208988	-0.0171428	0.724641
191	46    	0.342462	0.22963 	-0.018    	0.724641
192	50    	0.295162	0.186477	-0.016    	0.729415
193	44    	0.354177	0.188254	-0.0225   	0.729415
194	46    	0.355887	0.19807 	-0.015    	0.771076
195	46    	0.338391	0.222655	-0.0200001	0.814342
196	46    	0.310489	0.200447	-0.0171429	0.729415
197	47    	0.282097	0.167786	-0.0166667	0.729415
198	46    	0.314877	0.195777	-0.02     	0.729415
199	47    	0.309049	0.181846	-0.02     	0.69642 
200	46    	0.326394	0.160434	-0.0150001	0.69642 
201	45    	0.330997	0.17006 	-0.0166666	0.703725
202	46    	0.321632	0.204326	-0.0171428	0.705296
203	46    	0.355172	0.197455	-0.0171429	0.705296
204	47    	0.327397	0.211728	-0.0177778	0.705296
205	46    	0.288067	0.229161	-0.0175   	0.732935
206	43    	0.32331 	0.246845	-0.0171431	0.812083
207	46    	0.327265	0.237328	-0.02     	0.812083
208	46    	0.273271	0.206653	-0.0166667	0.812083
209	46    	0.32558 	0.226158	-0.0166667	0.818826
210	45    	0.298406	0.238734	-0.0171429	0.818826
211	47    	0.273064	0.252174	-0.02     	0.818826
212	43    	0.343957	0.244908	-0.0166667	0.818826
213	47    	0.349363	0.234788	-0.0171429	0.819969
214	48    	0.330445	0.198184	-0.0166667	0.819969
215	44    	0.326693	0.248018	-0.0200001	0.812825
216	48    	0.318695	0.244077	-0.0171429	0.819969
217	47    	0.297636	0.202292	-0.0175   	0.811247
218	46    	0.325621	0.251702	-0.0177778	0.844917
219	47    	0.302764	0.205108	-0.0175   	0.844917
220	50    	0.291236	0.161592	0.0747165 	0.702675
221	46    	0.300425	0.203392	-0.0175   	0.732661
222	48    	0.329368	0.220226	-0.0166667	0.812083
223	46    	0.271146	0.224199	-0.0199999	0.732214
224	40    	0.338847	0.247963	-0.0171428	0.732214
225	46    	0.279979	0.238892	-0.02     	0.785545
226	48    	0.275638	0.207793	-0.0171428	0.785545
227	46    	0.324707	0.216904	-0.02     	0.732935
228	47    	0.33611 	0.246078	-0.02     	0.811247
229	47    	0.274033	0.222729	-0.0175   	0.732935
230	48    	0.314904	0.201505	-0.0175   	0.705227
231	43    	0.364499	0.238467	-0.0175   	0.812977
232	47    	0.324173	0.24656 	-0.02     	0.819334
233	47    	0.293518	0.22896 	-0.02     	0.705197
234	44    	0.349357	0.249146	-0.0171428	0.819334
235	45    	0.324366	0.259642	-0.02     	0.819334
236	45    	0.350441	0.257358	-0.0166667	0.819334
237	48    	0.309526	0.235599	-0.0171428	0.813708
238	44    	0.340405	0.248749	-0.0166667	0.813708
239	48    	0.290137	0.217068	-0.02     	0.813708
240	48    	0.234677	0.22057 	-0.0175   	0.705984
241	44    	0.331074	0.250056	-0.02     	0.705984
242	46    	0.262631	0.228581	-0.0174999	0.812825
243	50    	0.225262	0.173463	-0.02     	0.705171
244	43    	0.28691 	0.180641	-0.0171429	0.704883
245	48    	0.291571	0.208844	-0.0171429	0.695309
246	48    	0.261497	0.194936	-0.0171428	0.813708
247	42    	0.305773	0.2261  	-0.02     	0.706014
248	45    	0.290905	0.256203	-0.02     	0.813756
249	45    	0.327684	0.271713	-0.0174999	0.813756
250	47    	0.251444	0.250096	-0.0166667	0.813756
251	49    	0.19657 	0.225726	-0.0166668	0.811396
252	47    	0.299826	0.203959	-0.0177777	0.811247
253	49    	0.272948	0.211165	-0.0181765	0.811247
254	49    	0.266951	0.222865	-0.0171429	0.813708
255	47    	0.297314	0.242891	-0.0177778	0.813708
256	44    	0.301462	0.255066	-0.0166667	0.813708
257	46    	0.276578	0.253763	-0.0166667	0.813708
258	47    	0.241827	0.26019 	-0.0171429	0.813756
259	49    	0.256143	0.256426	-0.0171429	0.813756
260	44    	0.323126	0.265848	-0.0171429	0.813756
261	47    	0.246499	0.249547	-0.0171429	0.813756
262	46    	0.295014	0.264178	-0.0171429	0.818806
263	45    	0.313677	0.263553	-0.0171429	0.81995 
264	45    	0.224659	0.263847	-0.018    	0.81995 
265	49    	0.26944 	0.25532 	-0.0175   	0.813708
266	47    	0.274911	0.240796	-0.02     	0.811247
267	45    	0.307125	0.246719	-0.0171428	0.812977
268	47    	0.307991	0.23662 	-0.0166667	0.812977
269	45    	0.277866	0.253691	-0.02     	0.812977
270	49    	0.262133	0.190625	-0.02     	0.705197
271	49    	0.253039	0.206041	-0.0175   	0.698961
272	49    	0.306882	0.207525	-0.0175   	0.805245
273	47    	0.292133	0.22344 	-0.0171431	0.805245
274	47    	0.320997	0.242523	-0.02     	0.812825
275	43    	0.309508	0.264155	-0.02     	0.812825
276	48    	0.264365	0.206089	-0.0171429	0.812825
277	48    	0.225217	0.216747	-0.02     	0.812825
278	47    	0.267982	0.215487	-0.0171429	0.819969
279	46    	0.353144	0.184779	-0.0166665	0.812825
280	44    	0.33579 	0.222733	-0.0171428	0.812825
281	43    	0.380734	0.247655	-0.02     	0.812825
282	45    	0.258974	0.235599	-0.0175   	0.812825
283	48    	0.281337	0.234414	-0.02     	0.812825
284	43    	0.342699	0.233496	-0.0175   	0.819969
285	46    	0.355077	0.271534	-0.0177778	0.819969
286	48    	0.320466	0.2311  	-0.02     	0.819969
287	46    	0.319887	0.208443	-0.0175   	0.812825
288	46    	0.319737	0.214053	-0.0200001	0.819969
289	48    	0.351544	0.215474	-0.0177777	0.812825
290	45    	0.311625	0.204771	-0.0171428	0.819458
291	45    	0.325169	0.214592	-0.0171429	0.813756
292	48    	0.288957	0.222719	-0.0175   	0.805021
293	45    	0.327345	0.232284	-0.02     	0.814356
294	43    	0.300125	0.269121	-0.02     	0.814356
295	48    	0.31589 	0.244462	-0.02     	0.814356
296	49    	0.270967	0.231196	-0.02     	0.814356
297	45    	0.338426	0.210557	-0.0175   	0.814356
298	49    	0.260127	0.21601 	-0.02     	0.814356
299	43    	0.306765	0.260996	-0.02     	0.814356
300	44    	0.319237	0.264237	-0.02     	0.814356
301	47    	0.285236	0.238259	-0.02     	0.814356
302	45    	0.299281	0.222672	-0.0171386	0.812825
303	45    	0.307716	0.263358	-0.0175   	0.830541
304	47    	0.254314	0.234375	-0.02     	0.812825
305	46    	0.289675	0.263616	-0.0166667	0.813417
306	45    	0.292699	0.235162	-0.0166666	0.813417
307	47    	0.311705	0.183802	-0.016    	0.743123
308	46    	0.328814	0.188785	-0.0181818	0.743123
309	43    	0.356537	0.20529 	-0.01     	0.743123
310	40    	0.372175	0.223596	-0.015    	0.743123
311	47    	0.306668	0.221855	-0.0133337	0.848642
312	44    	0.388151	0.219814	-0.0180001	0.848642
313	44    	0.334697	0.220725	-0.02     	0.813417
314	47    	0.293517	0.205367	-0.018    	0.782628
315	47    	0.32767 	0.181829	0.0987213 	0.813417
316	42    	0.308295	0.199059	-0.0166667	0.813417
317	49    	0.277073	0.165489	-0.0177778	0.723616
318	46    	0.327254	0.171113	-0.0177777	0.701108
319	45    	0.353228	0.184743	-0.0175   	0.701108
320	45    	0.362186	0.177431	0.0953182 	0.781203
321	48    	0.3186  	0.180984	-0.0183334	0.677183
322	48    	0.321128	0.178512	-0.02     	0.704117
323	44    	0.352656	0.216571	-0.0175   	0.71672 
324	48    	0.325641	0.201936	-0.0171429	0.831847
325	46    	0.297463	0.165532	-0.02     	0.650493
326	45    	0.327058	0.189835	-0.0166666	0.778848
327	46    	0.317549	0.248653	-0.0175   	0.834818
328	44    	0.35181 	0.239701	-0.02     	0.834818
329	44    	0.346333	0.224647	-0.0166667	0.864953
330	44    	0.347093	0.274031	-0.02     	0.864953
331	45    	0.277885	0.245687	-0.0166668	0.864953
332	45    	0.326281	0.202523	-0.0166666	0.864953
333	48    	0.314918	0.230373	-0.0177778	0.864953
334	47    	0.32687 	0.217121	-0.0175   	0.864953
335	47    	0.348652	0.203903	-0.0171411	0.864953
336	46    	0.344873	0.235112	-0.02     	0.864953
337	49    	0.323419	0.191975	0.0955095 	0.811247
338	42    	0.344148	0.223852	-0.02     	0.811247
339	47    	0.293756	0.231238	-0.0171429	0.813708
340	45    	0.302124	0.215216	-0.0177778	0.811396
341	45    	0.320439	0.254578	-0.0166666	0.813708
342	49    	0.269151	0.231529	-0.0166667	0.813708
343	46    	0.235903	0.210116	-0.0166667	0.813708
344	46    	0.296286	0.204807	-0.02     	0.813708
345	44    	0.292071	0.275459	-0.02     	0.813708
346	45    	0.229807	0.24098 	-0.0166667	0.813708
347	45    	0.259113	0.22927 	-0.0166667	0.813708
348	43    	0.260285	0.249218	-0.02     	0.813708
349	46    	0.2834  	0.228917	-0.0171429	0.813708
350	46    	0.259941	0.198904	-0.02     	0.813708
351	46    	0.313433	0.237334	-0.0228571	0.813756
352	46    	0.298202	0.257765	-0.0166667	0.813708
353	46    	0.247356	0.217571	-0.02     	0.813708
354	45    	0.277728	0.242011	-0.0166667	0.813756
355	45    	0.222267	0.246085	-0.0166667	0.813756
356	47    	0.278669	0.215545	-0.0166666	0.813708
357	46    	0.286166	0.22527 	-0.0171429	0.811396
358	46    	0.231864	0.219365	-0.02     	0.811396
359	43    	0.289024	0.231878	-0.02     	0.811396
360	48    	0.280378	0.249386	-0.0171429	0.812308
361	47    	0.316368	0.240213	-0.02     	0.811247
362	46    	0.251995	0.207674	-0.02     	0.703852
363	46    	0.287323	0.250037	-0.02     	0.811396
364	49    	0.271104	0.228519	-0.0175   	0.812308
365	47    	0.273196	0.232861	-0.0175   	0.812308
366	47    	0.265142	0.226818	-0.0166667	0.812083
367	46    	0.244155	0.237393	-0.02     	0.812083
368	44    	0.331481	0.269897	-0.0171429	0.819969
369	48    	0.336904	0.246219	-0.018    	0.812977
370	41    	0.344572	0.259461	-0.0171428	0.812977
371	48    	0.281205	0.238741	-0.0166667	0.812977
372	45    	0.265095	0.25922 	-0.0175   	0.819969
373	43    	0.335839	0.252271	-0.0166666	0.819969
374	48    	0.273881	0.222748	-0.0166667	0.819969
375	46    	0.326203	0.245515	-0.0175   	0.812825
376	45    	0.325499	0.263558	-0.0171429	0.812825
377	45    	0.356899	0.221256	-0.0175001	0.812825
378	44    	0.330244	0.274746	-0.0175001	0.818826
379	48    	0.312003	0.228335	-0.0166652	0.812825
380	44    	0.308706	0.233925	-0.0171429	0.812083
381	46    	0.245924	0.219309	-0.02     	0.811247
382	46    	0.291401	0.235068	-0.0175   	0.811247
383	46    	0.286804	0.222336	-0.02     	0.705842
384	47    	0.279315	0.205241	-0.0171429	0.812083
385	49    	0.260822	0.22268 	-0.02     	0.812825
386	48    	0.245412	0.220753	-0.017143 	0.811247
387	45    	0.271417	0.210796	-0.02     	0.811396
388	46    	0.298722	0.225289	-0.0171429	0.811396
389	48    	0.228046	0.229281	-0.0171429	0.724039
390	46    	0.319552	0.203377	-0.02     	0.790588
391	48    	0.24399 	0.186619	-0.016    	0.790588
392	44    	0.385994	0.217839	-0.0166666	0.790588
393	43    	0.325856	0.245523	-0.0175   	0.790588
394	47    	0.289968	0.202699	-0.0175   	0.790588
395	49    	0.222697	0.175181	-0.02     	0.790588
396	44    	0.270436	0.160337	-0.02     	0.790588
397	46    	0.229279	0.168267	-0.02     	0.790588
398	42    	0.274838	0.192941	-0.0175   	0.790588
399	45    	0.290584	0.190562	-0.02     	0.622314
400	48    	0.307476	0.183732	-0.0200001	0.828558
401	48    	0.274456	0.189674	-0.02     	0.733575
402	45    	0.351402	0.177071	-0.0166666	0.804635
403	49    	0.309202	0.209816	-0.02     	0.804635
404	45    	0.315004	0.230404	-0.0177778	0.804635
405	44    	0.391277	0.220783	-0.0171428	0.812308
406	42    	0.347021	0.248255	-0.02     	0.812977
407	46    	0.338746	0.238396	-0.02     	0.81995 
408	43    	0.335012	0.261294	-0.0175   	0.81995 
409	44    	0.382673	0.267894	-0.0166667	0.81995 
410	47    	0.293794	0.219438	-0.0171428	0.81995 
411	46    	0.332798	0.244953	-0.0171429	0.81995 
412	47    	0.271621	0.231362	-0.02     	0.81995 
413	47    	0.379588	0.257254	-0.0166667	0.81995 
414	45    	0.305382	0.250179	-0.0171429	0.81995 
415	47    	0.259141	0.23419 	-0.0166667	0.81995 
416	47    	0.326423	0.24561 	-0.0171431	0.81995 
417	47    	0.262401	0.208729	-0.0171429	0.813756
418	45    	0.282521	0.219789	-0.0175   	0.813756
419	45    	0.304523	0.22945 	-0.0175001	0.813756
420	47    	0.256401	0.228229	-0.02     	0.813756
421	46    	0.277719	0.227141	-0.02     	0.813756
422	45    	0.316433	0.221302	-0.02     	0.813756
423	48    	0.282123	0.198228	-0.0171429	0.694416
424	44    	0.32735 	0.190717	-0.0166667	0.70747 
425	46    	0.311834	0.224367	-0.0171429	0.813756
426	48    	0.31015 	0.21653 	-0.02     	0.70747 
427	46    	0.335528	0.208596	-0.0171428	0.705091
428	49    	0.288121	0.19734 	-0.0175   	0.705022
429	46    	0.342   	0.221777	-0.0166667	0.812825
430	48    	0.326767	0.238549	-0.0199999	0.819334
431	44    	0.410356	0.233285	-0.0171429	0.819334
432	43    	0.412625	0.231321	-0.0174999	0.819334
433	48    	0.346443	0.246382	-0.0175   	0.819334
434	47    	0.310443	0.253413	-0.0175   	0.819334
435	48    	0.333037	0.225552	-0.0175   	0.819334
436	43    	0.367076	0.239516	-0.016    	0.819334
437	44    	0.318098	0.249727	-0.0175001	0.819334
438	45    	0.319457	0.225325	-0.02     	0.819334
439	44    	0.355334	0.211707	-0.015    	0.819334
440	46    	0.319385	0.252843	-0.0175   	0.819334
441	46    	0.314374	0.238644	-0.0175001	0.819334
442	46    	0.296885	0.217145	-0.0177778	0.819403
443	45    	0.328692	0.245136	-0.02     	0.819403
444	48    	0.272695	0.208103	-0.0171429	0.819403
445	43    	0.324075	0.234183	-0.0166667	0.819403
446	45    	0.321017	0.258899	-0.02     	0.819403
447	45    	0.288785	0.236062	-0.0175   	0.819403
448	47    	0.257531	0.238284	-0.0171429	0.819403
449	46    	0.320226	0.228041	-0.0175   	0.819403
450	47    	0.290524	0.201141	-0.0166667	0.819403
451	45    	0.368029	0.234492	-0.0166666	0.819403
452	44    	0.382744	0.261774	-0.0171428	0.819403
453	45    	0.337689	0.261471	-0.0171429	0.819403
454	45    	0.357664	0.261817	-0.0171429	0.819403
455	48    	0.249714	0.234109	-0.0175   	0.819403
456	46    	0.303925	0.223888	-0.0175   	0.812977
457	48    	0.270444	0.225715	-0.0166667	0.812977
458	48    	0.293702	0.23805 	-0.02     	0.819403
459	45    	0.294521	0.25085 	-0.0175   	0.813708
460	50    	0.230624	0.195715	-0.0175   	0.703946
461	44    	0.276433	0.198864	-0.0171429	0.819334
462	46    	0.317388	0.235188	-0.02     	0.819334
463	41    	0.343047	0.246766	-0.0160001	0.819334
464	42    	0.35313 	0.263119	-0.0160001	0.819334
465	48    	0.260413	0.20658 	-0.0166666	0.819403
466	45    	0.270936	0.220286	-0.0171429	0.819403
467	50    	0.249374	0.178143	-0.0199999	0.703852
468	41    	0.318574	0.198079	-0.0171428	0.812308
469	46    	0.235762	0.20731 	-0.02     	0.812308
470	44    	0.301868	0.203857	-0.02     	0.812308
471	45    	0.265425	0.191108	-0.02     	0.812308
472	45    	0.235916	0.2091  	-0.0166667	0.812308
473	47    	0.274384	0.200887	-0.02     	0.812308
474	50    	0.23284 	0.195172	-0.0174998	0.818826
475	44    	0.278205	0.242983	-0.0175   	0.818826
476	44    	0.336246	0.266212	-0.02     	0.818826
477	45    	0.267874	0.246276	-0.0175   	0.818826
478	49    	0.245934	0.21588 	-0.0166668	0.812977
479	48    	0.225657	0.205574	-0.0171429	0.812083
480	48    	0.203189	0.179914	-0.0171429	0.702995
481	48    	0.253491	0.212575	-0.0171429	0.705828
482	44    	0.349508	0.216183	-0.0171429	0.855189
483	44    	0.346337	0.214137	-0.0166667	0.855189
484	45    	0.321859	0.219624	-0.0166666	0.855189
485	47    	0.290673	0.248688	-0.0177778	0.855189
486	46    	0.325009	0.244274	-0.0166667	0.855189
487	44    	0.304698	0.233596	-0.0175   	0.855189
488	44    	0.351427	0.234431	-0.0166667	0.855189
489	46    	0.36139 	0.228342	-0.015    	0.855189
490	46    	0.34841 	0.22717 	-0.02     	0.855189
491	49    	0.24768 	0.175376	-0.02     	0.704835
492	49    	0.324449	0.162261	-0.00889147	0.71902 
493	48    	0.293037	0.20753 	-0.0171429 	0.718775
494	42    	0.31143 	0.191599	-0.0166666 	0.718775
495	46    	0.329106	0.206661	-0.018     	0.835382
496	48    	0.338401	0.210539	-0.016     	0.836621
497	48    	0.343982	0.2123  	-0.0133333 	0.855227
498	47    	0.317753	0.190794	-0.0200001 	0.835382
499	47    	0.353377	0.183518	0.096427   	0.836621
500	46    	0.303169	0.214701	-0.016     	0.854935
501	46    	0.291734	0.154888	-0.02      	0.836621
502	47    	0.317691	0.153425	-0.016     	0.769113
503	45    	0.334245	0.17826 	-0.0175001 	0.771652
504	45    	0.370499	0.198787	-0.0177778 	0.771652
505	46    	0.329062	0.188172	-0.0166667 	0.771652
506	49    	0.32777 	0.146083	0.0942848  	0.666307
507	45    	0.28205 	0.163462	-0.0175    	0.668414
508	46    	0.339067	0.13091 	-0.0133332 	0.700526
509	44    	0.344687	0.160137	0.0632101  	0.700526
510	46    	0.355418	0.197309	-0.015     	0.748745
511	44    	0.370107	0.214804	-0.02      	0.808748
512	48    	0.334611	0.193107	-0.0166667 	0.75917 
513	46    	0.372641	0.205675	-0.015     	0.822815
514	48    	0.330625	0.215844	-0.02      	0.76703 
515	48    	0.328666	0.206363	-0.0166667 	0.819317
516	48    	0.364576	0.200724	-0.02      	0.702033
517	48    	0.334758	0.178056	-0.0166667 	0.646851
518	46    	0.31058 	0.218166	-0.0183333 	0.817247
519	46    	0.337903	0.220877	-0.0174999 	0.818978
520	44    	0.287965	0.215499	-0.02      	0.732912
521	45    	0.315798	0.212378	-0.0222222 	0.732912
522	48    	0.327978	0.187109	-0.02      	0.732912
523	44    	0.342116	0.224358	-0.02      	0.811396
524	42    	0.328351	0.243037	-0.0171429 	0.811396
525	47    	0.286705	0.250393	-0.0199999 	0.813756
526	44    	0.277006	0.269293	-0.02      	0.813708
527	47    	0.269025	0.257985	-0.02      	0.813708
528	46    	0.284222	0.233444	-0.0199999 	0.811247
529	45    	0.257108	0.265228	-0.0166667 	0.813756
530	44    	0.293544	0.242348	-0.0175    	0.841765
531	43    	0.290847	0.221422	-0.0171428 	0.844542
532	44    	0.336748	0.249499	-0.0166667 	0.841765
533	49    	0.242459	0.176852	-0.0171429 	0.844542
534	44    	0.258397	0.182036	-0.0171429 	0.844542
535	44    	0.294659	0.188289	-0.02      	0.844542
536	44    	0.267065	0.24548 	-0.02      	0.841765
537	48    	0.298538	0.216592	-0.02      	0.841765
538	46    	0.354322	0.221305	-0.02      	0.819969
539	45    	0.308468	0.250973	-0.0175001 	0.819969
540	48    	0.239458	0.216488	-0.02      	0.813756
541	48    	0.264064	0.21375 	-0.0175    	0.811396
542	46    	0.283369	0.207659	-0.0166667 	0.702687
543	48    	0.238914	0.187657	-0.0166667 	0.813756
544	46    	0.215202	0.204627	-0.02      	0.703401
545	47    	0.284063	0.232827	-0.017143  	0.83112 
546	45    	0.304668	0.206298	-0.02      	0.83112 
547	48    	0.230486	0.21349 	-0.02      	0.83112 
548	44    	0.293239	0.222826	-0.0175    	0.83112 
549	45    	0.337501	0.245929	-0.02      	0.83112 
550	44    	0.332822	0.234856	-0.02      	0.83112 
551	49    	0.24333 	0.197655	-0.0166667 	0.811396
552	43    	0.291918	0.222708	-0.0171428 	0.811396
553	48    	0.252162	0.220902	-0.0175    	0.813756
554	49    	0.228741	0.176048	-0.02      	0.813756
555	48    	0.238078	0.160742	-0.0166667 	0.702675
556	43    	0.265436	0.185798	-0.02      	0.702675
557	47    	0.292509	0.225854	-0.0175    	0.813756
558	47    	0.269482	0.2444  	-0.02      	0.813756
559	49    	0.274135	0.26286 	-0.0175    	0.813756
560	45    	0.330215	0.24288 	-0.0166667 	0.813756
561	47    	0.301267	0.285483	-0.0177778 	0.813708
562	48    	0.237229	0.260803	-0.02      	0.813756
563	49    	0.220266	0.212999	-0.02      	0.812083
564	47    	0.270146	0.204003	-0.0171428 	0.811396
565	48    	0.263233	0.220448	-0.02      	0.812083
566	47    	0.295277	0.213053	-0.0166667 	0.818826
567	45    	0.312041	0.225794	-0.0166667 	0.818826
568	45    	0.272374	0.230172	-0.02      	0.818826
569	43    	0.366465	0.249867	-0.0166667 	0.818826
570	47    	0.328228	0.230694	-0.0171428 	0.811247
571	46    	0.319657	0.205144	-0.0150001 	0.818826
572	45    	0.334608	0.213305	-0.0160001 	0.818826
573	47    	0.284987	0.230506	-0.0177778 	0.818826
574	43    	0.396445	0.251042	-0.0166665 	0.83174 
575	46    	0.350389	0.252302	-0.0175    	0.83174 
576	47    	0.386341	0.251865	-0.0171428 	0.819969
577	44    	0.342052	0.26109 	-0.02      	0.819969
578	46    	0.321533	0.227333	-0.0177778 	0.819969
579	48    	0.33785 	0.223464	-0.018     	0.819969
580	48    	0.319592	0.20828 	-0.02      	0.72962 
581	45    	0.321889	0.214218	-0.0171429 	0.72962 
582	44    	0.350187	0.266537	-0.02      	0.819969
583	44    	0.346599	0.254856	-0.017143  	0.819969
584	44    	0.303017	0.231911	-0.02      	0.732214
585	49    	0.266835	0.235002	-0.0175    	0.811396
586	43    	0.251974	0.258868	-0.0175    	0.811396
587	45    	0.328738	0.246915	-0.02      	0.804169
588	44    	0.370953	0.233321	-0.016     	0.805829
589	44    	0.350865	0.272664	-0.0171428 	0.805829
590	42    	0.266277	0.273739	-0.02      	0.805829
591	43    	0.314134	0.232432	-0.02      	0.805829
592	45    	0.301422	0.233416	-0.02      	0.805829
593	48    	0.22034 	0.230799	-0.02      	0.805829
594	45    	0.300815	0.209853	-0.0175    	0.805829
595	41    	0.325117	0.250329	-0.02      	0.805829
596	48    	0.265383	0.238714	-0.02      	0.732661
597	44    	0.311   	0.230863	-0.02      	0.819317
598	43    	0.307046	0.227295	-0.02      	0.730315
599	40    	0.353287	0.261857	-0.02      	0.833485
600	45    	0.292461	0.240622	-0.02      	0.833485
601	46    	0.349652	0.227037	-0.0171429 	0.833485
602	48    	0.31488 	0.220004	-0.0175001 	0.73028 
603	49    	0.341477	0.193851	-0.0175    	0.728567
604	48    	0.339002	0.194249	-0.015     	0.728567
605	46    	0.311548	0.226375	-0.0199999 	0.808915
606	45    	0.37037 	0.24253 	-0.0177778 	0.81995 
607	47    	0.370421	0.215997	-0.016     	0.773971
608	45    	0.344874	0.241328	-0.0171429 	0.860798
609	46    	0.35973 	0.224486	-0.0171429 	0.860798
610	48    	0.335232	0.212422	-0.0181818 	0.777582
611	46    	0.343505	0.219809	-0.0171428 	0.791647
612	50    	0.357497	0.221635	-0.0181818 	0.862645
613	47    	0.331006	0.199684	0.0744457  	0.856739
614	48    	0.330893	0.192603	-0.015     	0.772464
615	42    	0.322036	0.222415	-0.016     	0.788106
616	46    	0.348059	0.236358	-0.0171428 	0.861968
617	48    	0.399885	0.213851	0.0668386  	0.861968
618	46    	0.31225 	0.178027	-0.016     	0.861968
619	44    	0.391311	0.247999	-0.0166667 	0.874213
620	47    	0.347988	0.209233	-0.0175    	0.861968
621	44    	0.379134	0.201602	-0.0177778 	0.865667
622	45    	0.345514	0.197382	-0.02      	0.861968
623	45    	0.3675  	0.188565	-0.00347309	0.854168
624	48    	0.394843	0.216732	-0.0150001 	0.777588
625	47    	0.314176	0.184517	-0.0149998 	0.757407
626	48    	0.343956	0.17381 	-0.016     	0.697311
627	41    	0.35295 	0.201408	-0.0180002 	0.702889
628	44    	0.362224	0.203596	-0.0149999 	0.737793
629	46    	0.347573	0.215122	-0.0171429 	0.754938
630	48    	0.32705 	0.17713 	-0.02      	0.702889
631	47    	0.338451	0.169232	-0.02      	0.702889
632	48    	0.327016	0.199948	-0.0183333 	0.867715
633	44    	0.362397	0.251585	-0.0171428 	0.867715
634	44    	0.353684	0.2387  	-0.02      	0.867715
635	46    	0.338623	0.20522 	-0.0175    	0.85985 
636	44    	0.37244 	0.218432	-0.0171429 	0.859228
637	47    	0.376127	0.206451	0.0912719  	0.866871
638	43    	0.35538 	0.254638	-0.0166667 	0.866871
639	46    	0.336005	0.257099	-0.0171429 	0.867546
640	45    	0.341156	0.244512	-0.01      	0.846101
641	47    	0.293446	0.228869	-0.0166667 	0.846101
642	45    	0.250789	0.223745	-0.0166667 	0.846101
643	47    	0.312221	0.183016	-0.0133332 	0.846101
644	45    	0.296237	0.183324	-0.0175    	0.846101
645	44    	0.316814	0.217633	-0.0225    	0.750752
646	41    	0.355348	0.211953	-0.0171429 	0.750752
647	47    	0.315578	0.22943 	-0.0166666 	0.771974
648	47    	0.317082	0.225048	-0.0160001 	0.813756
649	44    	0.310367	0.224655	-0.0166667 	0.764983
650	45    	0.310119	0.212586	-0.0166652 	0.764983
651	49    	0.332392	0.185089	-0.017143  	0.846101
652	46    	0.35342 	0.219038	-0.02      	0.860798
653	47    	0.315092	0.217048	-0.0166667 	0.846101
654	49    	0.33197 	0.245419	-0.0171428 	0.846101
655	47    	0.340279	0.207261	-0.0171429 	0.701953
656	46    	0.308999	0.215532	-0.0166666 	0.802666
657	49    	0.310696	0.190591	-0.0175    	0.706026
658	45    	0.299517	0.199338	-0.0175    	0.819969
659	46    	0.312389	0.209738	-0.0177776 	0.830299
660	45    	0.361151	0.2036  	-0.0166667 	0.756387
661	45    	0.348023	0.194511	-0.0150001 	0.71602 
662	48    	0.358148	0.1918  	-0.0133332 	0.815809
663	46    	0.310591	0.233049	-0.0177778 	0.820925
664	45    	0.370475	0.243731	-0.0175001 	0.820925
665	43    	0.434354	0.26588 	-0.02      	0.820925
666	44    	0.328832	0.229713	-0.0177779 	0.818806
667	45    	0.389123	0.240832	-0.0166667 	0.818806
668	47    	0.341431	0.179127	-0.015     	0.732214
669	48    	0.316327	0.192497	-0.0166666 	0.730066
670	47    	0.329803	0.191024	-0.02      	0.715013
671	46    	0.302366	0.181814	-0.02      	0.672686
672	46    	0.339984	0.228342	-0.0175    	0.787176
673	44    	0.335574	0.233238	-0.0166668 	0.787176
674	42    	0.342429	0.220535	-0.0166666 	0.809177
675	43    	0.342039	0.24351 	-0.02      	0.809177
676	47    	0.324225	0.241635	-0.018     	0.813708
677	47    	0.34719 	0.227898	-0.017143  	0.85908 
678	46    	0.268285	0.209933	-0.02      	0.85908 
679	46    	0.262558	0.195841	-0.0171429 	0.85908 
680	49    	0.252141	0.170466	-0.02      	0.705225
681	44    	0.304661	0.188859	-0.0171429 	0.705225
682	48    	0.273926	0.181539	-0.0175    	0.811247
683	45    	0.244244	0.169171	-0.02      	0.555203
684	47    	0.294427	0.169068	-0.0166667 	0.655215
685	47    	0.268609	0.152575	-0.0174999 	0.602784
686	46    	0.286845	0.17115 	-0.0166667 	0.602784
687	45    	0.341467	0.176039	-0.0171429 	0.746456
688	46    	0.345932	0.183777	-0.02      	0.813954
689	46    	0.28545 	0.193713	-0.02      	0.813954
690	48    	0.290165	0.189628	-0.016     	0.816329
691	47    	0.304415	0.178351	-0.0175    	0.816329
692	49    	0.264888	0.202441	-0.02      	0.813954
693	43    	0.337408	0.213484	-0.02      	0.813954
694	49    	0.270333	0.181563	-0.0177777 	0.689268
695	46    	0.248318	0.165152	-0.0175    	0.689268
696	38    	0.316725	0.229439	-0.02      	0.689268
697	45    	0.292475	0.1911  	-0.0171429 	0.689268
698	48    	0.2899  	0.209649	-0.02      	0.689268
699	45    	0.278146	0.181481	-0.02      	0.689268
700	47    	0.307932	0.178155	-0.0174999 	0.728212
701	48    	0.303756	0.203609	-0.02      	0.718042
702	46    	0.276724	0.211224	-0.02      	0.840468
703	42    	0.361501	0.23556 	-0.02      	0.840468
704	47    	0.305869	0.236127	-0.0199999 	0.840468
705	46    	0.316035	0.257652	-0.0177778 	0.813954
706	45    	0.296064	0.265107	-0.02      	0.840468
707	46    	0.290762	0.256668	-0.0199999 	0.813954
708	46    	0.366742	0.280571	-0.02      	0.813954
709	47    	0.297425	0.227951	-0.0199999 	0.812825
710	48    	0.278048	0.198624	-0.0177778 	0.728212
711	47    	0.295163	0.242767	-0.02      	0.753446
712	47    	0.333382	0.230609	-0.0175    	0.854389
713	49    	0.262695	0.21767 	-0.0177778 	0.753446
714	47    	0.307165	0.218959	-0.02      	0.811396
715	46    	0.330674	0.216848	-0.0171429 	0.819969
716	47    	0.341239	0.251819	-0.0166667 	0.855189
717	46    	0.313094	0.230007	-0.0171429 	0.855189
718	48    	0.220716	0.192466	-0.0166667 	0.855189
719	49    	0.269977	0.155354	-0.0166666 	0.732215
720	49    	0.291266	0.188296	-0.0160001 	0.697195
721	46    	0.322845	0.197261	-0.016     	0.705183
722	46    	0.277486	0.218415	-0.0175002 	0.70644 
723	45    	0.38084 	0.228687	-0.02      	0.70644 
724	45    	0.377108	0.217451	-0.0177779 	0.732515
725	48    	0.315667	0.218011	-0.0200001 	0.813756
726	47    	0.272412	0.208454	-0.0177778 	0.805936
727	47    	0.283404	0.19819 	-0.0174999 	0.805936
728	48    	0.253216	0.202183	-0.0174999 	0.805936
729	44    	0.317362	0.216113	-0.0177778 	0.805936
730	50    	0.289137	0.215671	-0.02      	0.805936
731	44    	0.32196 	0.246242	-0.0171429 	0.813756
732	44    	0.31499 	0.242791	-0.02      	0.813756
733	43    	0.30509 	0.286686	-0.02      	0.813756
734	47    	0.303605	0.237439	-0.0166667 	0.813756
735	44    	0.260257	0.273313	-0.0175    	0.813756
736	44    	0.322088	0.26125 	-0.0166667 	0.813756
737	45    	0.267555	0.237635	-0.0166667 	0.813756
738	46    	0.311163	0.236435	-0.0171429 	0.813756
739	46    	0.208363	0.221052	-0.0175    	0.813756
740	47    	0.247212	0.259655	-0.02      	0.813756
741	48    	0.179822	0.191771	-0.0171429 	0.819969
742	47    	0.20347 	0.194376	-0.0175    	0.581205
743	45    	0.349233	0.225261	-0.02      	0.813756
744	45    	0.238224	0.20871 	-0.0175    	0.704074
745	42    	0.284205	0.220302	-0.0166667 	0.732214
746	45    	0.323216	0.244569	-0.0177778 	0.813708
747	45    	0.384045	0.249637	-0.0177778 	0.819334
748	47    	0.294811	0.223387	-0.02      	0.706288
749	42    	0.303927	0.249885	-0.02      	0.706012
750	42    	0.326686	0.243103	-0.02      	0.812977
751	46    	0.271287	0.243433	-0.0171429 	0.812977
752	44    	0.298584	0.231587	-0.02      	0.812977
753	44    	0.270211	0.254457	-0.02      	0.812977
754	45    	0.297139	0.25515 	-0.0171429 	0.812977
755	45    	0.294887	0.258347	-0.02      	0.812977
756	49    	0.213407	0.222061	-0.0171429 	0.812977
757	44    	0.260006	0.237584	-0.0166667 	0.812977
758	47    	0.240346	0.214546	-0.0171429 	0.812977
759	46    	0.22002 	0.232464	-0.02      	0.812977
760	43    	0.322331	0.22802 	-0.0160001 	0.812977
761	45    	0.302888	0.231123	-0.0160001 	0.812977
762	44    	0.268588	0.242425	-0.0166667 	0.813708
763	47    	0.289464	0.230627	-0.0166667 	0.812308
764	47    	0.256609	0.233157	-0.02      	0.812308
765	47    	0.290037	0.25616 	-0.0175001 	0.813756
766	44    	0.32483 	0.264432	-0.0166667 	0.812308
767	46    	0.273987	0.249359	-0.0166667 	0.851516
768	47    	0.317405	0.267297	-0.0177778 	0.812977
769	47    	0.271245	0.202227	-0.0166666 	0.694815
770	44    	0.318633	0.212679	-0.0166667 	0.813756
771	45    	0.291625	0.223286	-0.02      	0.813756
772	42    	0.299276	0.253101	-0.0171428 	0.813756
773	45    	0.235204	0.19874 	-0.02      	0.729549
774	45    	0.292833	0.192064	-0.016     	0.730699
775	46    	0.286551	0.19052 	-0.0175    	0.729549
776	47    	0.336315	0.18233 	-0.0177778 	0.729549
777	44    	0.316311	0.18961 	-0.0171429 	0.729549
778	49    	0.373187	0.203213	-0.0177778 	0.825211
779	45    	0.331628	0.223094	-0.0180001 	0.825211
780	47    	0.332913	0.203292	-0.0175001 	0.825211
781	45    	0.4194  	0.245257	-0.0171429 	0.949193
782	48    	0.349428	0.254634	-0.0175    	0.949193
783	44    	0.386414	0.21001 	0.0816081  	0.763492
784	47    	0.363595	0.177388	0.0730473  	0.820481
785	44    	0.375873	0.19904 	0.0756754  	0.844165
786	49    	0.308007	0.201803	-0.016     	0.820481
787	45    	0.385699	0.195179	-0.016     	0.820481
788	41    	0.382828	0.245355	-0.0171427 	0.826408
789	47    	0.340875	0.224134	-0.018     	0.826408
790	43    	0.402739	0.209628	0.109148   	0.90523 
791	45    	0.415695	0.224468	-0.0177778 	0.90523 
792	46    	0.40936 	0.23545 	-0.017143  	0.826408
793	44    	0.426064	0.23707 	-0.01      	0.826408
794	45    	0.405019	0.244765	-0.02      	0.826408
795	44    	0.34068 	0.262828	-0.02      	0.826408
796	44    	0.426035	0.253072	-0.0166667 	0.900353
797	48    	0.398159	0.248938	-0.0150001 	0.826408
798	46    	0.360013	0.220024	-0.0171428 	0.825211
799	46    	0.359615	0.215065	-0.0159977 	0.757183
800	48    	0.310911	0.214021	-0.0171429 	0.826231
801	45    	0.365569	0.207575	-0.02      	0.826231
802	41    	0.375181	0.225658	-0.0133338 	0.826231
803	45    	0.395307	0.19578 	0.079876   	0.826231
804	44    	0.369773	0.221343	-0.015     	0.826231
805	48    	0.375307	0.210073	-0.015     	0.765625
806	45    	0.422368	0.211106	0.0664951  	0.765625
807	47    	0.375322	0.229118	-0.018     	0.889927
808	47    	0.398929	0.213809	-0.0133333 	0.889927
809	47    	0.38932 	0.253975	-0.0177778 	0.889927
810	46    	0.349061	0.230145	-0.02      	0.906344
811	47    	0.407926	0.222285	-0.02      	0.906344
812	46    	0.391723	0.270662	-0.02      	0.906401
813	45    	0.404844	0.261989	-0.016     	0.943979
814	46    	0.335463	0.216272	0.0749315  	0.898821
815	44    	0.339575	0.199432	-0.0171429 	0.90559 
816	49    	0.275823	0.201384	-0.02      	0.760481
817	46    	0.348689	0.191449	-0.016     	0.743521
818	45    	0.398317	0.177743	-0.0133334 	0.833493
819	48    	0.299111	0.204363	-0.0175    	0.975644
820	49    	0.298115	0.184631	0.05226    	0.807873
821	49    	0.369636	0.185818	0.0434508  	0.807873
822	48    	0.398322	0.172085	0.0932021  	0.766283
823	48    	0.381258	0.202028	-0.02      	0.847212
824	45    	0.455327	0.217515	0.0908788  	0.894593
825	45    	0.451661	0.215886	-0.0171428 	0.894593
826	48    	0.383595	0.195136	0.0776186  	0.853864
827	48    	0.372572	0.190582	0.0663852  	0.853864
828	47    	0.361024	0.168705	0.115423   	0.787148
829	47    	0.315957	0.181145	-0.016     	0.78539 
830	42    	0.382731	0.165561	0.0911854  	0.778162
831	43    	0.383526	0.202964	-0.02      	0.895194
832	46    	0.369382	0.201303	-0.015     	0.778162
833	50    	0.322423	0.162625	-0.0183333 	0.786077
834	48    	0.365083	0.199286	-0.016     	0.859141
835	46    	0.332528	0.223137	-0.0166668 	0.859141
836	42    	0.362827	0.237936	-0.0133333 	0.859141
837	47    	0.380795	0.261416	-0.0133334 	0.859141
838	46    	0.424878	0.254993	-0.0219999 	0.867419
839	48    	0.363023	0.209292	-0.0166667 	0.85496 
840	48    	0.338154	0.205823	-0.0180001 	0.833357
841	47    	0.314394	0.195772	-0.0200001 	0.833357
842	49    	0.312541	0.185271	-0.0171429 	0.74675 
843	45    	0.36089 	0.160916	-0.02      	0.74675 
844	47    	0.364852	0.171248	-0.0177777 	0.798374
845	46    	0.405441	0.193552	0.075842   	0.800549
846	42    	0.421799	0.213116	-0.0177777 	0.800549
847	49    	0.30811 	0.188676	-0.0160001 	0.713574
848	45    	0.402288	0.172674	0.0792984  	0.800932
849	45    	0.404633	0.190939	0.0775698  	0.804172
850	48    	0.385856	0.204164	-0.016     	0.804172
851	46    	0.44174 	0.193424	0.131481   	0.804172
852	49    	0.37972 	0.208572	-0.0199999 	0.800932
853	46    	0.381375	0.175735	0.134448   	0.800932
854	47    	0.359625	0.177413	0.0859987  	0.800932
855	46    	0.359686	0.183921	-0.0175    	0.800932
856	44    	0.366798	0.183356	-0.02      	0.800932
857	45    	0.382273	0.165345	0.0640784  	0.800932
858	44    	0.331282	0.327317	-1         	0.862155
859	48    	0.404414	0.18596 	0.131217   	0.862155
860	49    	0.375873	0.216746	-0.0215385 	0.828449
861	47    	0.370587	0.269668	-1         	0.828049
862	46    	0.385108	0.269923	-1         	0.75574 
863	46    	0.404281	0.192626	0.0904595  	0.75574 
864	46    	0.410467	0.201493	0.131632   	0.784666
865	40    	0.362525	0.309655	-1         	0.887115
866	49    	0.33586 	0.206315	0.0749094  	0.830362
867	49    	0.300512	0.183112	-0.0174999 	0.721446
868	43    	0.373026	0.204486	-0.0171429 	0.906295
869	47    	0.371548	0.187962	0.0667599  	0.747916
870	48    	0.369669	0.189476	-0.016     	0.79535 
871	48    	0.338204	0.166312	-0.02      	0.689869
872	45    	0.392759	0.260774	-1         	0.824247
873	47    	0.338713	0.189836	-0.01      	0.835122
874	48    	0.32539 	0.187348	-0.0133334 	0.705972
875	45    	0.348863	0.179488	0.0863484  	0.698555
876	46    	0.345204	0.185535	-0.0171428 	0.698555
877	49    	0.300043	0.177508	-0.02      	0.702322
878	46    	0.344421	0.189835	-0.02      	0.725084
879	46    	0.331267	0.222524	-0.0177778 	0.795646
880	44    	0.380129	0.204136	-0.016     	0.766173
881	48    	0.376225	0.206199	-0.0175    	0.766173
882	49    	0.31685 	0.225649	-0.0175    	0.797563
883	44    	0.354462	0.203687	-0.02      	0.797563
884	49    	0.288021	0.216472	-0.02      	0.836827
885	47    	0.344997	0.194209	-0.0175    	0.836827
886	45    	0.290994	0.212086	-0.0171429 	0.836827
887	45    	0.264337	0.232169	-0.0199999 	0.836827
888	46    	0.247608	0.248176	-0.0175    	0.836827
889	41    	0.341271	0.285851	-0.0175    	0.837751
890	48    	0.319965	0.21612 	-0.02      	0.836934
891	47    	0.273472	0.176191	-0.02      	0.628633
892	42    	0.314317	0.202175	-0.02      	0.628633
893	45    	0.31172 	0.166991	-0.0166667 	0.761706
894	43    	0.290462	0.21315 	-0.02      	0.761706
895	47    	0.287493	0.193987	-0.0177777 	0.761706
896	44    	0.329699	0.225404	-0.0200001 	0.761706
897	47    	0.248726	0.222989	-0.0225    	0.631901
898	46    	0.292987	0.22671 	-0.0171429 	0.703946
899	47    	0.278557	0.201727	-0.02      	0.738777
900	49    	0.281346	0.190261	-0.02      	0.828099
901	46    	0.254854	0.185469	-0.02      	0.726467
902	48    	0.263971	0.173226	-0.02      	0.616893
903	45    	0.295066	0.208954	-0.02      	0.826392
904	45    	0.344698	0.191541	-0.02      	0.826392
905	47    	0.304082	0.240274	-0.0233333 	0.831457
906	47    	0.275862	0.229504	-0.0200001 	0.826392
907	48    	0.297064	0.185822	-0.02      	0.732828
908	46    	0.314153	0.19644 	-0.0171428 	0.732828
909	43    	0.33893 	0.208916	-0.0175    	0.732828
910	47    	0.351774	0.191463	-0.02      	0.831332
911	47    	0.327846	0.185039	-0.0177778 	0.831332
912	48    	0.295511	0.170888	-0.02      	0.731545
913	45    	0.308049	0.1902  	-0.0150001 	0.811396
914	44    	0.307077	0.212743	-0.0199999 	0.811396
915	47    	0.297757	0.219677	-0.02      	0.811396
916	46    	0.226479	0.236669	-0.0200001 	0.811396
917	44    	0.293817	0.240108	-0.0166667 	0.811396
918	46    	0.291907	0.259772	-0.0166666 	0.813756
919	47    	0.26695 	0.212308	-0.0166667 	0.733092
920	45    	0.316409	0.22078 	-0.0175001 	0.811396
921	47    	0.240934	0.224255	-0.0171428 	0.811396
922	45    	0.25783 	0.22462 	-0.0177778 	0.811396
923	48    	0.205   	0.200601	-0.02      	0.722945
924	40    	0.295247	0.227689	-0.0175    	0.722945
925	47    	0.277377	0.191908	-0.0175    	0.722945
926	46    	0.310902	0.193793	-0.0174999 	0.790351
927	47    	0.280363	0.205185	-0.02      	0.789438
928	44    	0.285047	0.221975	-0.0166667 	0.789438
929	47    	0.286356	0.165388	-0.0175001 	0.789438
930	46    	0.304056	0.20166 	-0.0166667 	0.789438
931	46    	0.299085	0.222191	-0.02      	0.789438
932	45    	0.324507	0.211578	-0.016     	0.789438
933	44    	0.301044	0.227136	-0.02      	0.706012
934	42    	0.349536	0.242608	-0.02      	0.813756
935	43    	0.313265	0.264991	-0.02      	0.813756
936	45    	0.334183	0.248593	-0.0171428 	0.813756
937	46    	0.306565	0.268846	-0.0175    	0.813756
938	46    	0.251378	0.282119	-0.0177777 	0.813756
939	46    	0.221773	0.238512	-0.0171415 	0.813708
940	42    	0.315826	0.27275 	-0.0171429 	0.813708
941	48    	0.269483	0.273879	-0.0171429 	0.813756
942	46    	0.205148	0.249016	-0.0171429 	0.813708
943	47    	0.189251	0.206834	-0.02      	0.811247
944	43    	0.2533  	0.212882	-0.0160001 	0.811396
945	46    	0.199734	0.225201	-0.0166667 	0.811396
946	45    	0.244695	0.217464	-0.0171429 	0.811396
947	47    	0.203166	0.220565	-0.0171428 	0.813756
948	45    	0.230408	0.193316	-0.0175    	0.811396
949	46    	0.206355	0.201108	-0.0171429 	0.811396
950	47    	0.255422	0.208337	-0.0175    	0.703946
951	47    	0.229329	0.249578	-0.0175    	0.705197
952	45    	0.289564	0.248619	-0.0171429 	0.812977
953	45    	0.305076	0.230798	-0.0171429 	0.812977
954	46    	0.316555	0.24385 	-0.0171428 	0.812977
955	47    	0.213217	0.256289	-0.02      	0.812977
956	47    	0.25275 	0.248876	-0.0175    	0.812977
957	44    	0.258996	0.261866	-0.0175    	0.813708
958	48    	0.25447 	0.258901	-0.0171429 	0.813756
959	47    	0.305675	0.240222	-0.0175    	0.813756
960	40    	0.32897 	0.290559	-0.0171428 	0.813756
961	46    	0.288014	0.294138	-0.02      	0.813756
962	47    	0.290357	0.280553	-0.0171428 	0.813756
963	44    	0.32512 	0.277664	-0.0166667 	0.81995 
964	47    	0.283386	0.22544 	-0.0175    	0.813756
965	49    	0.254796	0.245441	-0.0177778 	0.81995 
966	44    	0.302823	0.243525	-0.0175    	0.813756
967	45    	0.351664	0.248434	-0.0171429 	0.813756
968	44    	0.298872	0.272245	-0.02      	0.818806
969	45    	0.286977	0.218725	-0.0171415 	0.813756
970	42    	0.351009	0.266202	-0.0171429 	0.813756
971	44    	0.328651	0.281176	-0.0177778 	0.813756
972	46    	0.248005	0.224926	-0.02      	0.813756
973	46    	0.262478	0.246887	-0.0171428 	0.813756
974	47    	0.217771	0.211902	-0.0171429 	0.813756
975	46    	0.277566	0.226332	-0.0175    	0.81995 
976	47    	0.283064	0.227474	-0.02      	0.81995 
977	43    	0.282552	0.23013 	-0.02      	0.81995 
978	44    	0.323885	0.212172	-0.0175    	0.81995 
979	41    	0.323804	0.25048 	-0.0175001 	0.81995 
980	47    	0.321144	0.215313	-0.0177778 	0.805829
981	48    	0.340869	0.232473	-0.0171428 	0.805829
982	46    	0.320311	0.237645	-0.0175    	0.80679 
983	45    	0.344101	0.250884	-0.02      	0.753311
984	48    	0.327792	0.221264	-0.0171428 	0.811396
985	45    	0.316321	0.243475	-0.02      	0.813756
986	45    	0.323225	0.257497	-0.02      	0.813756
987	46    	0.326577	0.265488	-0.0171429 	0.819969
988	48    	0.275044	0.244577	-0.02      	0.813756
989	47    	0.284997	0.247854	-0.0166667 	0.819969
990	44    	0.318683	0.248779	-0.0166667 	0.819969
991	48    	0.348514	0.263427	-0.0199999 	0.819969
992	46    	0.31392 	0.250999	-0.02      	0.819969
993	46    	0.306497	0.244636	-0.0171429 	0.819969
994	43    	0.320225	0.249222	-0.02      	0.819969
995	44    	0.30909 	0.254537	-0.0175    	0.819969
996	47    	0.338576	0.235675	-0.02      	0.811396
997	47    	0.249134	0.225037	-0.017143  	0.811396
998	49    	0.265233	0.216935	-0.0171429 	0.812825
999	46    	0.319211	0.222667	-0.02      	0.812825
1000	44    	0.352274	0.237152	-0.02      	0.811396
