Argument values: path=C:\Users\1625203\Downloads\Framsticks50rc22\Framsticks50rc22, lib=None, sim=eval-allcriteria.sim;deterministic.sim;sample-period-2.sim;f9-mut-010.sim, genformat=None, initialgenotype=/*9*/BLU, opt=vertpos, popsize=50, generations=1000, tournament=10, pmut=0.9, pxov=0.2, hof_size=1, hof_savefile=None, max_numparts=30, max_numjoints=None, max_numneurons=None, max_numconnections=None, max_numgenochars=50
Using Framsticks version: 5.0rc22
Home (writable) dir     : C:\Users\1625203\Downloads\Framsticks50rc22\Framsticks50rc22\data
Resources dir           : C:\Users\1625203\Downloads\Framsticks50rc22\Framsticks50rc22\data

Available objects: ['CheckpointEvent', 'Collision', 'CrCollision', 'Creature', 'CreatureSettings', 'CreatureSignals', 'CreatureSnapshot', 'Dictionary', 'ExpProperties', 'ExpState', 'ExtValue', 'File', 'FunctionReference', 'GenMan', 'GenManStats', 'GenePool', 'GenePools', 'Geno', 'Genotype', 'Interface', 'Joint', 'Loader', 'Math', 'MechJoint', 'MechPart', 'MessageCatcher', 'Model', 'ModelGeometry', 'ModelSymmetry', 'Neuro', 'NeuroClass', 'NeuroClassLibrary', 'NeuroDef', 'NeuroSignals', 'NeuronsSimEnabled', 'ODE', 'Orient', 'Part', 'Population', 'Populations', 'Ref', 'Signal', 'SignalView', 'SimilMeasure', 'SimilMeasureDistribution', 'SimilMeasureGreedy', 'SimilMeasureHungarian', 'Simulator', 'SlaveSimulators', 'StopEvent', 'String', 'UserScripts', 'Vector', 'WireframeAppearance', 'World', 'WorldMap', 'WorldSignals', 'XYZ', '__builtins__', '__cached__', '__doc__', '__file__', '__loader__', '__name__', '__package__', '__spec__', 'c_api', 'ctypes', 'home_dir', 'init', 'os', 're', 'res_dir', 'sim_params', 'stats', 'sys']

Performing a basic test 1/2... OK.
Performing a basic test 2/2... OK.
Using settings: ['eval-allcriteria.sim', 'deterministic.sim', 'sample-period-2.sim', 'f9-mut-010.sim']
gen	nevals	avg     	stddev	min     	max     
0  	50    	0.218369	0     	0.218369	0.218369
1  	46    	0.0798577	0.118473	-0.0160001	0.356517
2  	48    	0.150343 	0.172841	-0.02     	0.812825
3  	46    	0.207    	0.217917	-0.0166667	0.812825
4  	48    	0.226928 	0.187428	-0.0166667	0.643469
5  	43    	0.33313  	0.195686	-0.0177778	0.643469
6  	47    	0.354741 	0.212966	-0.0175   	0.756778
7  	49    	0.255929 	0.212297	-0.02     	0.775823
8  	47    	0.388212 	0.199851	-0.02     	0.702675
9  	46    	0.357027 	0.210801	-0.0160001	0.728511
10 	46    	0.386267 	0.230751	-0.0175001	0.804601
11 	46    	0.355409 	0.240384	-0.02     	0.831692
12 	48    	0.301528 	0.234965	-0.02     	0.835026
13 	46    	0.410532 	0.224064	0.086519  	0.831692
14 	43    	0.436841 	0.265667	-0.0200001	0.838461
15 	45    	0.357207 	0.277709	-0.0183333	0.768106
16 	46    	0.329194 	0.260043	-0.0200001	0.827262
17 	45    	0.361038 	0.289281	-0.02     	0.827344
18 	47    	0.349952 	0.256747	-0.0166667	0.819395
19 	47    	0.389168 	0.270436	-0.0175   	0.899718
20 	43    	0.451327 	0.29889 	-0.0171429	0.899718
21 	48    	0.33015  	0.280424	-0.0171428	0.899718
22 	46    	0.321912 	0.273178	-0.0180001	0.839747
23 	48    	0.340375 	0.257279	-0.016    	0.827345
24 	42    	0.414993 	0.234556	-0.0166667	0.827345
25 	48    	0.393692 	0.237514	-0.0171428	0.839845
26 	46    	0.397397 	0.239024	0.0607822 	0.839845
27 	49    	0.412801 	0.21651 	-0.015    	0.839845
28 	42    	0.453681 	0.225149	0.0843943 	0.839845
29 	44    	0.399621 	0.231166	0.0660328 	0.839845
30 	47    	0.416146 	0.250686	-0.0166666	0.839845
31 	48    	0.443925 	0.237881	-0.016    	0.756082
32 	46    	0.440395 	0.225883	-0.0166666	0.853489
33 	47    	0.397216 	0.242606	-0.02     	0.949919
34 	48    	0.400337 	0.223516	0.0758262 	0.849768
35 	42    	0.434589 	0.238402	0.0751723 	0.902849
36 	44    	0.436363 	0.242139	-0.0133334	0.879935
37 	46    	0.389996 	0.249306	-0.02     	0.875509
38 	48    	0.409093 	0.243847	-0.02     	0.853489
39 	48    	0.395268 	0.201758	0.0824821 	0.800248
40 	47    	0.398552 	0.241   	-0.015    	0.868448
41 	47    	0.38385  	0.229353	0.0362009 	0.868448
42 	46    	0.401324 	0.269659	-0.0171428	0.865935
43 	48    	0.337791 	0.255843	-0.0177778	0.898977
44 	43    	0.395679 	0.243075	-0.0177778	0.898977
45 	41    	0.431816 	0.270159	0.0703914 	0.898977
46 	46    	0.370178 	0.250771	0.0737615 	0.898977
47 	47    	0.401057 	0.251353	0.0865755 	0.902695
48 	45    	0.463763 	0.279679	-0.0133333	0.902695
49 	47    	0.396147 	0.287449	-0.02     	0.902727
50 	47    	0.380899 	0.261368	-0.0181818	0.902695
51 	47    	0.417786 	0.261424	-0.0150001	0.8613  
52 	49    	0.368745 	0.243596	-0.0166667	0.800173
53 	48    	0.413637 	0.245506	-0.02     	0.860096
54 	47    	0.467804 	0.260263	-0.0166638	1.02346 
55 	48    	0.405818 	0.264186	0.10493   	1.12308 
56 	46    	0.439863 	0.290592	-0.0150002	1.12308 
57 	45    	0.380317 	0.309334	-0.0159977	1.12308 
58 	45    	0.346088 	0.254664	0.10825   	1.12308 
59 	47    	0.393311 	0.285257	-0.0171429	1.12308 
60 	47    	0.357859 	0.236169	-0.0171428	0.899094
61 	47    	0.450546 	0.259804	-0.0166667	0.938296
62 	48    	0.462734 	0.248269	-0.016    	0.865196
63 	47    	0.439429 	0.248507	-0.0171429	1.04901 
64 	44    	0.439068 	0.265619	-0.015    	1.04901 
65 	47    	0.411823 	0.283499	-0.016    	1.04901 
66 	46    	0.411194 	0.282709	-0.0171429	1.04901 
67 	46    	0.428279 	0.292176	-0.0166667	0.971672
68 	42    	0.460623 	0.305388	-0.015    	0.979695
69 	46    	0.454505 	0.270562	0.119787  	0.979695
70 	48    	0.415047 	0.265219	-0.015    	0.979695
71 	47    	0.412851 	0.271016	-0.0133333	1.11157 
72 	47    	0.432031 	0.250959	0.139658  	1.02346 
73 	43    	0.452087 	0.271574	-0.0175   	1.02346 
74 	50    	0.348451 	0.230491	-0.0166666	0.97416 
75 	44    	0.497314 	0.26026 	-0.016    	0.97416 
76 	46    	0.470461 	0.278031	-0.02     	0.97416 
77 	48    	0.416267 	0.263399	-0.02     	1.04764 
78 	44    	0.382782 	0.288525	-0.016    	1.04764 
79 	47    	0.400877 	0.277225	0.070241  	1.04764 
80 	50    	0.347634 	0.230937	-0.016    	0.98689 
81 	47    	0.415566 	0.239656	0.115118  	0.870873
82 	46    	0.418384 	0.241448	-0.0166667	0.858012
83 	48    	0.436922 	0.258851	-0.0166667	0.930519
84 	49    	0.411618 	0.304762	-1        	0.905067
85 	44    	0.389443 	0.234267	-0.0150002	0.905067
86 	44    	0.44032  	0.261358	-0.0166666	0.905067
87 	46    	0.426703 	0.281806	-0.0166667	0.905067
88 	46    	0.452867 	0.276194	0.0561794 	0.914751
89 	48    	0.428975 	0.26579 	0.0622459 	0.906361
90 	47    	0.388083 	0.265165	-0.02     	0.981066
91 	45    	0.398602 	0.257437	-0.016    	0.996353
92 	47    	0.367029 	0.311031	-1        	1.03622 
93 	47    	0.434422 	0.289671	-0.016    	1.1396  
94 	47    	0.408531 	0.249475	0.126091  	1.02792 
95 	49    	0.321309 	0.248218	-1        	0.754148
96 	47    	0.308661 	0.377701	-1        	0.932558
97 	48    	0.297523 	0.390905	-1        	0.940982
98 	47    	0.347919 	0.362342	-1        	1.09974 
99 	45    	0.40428  	0.335285	-1        	1.09974 
100	46    	0.403205 	0.233389	0.115409  	1.09974 
101	44    	0.397334 	0.238949	-0.0149998	0.961653
102	47    	0.274024 	0.338972	-1        	0.93417 
103	49    	0.33709  	0.171993	0.123858  	0.897597
104	45    	0.317837 	0.244853	-1        	0.897597
105	46    	0.291659 	0.306873	-1        	0.86376 
106	45    	0.401072 	0.180334	0.11781   	0.909307
107	46    	0.368207 	0.311266	-1        	0.909307
108	47    	0.367243 	0.304871	-1        	1.0158  
109	44    	0.378816 	0.305771	-1        	1.0158  
110	46    	0.327149 	0.287219	-1        	0.909307
111	46    	0.353408 	0.351151	-1        	0.909307
112	48    	0.296176 	0.33146 	-1        	0.909307
113	49    	0.283599 	0.313894	-1        	0.868024
114	47    	0.36344  	0.270441	-1        	0.955552
115	48    	0.317437 	0.324852	-1        	0.833665
116	36    	0.369015 	0.344277	-1        	0.833665
117	47    	0.355236 	0.348965	-1        	0.91988 
118	48    	0.444736 	0.188339	0.178567  	0.819369
119	47    	0.42354  	0.304749	-1        	0.899826
120	44    	0.317383 	0.398054	-1        	0.899826
121	45    	0.43658  	0.292835	-1        	0.922883
122	46    	0.422006 	0.351972	-1        	0.905846
123	48    	0.391501 	0.173781	0.0843488 	0.849431
124	47    	0.386582 	0.257446	-1        	0.799428
125	46    	0.41195  	0.190834	0.126606  	0.854915
126	45    	0.371846 	0.301619	-1        	0.863819
127	42    	0.437328 	0.224589	0.137144  	0.863819
128	43    	0.361981 	0.317268	-1        	0.863819
129	45    	0.374295 	0.205727	-0.02     	0.854915
130	44    	0.372557 	0.199665	0.105279  	0.854915
131	44    	0.360509 	0.283269	-1        	0.854915
132	44    	0.397904 	0.284531	-1        	0.854915
133	47    	0.391448 	0.26539 	-1        	0.854915
134	45    	0.380285 	0.263932	-1        	0.788932
135	44    	0.3795   	0.28686 	-1        	0.821561
136	49    	0.375383 	0.350922	-1        	0.808176
137	47    	0.383812 	0.234921	0.049177  	0.808176
138	48    	0.352686 	0.271396	-1        	0.981562
139	44    	0.30717  	0.477711	-1        	0.981562
140	47    	0.352779 	0.331557	-1        	0.981562
141	49    	0.377844 	0.146874	0.169706  	0.777452
142	45    	0.353214 	0.314051	-1        	0.765724
143	46    	0.389574 	0.273315	-1        	0.90028 
144	48    	0.347255 	0.248066	-1        	0.774857
145	43    	0.486283 	0.174784	0.111749  	0.802099
146	46    	0.469181 	0.285395	-1        	0.936334
147	44    	0.456923 	0.258095	-0.0133333	0.936334
148	48    	0.382529 	0.303527	-1        	0.987616
149	47    	0.340912 	0.320001	-1        	0.987616
150	43    	0.460264 	0.248811	-0.0184615	0.987616
151	43    	0.413757 	0.320381	-1        	1.02169 
152	46    	0.390315 	0.435115	-1        	1.02169 
153	46    	0.370729 	0.367221	-1        	1.02169 
154	46    	0.501749 	0.231407	0.139046  	1.02169 
155	44    	0.447926 	0.328989	-1        	0.918279
156	48    	0.445157 	0.212878	0.108763  	0.918279
157	48    	0.338082 	0.389388	-1        	0.831117
158	46    	0.423117 	0.187315	0.0626801 	0.775308
159	42    	0.450316 	0.349192	-1        	0.831181
160	46    	0.469618 	0.216168	0.137927  	1.05027 
161	45    	0.448263 	0.205542	0.191517  	1.05027 
162	48    	0.433083 	0.174591	0.194581  	0.911295
163	46    	0.318963 	0.379109	-1        	0.833422
164	47    	0.338487 	0.266175	-1        	0.8729  
165	47    	0.344214 	0.343845	-1        	0.8729  
166	47    	0.412054 	0.193713	-0.016    	0.878841
167	45    	0.28917  	0.474866	-1        	0.878841
168	47    	0.354121 	0.335818	-1        	0.88084 
169	48    	0.349682 	0.246574	-1        	0.88084 
170	45    	0.380725 	0.328254	-1        	0.88084 
171	42    	0.303892 	0.466425	-1        	0.769079
172	49    	0.299702 	0.37011 	-1        	0.752972
173	47    	0.361375 	0.267712	-1        	0.813708
174	48    	0.326067 	0.173681	-0.0166667	0.724073
175	45    	0.362889 	0.250407	-1        	0.724073
176	48    	0.395443 	0.189255	-0.016    	0.92102 
177	40    	0.424233 	0.231359	-0.0175   	0.92102 
178	49    	0.380094 	0.208313	0.0638436 	0.89868 
179	48    	0.420351 	0.21118 	0.131789  	0.970938
180	43    	0.443246 	0.2585  	-0.02     	0.9788  
181	46    	0.38756  	0.26075 	-0.016    	0.970938
182	46    	0.51282  	0.262051	0.159943  	0.976794
183	44    	0.427433 	0.287846	-0.0175   	0.970938
184	47    	0.432447 	0.244456	-0.0171428	0.920304
185	46    	0.401038 	0.227591	0.0892426 	0.970938
186	45    	0.431417 	0.242768	-0.0171429	1.04176 
187	44    	0.396825 	0.240757	-0.0160001	1.04176 
188	47    	0.378123 	0.257441	0.0763278 	1.04176 
189	46    	0.419531 	0.241638	0.104316  	1.04176 
190	48    	0.431254 	0.239127	-0.016    	0.936856
191	46    	0.465158 	0.258183	0.103765  	1.04096 
192	48    	0.393413 	0.280024	-0.0166667	1.04096 
193	46    	0.458722 	0.274502	-0.0149999	1.04096 
194	46    	0.397011 	0.279288	-0.0160001	0.911919
195	48    	0.469417 	0.242262	0.0747552 	0.911919
196	47    	0.400581 	0.22995 	-0.016    	0.880465
197	49    	0.400679 	0.227871	-0.0166667	0.880465
198	46    	0.408403 	0.236691	-0.0150002	0.880465
199	46    	0.398726 	0.271825	-0.02     	0.880465
200	47    	0.389721 	0.246352	-0.015    	0.920344
201	45    	0.433113 	0.242672	0.0540852 	0.920344
202	50    	0.362745 	0.20522 	0.122501  	0.893759
203	40    	0.464965 	0.261609	0.0916828 	0.924191
204	45    	0.396226 	0.252315	-0.0166667	0.924191
205	45    	0.416786 	0.26176 	-0.01     	1.01562 
206	47    	0.429945 	0.245671	0.0441852 	1.01562 
207	47    	0.40051  	0.226777	0.120973  	1.01562 
208	47    	0.344752 	0.183391	-0.0174974	0.917899
209	46    	0.38224  	0.190996	0.0596708 	0.917899
210	49    	0.313379 	0.179884	-0.0166666	0.829472
211	47    	0.408916 	0.223372	0.0710828 	0.839415
212	49    	0.353495 	0.195026	-0.02     	0.82818 
213	47    	0.408566 	0.188482	-0.02     	0.931927
214	45    	0.425741 	0.214335	-0.0175   	0.923354
215	46    	0.384816 	0.242279	-0.0150001	0.923354
216	45    	0.496508 	0.240976	-0.0150003	0.923354
217	47    	0.351223 	0.182919	-0.0166666	0.841885
218	49    	0.420086 	0.204877	0.0531557 	0.841885
219	46    	0.443914 	0.228505	0.124898  	0.887013
220	47    	0.408223 	0.214784	-0.016    	0.908282
221	45    	0.426858 	0.23106 	0.0935806 	0.908282
222	48    	0.400271 	0.227653	0.0444027 	0.885076
223	44    	0.40095  	0.217807	0.0353243 	0.902844
224	44    	0.41214  	0.223599	0.112377  	0.902844
225	47    	0.407138 	0.226997	0.113543  	0.906807
226	43    	0.433609 	0.230763	0.153764  	0.906807
227	46    	0.414371 	0.23532 	-0.0171428	0.917351
228	43    	0.441359 	0.235701	-0.02     	0.906807
229	48    	0.44665  	0.201789	0.163478  	0.83408 
230	41    	0.447155 	0.232108	0.111619  	0.83408 
231	48    	0.369312 	0.19329 	-0.02     	0.83408 
232	49    	0.400543 	0.19957 	-0.02     	0.9042  
233	45    	0.42855  	0.202249	-0.0160001	0.9042  
234	48    	0.357022 	0.184786	-0.016    	0.9042  
235	44    	0.351857 	0.182615	-0.0160001	0.9042  
236	45    	0.40895  	0.191536	0.0856638 	0.9042  
237	44    	0.413698 	0.181059	0.0749206 	0.885131
238	43    	0.451498 	0.207278	0.192504  	0.90786 
239	45    	0.424353 	0.24561 	-0.015    	0.972009
240	47    	0.385682 	0.207025	0.127624  	0.915582
241	47    	0.337709 	0.181967	0.128828  	0.907562
242	40    	0.427589 	0.196422	0.115049  	0.907562
243	45    	0.430686 	0.236731	0.129569  	0.907562
244	43    	0.471277 	0.244706	0.138473  	0.907562
245	46    	0.45633  	0.223627	-0.02     	0.907562
246	43    	0.480828 	0.268568	-0.0177768	0.907562
247	49    	0.409774 	0.2378  	0.0995322 	0.907562
248	44    	0.415193 	0.239907	0.116718  	0.907562
249	47    	0.448834 	0.238191	0.123602  	1.00742 
250	46    	0.426657 	0.234785	0.0995929 	1.01282 
251	44    	0.411486 	0.233971	-0.0160002	1.01282 
252	47    	0.39762  	0.236369	-0.0177777	1.01282 
253	48    	0.383004 	0.20332 	0.0936385 	0.901056
254	49    	0.37505  	0.218618	-0.0175   	0.991338
255	42    	0.436912 	0.21949 	0.066569  	0.991338
256	44    	0.385626 	0.239584	-0.02     	0.861937
257	46    	0.425019 	0.2246  	-0.01     	0.870304
258	44    	0.434806 	0.226322	-0.01     	0.945661
259	45    	0.437684 	0.241906	-0.015    	0.961954
260	48    	0.351038 	0.213325	-0.0171429	0.848173
261	44    	0.425701 	0.251585	-0.0177778	0.861603
262	48    	0.412551 	0.255303	0.0750263 	0.859004
263	47    	0.413227 	0.256045	-0.0166666	0.866204
264	47    	0.406065 	0.247984	0.0622372 	0.954583
265	43    	0.440243 	0.283944	-0.0175   	0.954583
266	45    	0.405445 	0.291516	-0.0171429	0.954583
267	44    	0.426881 	0.276775	-0.016    	0.954583
268	47    	0.356292 	0.243782	-0.0160002	0.8664  
269	48    	0.411012 	0.235187	-0.0177777	0.954583
270	47    	0.394992 	0.234117	-0.0150001	0.874262
271	46    	0.452422 	0.238498	0.0836119 	0.904218
272	47    	0.437776 	0.240354	0.085351  	0.947695
273	47    	0.378391 	0.244232	-0.0133334	0.86215 
274	46    	0.464766 	0.248416	0.0748842 	0.859261
275	41    	0.532496 	0.249097	0.118429  	0.869877
276	46    	0.455675 	0.252466	-0.0133332	0.869877
277	47    	0.42439  	0.269287	-0.0159999	0.871669
278	46    	0.444305 	0.276139	0.0749234 	0.871669
279	45    	0.484063 	0.265996	-0.016    	0.952241
280	47    	0.457857 	0.263491	-0.0166667	0.952241
281	46    	0.428403 	0.271163	-0.0133333	0.947968
282	45    	0.314888 	0.239451	-0.02     	0.86638 
283	44    	0.388729 	0.221222	-0.018    	0.86638 
284	47    	0.373582 	0.205723	0.0997838 	0.77045 
285	47    	0.370004 	0.217485	-0.016    	0.77045 
286	47    	0.41249  	0.216584	-0.0175002	0.946917
287	45    	0.410203 	0.247665	-0.016    	0.896408
288	49    	0.354135 	0.200006	-0.0174998	0.797182
289	46    	0.493853 	0.23149 	0.137198  	0.871509
290	44    	0.452937 	0.285451	-0.0166666	0.934299
291	49    	0.40286  	0.279027	-0.02     	0.948855
292	49    	0.395528 	0.239056	0.085151  	0.863845
293	46    	0.446135 	0.290784	-0.02     	0.947578
294	43    	0.477262 	0.304691	-0.016    	0.947578
295	44    	0.449897 	0.318095	-0.01     	0.947578
296	42    	0.463768 	0.332896	-0.0175   	0.947578
297	48    	0.420306 	0.295141	0.053298  	0.949881
298	43    	0.472177 	0.291884	0.0663007 	0.949881
299	42    	0.503611 	0.329687	-0.0160001	1.03617 
300	44    	0.47193  	0.333273	-0.0166667	1.03617 
301	45    	0.403708 	0.298374	0.0665754 	1.03617 
302	48    	0.405091 	0.30184 	-0.0200001	0.954567
303	45    	0.413146 	0.29696 	-0.0181818	0.983041
304	44    	0.44717  	0.299541	-0.0166667	0.983041
305	46    	0.400591 	0.306442	-0.0171428	0.983041
306	45    	0.413911 	0.296405	0.0581852 	0.954567
307	45    	0.41741  	0.31811 	-0.0150001	0.954567
308	50    	0.376666 	0.258073	-0.0175   	1.07041 
309	47    	0.420073 	0.272553	-0.015    	0.988027
310	47    	0.407418 	0.282106	-0.02     	0.917136
311	50    	0.438127 	0.278416	-0.0175   	0.954567
312	43    	0.444302 	0.269765	0.0492079 	0.954567
313	45    	0.508105 	0.292811	-0.01     	0.954567
314	46    	0.488724 	0.309361	-0.015    	0.954567
315	47    	0.465283 	0.29384 	-0.02     	0.954567
316	47    	0.384893 	0.261432	-0.016    	0.954567
317	47    	0.415555 	0.226936	0.0993046 	0.952543
318	49    	0.475549 	0.22927 	0.113779  	0.9358  
319	46    	0.512904 	0.253989	0.0533451 	0.989007
320	47    	0.424508 	0.258977	-0.0180001	0.918935
321	44    	0.518959 	0.254393	0.0665047 	0.869039
322	46    	0.420276 	0.271654	-0.0133338	0.947988
323	44    	0.518599 	0.28437 	0.13054   	0.971682
324	46    	0.458626 	0.273423	0.0744147 	0.982605
325	42    	0.513301 	0.267387	-0.01     	0.982605
326	48    	0.355579 	0.225093	-0.0177777	0.923417
327	46    	0.414752 	0.210604	0.0855427 	0.998873
328	46    	0.439231 	0.250977	-0.0166667	0.998873
329	44    	0.509049 	0.28154 	-0.0133333	1.00241 
330	47    	0.454333 	0.272578	-0.0181818	1.00426 
331	49    	0.409975 	0.213982	0.0941336 	0.998873
332	48    	0.406207 	0.241508	-0.0133334	1.00696 
333	48    	0.396384 	0.262233	0.116923  	1.02479 
334	46    	0.378959 	0.217682	-0.02     	0.872857
335	46    	0.382478 	0.234526	-0.02     	0.926646
336	47    	0.38627  	0.23518 	-0.0166652	0.927999
337	47    	0.35857  	0.215264	-0.0149998	0.926646
338	42    	0.439586 	0.257111	-0.0177777	0.926646
339	46    	0.372393 	0.252416	-0.02     	0.926646
340	46    	0.376866 	0.197533	0.0857014 	0.926646
341	47    	0.405942 	0.199527	-0.0177778	0.935031
342	45    	0.401415 	0.213027	0.0878242 	0.818121
343	48    	0.396679 	0.213164	-0.016    	0.872857
344	44    	0.392755 	0.21156 	-0.0181818	0.872857
345	45    	0.431964 	0.211325	0.147596  	0.845129
346	46    	0.369978 	0.226071	-0.02     	0.939254
347	45    	0.364985 	0.21015 	-0.015    	0.858924
348	44    	0.424698 	0.240597	-0.0166667	0.858924
349	46    	0.418322 	0.250404	-0.016    	0.858924
350	44    	0.438909 	0.253303	-0.0175   	0.858924
351	44    	0.409873 	0.265339	0.0668249 	0.858924
352	46    	0.328089 	0.23747 	-0.0175   	0.858924
353	48    	0.376192 	0.230353	-0.0171429	0.858924
354	47    	0.4629   	0.216236	0.0667871 	0.858924
355	48    	0.350934 	0.226136	-0.02     	0.913481
356	49    	0.392726 	0.194185	-0.0177778	0.949294
357	46    	0.416787 	0.200393	0.0789827 	0.949294
358	49    	0.388721 	0.198472	0.117222  	0.83689 
359	46    	0.387137 	0.233119	-0.02     	0.791334
360	45    	0.384861 	0.231511	-0.018    	0.773448
361	47    	0.40878  	0.237054	-0.0175   	0.779553
362	44    	0.394369 	0.240872	-0.02     	0.788502
363	47    	0.414443 	0.230252	-0.02     	0.773448
364	48    	0.357347 	0.218632	-0.0125509	0.787072
365	42    	0.42833  	0.2431  	-0.0171428	0.858571
366	47    	0.400951 	0.241214	-0.0133334	0.812772
367	47    	0.411476 	0.209771	-0.0166666	0.823221
368	48    	0.388079 	0.174641	0.119782  	0.881138
369	42    	0.396327 	0.205533	0.106951  	0.881138
370	46    	0.370656 	0.195653	0.0493864 	0.881138
371	46    	0.36346  	0.277197	-1        	0.881138
372	45    	0.437524 	0.208612	0.115204  	0.881138
373	45    	0.443267 	0.229397	0.0730526 	0.881138
374	48    	0.372547 	0.217933	-0.02     	0.881138
375	48    	0.387181 	0.208525	0.0396044 	0.909315
376	46    	0.396815 	0.171718	0.0533496 	0.909315
377	49    	0.367724 	0.17397 	-0.0133332	0.72092 
378	46    	0.409312 	0.186725	0.0881138 	0.722446
379	47    	0.400084 	0.187735	0.106113  	0.823755
380	46    	0.413603 	0.224577	-0.0166666	0.798024
381	48    	0.426298 	0.220751	-0.0171429	0.795095
382	41    	0.426452 	0.216542	-0.0171429	0.824493
383	46    	0.407913 	0.235674	-0.01     	0.824493
384	45    	0.357995 	0.22155 	0.0522231 	0.85405 
385	45    	0.371937 	0.238383	-0.0133333	0.85405 
386	46    	0.433901 	0.204867	-0.0171428	0.795095
387	48    	0.38738  	0.213444	-0.0175   	0.845384
388	45    	0.435768 	0.214627	-0.0127788	0.855441
389	43    	0.417632 	0.245732	-0.0133336	0.858136
390	45    	0.402014 	0.229312	0.0514437 	0.858136
391	47    	0.370766 	0.217448	-0.0150002	0.855146
392	45    	0.491371 	0.237613	-0.01     	0.966876
393	44    	0.531454 	0.259497	0.102631  	0.966876
394	46    	0.413539 	0.238787	0.0659768 	0.966876
395	48    	0.446128 	0.248973	-0.0177778	0.966876
396	49    	0.42354  	0.240776	-0.01     	0.902934
397	46    	0.455578 	0.240788	0.0636532 	0.907233
398	45    	0.436019 	0.250171	-0.0150002	0.907233
399	47    	0.452257 	0.225438	0.0664579 	0.891601
400	46    	0.432573 	0.228496	-0.01     	0.893985
401	44    	0.47793  	0.22768 	-0.01     	0.892863
402	48    	0.405638 	0.207395	-0.0166667	0.891601
403	45    	0.424154 	0.207596	0.185538  	0.851664
404	46    	0.460062 	0.206757	0.14588   	0.818817
405	46    	0.459921 	0.21182 	0.0996035 	0.857045
406	47    	0.492028 	0.220461	0.144949  	0.866008
407	46    	0.408162 	0.209687	0.122215  	0.854216
408	46    	0.413646 	0.202249	-0.0150001	0.849814
409	48    	0.381339 	0.188638	0.0739359 	0.783547
410	49    	0.405118 	0.183072	0.132412  	0.876392
411	47    	0.428586 	0.180045	0.112064  	0.937628
412	47    	0.382227 	0.266779	-1        	0.937628
413	45    	0.424263 	0.187596	0.0854878 	0.98617 
414	41    	0.501274 	0.307355	-1        	0.98617 
415	48    	0.457126 	0.296611	-1        	0.986034
416	48    	0.414094 	0.359498	-1        	1.04534 
417	50    	0.496764 	0.385004	-1        	1.0535  
418	47    	0.431454 	0.397603	-1        	1.04772 
419	43    	0.467254 	0.369835	-1        	1.05378 
420	47    	0.483597 	0.283462	0.0707262 	1.05378 
421	42    	0.619983 	0.283068	0.0743408 	1.04772 
422	47    	0.53682  	0.283121	0.162584  	1.04772 
423	48    	0.413853 	0.255134	0.0771241 	0.994797
424	49    	0.425432 	0.222522	0.14076   	0.9958  
425	47    	0.464097 	0.274024	-0.0149999	1.01715 
426	46    	0.472115 	0.25148 	0.0755878 	1.01715 
427	44    	0.477735 	0.338629	-1        	1.01715 
428	47    	0.46974  	0.351699	-1        	1.01715 
429	46    	0.434824 	0.250835	0.11717   	1.0046  
430	47    	0.405944 	0.214574	-0.0166592	0.9958  
431	47    	0.473138 	0.313434	-1        	0.988194
432	45    	0.500961 	0.270591	-0.0181818	1.02936 
433	45    	0.463549 	0.258627	0.0692607 	1.02936 
434	46    	0.429613 	0.241978	0.0711344 	1.02936 
435	42    	0.494666 	0.268326	0.0953501 	1.02936 
436	47    	0.407319 	0.246566	0.0742493 	1.02936 
437	44    	0.461575 	0.258229	0.166313  	1.09358 
438	46    	0.47378  	0.25497 	-0.02     	1.09358 
439	47    	0.437258 	0.254166	0.126726  	1.09358 
440	48    	0.381622 	0.236159	0.104147  	1.09358 
441	46    	0.361409 	0.296418	-1        	0.944248
442	47    	0.412276 	0.245093	-0.0133333	0.944248
443	48    	0.424715 	0.199849	0.193846  	0.884004
444	46    	0.438501 	0.230066	-0.0171428	0.96857 
445	48    	0.398844 	0.174648	0.115823  	0.884004
446	46    	0.414062 	0.210182	-0.01     	0.912901
447	45    	0.403455 	0.209347	0.104293  	0.851958
448	45    	0.371832 	0.245763	-0.0181818	0.851958
449	48    	0.42355  	0.210942	-0.0171428	0.865194
450	44    	0.496232 	0.219857	0.108966  	0.936111
451	44    	0.425431 	0.247898	-0.015    	0.865306
452	43    	0.425914 	0.243511	-0.016    	0.865306
453	45    	0.456935 	0.252364	0.0874816 	0.936111
454	40    	0.458187 	0.274396	0.0806619 	0.936111
455	49    	0.320418 	0.209751	-0.016    	0.936111
456	44    	0.447683 	0.252796	-0.0171428	0.936111
457	44    	0.395574 	0.248238	-0.0166667	0.936111
458	47    	0.381106 	0.234447	0.091472  	0.936111
459	48    	0.38531  	0.215391	0.0749011 	0.866881
460	48    	0.380925 	0.225203	0.0737488 	0.926147
461	48    	0.373295 	0.21741 	-0.0133333	0.850581
462	44    	0.441918 	0.253544	-0.0166666	0.927674
463	46    	0.375724 	0.241541	-0.0166666	0.927674
464	47    	0.420947 	0.231148	-0.015    	0.928303
465	45    	0.468868 	0.247644	-0.0133333	0.927674
466	46    	0.47286  	0.259428	0.0599742 	0.98066 
467	47    	0.458728 	0.241819	0.0805257 	0.98066 
468	48    	0.390909 	0.207536	0.0982879 	0.98066 
469	45    	0.436772 	0.266939	0.101176  	0.98066 
470	45    	0.402602 	0.280474	0.0786935 	0.98066 
471	44    	0.507235 	0.293657	0.0444091 	0.98066 
472	45    	0.442889 	0.282509	0.103168  	0.98066 
473	45    	0.44664  	0.302432	-0.016    	0.98066 
474	48    	0.460388 	0.265939	0.0758795 	0.98066 
475	48    	0.403212 	0.245551	0.132522  	0.965377
476	46    	0.376621 	0.261977	-0.0166667	0.965377
477	45    	0.474859 	0.255286	0.116514  	0.974692
478	47    	0.44707  	0.267957	-0.0171428	0.974692
479	46    	0.419595 	0.257423	0.126433  	0.965377
480	45    	0.414495 	0.250124	-0.0133332	0.927337
481	48    	0.387249 	0.251258	-0.0166667	0.927337
482	43    	0.495309 	0.264776	0.116716  	0.903508
483	44    	0.463312 	0.269961	0.0751476 	0.881082
484	44    	0.460598 	0.292916	0.0748526 	0.968835
485	46    	0.36789  	0.219412	0.073083  	0.888879
486	46    	0.438018 	0.239352	0.115583  	0.888879
487	41    	0.446884 	0.284015	-0.016    	0.916644
488	46    	0.403732 	0.244068	0.122903  	0.916644
489	46    	0.456931 	0.252165	0.075559  	0.920908
490	47    	0.432023 	0.244522	-0.0150001	0.969623
491	48    	0.369638 	0.232959	-0.0149999	0.99882 
492	47    	0.400207 	0.229729	0.116999  	0.99882 
493	44    	0.441192 	0.264979	-0.0133338	0.99882 
494	47    	0.350463 	0.237639	-0.02     	0.99882 
495	47    	0.410583 	0.245771	0.0754587 	0.929891
496	47    	0.458237 	0.233945	0.174317  	0.990235
497	46    	0.419467 	0.320984	-1        	0.990235
498	48    	0.410855 	0.246242	-0.0166594	0.990235
499	47    	0.374719 	0.238808	-0.01     	0.990235
500	42    	0.504375 	0.263455	-0.0177778	0.994658
501	49    	0.46169  	0.257183	0.139816  	0.979837
502	45    	0.510963 	0.270771	0.146541  	0.979837
503	46    	0.427231 	0.279247	-0.0179998	0.979837
504	47    	0.400443 	0.246779	-0.015    	0.916684
505	47    	0.376744 	0.222772	-0.0150003	0.982571
506	47    	0.37919  	0.222371	0.0945532 	0.898081
507	45    	0.43122  	0.229048	0.0708771 	0.894125
508	46    	0.465838 	0.233119	0.169725  	0.919917
509	45    	0.436941 	0.262676	-0.016    	0.966071
510	46    	0.402422 	0.232688	0.0710923 	0.966071
511	45    	0.423961 	0.255872	0.114795  	0.966071
512	47    	0.399836 	0.225235	0.0744864 	0.895827
513	44    	0.388447 	0.238446	-0.015    	0.895827
514	49    	0.358558 	0.239807	-0.02     	0.92254 
515	48    	0.393814 	0.219396	-0.0133333	0.920745
516	44    	0.462676 	0.234552	0.0987074 	0.920745
517	44    	0.425843 	0.257234	0.06385   	1.00603 
518	45    	0.42112  	0.262653	0.0463347 	1.01671 
519	46    	0.39624  	0.237812	-0.0133333	0.920745
520	48    	0.368452 	0.210383	-0.0166652	0.920745
521	46    	0.388796 	0.195997	0.0354389 	0.784108
522	46    	0.400287 	0.225814	0.137167  	0.862205
523	46    	0.399526 	0.22869 	-0.01     	0.829344
524	43    	0.40741  	0.208813	0.0483815 	0.784232
525	46    	0.421823 	0.217018	-0.0159977	0.865998
526	47    	0.460069 	0.232414	-0.0159999	0.857817
527	48    	0.392019 	0.239263	-0.0133332	0.865647
528	48    	0.39487  	0.238851	-0.0159966	0.868783
529	49    	0.425917 	0.235122	0.0583804 	0.865647
530	45    	0.442636 	0.272017	-0.0149999	0.866369
531	48    	0.441819 	0.240631	0.140271  	0.866369
532	48    	0.411055 	0.231163	0.0866377 	0.866369
533	47    	0.389865 	0.262039	-0.016    	0.865415
534	48    	0.409741 	0.255678	-0.0175   	0.865883
535	47    	0.394105 	0.234153	-0.0166594	0.861719
536	49    	0.271163 	0.1777  	-0.0171429	0.743606
537	45    	0.349949 	0.195943	-0.0160001	0.743606
538	47    	0.333967 	0.206794	-0.02     	0.865515
539	48    	0.291643 	0.237647	-0.0171429	0.763528
540	41    	0.41813  	0.246624	-0.0175   	0.718693
541	45    	0.396228 	0.198003	-0.01     	0.718693
542	46    	0.34921  	0.261616	-0.02     	0.819334
543	44    	0.353855 	0.233479	-0.0171429	0.819334
544	45    	0.369091 	0.244981	-0.0166666	0.819334
545	46    	0.321569 	0.249754	-0.0171429	0.819334
546	44    	0.334029 	0.259577	-0.0166667	0.819334
547	43    	0.383674 	0.258413	-0.0166666	0.819334
548	46    	0.350173 	0.275317	-0.02     	0.819403
549	48    	0.380002 	0.281863	-0.02     	0.819334
550	43    	0.4095   	0.26686 	-0.0166666	0.819334
551	45    	0.367816 	0.256734	-0.0166666	0.819334
552	44    	0.332225 	0.27512 	-0.0171428	0.819334
553	47    	0.355195 	0.245878	-0.0175001	0.819334
554	48    	0.320176 	0.259166	-0.0177777	0.813708
555	48    	0.33646  	0.24259 	-0.0171429	0.819334
556	46    	0.350107 	0.229806	-0.0133337	0.819334
557	49    	0.310486 	0.22585 	-0.0171428	0.811247
558	46    	0.337595 	0.230714	-0.0166666	0.812308
559	45    	0.308097 	0.233637	-0.02     	0.812308
560	46    	0.36245  	0.269907	-0.0171429	0.812977
561	45    	0.310302 	0.300595	-0.0171428	0.819317
562	49    	0.20231  	0.230154	-0.0177779	0.819317
563	46    	0.332618 	0.278615	-0.02     	0.819317
564	47    	0.318888 	0.231552	-0.0166667	0.819317
565	47    	0.316132 	0.248721	-0.0171429	0.819317
566	45    	0.334998 	0.271485	-0.02     	0.819317
567	46    	0.341056 	0.266863	-0.0199999	0.819317
568	45    	0.329374 	0.261002	-0.0166667	0.812977
569	47    	0.329984 	0.251781	-0.0166667	0.813708
570	47    	0.279896 	0.258491	-0.0175   	0.813708
571	48    	0.262175 	0.207202	-0.0166667	0.813708
572	48    	0.281652 	0.263592	-0.0171429	0.813708
573	43    	0.310791 	0.274911	-0.0171429	0.813708
574	49    	0.234045 	0.269672	-0.0171429	0.813708
575	48    	0.292667 	0.255497	-0.0166667	0.813756
576	48    	0.231999 	0.24089 	-0.0166667	0.811396
577	42    	0.333349 	0.269591	-0.0166667	0.811396
578	47    	0.16337  	0.211233	-0.0171429	0.813756
579	44    	0.22271  	0.187335	-0.0171429	0.813756
580	42    	0.332325 	0.234064	-0.02     	0.812977
581	44    	0.336941 	0.262453	-0.0166667	0.812977
582	45    	0.326691 	0.272259	-0.0166667	0.812977
583	46    	0.304562 	0.266712	-0.0166667	0.812977
584	45    	0.288572 	0.279004	-0.02     	0.812977
585	47    	0.227347 	0.238201	-0.0166667	0.812083
586	47    	0.306543 	0.217724	-0.0166667	0.705828
587	44    	0.351704 	0.210923	-0.0171429	0.705828
588	48    	0.328002 	0.242658	-0.0175001	0.813708
589	48    	0.268351 	0.232968	-0.0175   	0.705828
590	47    	0.339371 	0.22827 	-0.0166667	0.705828
591	46    	0.339643 	0.216308	-0.0175   	0.819317
592	49    	0.317938 	0.249812	-0.02     	0.705828
593	48    	0.327006 	0.217866	-0.02     	0.809777
594	45    	0.382906 	0.221545	-0.0133334	0.812083
595	45    	0.398716 	0.252489	-0.0171429	0.812308
596	44    	0.37114  	0.280491	-0.0175   	0.812825
597	45    	0.319303 	0.26398 	-0.02     	0.812308
598	49    	0.262236 	0.232604	-0.0166667	0.812083
599	48    	0.303746 	0.258735	-0.0166667	0.812308
600	48    	0.260252 	0.248953	-0.0166667	0.812308
601	46    	0.266221 	0.248109	-0.02     	0.812308
602	44    	0.307821 	0.25347 	-0.02     	0.829725
603	45    	0.328612 	0.271273	-0.02     	0.831707
604	48    	0.329235 	0.263203	-0.02     	0.833335
605	47    	0.367825 	0.256415	-0.0175   	0.833335
606	47    	0.301575 	0.262645	-0.02     	0.83504 
607	44    	0.332591 	0.276641	-0.02     	0.83504 
608	45    	0.391047 	0.248057	-0.0177778	0.837163
609	47    	0.283615 	0.240508	-0.0181818	0.83174 
610	44    	0.396941 	0.224615	-0.0171429	0.83504 
611	48    	0.2747   	0.210731	-0.02     	0.83174 
612	45    	0.320287 	0.216444	-0.0171428	0.83174 
613	44    	0.359845 	0.273007	-0.0228571	0.83174 
614	47    	0.353664 	0.287357	-0.0174999	0.838445
615	47    	0.36339  	0.291193	-0.02     	0.838445
616	44    	0.354312 	0.273671	-0.0177778	0.838445
617	41    	0.395794 	0.301644	-0.02     	0.838445
618	49    	0.269038 	0.250692	-0.0175   	0.838445
619	49    	0.307086 	0.241714	-0.02     	0.838445
620	45    	0.335344 	0.252163	-0.0177778	0.83174 
621	48    	0.393265 	0.270955	-0.0200001	0.818233
622	43    	0.388507 	0.259079	-0.0166667	0.818233
623	47    	0.410737 	0.229516	-0.0166667	0.817871
624	43    	0.410798 	0.243268	-0.0174999	0.82657 
625	46    	0.489747 	0.245213	-0.0133333	0.842528
626	43    	0.462917 	0.253499	-0.0175001	0.842528
627	48    	0.40591  	0.220543	0.0847088 	0.835026
628	46    	0.373256 	0.268166	-0.0200001	0.832435
629	47    	0.466404 	0.227416	0.0988937 	0.84016 
630	45    	0.473651 	0.257217	-0.02     	0.89138 
631	49    	0.487533 	0.266152	-0.0199999	1.04191 
632	47    	0.420679 	0.267177	0.0908987 	1.04191 
633	42    	0.460162 	0.281874	0.0723837 	1.04191 
634	43    	0.446796 	0.307531	-0.0181818	1.04191 
635	41    	0.552827 	0.321742	-0.0166667	1.04191 
636	44    	0.476275 	0.315906	-0.0166667	1.04191 
637	44    	0.498092 	0.325081	-0.015    	1.04191 
638	47    	0.435409 	0.31242 	0.12582   	1.04191 
639	43    	0.46812  	0.311879	0.117379  	1.04191 
640	44    	0.591236 	0.333245	-0.0166667	1.04191 
641	43    	0.556464 	0.343641	-0.0133333	1.04191 
642	49    	0.434756 	0.283504	-0.0175   	0.94892 
643	46    	0.478717 	0.288817	0.0962288 	0.94908 
644	46    	0.422087 	0.288917	-0.018    	0.94892 
645	46    	0.486804 	0.252311	0.13246   	0.947246
646	45    	0.425943 	0.259773	-0.0160001	0.947246
647	47    	0.462308 	0.264401	0.0557245 	0.954124
648	46    	0.493313 	0.259425	-0.0171429	0.954124
649	42    	0.501362 	0.291865	0.108963  	0.954124
650	44    	0.466115 	0.296125	0.0749389 	0.954124
651	46    	0.439202 	0.277722	0.100332  	0.954124
652	47    	0.41587  	0.270807	-0.0150001	0.954124
653	46    	0.445152 	0.258255	0.0936385 	0.977615
654	49    	0.43508  	0.276097	0.0383073 	0.989779
655	44    	0.47572  	0.280851	-0.01     	0.913412
656	44    	0.428895 	0.268505	-0.016    	0.908659
657	46    	0.408994 	0.280756	-0.0171428	0.909997
658	46    	0.433204 	0.265961	-0.01     	0.909997
659	45    	0.427222 	0.24195 	0.116443  	0.907012
660	46    	0.386744 	0.248068	-0.02     	0.906861
661	48    	0.422696 	0.247772	-0.0159977	0.909997
662	46    	0.456092 	0.233973	0.0574004 	0.909997
663	46    	0.492202 	0.243393	0.0894617 	0.982026
664	47    	0.452298 	0.256798	-0.015    	0.982026
665	42    	0.457503 	0.281573	-0.0133333	0.982026
666	46    	0.466377 	0.284929	-0.018    	0.982026
667	47    	0.459256 	0.317867	-0.0166667	0.982026
668	47    	0.338645 	0.272839	-0.0177778	0.989779
669	47    	0.374541 	0.252497	0.0756987 	0.989779
670	46    	0.412348 	0.26299 	0.0749886 	0.989779
671	47    	0.415307 	0.270154	0.113712  	0.989779
672	45    	0.383056 	0.262785	0.134699  	0.989779
673	48    	0.430327 	0.279496	0.0746186 	0.989779
674	45    	0.515066 	0.273075	0.110974  	0.989779
675	45    	0.421081 	0.275738	0.0516588 	0.989779
676	47    	0.389287 	0.28756 	-0.02     	0.97593 
677	46    	0.45093  	0.272209	0.0595846 	0.977089
678	48    	0.374418 	0.236236	0.0587714 	0.888779
679	47    	0.43189  	0.219712	-0.0171428	0.767596
680	46    	0.438    	0.212112	-0.0175   	0.767596
681	50    	0.43523  	0.183093	0.157034  	0.765252
682	45    	0.45863  	0.183302	0.0667667 	0.826911
683	43    	0.494159 	0.20402 	0.174026  	0.83324 
684	45    	0.473151 	0.236399	-0.0175001	0.908345
685	46    	0.394434 	0.217282	-0.015    	0.775404
686	45    	0.422434 	0.194901	-0.0171429	0.775755
687	45    	0.452043 	0.23773 	-0.016    	0.898117
688	47    	0.416988 	0.289777	-1        	0.775404
689	46    	0.414883 	0.215271	-0.016    	0.766477
690	48    	0.450819 	0.194211	0.094642  	0.752074
691	48    	0.36405  	0.203083	-0.016    	0.76306 
692	46    	0.46464  	0.188199	-0.0171429	0.76306 
693	46    	0.516967 	0.175101	0.100998  	0.76829 
694	46    	0.457494 	0.220247	0.117817  	0.873571
695	47    	0.427558 	0.228428	-0.0133333	0.789999
696	44    	0.477177 	0.210375	0.105429  	0.789999
697	46    	0.459997 	0.210914	0.167731  	0.974045
698	46    	0.417148 	0.24942 	-0.0166667	0.974045
699	48    	0.477081 	0.267415	-0.0175   	0.992661
700	45    	0.43765  	0.262617	-0.0160001	0.8951  
701	47    	0.468508 	0.227436	0.15303   	0.9059  
702	46    	0.431164 	0.20999 	0.097957  	0.9059  
703	46    	0.440567 	0.295454	-1        	0.932167
704	42    	0.534931 	0.263187	-0.0150001	0.985164
705	46    	0.447584 	0.261867	-0.0171411	0.932167
706	47    	0.461184 	0.241158	0.109953  	0.981728
707	41    	0.529939 	0.278133	0.123006  	0.996041
708	46    	0.527242 	0.24409 	0.145096  	0.996041
709	44    	0.515579 	0.259223	0.146685  	0.996041
710	47    	0.428754 	0.239861	-0.02     	0.996041
711	45    	0.465279 	0.274418	-0.015    	0.998337
712	44    	0.494887 	0.289197	-0.016    	0.998337
713	46    	0.544462 	0.272817	-0.0175   	0.998337
714	48    	0.403317 	0.242946	0.107557  	0.971221
715	47    	0.493453 	0.230809	0.13071   	0.937916
716	46    	0.524193 	0.220027	0.184077  	0.968184
717	46    	0.441112 	0.279122	-0.0171429	0.968184
718	42    	0.471015 	0.294434	-0.0166638	0.968184
719	47    	0.452202 	0.254457	0.176773  	0.968184
720	46    	0.347157 	0.367346	-1        	0.968184
721	43    	0.483191 	0.265968	0.0986933 	0.99686 
722	47    	0.419947 	0.295019	-0.0171428	0.983857
723	45    	0.521056 	0.325356	0.0856947 	1.1242  
724	46    	0.473341 	0.33022 	-0.0171429	1.1242  
725	49    	0.419519 	0.320916	-0.0183334	1.12494 
726	46    	0.476061 	0.301043	0.0752748 	1.12494 
727	45    	0.435858 	0.299496	-0.016    	1.12494 
728	47    	0.457778 	0.271438	-0.02     	0.922827
729	46    	0.507253 	0.275882	-0.015    	0.987094
730	45    	0.52545  	0.285836	0.083581  	1.11392 
731	43    	0.397186 	0.292288	-0.015    	1.11392 
732	46    	0.442182 	0.300267	-0.0166666	1.0469  
733	43    	0.524048 	0.298334	0.0843577 	1.0469  
734	48    	0.421015 	0.279709	0.116536  	1.12274 
735	48    	0.41754  	0.271131	-0.0171428	1.12274 
736	45    	0.401594 	0.257982	0.105996  	1.03355 
737	48    	0.413981 	0.223201	-0.0166667	0.98014 
738	49    	0.381645 	0.187903	0.117014  	0.795266
739	50    	0.385466 	0.204751	-0.0133333	0.798398
740	42    	0.495318 	0.226172	0.114748  	0.850934
741	46    	0.532106 	0.212561	0.171007  	0.864014
742	46    	0.420088 	0.25397 	-0.0171428	0.986228
743	46    	0.419313 	0.244031	-0.0166667	0.986228
744	45    	0.492092 	0.259521	-0.0175   	0.986228
745	47    	0.522877 	0.247328	0.127885  	0.90908 
746	47    	0.455676 	0.264022	-0.016    	0.975035
747	47    	0.45282  	0.267662	-0.0171429	0.8787  
748	45    	0.490808 	0.284575	-0.0166667	0.910606
749	49    	0.415328 	0.282433	-0.0175   	1.06094 
750	46    	0.446418 	0.270196	0.0903896 	0.990468
751	46    	0.499737 	0.279867	0.106262  	0.990468
752	46    	0.419439 	0.268906	-0.0175   	0.97064 
753	44    	0.446088 	0.27764 	0.0645522 	0.962377
754	47    	0.488167 	0.25599 	-0.016    	0.962377
755	47    	0.300464 	0.245719	-0.0175   	0.962377
756	49    	0.330774 	0.211388	-0.016    	0.827711
757	47    	0.444928 	0.221711	0.0886793 	0.827496
758	49    	0.384748 	0.227031	0.0648291 	0.901475
759	48    	0.464915 	0.251406	-0.0177778	0.829793
760	44    	0.449946 	0.290101	-0.0133333	0.903075
761	48    	0.429369 	0.276154	0.106923  	0.995019
762	46    	0.412375 	0.290031	-0.0160001	0.901442
763	45    	0.457082 	0.268631	0.114648  	0.897586
764	48    	0.476589 	0.245813	-0.0133333	0.891803
765	47    	0.474373 	0.274287	-0.02     	0.907713
766	47    	0.434242 	0.253554	0.095902  	0.966464
767	47    	0.376417 	0.254188	-0.015    	0.907713
768	43    	0.412773 	0.218805	-0.0175   	0.907713
769	48    	0.358505 	0.199699	0.063673  	0.857263
770	48    	0.379416 	0.18583 	0.112578  	0.857263
771	46    	0.375626 	0.205996	-0.0133333	0.857263
772	49    	0.41958  	0.186695	-0.016    	0.788555
773	48    	0.410632 	0.197527	-0.0166667	0.861312
774	44    	0.383779 	0.214997	-0.02     	0.88763 
775	44    	0.383095 	0.255359	-0.02     	0.890257
776	48    	0.420663 	0.208157	-0.01     	0.88763 
777	48    	0.415053 	0.225073	-0.0171429	0.858013
778	47    	0.379633 	0.224127	0.0721796 	0.857493
779	46    	0.351862 	0.218749	-0.0129495	0.857493
780	49    	0.305442 	0.234843	-0.0175   	0.857493
781	45    	0.399115 	0.242608	0.0660163 	0.857493
782	42    	0.414051 	0.258902	-0.02     	0.793779
783	43    	0.353485 	0.236112	-0.0174999	0.793779
784	43    	0.406489 	0.264666	0.0465815 	0.972197
785	49    	0.381682 	0.24942 	-0.0181819	0.886443
786	48    	0.356307 	0.233299	-0.0133334	0.88401 
787	44    	0.418547 	0.220312	0.0696022 	0.88401 
788	47    	0.362955 	0.215186	-0.0159977	0.771485
789	46    	0.408186 	0.220888	-0.02     	0.774657
790	47    	0.412969 	0.19352 	0.104266  	0.770947
791	50    	0.341526 	0.173629	0.0751364 	0.690013
792	46    	0.382081 	0.202674	0.109707  	0.770146
793	45    	0.349225 	0.225327	-0.016    	0.765926
794	47    	0.407841 	0.223633	-0.0200001	0.843742
795	44    	0.444403 	0.238158	0.0981966 	0.93531 
796	45    	0.410217 	0.269867	-0.018    	0.93531 
797	45    	0.452253 	0.274311	-0.015    	0.93531 
798	44    	0.472212 	0.274534	0.0724298 	0.93531 
799	46    	0.48185  	0.265216	0.0824817 	0.93531 
800	45    	0.408215 	0.270781	0.0826689 	0.940078
801	48    	0.414758 	0.233597	0.109234  	0.976481
802	49    	0.400407 	0.25116 	-0.018    	0.930238
803	47    	0.396799 	0.232131	-0.0133333	0.930238
804	46    	0.457609 	0.268407	-0.0150001	0.976481
805	48    	0.317567 	0.235466	-0.0185714	0.930238
806	47    	0.315342 	0.159131	-0.0133332	0.752944
807	45    	0.392587 	0.198304	0.0727527 	0.772798
808	49    	0.360859 	0.1927  	-0.02     	0.795448
809	47    	0.372341 	0.194658	0.0629725 	0.795448
810	47    	0.432867 	0.230547	-0.0200001	0.795448
811	48    	0.388475 	0.228377	0.0910646 	0.816198
812	44    	0.365002 	0.22645 	-0.0184615	0.868281
813	43    	0.369443 	0.228069	-0.02     	0.873343
814	47    	0.349824 	0.195599	-0.0166666	0.868281
815	48    	0.407925 	0.174669	0.0606475 	0.866956
816	44    	0.440125 	0.228214	0.0833275 	0.90097 
817	48    	0.370715 	0.18886 	0.115568  	0.79084 
818	48    	0.424112 	0.220646	-0.015    	0.907955
819	46    	0.428755 	0.231876	-0.0150001	0.912266
820	48    	0.399154 	0.294877	-1        	0.912266
821	44    	0.418837 	0.222532	0.093918  	0.840284
822	49    	0.391177 	0.212319	-0.01     	0.788031
823	46    	0.38032  	0.227142	-0.015    	0.865726
824	43    	0.429098 	0.260187	-0.0166666	0.865726
825	48    	0.357015 	0.231226	0.0250542 	0.865726
826	47    	0.289474 	0.199901	-0.0166667	0.773371
827	48    	0.375207 	0.178036	0.0857649 	0.768315
828	47    	0.280366 	0.156892	0.0715447 	0.760266
829	50    	0.298134 	0.189911	-0.0166667	0.768315
830	42    	0.363573 	0.225003	-0.016    	0.929206
831	48    	0.372684 	0.19537 	0.0721051 	0.760726
832	48    	0.342077 	0.199493	-0.0175   	0.697737
833	49    	0.322799 	0.188726	-0.01     	0.698662
834	46    	0.34687  	0.21072 	-0.02     	0.727705
835	44    	0.398148 	0.180813	-0.0166667	0.653289
836	48    	0.390741 	0.194974	-0.0159933	0.767441
837	43    	0.395112 	0.215652	-0.0150001	0.764865
838	47    	0.323933 	0.172148	-0.0160001	0.764865
839	46    	0.406322 	0.176306	0.127521  	0.764865
840	46    	0.420967 	0.204328	0.105783  	0.766452
841	48    	0.36823  	0.229218	-0.016    	0.775646
842	48    	0.364154 	0.203208	0.105481  	0.781688
843	49    	0.425726 	0.207148	0.0518211 	0.868237
844	46    	0.414134 	0.239139	-0.0150001	0.868237
845	47    	0.38815  	0.211297	-0.0174999	0.868237
846	43    	0.440837 	0.246945	0.0606913 	0.868237
847	49    	0.35433  	0.219642	-0.0166667	1.03144 
848	44    	0.434603 	0.219502	0.113483  	0.90801 
849	43    	0.43695  	0.228118	0.0926883 	0.867761
850	46    	0.371762 	0.223072	-0.0175   	0.867761
851	48    	0.354168 	0.264262	-1        	0.819595
852	44    	0.409457 	0.234856	-0.0175   	0.819595
853	46    	0.428788 	0.226862	0.0882124 	0.822237
854	43    	0.394836 	0.24079 	0.0592968 	0.825876
855	46    	0.370545 	0.216505	-0.0171429	0.825876
856	47    	0.363975 	0.203709	-0.0166667	0.825876
857	47    	0.321024 	0.179064	-0.02     	0.825876
858	46    	0.402177 	0.188117	-0.0166667	0.825876
859	44    	0.384601 	0.206091	-0.0166666	0.825882
860	46    	0.36525  	0.205786	-0.0200001	0.728352
861	45    	0.381333 	0.179458	0.0979963 	0.825882
862	44    	0.39167  	0.198668	-0.0171429	0.825882
863	47    	0.337378 	0.201994	-0.02     	0.757658
864	44    	0.358391 	0.261781	-1        	0.825882
865	48    	0.341268 	0.157275	-0.02     	0.650583
866	47    	0.388876 	0.166649	0.129622  	0.85271 
867	47    	0.368973 	0.16057 	0.149489  	0.743536
868	48    	0.368838 	0.166975	0.11592   	0.743536
869	46    	0.323565 	0.303909	-1        	0.733426
870	45    	0.338001 	0.237322	-1        	0.690621
871	46    	0.389208 	0.141404	0.166002  	0.690621
872	47    	0.25877  	0.404011	-1        	0.689324
873	43    	0.378706 	0.25352 	-1        	0.689324
874	43    	0.402232 	0.252117	-1        	0.746527
875	42    	0.396705 	0.257895	-1        	0.746527
876	48    	0.381471 	0.24728 	-1        	0.725366
877	47    	0.193126 	0.45453 	-1        	0.700209
878	47    	0.279452 	0.39031 	-1        	0.588154
879	46    	0.359458 	0.297987	-1        	0.60461 
880	48    	0.351391 	0.222042	-1        	0.601393
881	42    	0.367835 	0.233116	-1        	0.631204
882	48    	0.26914  	0.34319 	-1        	0.631204
883	43    	0.39     	0.117781	0.229188  	0.698252
884	47    	0.310273 	0.302663	-1        	0.698252
885	45    	0.247441 	0.44129 	-1        	0.698252
886	46    	0.249212 	0.43952 	-1        	0.748019
887	44    	0.208475 	0.508232	-1        	0.815498
888	46    	0.267352 	0.447934	-1        	0.748019
889	45    	0.143864 	0.589324	-1        	0.748019
890	46    	0.119763 	0.577411	-1        	0.748019
891	44    	0.16484  	0.559036	-1        	0.748019
892	42    	0.0459201	0.630505	-1        	0.748019
893	48    	0.0399866	0.597101	-1        	0.748019
894	47    	-0.0803097	0.666286	-1        	0.748019
895	45    	0.157905  	0.588883	-1        	0.748019
896	46    	-0.052468 	0.688938	-1        	0.748019
897	42    	0.0322909 	0.683884	-1        	0.748019
898	47    	0.0377125 	0.626   	-1        	0.748019
899	42    	0.0475051 	0.665508	-1        	0.748019
900	44    	0.231243  	0.552533	-1        	0.748019
901	45    	0.131622  	0.576676	-1        	0.748019
902	47    	0.236385  	0.515164	-1        	0.748019
903	50    	-0.0804857	0.667622	-1        	0.659394
904	47    	-0.0561135	0.65592 	-1        	0.646586
905	44    	-0.108455 	0.680502	-1        	0.740762
906	46    	-0.0482224	0.662964	-1        	0.646586
907	49    	-0.0976895	0.653469	-1        	0.646586
908	48    	-0.186906 	0.670352	-1        	0.62548 
909	47    	-0.182816 	0.700827	-1        	0.741562
910	45    	-0.0320673	0.642775	-1        	0.741562
911	47    	-0.0378648	0.665804	-1        	0.624775
912	40    	0.0587672 	0.668166	-1        	0.649228
913	44    	-0.155284 	0.754453	-1        	0.650362
914	46    	-0.0486066	0.693217	-1        	0.640472
915	50    	-0.0739018	0.64237 	-1        	0.694702
916	44    	0.0871134 	0.584066	-1        	0.597976
917	49    	0.159052  	0.515268	-1        	0.582217
918	43    	0.124604  	0.602462	-1        	0.635807
919	47    	0.109838  	0.595775	-1        	0.600404
920	46    	0.0233614 	0.643951	-1        	0.628807
921	48    	0.12148   	0.568655	-1        	0.597155
922	49    	0.0852047 	0.584759	-1        	0.66065 
923	43    	0.212893  	0.503788	-1        	0.66065 
924	48    	0.00734058	0.633562	-1        	0.585474
925	47    	-0.000435158	0.630668	-1        	0.662428
926	43    	0.132665    	0.544044	-1        	0.662428
927	47    	0.250821    	0.387578	-1        	0.662428
928	46    	0.0905914   	0.590638	-1        	0.698957
929	48    	0.184685    	0.489498	-1        	0.63466 
930	46    	0.317954    	0.34706 	-1        	0.604772
931	47    	0.200943    	0.49712 	-1        	0.629118
932	42    	0.349564    	0.226691	-1        	0.629118
933	43    	0.289555    	0.400949	-1        	0.741637
934	44    	0.324741    	0.362701	-1        	0.772699
935	44    	0.304707    	0.408841	-1        	0.772699
936	47    	0.293774    	0.404064	-1        	0.772699
937	46    	0.265061    	0.441496	-1        	0.729171
938	45    	0.307509    	0.365299	-1        	0.729171
939	49    	0.166876    	0.485209	-1        	0.711919
940	48    	0.142567    	0.509566	-1        	0.640127
941	48    	0.346744    	0.303255	-1        	0.817829
942	47    	0.293311    	0.409392	-1        	0.817829
943	47    	0.254693    	0.484833	-1        	0.817829
944	47    	0.320933    	0.424928	-1        	0.787065
945	45    	0.314815    	0.388921	-1        	0.816267
946	47    	0.304122    	0.421517	-1        	0.786574
947	45    	0.363256    	0.340505	-1        	0.786574
948	47    	0.205333    	0.512139	-1        	0.786574
949	45    	0.370796    	0.324637	-1        	0.739605
950	46    	0.203012    	0.550209	-1        	0.775643
951	41    	0.285288    	0.462199	-1        	0.775643
952	47    	0.287666    	0.374304	-1        	0.752684
953	48    	0.336308    	0.318703	-1        	0.752684
954	44    	0.26668     	0.453471	-1        	0.752684
955	49    	0.266758    	0.450392	-1        	0.762885
956	46    	0.338336    	0.324499	-1        	0.762885
957	48    	0.356824    	0.331696	-1        	0.762885
958	45    	0.316427    	0.419625	-1        	0.765169
959	47    	0.289177    	0.370469	-1        	0.762885
960	50    	0.262324    	0.403346	-1        	0.762133
961	47    	0.323706    	0.309167	-1        	0.7899  
962	46    	0.313295    	0.307548	-1        	0.7899  
963	48    	0.279715    	0.451261	-1        	0.7899  
964	46    	0.29001     	0.363436	-1        	0.7899  
965	46    	0.375941    	0.255133	-1        	0.706156
966	47    	0.405238    	0.263523	-1        	0.831014
967	45    	0.386835    	0.199041	-0.016    	0.831014
968	48    	0.241548    	0.448233	-1        	0.831014
969	44    	0.374198    	0.275261	-1        	0.831014
970	46    	0.328824    	0.326702	-1        	0.782651
971	45    	0.456813    	0.171426	0.147904  	0.777432
972	46    	0.267491    	0.408291	-1        	0.777432
973	46    	0.325337    	0.255035	-1        	0.758925
974	46    	0.364052    	0.318395	-1        	0.897296
975	44    	0.353019    	0.316792	-1        	0.758925
976	46    	0.233177    	0.479333	-1        	0.758925
977	45    	0.32334     	0.419796	-1        	0.777297
978	48    	0.324652    	0.419464	-1        	0.793453
979	45    	0.321867    	0.433003	-1        	0.947135
980	48    	0.272181    	0.504305	-1        	1.01311 
981	49    	0.308436    	0.372185	-1        	0.823805
982	45    	0.209053    	0.552593	-1        	0.827853
983	44    	0.373981    	0.269188	-1        	0.827853
984	48    	0.326815    	0.311627	-1        	0.827853
985	44    	0.3723      	0.166774	-0.0166666	0.827853
986	49    	0.399935    	0.2719  	-1        	0.791376
987	45    	0.369133    	0.401187	-1        	0.791376
988	46    	0.317281    	0.386373	-1        	0.846701
989	45    	0.350463    	0.260264	-1        	0.791376
990	47    	0.351676    	0.252768	-1        	0.791376
991	46    	0.331589    	0.319567	-1        	0.765387
992	43    	0.387726    	0.323995	-1        	0.765387
993	46    	0.406826    	0.270102	-1        	0.76425 
994	45    	0.453246    	0.189034	0.201315  	0.826298
995	43    	0.428983    	0.295072	-1        	0.826298
996	46    	0.383206    	0.27435 	-1        	0.852086
997	47    	0.253042    	0.506535	-1        	0.880533
998	45    	0.387106    	0.285035	-1        	0.880533
999	45    	0.39921     	0.28539 	-1        	0.880533
1000	46    	0.303585    	0.414232	-1        	0.880533
Best individuals:
(1.1396002207876599,) 	-->	 /*9*/DDUDDDRFBRLFUBDUDBLFFBRBUUUUUD
VMNeuronManager.autoload: Neuro classes added: Delay Light Nn PIDP PIDV SeeLight SeeLight2 S0 S1 Thr 
UserScripts.autoload: 19 user scripts added.
Simulator.load: Loading from 'eval-allcriteria.sim'
Loader.load: Comments read from file follow:
Loader.load:  Sample settings for evaluating many criteria of performance of a Framsticks creature.
Loader.load:  See the "evalcount" parameter if you want to speed the evaluation up or have a more stable result.
Loader.load:  Other important parameters are "Energy0" and "perfperiod".
Loader.load:  Put this file in the "data" subdirectory within the Framsticks distribution.
Simulator.load: Settings loaded from 'eval-allcriteria.sim'
Simulator.load: Loading from 'deterministic.sim'
Loader.load: Comments read from file follow:
Loader.load:  Parameter values that make the evaluation of a Framsticks creature deterministic.
Loader.load:  The values turn off random noise, so evaluation of the same genotype will always yield the same performance.
Loader.load:  The advantage is that you do not need to evaluate a genotype many times, and performance values are reliable.
Loader.load:  The disadvantage is that evolved creatures are "overfitting", i.e. rely entirely on the specific environment,
Loader.load:  and their behavior may be different in any other environment or (even slightly) changed conditions or parameter values,
Loader.load:  so each creature evolved using these settings must be later inspected using exactly the same setup.
Loader.load: 
Loader.load:  Before loading this file, load base settings, e.g. "eval-allcriteria.sim".
Loader.load:  Put this file in the "data" subdirectory within the Framsticks distribution.
Simulator.load: Settings loaded from 'deterministic.sim'
Simulator.load: Loading from 'sample-period-2.sim'
Loader.load: Comments read from file follow:
Loader.load:  Very low "performance sampling period" in the first population to sample performance very often during lifespan
Loader.load:  and avoid overlooking some behavior. Averaged performance of sampled values is returned as the final value.
Loader.load:  See http://www.framsticks.com/a/al_params.html#exper-perfcalc
Loader.load: 
Loader.load:  Before loading this file, load base settings, e.g. "eval-allcriteria.sim".
Loader.load:  Put this file in the "data" subdirectory within the Framsticks distribution.
Simulator.load: Loading from 'f9-mut-010.sim'
Simulator.load: Settings loaded from 'f9-mut-010.sim'
