gen	nevals	avg     	stddev	min     	max     
0  	50    	0.218369	0     	0.218369	0.218369
1  	47    	0.03774 	0.09321	-0.016  	0.223445
2  	47    	0.0699599	0.113683	-0.0171429	0.307007
3  	46    	0.109503 	0.151598	-0.02     	0.671465
4  	48    	0.164376 	0.136006	-0.02     	0.495273
5  	44    	0.217525 	0.13778 	-0.0166667	0.559543
6  	45    	0.249364 	0.137845	-0.018    	0.49321 
7  	45    	0.274719 	0.118232	-0.0171428	0.514108
8  	47    	0.286769 	0.124277	-0.0181818	0.514108
9  	47    	0.26982  	0.116554	0.0929405 	0.514108
10 	49    	0.281732 	0.115997	0.0915411 	0.627664
11 	46    	0.239168 	0.151789	-0.0225   	0.627664
12 	46    	0.251839 	0.13472 	-0.02     	0.58104 
13 	46    	0.297576 	0.118404	-0.0171429	0.58104 
14 	44    	0.298238 	0.133849	-0.02     	0.597669
15 	46    	0.307101 	0.144351	-0.0175   	0.597669
16 	46    	0.324502 	0.140835	0.0840962 	0.633357
17 	46    	0.283588 	0.154087	-0.0171431	0.675131
18 	45    	0.292329 	0.161608	-0.02     	0.675131
19 	47    	0.252872 	0.163271	-0.0222222	0.629022
20 	46    	0.315653 	0.158159	-0.0166665	0.674521
21 	49    	0.284813 	0.152113	-0.0149997	0.683258
22 	49    	0.295459 	0.135164	-0.0166667	0.59629 
23 	48    	0.317149 	0.101375	0.139497  	0.629976
24 	45    	0.266122 	0.140893	-0.02     	0.592623
25 	44    	0.298115 	0.124113	0.0816191 	0.592623
26 	43    	0.289855 	0.217908	-1        	0.592623
27 	45    	0.311712 	0.126118	0.0626528 	0.552841
28 	47    	0.292607 	0.122391	0.0641922 	0.552841
29 	47    	0.273118 	0.220961	-1        	0.553711
30 	48    	0.281121 	0.0947197	0.078093  	0.55025 
31 	46    	0.33629  	0.100584 	0.129006  	0.623396
32 	45    	0.322499 	0.1502   	-0.0133332	0.665707
33 	48    	0.291086 	0.14255  	-0.0175   	0.651242
34 	46    	0.276369 	0.137523 	-0.0133334	0.651242
35 	46    	0.317125 	0.105402 	-0.01     	0.543316
36 	48    	0.310829 	0.0905227	0.0963318 	0.543316
37 	44    	0.325677 	0.106659 	0.143963  	0.666761
38 	46    	0.334532 	0.125594 	0.118474  	0.666761
39 	42    	0.349837 	0.151763 	0.135432  	0.666761
40 	49    	0.303917 	0.101179 	-0.0174999	0.559125
41 	45    	0.308839 	0.12369  	0.071561  	0.625876
42 	48    	0.322927 	0.100072 	0.157671  	0.599288
43 	47    	0.311841 	0.122199 	-0.016    	0.640025
44 	46    	0.278831 	0.211009 	-1        	0.640025
45 	46    	0.290954 	0.280663 	-1        	0.664201
46 	46    	0.199334 	0.420344 	-1        	0.742733
47 	47    	0.322354 	0.148447 	-0.016    	0.664201
48 	47    	0.264861 	0.290595 	-1        	0.664201
49 	47    	0.312354 	0.105119 	0.142142  	0.590688
50 	43    	0.317985 	0.217754 	-1        	0.590688
51 	49    	0.254974 	0.332185 	-1        	0.61225 
52 	48    	0.216945 	0.324758 	-1        	0.61225 
53 	47    	0.308284 	0.102087 	-0.0133333	0.61225 
54 	47    	0.271279 	0.275885 	-1        	0.61225 
55 	47    	0.267127 	0.334589 	-1        	0.62611 
56 	45    	0.298336 	0.211027 	-1        	0.62611 
57 	47    	0.258852 	0.278573 	-1        	0.499957
58 	47    	0.305454 	0.202311 	-1        	0.510552
59 	46    	0.315317 	0.101473 	0.104282  	0.564087
60 	46    	0.305086 	0.0995992	0.0884793 	0.510552
61 	46    	0.277154 	0.202078 	-1        	0.510552
62 	49    	0.296556 	0.0884629	0.0866593 	0.461196
63 	47    	0.289293 	0.200396 	-1        	0.478893
64 	45    	0.327974 	0.0855644	0.134825  	0.486692
65 	47    	0.29853  	0.0788287	0.143891  	0.486692
66 	47    	0.264513 	0.281399 	-1        	0.608829
67 	43    	0.357948 	0.0881058	0.115767  	0.546279
68 	45    	0.259811 	0.329721 	-1        	0.546279
69 	48    	0.223354 	0.320476 	-1        	0.546279
70 	48    	0.189434 	0.358478 	-1        	0.464756
71 	44    	0.293668 	0.200144 	-1        	0.502705
72 	43    	0.221042 	0.369537 	-1        	0.502705
73 	44    	0.264746 	0.272791 	-1        	0.502705
74 	46    	0.261799 	0.327511 	-1        	0.560184
75 	47    	0.176236 	0.441192 	-1        	0.560184
76 	45    	0.27493  	0.27898  	-1        	0.586577
77 	46    	0.332302 	0.104176 	-0.015    	0.58347 
78 	46    	0.311799 	0.207593 	-1        	0.534231
79 	45    	0.217793 	0.416718 	-1        	0.554542
80 	47    	0.20382  	0.410649 	-1        	0.518116
81 	47    	0.00997304	0.603007 	-1        	0.518116
82 	45    	0.219983  	0.372949 	-1        	0.518116
83 	47    	0.25341   	0.333635 	-1        	0.539103
84 	47    	0.103831  	0.526288 	-1        	0.552712
85 	48    	0.20543   	0.371124 	-1        	0.539103
86 	46    	0.138575  	0.432915 	-1        	0.539103
87 	41    	0.175842  	0.442464 	-1        	0.539103
88 	48    	0.151855  	0.432119 	-1        	0.539103
89 	45    	0.154413  	0.470987 	-1        	0.532709
90 	49    	0.229994  	0.370742 	-1        	0.568976
91 	44    	0.126504  	0.499384 	-1        	0.532709
92 	47    	-0.223835 	0.663056 	-1        	0.447857
93 	46    	0.0864588 	0.547684 	-1        	0.546503
94 	47    	0.102138  	0.48988  	-1        	0.546503
95 	46    	0.0551924 	0.565662 	-1        	0.563055
96 	44    	0.213726  	0.414519 	-1        	0.563055
97 	44    	0.316812  	0.206156 	-1        	0.563055
98 	44    	0.207854  	0.41134  	-1        	0.563055
99 	46    	0.240733  	0.375359 	-1        	0.563055
100	47    	0.0908903 	0.51768  	-1        	0.563055
101	48    	0.013242  	0.575675 	-1        	0.520217
102	42    	0.0655315 	0.571256 	-1        	0.619227
103	47    	0.0446133 	0.560826 	-1        	0.598086
104	47    	0.0780826 	0.546115 	-1        	0.531657
105	47    	0.221765  	0.367848 	-1        	0.514128
106	49    	0.134521  	0.464035 	-1        	0.49144 
107	45    	0.0796607 	0.511812 	-1        	0.49144 
108	46    	0.110713  	0.491843 	-1        	0.494567
109	48    	0.20573   	0.362653 	-1        	0.49144 
110	46    	0.300073  	0.197533 	-1        	0.470374
111	45    	0.270012  	0.269858 	-1        	0.458497
112	45    	0.240928  	0.32566  	-1        	0.548758
113	44    	0.280981  	0.2754   	-1        	0.548758
114	45    	0.242245  	0.33124  	-1        	0.548758
115	45    	0.215852  	0.372216 	-1        	0.548758
116	45    	0.297884  	0.209948 	-1        	0.548758
117	47    	0.299952  	0.210638 	-1        	0.590604
118	45    	0.323429  	0.214027 	-1        	0.590604
119	49    	0.163098  	0.43961  	-1        	0.522041
120	44    	0.200723  	0.362953 	-1        	0.472094
121	46    	0.165905  	0.400121 	-1        	0.543868
122	46    	0.202668  	0.322907 	-1        	0.515372
123	47    	0.113598  	0.460601 	-1        	0.515372
124	42    	0.159387  	0.435838 	-1        	0.4519  
125	47    	-0.0602443	0.58979  	-1        	0.427235
126	44    	0.136767  	0.427336 	-1        	0.435697
127	46    	-0.0794044	0.609496 	-1        	0.552329
128	44    	-0.121771 	0.634972 	-1        	0.552329
129	47    	-0.0344282	0.579093 	-1        	0.588331
130	49    	-0.133657 	0.626965 	-1        	0.480192
131	44    	0.0479697 	0.561212 	-1        	0.480192
132	46    	-0.25239  	0.6657   	-1        	0.494469
133	46    	-0.254787 	0.664147 	-1        	0.520259
134	47    	-0.21336  	0.64641  	-1        	0.473249
135	45    	-0.114051 	0.640423 	-1        	0.535616
136	48    	-0.185507 	0.668422 	-1        	0.534649
137	46    	-0.176355 	0.647457 	-1        	0.480402
138	46    	0.0502619 	0.530161 	-1        	0.501246
139	45    	0.0422828 	0.559303 	-1        	0.501246
140	47    	0.207361  	0.409691 	-1        	0.501246
141	45    	0.255849  	0.326786 	-1        	0.501246
142	49    	0.0944599 	0.518016 	-1        	0.519583
143	47    	0.174138  	0.439856 	-1        	0.519583
144	47    	0.176152  	0.444956 	-1        	0.519583
145	45    	0.180245  	0.442434 	-1        	0.519583
146	48    	0.169176  	0.395536 	-1        	0.515305
147	49    	0.0599325 	0.534151 	-1        	0.465233
148	46    	-0.081686 	0.606439 	-1        	0.445372
149	46    	0.0786086 	0.510166 	-1        	0.475797
150	45    	0.241179  	0.37339  	-1        	0.475811
151	48    	0.0995585 	0.520953 	-1        	0.505808
152	48    	0.312396  	0.0925588	0.145301  	0.542774
153	49    	0.27876   	0.20625  	-1        	0.50713 
154	47    	0.269281  	0.108159 	-0.0150001	0.505851
155	47    	0.268991  	0.104183 	0.0166655 	0.505851
156	43    	0.304456  	0.119958 	-0.0171428	0.533458
157	47    	0.307667  	0.123585 	-0.016    	0.575026
158	45    	0.323631  	0.10923  	0.0579788 	0.64794 
159	44    	0.311299  	0.14225  	-0.0171428	0.608004
160	47    	0.309122  	0.217088 	-1        	0.58761 
161	45    	0.31974   	0.136136 	-0.0150003	0.57303 
162	45    	0.284301  	0.149649 	-0.0177778	0.640675
163	47    	0.334771  	0.131299 	0.0788212 	0.652854
164	45    	0.321672  	0.141656 	0.102786  	0.652854
165	46    	0.288433  	0.165624 	-0.0166668	0.652854
166	45    	0.301429  	0.147006 	-0.0177778	0.652854
167	45    	0.27218   	0.1694   	-0.02     	0.611122
168	44    	0.32715   	0.16399  	-0.016    	0.611122
169	45    	0.336449  	0.144054 	-0.01     	0.611122
170	48    	0.309547  	0.113131 	0.123003  	0.583107
171	47    	0.296907  	0.117255 	-0.015    	0.638625
172	45    	0.244282  	0.228715 	-1        	0.638625
173	49    	0.289219  	0.139365 	-0.02     	0.638625
174	46    	0.300642  	0.126824 	0.0859727 	0.638625
175	46    	0.298492  	0.143359 	-0.0166666	0.638625
176	46    	0.299887  	0.134942 	-0.0159999	0.638625
177	44    	0.291314  	0.155968 	-0.02     	0.638625
178	45    	0.307102  	0.175846 	-0.015    	0.719083
179	48    	0.315836  	0.143348 	-0.0177778	0.651495
180	46    	0.296401  	0.147304 	-0.016    	0.651495
181	46    	0.329643  	0.159253 	-0.0177778	0.701227
182	42    	0.334834  	0.161045 	-0.0181818	0.69283 
183	46    	0.293651  	0.148777 	-0.0160001	0.651495
184	47    	0.278669  	0.14951  	0.0343695 	0.651495
185	47    	0.281401  	0.138415 	-0.0149999	0.651495
186	48    	0.267648  	0.122033 	-0.0171429	0.605568
187	46    	0.298902  	0.136832 	-0.02     	0.648478
188	46    	0.282262  	0.13152  	-0.02     	0.646217
189	45    	0.296384  	0.137915 	-0.02     	0.625811
190	49    	0.255485  	0.181361 	-0.02     	0.856887
191	46    	0.300017  	0.130623 	0.0663512 	0.643675
192	45    	0.303229  	0.152749 	-0.0133333	0.694388
193	47    	0.317763  	0.152899 	0.0671604 	0.649119
194	44    	0.326981  	0.143531 	-0.0160001	0.643675
195	48    	0.280553  	0.147118 	-0.016    	0.643675
196	49    	0.313086  	0.144765 	-0.02     	0.609731
197	46    	0.297727  	0.169873 	-0.02     	0.65996 
198	45    	0.36004   	0.174474 	0.0772773 	0.735659
199	40    	0.37763   	0.163714 	0.135163  	0.735659
200	47    	0.368575  	0.158756 	0.107164  	0.669272
201	43    	0.36581   	0.172823 	0.0988932 	0.680433
202	48    	0.296854  	0.148209 	-0.02     	0.680433
203	48    	0.308244  	0.125034 	-0.0133332	0.632013
204	42    	0.355515  	0.176179 	-0.015    	0.632013
205	48    	0.300868  	0.162521 	-0.0181818	0.672842
206	41    	0.319365  	0.155895 	0.0948351 	0.672842
207	42    	0.329779  	0.173104 	-0.0171428	0.672842
208	48    	0.294738  	0.12895  	0.070628  	0.672842
209	45    	0.29616   	0.159218 	-0.0160001	0.672842
210	48    	0.311186  	0.15362  	-0.0166667	0.672842
211	48    	0.258746  	0.14176  	-0.0171429	0.726745
212	45    	0.347974  	0.16201  	-0.0183333	0.726745
213	48    	0.256639  	0.152293 	-0.0199999	0.726745
214	46    	0.296617  	0.122448 	-0.0166667	0.624534
215	46    	0.279544  	0.130484 	-0.016    	0.539394
216	46    	0.313225  	0.103852 	0.131873  	0.539394
217	50    	0.278438  	0.216415 	-1        	0.547012
218	46    	0.300908  	0.115408 	-0.0199999	0.547012
219	47    	0.301758  	0.107733 	-0.0177777	0.547012
220	43    	0.31943   	0.128639 	-0.0133333	0.595426
221	47    	0.260434  	0.284303 	-1        	0.649361
222	45    	0.292221  	0.219229 	-1        	0.649361
223	45    	0.338919  	0.115817 	-0.0133332	0.587433
224	44    	0.315315  	0.141654 	-0.0150001	0.796254
225	45    	0.327777  	0.148601 	-0.0171429	0.722395
226	44    	0.328981  	0.165372 	0.0964733 	0.722395
227	45    	0.344655  	0.175218 	0.0499361 	0.722395
228	45    	0.344004  	0.180799 	-0.02     	0.722395
229	47    	0.340877  	0.131368 	0.0927532 	0.614705
230	43    	0.32462   	0.150908 	-0.02     	0.70706 
231	46    	0.316386  	0.15698  	-0.017143 	0.664656
232	46    	0.31208   	0.146281 	-0.015    	0.664656
233	40    	0.32122   	0.134028 	0.113208  	0.605978
234	46    	0.281929  	0.149153 	-0.0133333	0.605978
235	47    	0.289753  	0.15446  	-0.016    	0.63731 
236	48    	0.279879  	0.140278 	-0.01     	0.63731 
237	45    	0.282023  	0.133601 	0.0666532 	0.59898 
238	46    	0.307379  	0.117137 	0.0884587 	0.527805
239	49    	0.307074  	0.105696 	0.0940985 	0.57226 
240	46    	0.303554  	0.213821 	-1        	0.587681
241	44    	0.318304  	0.237186 	-1        	0.797834
242	46    	0.25732   	0.297341 	-1        	0.830658
243	50    	0.25306   	0.202376 	-1        	0.616436
244	42    	0.330402  	0.122631 	0.116451  	0.723324
245	48    	0.287205  	0.226299 	-1        	0.647264
246	44    	0.318961  	0.240959 	-1        	0.648942
247	46    	0.30867   	0.176734 	-0.0175   	0.835724
248	45    	0.295503  	0.197261 	-0.0177778	0.835724
249	43    	0.304216  	0.210824 	-0.02     	0.835724
250	47    	0.268107  	0.154206 	-0.02     	0.835724
251	41    	0.29828   	0.157929 	-0.018    	0.835724
252	47    	0.295041  	0.156389 	0.0748725 	0.75057 
253	46    	0.292048  	0.158569 	-0.02     	0.75057 
254	47    	0.274411  	0.144494 	-0.018    	0.637236
255	44    	0.273177  	0.133776 	-0.0177777	0.637236
256	43    	0.342895  	0.131007 	-0.0171429	0.640124
257	46    	0.279339  	0.138497 	0.0657587 	0.640124
258	47    	0.306659  	0.151262 	-0.02     	0.640124
259	43    	0.293726  	0.135203 	-0.01     	0.640124
260	49    	0.237604  	0.115052 	-0.022    	0.54441 
261	49    	0.253456  	0.146164 	-0.02     	0.696025
262	45    	0.261356  	0.158821 	-0.0160001	0.696025
263	47    	0.294687  	0.145379 	-0.0224999	0.812308
264	46    	0.254302  	0.165501 	-0.0166667	0.812308
265	47    	0.283262  	0.188495 	-0.0166667	0.812977
266	45    	0.274045  	0.234589 	-0.0171429	0.812977
267	45    	0.24342   	0.243143 	-0.0175   	0.812825
268	48    	0.230163  	0.241659 	-0.02     	0.812977
269	46    	0.208383  	0.251931 	-0.02     	0.812308
270	47    	0.247149  	0.208134 	-0.0166667	0.812308
271	48    	0.249376  	0.217891 	-0.02     	0.812825
272	49    	0.301587  	0.225475 	-0.0177778	0.812083
273	45    	0.250777  	0.236013 	-0.02     	0.810962
274	45    	0.284227  	0.17638  	-0.0171428	0.810962
275	45    	0.257994  	0.198871 	-0.02     	0.651186
276	48    	0.265983  	0.184326 	-0.02     	0.683965
277	41    	0.294158  	0.192004 	-0.018    	0.683965
278	47    	0.308517  	0.194298 	-0.0174999	0.691824
279	47    	0.322262  	0.169696 	-0.016    	0.805645
280	45    	0.24954   	0.196379 	-0.02     	0.72713 
281	47    	0.323622  	0.150541 	-0.0166667	0.698555
282	42    	0.314902  	0.183368 	-0.02     	0.698555
283	46    	0.343294  	0.184618 	-0.0149999	0.698555
284	47    	0.313032  	0.178975 	-0.02     	0.715071
285	45    	0.306041  	0.173966 	-0.02     	0.715071
286	43    	0.317537  	0.17745  	-0.015    	0.715071
287	48    	0.335617  	0.184511 	-0.02     	0.729212
288	46    	0.307448  	0.178471 	-0.015    	0.692791
289	49    	0.285311  	0.164013 	-0.018    	0.73105 
290	44    	0.274424  	0.20835  	-0.0179999	0.706046
291	45    	0.296113  	0.193636 	-0.0175   	0.706046
292	46    	0.296199  	0.205696 	-0.0171429	0.706234
293	49    	0.262727  	0.172201 	-0.0171429	0.70665 
294	48    	0.274154  	0.156007 	-0.0199999	0.690742
295	48    	0.285846  	0.16627  	-0.02     	0.756654
296	45    	0.250209  	0.20279  	-0.02     	0.756935
297	42    	0.278212  	0.197284 	-0.0171428	0.756935
298	48    	0.296663  	0.203    	-0.0181818	0.756935
299	46    	0.26734   	0.204544 	-0.0177778	0.755585
300	47    	0.298256  	0.211428 	-0.02     	0.75429 
301	48    	0.326891  	0.216161 	-0.0222222	0.755635
302	48    	0.284003  	0.199118 	-0.0175   	0.755635
303	45    	0.323837  	0.207599 	-0.02     	0.731238
304	43    	0.327905  	0.212436 	-0.0177778	0.731238
305	45    	0.271056  	0.192849 	-0.0175   	0.731238
306	46    	0.23838   	0.202475 	-0.0175   	0.705972
307	47    	0.193418  	0.183192 	-0.02     	0.559967
308	45    	0.261787  	0.157374 	-0.02     	0.559967
309	45    	0.243833  	0.176064 	-0.02     	0.706515
310	46    	0.229669  	0.170017 	-0.02     	0.654763
311	45    	0.25      	0.203231 	-0.0175   	0.770769
312	47    	0.218137  	0.191554 	-0.02     	0.706596
313	43    	0.230821  	0.206812 	-0.02     	0.706596
314	45    	0.230324  	0.196605 	-0.016    	0.706596
315	46    	0.244358  	0.18642  	-0.0200001	0.706596
316	46    	0.252277  	0.194039 	-0.0200001	0.706596
317	45    	0.252541  	0.215471 	-0.0199999	0.706596
318	49    	0.258336  	0.206843 	-0.0171429	0.706596
319	45    	0.307252  	0.213593 	-0.016    	0.738799
320	43    	0.301717  	0.209694 	-0.0166667	0.738799
321	47    	0.269604  	0.18909  	-0.0200001	0.738799
322	45    	0.268469  	0.187546 	-0.02     	0.738799
323	48    	0.261509  	0.191429 	-0.0171429	0.614024
324	48    	0.249815  	0.195632 	-0.02     	0.725122
325	49    	0.295622  	0.157153 	-0.0166667	0.632517
326	44    	0.28084   	0.198384 	-0.018    	0.632517
327	44    	0.312839  	0.190482 	-0.0175   	0.731545
328	48    	0.221103  	0.165474 	-0.0175   	0.632517
329	45    	0.320629  	0.160648 	-0.0171429	0.632517
330	44    	0.311758  	0.191109 	-0.0166667	0.731545
331	43    	0.311084  	0.19792  	-0.02     	0.731545
332	47    	0.28399   	0.179943 	-0.0171428	0.813981
333	48    	0.255188  	0.155917 	-0.02     	0.644293
334	48    	0.251806  	0.165061 	-0.0233333	0.646118
335	46    	0.288554  	0.1642   	-0.018    	0.646118
336	45    	0.304806  	0.159324 	-0.0150001	0.648698
337	47    	0.231877  	0.159063 	-0.02     	0.648698
338	47    	0.309188  	0.144715 	-0.0133332	0.615553
339	44    	0.310783  	0.185792 	-0.02     	0.637222
340	47    	0.30576   	0.155193 	-0.0177778	0.595055
341	45    	0.290543  	0.154907 	-0.0166666	0.80923 
342	48    	0.242457  	0.145819 	-0.02     	0.605153
343	44    	0.242537  	0.147328 	-0.02     	0.698443
344	42    	0.305184  	0.132911 	-0.015    	0.698443
345	46    	0.268791  	0.142507 	-0.0133334	0.698443
346	45    	0.296718  	0.162051 	-0.0181818	0.702481
347	48    	0.271679  	0.149166 	-0.0171429	0.702481
348	46    	0.299474  	0.14727  	0.0977463 	0.702481
349	45    	0.295948  	0.150001 	-0.0175   	0.702481
350	47    	0.261992  	0.164238 	-0.02     	0.555231
351	43    	0.326215  	0.162625 	-0.0171429	0.84868 
352	45    	0.280192  	0.193362 	-0.0233333	0.84868 
353	44    	0.278043  	0.191466 	-0.0200001	0.84868 
354	45    	0.272738  	0.168475 	-0.0199999	0.785545
355	46    	0.294782  	0.160314 	-0.0166667	0.689693
356	48    	0.300306  	0.150158 	-0.0171429	0.662561
357	47    	0.282502  	0.127354 	-0.015    	0.662561
358	47    	0.28919   	0.13408  	0.061702  	0.790681
359	47    	0.259158  	0.138604 	-0.015    	0.812083
360	45    	0.272251  	0.136492 	-0.0183333	0.527008
361	43    	0.303265  	0.154683 	-0.0171429	0.812083
362	49    	0.279561  	0.166893 	-0.0160001	0.812825
363	46    	0.24528   	0.166427 	-0.0171429	0.732772
364	47    	0.271567  	0.149502 	-0.0150001	0.702025
365	47    	0.294384  	0.139748 	-0.0133333	0.61379 
366	46    	0.270565  	0.16315  	-0.0175   	0.61379 
367	47    	0.245446  	0.142818 	-0.02     	0.597698
368	49    	0.291104  	0.142773 	-0.0177778	0.708915
369	47    	0.261099  	0.111143 	-0.01     	0.510685
370	46    	0.319446  	0.112571 	0.063927  	0.687666
371	49    	0.319594  	0.152248 	-0.0159999	0.687666
372	48    	0.337503  	0.169664 	-0.01     	0.854626
373	47    	0.300814  	0.167857 	-0.02     	0.687666
374	46    	0.297354  	0.152187 	-0.0177782	0.691984
375	44    	0.301774  	0.135248 	0.0835231 	0.691984
376	48    	0.280119  	0.143706 	-0.0166667	0.691984
377	46    	0.253963  	0.126026 	-0.0175   	0.691984
378	47    	0.246723  	0.122492 	-0.0171428	0.527612
379	47    	0.261542  	0.131297 	0.0541532 	0.697484
380	50    	0.257984  	0.159117 	-0.0171427	0.646656
381	45    	0.304202  	0.177426 	-0.02     	0.724597
382	42    	0.338882  	0.195629 	-0.0171429	0.726087
383	45    	0.32441   	0.183038 	0.0734829 	0.726087
384	49    	0.272343  	0.187045 	-0.018    	0.724597
385	44    	0.328936  	0.206876 	-0.0171429	0.705171
386	46    	0.323968  	0.224167 	-0.0171429	0.705171
387	44    	0.318182  	0.238351 	-0.0175   	0.812308
388	45    	0.293524  	0.249153 	-0.0200001	0.705171
389	43    	0.328682  	0.224859 	-0.02     	0.81995 
390	47    	0.279089  	0.189732 	-0.016    	0.706026
391	43    	0.293302  	0.214335 	-0.0171429	0.706026
392	45    	0.291084  	0.23447  	-0.0175   	0.813708
393	49    	0.23424   	0.203354 	-0.02     	0.730095
394	42    	0.298725  	0.204233 	-0.0171429	0.730095
395	46    	0.24876   	0.219923 	-0.02     	0.730095
396	47    	0.250238  	0.203134 	-0.0175   	0.704835
397	45    	0.267502  	0.197185 	-0.02     	0.704835
398	46    	0.273599  	0.206113 	-0.02     	0.803492
399	46    	0.281954  	0.224781 	-0.02     	0.803492
400	47    	0.25465   	0.188257 	-0.0171429	0.803492
401	48    	0.248185  	0.138288 	-0.0171429	0.604908
402	50    	0.219405  	0.125341 	-0.02     	0.580125
403	48    	0.212393  	0.147252 	-0.02     	0.580125
404	43    	0.238712  	0.173371 	-0.02     	0.580125
405	43    	0.267989  	0.211244 	-0.0175   	0.812825
406	44    	0.275054  	0.194027 	-0.0171428	0.790596
407	45    	0.253393  	0.158876 	-0.0171429	0.790596
408	45    	0.241041  	0.144748 	-0.0171428	0.580125
409	46    	0.26539   	0.173487 	-0.016    	0.810962
410	49    	0.216808  	0.198142 	-0.0175   	0.810962
411	44    	0.282521  	0.201893 	-0.02     	0.810962
412	45    	0.276976  	0.251908 	-0.02     	0.810962
413	46    	0.310612  	0.239473 	-0.02     	0.810962
414	47    	0.307433  	0.206388 	-0.0199998	0.810962
415	47    	0.269205  	0.190447 	-0.02     	0.790596
416	48    	0.257144  	0.175939 	-0.0199999	0.654783
417	47    	0.267511  	0.150174 	-0.0159999	0.596871
418	43    	0.292164  	0.19966  	-0.02     	0.596871
419	47    	0.240083  	0.186389 	-0.02     	0.596871
420	44    	0.257699  	0.156038 	-0.02     	0.596871
421	44    	0.215459  	0.157165 	-0.0177777	0.591908
422	46    	0.276245  	0.192012 	-0.0166668	0.616141
423	45    	0.308725  	0.182783 	-0.0171429	0.686837
424	49    	0.283892  	0.173613 	-0.02     	0.615682
425	46    	0.293768  	0.178735 	-0.02     	0.805021
426	48    	0.321618  	0.214419 	-0.018    	0.727447
427	47    	0.287281  	0.198042 	-0.017143 	0.727447
428	48    	0.246086  	0.190157 	-0.02     	0.727447
429	43    	0.259429  	0.171662 	-0.0177778	0.727447
430	49    	0.230103  	0.134431 	-0.02     	0.55866 
431	43    	0.264205  	0.174198 	-0.0171429	0.811247
432	46    	0.264066  	0.188733 	-0.0166667	0.811247
433	44    	0.280574  	0.176145 	-0.02     	0.616667
434	44    	0.284665  	0.195019 	-0.0177778	0.706261
435	45    	0.293222  	0.178384 	-0.016    	0.602696
436	47    	0.24385   	0.178106 	-0.02     	0.704779
437	42    	0.320286  	0.201469 	-0.0175   	0.704779
438	48    	0.287984  	0.198288 	-0.02     	0.704779
439	48    	0.225054  	0.184065 	-0.02     	0.702025
440	43    	0.307866  	0.189526 	-0.0160001	0.702382
441	48    	0.256339  	0.226771 	-0.0199998	0.813981
442	49    	0.266616  	0.197115 	-0.0166667	0.787787
443	49    	0.203228  	0.190484 	-0.02     	0.702382
444	47    	0.254116  	0.173211 	-0.0171429	0.702382
445	46    	0.235938  	0.203009 	-0.0171429	0.812308
446	46    	0.24699   	0.206669 	-0.02     	0.726401
447	46    	0.271439  	0.218054 	-0.02     	0.819317
448	46    	0.272464  	0.197377 	-0.0175   	0.819317
449	45    	0.307546  	0.218917 	-0.0171429	0.81028 
450	48    	0.287391  	0.205778 	-0.0171429	0.81028 
451	42    	0.288579  	0.223885 	-0.0160001	0.81028 
452	47    	0.307102  	0.206771 	-0.0177778	0.731072
453	45    	0.264497  	0.197812 	-0.0175001	0.731072
454	46    	0.275975  	0.171534 	-0.0166667	0.731072
455	47    	0.262043  	0.191488 	-0.0171429	0.729213
456	46    	0.281426  	0.193115 	-0.0175   	0.811396
457	50    	0.241884  	0.190826 	-0.0199999	0.679943
458	47    	0.26945   	0.154285 	-0.0177777	0.601943
459	44    	0.327348  	0.151101 	-0.02     	0.680866
460	47    	0.311296  	0.154982 	-0.0171427	0.813811
461	46    	0.350908  	0.195504 	0.0750726 	0.813811
462	46    	0.301966  	0.203052 	-0.02     	0.813811
463	45    	0.315615  	0.195471 	-0.02     	0.813811
464	48    	0.255632  	0.177178 	-0.02     	0.689785
465	43    	0.277141  	0.209413 	-0.02     	0.800245
466	40    	0.277856  	0.246345 	-0.0200001	0.800245
467	48    	0.257431  	0.22222  	-0.0175   	0.813364
468	46    	0.224836  	0.187076 	-0.02     	0.813364
469	47    	0.257842  	0.153547 	-0.0166666	0.602652
470	47    	0.269665  	0.173769 	-0.0171429	0.68825 
471	47    	0.29466   	0.165511 	-0.0171429	0.759485
472	49    	0.253777  	0.16698  	-0.0175   	0.693849
473	46    	0.280503  	0.175812 	-0.017143 	0.693849
474	46    	0.259281  	0.188207 	-0.02     	0.693849
475	49    	0.262693  	0.181831 	-0.02     	0.706014
476	45    	0.316103  	0.186439 	-0.0174998	0.706014
477	43    	0.288149  	0.201609 	-0.0175   	0.706014
478	45    	0.304095  	0.174618 	-0.0171429	0.706014
479	47    	0.229526  	0.202468 	-0.02     	0.706014
480	46    	0.309368  	0.201748 	-0.0171429	0.812159
481	48    	0.284586  	0.203819 	-0.0175   	0.81028 
482	45    	0.338213  	0.197025 	-0.02     	0.811247
483	48    	0.227461  	0.221518 	-0.02     	0.811396
484	44    	0.256168  	0.234254 	-0.0166667	0.813756
485	48    	0.212701  	0.210107 	-0.0171428	0.695417
486	48    	0.247738  	0.181608 	-0.02     	0.812825
487	44    	0.263887  	0.226716 	-0.02     	0.706012
488	47    	0.246293  	0.193908 	-0.0171428	0.703725
489	48    	0.246089  	0.183005 	-0.0174999	0.702995
490	46    	0.235329  	0.184376 	-0.0175   	0.724562
491	47    	0.257301  	0.195196 	-0.0175001	0.724562
492	44    	0.280893  	0.194675 	-0.02     	0.652834
493	47    	0.245174  	0.187007 	-0.0199999	0.652834
494	45    	0.229735  	0.183569 	-0.02     	0.652834
495	46    	0.23007   	0.159741 	-0.02     	0.63578 
496	44    	0.241539  	0.178394 	-0.0177778	0.63578 
497	47    	0.217394  	0.179754 	-0.0175   	0.596795
498	46    	0.232312  	0.172185 	-0.02     	0.6534  
499	48    	0.219167  	0.171423 	-0.02     	0.6534  
500	45    	0.269927  	0.160472 	-0.0171429	0.811247
501	44    	0.289844  	0.209951 	-0.0171428	0.813708
502	43    	0.246704  	0.23428  	-0.0199999	0.813708
503	44    	0.252891  	0.225154 	-0.0166667	0.813708
504	44    	0.247128  	0.233919 	-0.02     	0.813756
505	45    	0.251332  	0.247861 	-0.0166667	0.813756
506	45    	0.195275  	0.216499 	-0.02     	0.813756
507	46    	0.22505   	0.212948 	-0.0171429	0.813756
508	44    	0.24467   	0.206757 	-0.0171429	0.703401
509	47    	0.223185  	0.210716 	-0.02     	0.703401
510	45    	0.244542  	0.219707 	-0.0171429	0.811396
511	50    	0.197414  	0.164179 	-0.02     	0.617009
512	42    	0.313037  	0.193226 	-0.018    	0.811396
513	49    	0.246821  	0.181979 	-0.02     	0.703466
514	46    	0.272512  	0.194563 	-0.02     	0.703852
515	46    	0.278203  	0.171487 	-0.02     	0.616607
516	46    	0.297135  	0.153173 	-0.02     	0.616607
517	45    	0.261006  	0.203977 	-0.0177777	0.706014
518	47    	0.301894  	0.181616 	-0.0171429	0.705225
519	46    	0.353164  	0.196361 	-0.0166666	0.819317
520	45    	0.240749  	0.216363 	-0.0175   	0.819317
521	49    	0.294763  	0.207006 	-0.0171428	0.811247
522	44    	0.258888  	0.204488 	-0.02     	0.811247
523	45    	0.317804  	0.212926 	-0.0166666	0.811247
524	46    	0.277383  	0.216998 	-0.0166667	0.811247
525	47    	0.277641  	0.223219 	-0.02     	0.811247
526	44    	0.312938  	0.235856 	-0.0177777	0.811247
527	46    	0.265747  	0.231652 	-0.02     	0.811247
528	48    	0.271437  	0.20035  	-0.0225   	0.811247
529	44    	0.312172  	0.224966 	-0.0160001	0.811247
530	49    	0.27966   	0.199811 	-0.0175   	0.811396
531	48    	0.303664  	0.227765 	-0.0175001	0.818826
532	46    	0.254104  	0.220356 	-0.0175   	0.818826
533	44    	0.293231  	0.227648 	-0.0171429	0.818826
534	49    	0.245966  	0.223776 	-0.02     	0.818826
535	49    	0.201615  	0.198242 	-0.0171428	0.705984
536	43    	0.246804  	0.196746 	-0.0166667	0.813708
537	46    	0.225879  	0.165208 	-0.0171427	0.629723
538	48    	0.201558  	0.168837 	-0.0175   	0.629723
539	46    	0.220257  	0.142212 	-0.02     	0.568599
540	48    	0.2027    	0.127595 	-0.02     	0.438903
541	46    	0.215129  	0.140823 	-0.0199999	0.556773
542	48    	0.256652  	0.151938 	-0.02     	0.559962
543	45    	0.28904   	0.166191 	-0.02     	0.654313
544	44    	0.273729  	0.177414 	-0.0175   	0.693124
545	46    	0.218956  	0.180327 	-0.02     	0.654313
546	45    	0.211956  	0.157383 	-0.02     	0.654313
547	49    	0.225659  	0.174265 	-0.0171429	0.730825
548	48    	0.253901  	0.162465 	-0.0166666	0.654313
549	46    	0.252416  	0.137966 	-0.0199999	0.576191
550	46    	0.204448  	0.187213 	-0.02     	0.654313
551	43    	0.272075  	0.165749 	-0.0166667	0.654313
552	42    	0.265931  	0.205509 	-0.0175   	0.654313
553	46    	0.259755  	0.210585 	-0.0175001	0.835049
554	44    	0.29613   	0.210289 	-0.02     	0.722326
555	47    	0.228028  	0.174674 	-0.0171429	0.693124
556	48    	0.22172   	0.15458  	-0.02     	0.674861
557	45    	0.238095  	0.154576 	-0.02     	0.674861
558	46    	0.276454  	0.184989 	-0.0175   	0.831481
559	43    	0.285981  	0.168426 	-0.0171428	0.831481
560	48    	0.253284  	0.147154 	-0.02     	0.663185
561	44    	0.267709  	0.18203  	-0.0175   	0.725741
562	49    	0.263197  	0.187677 	-0.0175   	0.730832
563	48    	0.292963  	0.183076 	-0.015    	0.730155
564	49    	0.211881  	0.207394 	-0.02     	0.706046
565	46    	0.251021  	0.164794 	-0.0171429	0.693487
566	46    	0.221474  	0.16372  	-0.0199999	0.58318 
567	44    	0.263181  	0.197788 	-0.0199999	0.615844
568	47    	0.224406  	0.188713 	-0.0174999	0.706046
569	47    	0.234076  	0.186619 	-0.0171429	0.706107
570	46    	0.181612  	0.198308 	-0.0166666	0.706107
571	44    	0.234964  	0.194864 	-0.0171429	0.703049
572	47    	0.191881  	0.190017 	-0.0166667	0.703049
573	48    	0.193442  	0.196502 	-0.0171429	0.703049
574	45    	0.268904  	0.204973 	-0.02     	0.703049
575	48    	0.19902   	0.180576 	-0.0171429	0.692801
576	46    	0.232833  	0.201656 	-0.0166667	0.702748
577	45    	0.267391  	0.222964 	-0.0171429	0.705921
578	48    	0.267929  	0.19474  	-0.0171429	0.70647 
579	43    	0.318225  	0.215783 	-0.0171429	0.706539
580	47    	0.293846  	0.22117  	-0.0171429	0.70647 
581	46    	0.236828  	0.251846 	-0.02     	0.706539
582	41    	0.36387   	0.249569 	-0.0174998	0.706539
583	46    	0.282528  	0.222324 	-0.02     	0.70647 
584	45    	0.304795  	0.226205 	-0.02     	0.727028
585	46    	0.346947  	0.211693 	-0.0174999	0.725831
586	47    	0.240316  	0.19456  	-0.02     	0.70647 
587	48    	0.275157  	0.201675 	-0.02     	0.70647 
588	43    	0.285701  	0.190993 	-0.0175   	0.70647 
589	47    	0.295969  	0.20112  	-0.02     	0.70647 
590	46    	0.281158  	0.215399 	-0.02     	0.706539
591	49    	0.269528  	0.17613  	-0.0171429	0.70647 
592	46    	0.285639  	0.146171 	-0.0174999	0.638463
593	43    	0.287616  	0.160663 	-0.0166668	0.638463
594	46    	0.277144  	0.190512 	-0.0199999	0.650558
595	45    	0.289916  	0.172299 	-0.0200001	0.650558
596	46    	0.255507  	0.196838 	-0.018    	0.695175
597	43    	0.251008  	0.172749 	-0.02     	0.650442
598	48    	0.244     	0.162697 	-0.02     	0.616155
599	47    	0.249391  	0.168291 	-0.02     	0.616735
600	46    	0.282826  	0.172549 	-0.0177778	0.616774
601	48    	0.274938  	0.156982 	-0.0149998	0.698446
602	45    	0.278504  	0.18091  	-0.02     	0.830608
603	40    	0.340626  	0.208491 	-0.0149999	0.830608
604	45    	0.299124  	0.213102 	-0.0175   	0.830608
605	48    	0.268695  	0.204836 	-0.0166668	0.830608
606	42    	0.275607  	0.198462 	-0.02     	0.830608
607	45    	0.293317  	0.181942 	-0.0175   	0.830608
608	46    	0.260505  	0.176339 	-0.0181818	0.726411
609	45    	0.282905  	0.19118  	-0.0133333	0.726411
610	43    	0.285791  	0.187522 	-0.018    	0.726411
611	43    	0.282379  	0.157668 	-0.0175001	0.726411
612	44    	0.281089  	0.184851 	-0.0166652	0.75234 
613	44    	0.284207  	0.182874 	-0.0199999	0.75234 
614	48    	0.253852  	0.143437 	-0.02     	0.679474
615	46    	0.262876  	0.106488 	-0.0171429	0.48871 
616	46    	0.25749   	0.146157 	-0.0177778	0.614437
617	45    	0.271321  	0.167664 	-0.02     	0.706419
618	46    	0.283711  	0.210829 	-0.02     	0.706419
619	46    	0.289938  	0.175724 	-0.0171428	0.692791
620	45    	0.287956  	0.197343 	-0.0175   	0.692791
621	45    	0.26672   	0.196155 	-0.018    	0.692791
622	46    	0.282566  	0.161446 	-0.0166668	0.732116
623	46    	0.256465  	0.173758 	-0.02     	0.732116
624	48    	0.263543  	0.164979 	-0.02     	0.732116
625	43    	0.296568  	0.199583 	-0.02     	0.732116
626	48    	0.219967  	0.199789 	-0.02     	0.717639
627	49    	0.231373  	0.166949 	-0.0175   	0.694701
628	46    	0.219051  	0.163132 	-0.02     	0.702382
629	43    	0.227427  	0.187031 	-0.0171429	0.694701
630	48    	0.252783  	0.182495 	-0.0171429	0.812308
631	49    	0.252797  	0.213781 	-0.0166668	0.812083
632	46    	0.27326   	0.227745 	-0.02     	0.812308
633	48    	0.259852  	0.189273 	-0.0181818	0.812308
634	45    	0.270428  	0.215731 	-0.017143 	0.812977
635	44    	0.298887  	0.238992 	-0.018    	0.812977
636	45    	0.31457   	0.272482 	-0.0171429	0.812977
637	46    	0.218868  	0.260309 	-0.0174999	0.812977
638	46    	0.243836  	0.225829 	-0.02     	0.812308
639	43    	0.265866  	0.285451 	-0.02     	0.812308
640	47    	0.270651  	0.242032 	-0.0166667	0.812977
641	45    	0.204073  	0.227735 	-0.0166667	0.812977
642	48    	0.156195  	0.170737 	-0.017143 	0.51442 
643	42    	0.201272  	0.198952 	-0.0171428	0.739431
644	43    	0.213057  	0.19004  	-0.0160001	0.739431
645	48    	0.174469  	0.175045 	-0.0166667	0.703019
646	43    	0.214937  	0.183138 	-0.0177778	0.559398
647	44    	0.284027  	0.168528 	-0.02     	0.654077
648	48    	0.244636  	0.166527 	-0.0160001	0.654077
649	47    	0.195448  	0.145102 	-0.0160001	0.559385
650	47    	0.232431  	0.174998 	-0.02     	0.654276
651	46    	0.201394  	0.176614 	-0.02     	0.654276
652	48    	0.219706  	0.21498  	-0.02     	0.812825
653	47    	0.260575  	0.218749 	-0.0200001	0.812825
654	45    	0.227667  	0.231074 	-0.0177778	0.812083
655	45    	0.216023  	0.245398 	-0.02     	0.812825
656	44    	0.27736   	0.224561 	-0.0175   	0.812825
657	49    	0.193675  	0.204214 	-0.018    	0.812977
658	48    	0.188097  	0.192582 	-0.02     	0.515167
659	44    	0.249753  	0.168339 	-0.0171428	0.581321
660	47    	0.253783  	0.182995 	-0.0177778	0.588572
661	45    	0.23112   	0.180323 	-0.0175   	0.588572
662	48    	0.256882  	0.169387 	-0.02     	0.581443
663	47    	0.25871   	0.173693 	-0.0171428	0.581456
664	49    	0.238916  	0.160684 	-0.0171429	0.650538
665	47    	0.199989  	0.141148 	-0.02     	0.522973
666	47    	0.208689  	0.163223 	-0.02     	0.499367
667	48    	0.250497  	0.152309 	-0.02     	0.515876
668	42    	0.295717  	0.147463 	-0.016    	0.583036
669	44    	0.261181  	0.168455 	-0.0171429	0.583036
670	49    	0.20214   	0.197097 	-0.02     	0.580102
671	46    	0.275293  	0.171397 	-0.02     	0.580334
672	49    	0.236553  	0.162636 	-0.02     	0.676428
673	47    	0.274558  	0.175908 	-0.0171429	0.676428
674	42    	0.316921  	0.202197 	-0.0175   	0.745102
675	46    	0.292821  	0.217247 	-0.0171416	0.742781
676	46    	0.317406  	0.222637 	-0.0199999	0.742781
677	48    	0.268141  	0.192273 	-0.0175   	0.71312 
678	44    	0.299675  	0.217001 	-0.0199999	0.71312 
679	47    	0.262742  	0.20419  	-0.0171429	0.71312 
680	41    	0.273404  	0.222054 	-0.02     	0.71312 
681	48    	0.280732  	0.167346 	-0.02     	0.71312 
682	45    	0.282972  	0.179556 	-0.0177778	0.71312 
683	46    	0.281781  	0.201298 	-0.0177778	0.71312 
684	47    	0.273208  	0.158628 	-0.016    	0.71312 
685	49    	0.2557    	0.171833 	-0.0233333	0.699611
686	45    	0.298812  	0.207338 	-0.0171429	0.812083
687	47    	0.273585  	0.221571 	-0.02     	0.812308
688	49    	0.276454  	0.220182 	-0.02     	0.812825
689	45    	0.294886  	0.210323 	-0.02     	0.812825
690	47    	0.278019  	0.204495 	-0.02     	0.812825
691	48    	0.25772   	0.19507  	-0.02     	0.812825
692	42    	0.283576  	0.196337 	-0.0171429	0.812825
693	47    	0.233951  	0.190137 	-0.02     	0.812825
694	47    	0.230212  	0.208229 	-0.0171431	0.817371
695	44    	0.281247  	0.233191 	-0.0175   	0.817371
696	46    	0.232868  	0.187606 	-0.0199999	0.817371
697	45    	0.292742  	0.200344 	-0.0166667	0.812825
698	45    	0.253871  	0.206399 	-0.0175   	0.812825
699	44    	0.291093  	0.20954  	-0.0177779	0.829725
700	44    	0.289706  	0.173113 	-0.017143 	0.617674
701	45    	0.30921   	0.17051  	-0.0160001	0.730011
702	44    	0.313558  	0.191367 	-0.0171429	0.730011
703	43    	0.312131  	0.175443 	-0.0166666	0.730011
704	47    	0.306986  	0.166947 	-0.015    	0.648376
705	46    	0.316195  	0.17469  	-0.0175   	0.688273
706	47    	0.293266  	0.192027 	-0.0171429	0.812308
707	42    	0.290042  	0.23139  	-0.02     	0.812977
708	47    	0.26003   	0.207317 	-0.02     	0.812977
709	49    	0.21144   	0.166924 	-0.02     	0.606793
710	44    	0.241887  	0.168224 	-0.0171429	0.606793
711	46    	0.267415  	0.17493  	-0.02     	0.606793
712	45    	0.259311  	0.186174 	-0.02     	0.705842
713	49    	0.261594  	0.166532 	-0.0175001	0.816446
714	48    	0.267802  	0.15596  	-0.0171428	0.782628
715	44    	0.262089  	0.180367 	-0.0171426	0.782628
716	44    	0.336514  	0.18237  	-0.0171429	0.782628
717	46    	0.29858   	0.172876 	-0.018    	0.644364
718	41    	0.35817   	0.18333  	0.0871824 	0.698375
719	46    	0.324496  	0.17078  	-0.016    	0.710475
720	47    	0.289462  	0.164492 	-0.02     	0.678868
721	43    	0.300071  	0.174819 	-0.0175   	0.678868
722	48    	0.27139   	0.167994 	-0.02     	0.678868
723	47    	0.240598  	0.173534 	-0.0181818	0.678868
724	46    	0.21444   	0.157837 	-0.0166667	0.593841
725	46    	0.238417  	0.159142 	-0.0175   	0.566714
726	48    	0.253126  	0.146006 	-0.0200001	0.615541
727	47    	0.21722   	0.143817 	-0.02     	0.615555
728	44    	0.284739  	0.155078 	-0.02     	0.639088
729	44    	0.318228  	0.187899 	-0.0166667	0.818083
730	48    	0.281142  	0.177881 	-0.02     	0.655372
731	45    	0.319901  	0.16396  	-0.0175   	0.730031
732	49    	0.235876  	0.144755 	-0.0166667	0.514351
733	46    	0.29061   	0.164257 	-0.02     	0.817718
734	47    	0.277574  	0.185824 	-0.02     	0.817718
735	47    	0.271797  	0.15804  	-0.0166667	0.690435
736	48    	0.220049  	0.184668 	-0.0175   	0.729998
737	45    	0.247176  	0.171273 	-0.0171429	0.555267
738	47    	0.266191  	0.135539 	-0.016    	0.556238
739	50    	0.232387  	0.144112 	-0.02     	0.581456
740	47    	0.270562  	0.154003 	-0.0160002	0.58318 
741	46    	0.246878  	0.198601 	-0.0166667	0.589018
742	43    	0.213885  	0.196566 	-0.02     	0.589018
743	47    	0.223756  	0.195313 	-0.02     	0.58318 
744	42    	0.257669  	0.210217 	-0.0175001	0.83112 
745	46    	0.281409  	0.235152 	-0.0166667	0.83112 
746	45    	0.326679  	0.230537 	-0.0175   	0.83112 
747	49    	0.2847    	0.252651 	-0.0175   	0.83112 
748	41    	0.339433  	0.261217 	-0.0175001	0.83112 
749	45    	0.350109  	0.280176 	-0.02     	0.83112 
750	45    	0.331551  	0.245747 	-0.0171428	0.83112 
751	47    	0.257593  	0.216844 	-0.02     	0.83112 
752	47    	0.29257   	0.20432  	-0.02     	0.729998
753	46    	0.330947  	0.200201 	-0.0171428	0.729998
754	48    	0.29679   	0.190123 	-0.0177778	0.729998
755	45    	0.300504  	0.225473 	-0.0177778	0.70665 
756	48    	0.285826  	0.211498 	-0.02     	0.720658
757	44    	0.260912  	0.181888 	-0.02     	0.705972
758	45    	0.27967   	0.214999 	-0.0171428	0.70665 
759	44    	0.234038  	0.233933 	-0.0177774	0.70665 
760	46    	0.207881  	0.191187 	-0.0175   	0.70665 
761	45    	0.237236  	0.184201 	-0.0175   	0.70665 
762	46    	0.233968  	0.16761  	-0.02     	0.70665 
763	44    	0.251362  	0.20547  	-0.02     	0.70665 
764	43    	0.267235  	0.179022 	-0.0171429	0.70665 
765	46    	0.252731  	0.182992 	-0.0166638	0.70665 
766	46    	0.249079  	0.215891 	-0.0171429	0.70665 
767	47    	0.226246  	0.212817 	-0.0171428	0.706658
768	44    	0.275322  	0.222665 	-0.0171428	0.706658
769	47    	0.211994  	0.217525 	-0.02     	0.706658
770	47    	0.221201  	0.160084 	-0.0171427	0.702842
771	47    	0.203715  	0.166238 	-0.0166667	0.693124
772	39    	0.227023  	0.21077  	-0.02     	0.693124
773	48    	0.238612  	0.168367 	-0.0175   	0.702709
774	45    	0.198928  	0.191642 	-0.0171428	0.702709
775	43    	0.246182  	0.21799  	-0.0175001	0.70633 
776	42    	0.223929  	0.203747 	-0.0171429	0.703187
777	49    	0.21547   	0.176706 	-0.02     	0.70633 
778	46    	0.265312  	0.206303 	-0.02     	0.726095
779	46    	0.258209  	0.201688 	-0.02     	0.70633 
780	42    	0.254389  	0.233454 	-0.018    	0.706431
781	44    	0.272716  	0.219015 	-0.0166667	0.706431
782	44    	0.299412  	0.246421 	-0.02     	0.706431
783	43    	0.282462  	0.23868  	-0.02     	0.706431
784	45    	0.296468  	0.238725 	-0.0171429	0.706431
785	43    	0.246536  	0.226247 	-0.0175   	0.706431
786	45    	0.277392  	0.219113 	-0.02     	0.706431
787	42    	0.273766  	0.227276 	-0.0171429	0.706431
788	48    	0.287911  	0.230339 	-0.02     	0.706431
789	46    	0.278851  	0.232671 	-0.0177778	0.706431
790	46    	0.27748   	0.205051 	-0.0171429	0.70665 
791	45    	0.247439  	0.200197 	-0.0175   	0.70665 
792	48    	0.253564  	0.222152 	-0.02     	0.70665 
793	48    	0.269292  	0.207727 	-0.0171428	0.736126
794	46    	0.283473  	0.209233 	-0.0177778	0.736126
795	46    	0.342148  	0.241674 	-0.0177777	0.831213
796	47    	0.290831  	0.218493 	-0.0175   	0.831213
797	46    	0.296008  	0.216443 	-0.02     	0.757961
798	47    	0.281652  	0.179091 	-0.0171428	0.757961
799	46    	0.264069  	0.171828 	-0.02     	0.645829
800	46    	0.256526  	0.203457 	-0.0175   	0.648027
801	48    	0.305692  	0.194271 	-0.0177778	0.703175
802	47    	0.22044   	0.172398 	-0.02     	0.648027
803	47    	0.266719  	0.169877 	-0.0174999	0.58322 
804	44    	0.290489  	0.156218 	-0.01     	0.693195
805	44    	0.2955    	0.197407 	-0.0175   	0.695045
806	46    	0.266334  	0.171062 	-0.02     	0.616968
807	46    	0.329184  	0.156653 	-0.018    	0.731172
808	47    	0.271551  	0.186408 	-0.02     	0.731172
809	44    	0.316527  	0.187312 	-0.0181818	0.767077
810	44    	0.309297  	0.193185 	-0.0166667	0.767077
811	48    	0.279671  	0.142129 	-0.0171429	0.767077
812	45    	0.29925   	0.122477 	0.0858755 	0.583202
813	46    	0.291645  	0.182778 	-0.0181818	0.691976
814	45    	0.326026  	0.186832 	0.0729237 	0.691976
815	44    	0.30381   	0.202498 	-0.0199999	0.691976
816	48    	0.296054  	0.156884 	-0.016    	0.691976
817	46    	0.31386   	0.163712 	-0.016    	0.691976
818	47    	0.299093  	0.172227 	-0.02     	0.588796
819	44    	0.291241  	0.164738 	-0.0175   	0.588796
820	45    	0.318588  	0.141146 	-0.0175   	0.729174
821	44    	0.317674  	0.177129 	-0.0175   	0.729174
822	46    	0.284238  	0.163222 	-0.02     	0.658613
823	44    	0.294169  	0.177934 	-0.016    	0.812083
824	45    	0.281548  	0.201591 	-0.02     	0.812083
825	48    	0.241635  	0.188907 	-0.018    	0.812083
826	48    	0.256944  	0.155764 	-0.0166667	0.812083
827	43    	0.272787  	0.161567 	-0.02     	0.812083
828	48    	0.285464  	0.130545 	-0.0166667	0.703659
829	49    	0.208122  	0.217263 	-1        	0.515813
830	43    	0.256232  	0.131727 	-0.02     	0.534201
831	44    	0.279048  	0.150967 	-0.0166667	0.562381
832	46    	0.267591  	0.160199 	-0.0233333	0.599402
833	48    	0.269178  	0.150537 	-0.02     	0.605261
834	46    	0.218311  	0.168711 	-0.0233333	0.599402
835	48    	0.245709  	0.143434 	-0.0175   	0.581352
836	45    	0.274291  	0.15211  	-0.02     	0.614755
837	48    	0.273807  	0.150368 	-0.0175   	0.610234
838	45    	0.291547  	0.163127 	-0.02     	0.646043
839	47    	0.309019  	0.187636 	-0.0175001	0.73237 
840	47    	0.293167  	0.204565 	-0.02     	0.805021
841	44    	0.297014  	0.19294  	-0.02     	0.725606
842	46    	0.273731  	0.204555 	-0.0171429	0.813811
843	46    	0.254166  	0.17072  	-0.02     	0.725606
844	45    	0.329979  	0.207337 	-0.0171429	0.81995 
845	47    	0.312419  	0.241332 	-0.0166667	0.81995 
846	42    	0.310426  	0.248498 	-0.0160001	0.81995 
847	47    	0.249093  	0.241254 	-0.02     	0.81995 
848	49    	0.213476  	0.164655 	-0.02     	0.556629
849	48    	0.223124  	0.184945 	-0.02     	0.655215
850	48    	0.247928  	0.186534 	-0.02     	0.705837
851	44    	0.280547  	0.200311 	-0.0166667	0.705837
852	47    	0.243725  	0.214611 	-0.0199998	0.812308
853	47    	0.238742  	0.193122 	-0.0171429	0.705837
854	46    	0.271153  	0.175493 	-0.0171428	0.705837
855	46    	0.247814  	0.216634 	-0.0171429	0.812308
856	46    	0.257835  	0.240951 	-0.02     	0.812308
857	47    	0.193442  	0.230094 	-0.017143 	0.812308
858	47    	0.209395  	0.216104 	-0.0166667	0.813756
859	48    	0.22423   	0.208246 	-0.0171429	0.813708
860	46    	0.233205  	0.19095  	-0.02     	0.705984
861	48    	0.206127  	0.181265 	-0.0171428	0.81396 
862	48    	0.218503  	0.183269 	-0.02     	0.812308
863	45    	0.2639    	0.200189 	-0.02     	0.614471
864	44    	0.261659  	0.179565 	-0.0171429	0.627202
865	44    	0.241482  	0.183928 	-0.0175   	0.627202
866	46    	0.253969  	0.185082 	-0.0166667	0.627202
867	43    	0.264014  	0.196906 	-0.0171429	0.693521
868	49    	0.260128  	0.176991 	-0.0175   	0.70328 
869	48    	0.2648    	0.158284 	-0.0133333	0.70633 
870	49    	0.276241  	0.189625 	-0.0171429	0.70328 
871	45    	0.287205  	0.201078 	-0.0177778	0.70328 
872	41    	0.340745  	0.217514 	-0.0175   	0.70633 
873	45    	0.288017  	0.215497 	-0.0177778	0.70633 
874	50    	0.244895  	0.198748 	-0.02     	0.706335
875	48    	0.242294  	0.17622  	-0.02     	0.705944
876	48    	0.260633  	0.140436 	-0.0171429	0.616047
877	44    	0.23317   	0.169459 	-0.0171428	0.615009
878	48    	0.206238  	0.15692  	-0.02     	0.654313
879	48    	0.219279  	0.169624 	-0.0175   	0.696506
880	47    	0.193711  	0.188399 	-0.02     	0.696506
881	44    	0.270855  	0.19652  	-0.02     	0.730872
882	45    	0.258256  	0.221722 	-0.0166667	0.731304
883	48    	0.199343  	0.192053 	-0.0175   	0.731304
884	43    	0.254692  	0.192796 	-0.02     	0.731304
885	49    	0.214912  	0.194914 	-0.02     	0.725831
886	45    	0.289924  	0.188073 	-0.0171429	0.725831
887	45    	0.285507  	0.226258 	-0.0175001	0.730155
888	41    	0.301559  	0.235546 	-0.02     	0.73132 
889	46    	0.288036  	0.226026 	-0.02     	0.730155
890	48    	0.311299  	0.16199  	-0.0171429	0.730155
891	45    	0.292503  	0.193241 	-0.0200001	0.730155
892	42    	0.30948   	0.216785 	-0.0177777	0.730155
893	46    	0.257135  	0.185732 	-0.0175   	0.65468 
894	44    	0.294616  	0.209728 	-0.02     	0.731304
895	45    	0.271894  	0.20753  	-0.02     	0.731304
896	49    	0.221924  	0.144811 	-0.0175001	0.654898
897	48    	0.241999  	0.146459 	-0.02     	0.614561
898	42    	0.272702  	0.185569 	-0.02     	0.706168
899	48    	0.258058  	0.190051 	-0.0171429	0.702292
900	47    	0.221116  	0.194964 	-0.0171429	0.702292
901	49    	0.245729  	0.192699 	-0.0200001	0.769769
902	48    	0.257837  	0.175827 	-0.016    	0.706596
903	47    	0.28428   	0.176284 	-0.0233333	0.730153
904	43    	0.256153  	0.182004 	-0.0200001	0.730153
905	49    	0.218918  	0.161607 	-0.0200002	0.616047
906	46    	0.266842  	0.187253 	-0.02     	0.706596
907	48    	0.180136  	0.166013 	-0.02     	0.538922
908	48    	0.241617  	0.155656 	-0.02     	0.595119
909	47    	0.234092  	0.157265 	-0.0171428	0.542103
910	42    	0.278173  	0.147955 	-0.02     	0.542103
911	47    	0.26859   	0.166266 	-0.02     	0.542103
912	47    	0.263585  	0.177444 	-0.0171429	0.702292
913	47    	0.247064  	0.186748 	-0.0183333	0.594058
914	45    	0.285524  	0.184261 	-0.02     	0.594058
915	46    	0.170417  	0.185829 	-0.0171429	0.594058
916	47    	0.206905  	0.16148  	-0.02     	0.583036
917	44    	0.24972   	0.181761 	-0.0171429	0.583036
918	49    	0.196886  	0.161667 	-0.0171428	0.574421
919	44    	0.244891  	0.156089 	-0.02     	0.517741
920	45    	0.279528  	0.147896 	-0.0171428	0.581279
921	46    	0.258812  	0.172592 	-0.0175   	0.594012
922	49    	0.270125  	0.160244 	-0.0233333	0.594058
923	46    	0.260869  	0.18235  	-0.0175   	0.703049
924	46    	0.290136  	0.191577 	-0.0166667	0.703049
925	49    	0.257647  	0.19891  	-0.0175001	0.785545
926	49    	0.218205  	0.175688 	-0.02     	0.804176
927	48    	0.281555  	0.159698 	-0.015    	0.703445
928	44    	0.276716  	0.19894  	-0.0166666	0.703445
929	46    	0.296865  	0.173686 	-0.0171429	0.703445
930	47    	0.22921   	0.181844 	-0.0177778	0.706515
931	47    	0.256969  	0.209941 	-0.02     	0.706596
932	45    	0.268018  	0.193318 	-0.0200001	0.703208
933	47    	0.301298  	0.161366 	-0.015    	0.693521
934	45    	0.285662  	0.191911 	-0.02     	0.693521
935	42    	0.304322  	0.182617 	-0.0181819	0.659439
936	49    	0.260247  	0.155075 	-0.02     	0.654763
937	44    	0.257563  	0.172318 	-0.0171429	0.654763
938	49    	0.231148  	0.143624 	-0.02     	0.559616
939	42    	0.29415   	0.1529   	-0.02     	0.693426
940	43    	0.246914  	0.16742  	-0.02     	0.559616
941	49    	0.27958   	0.174213 	-0.0175   	0.693426
942	46    	0.236197  	0.172724 	-0.02     	0.693426
943	45    	0.251511  	0.211441 	-0.0171429	0.706596
944	48    	0.262496  	0.192129 	-0.0171429	0.706515
945	45    	0.253827  	0.211062 	-0.0171428	0.706515
946	49    	0.208021  	0.189975 	-0.0199999	0.702748
947	46    	0.233068  	0.190256 	-0.0166666	0.706046
948	44    	0.296562  	0.229166 	-0.0171429	0.706046
949	46    	0.250912  	0.199153 	-0.0171428	0.706046
950	48    	0.225294  	0.19063  	-0.0199999	0.705921
951	46    	0.255148  	0.189819 	-0.02     	0.705921
952	48    	0.212697  	0.180115 	-0.0166667	0.800245
953	45    	0.212119  	0.183686 	-0.0200001	0.800245
954	48    	0.216271  	0.199767 	-0.0175   	0.837178
955	47    	0.249411  	0.177036 	-0.0200001	0.837178
956	44    	0.27991   	0.17803  	-0.0177778	0.837178
957	49    	0.219537  	0.167128 	-0.0175   	0.583103
958	49    	0.183887  	0.149167 	-0.02     	0.653479
959	45    	0.245619  	0.147889 	-0.02     	0.716782
960	45    	0.231642  	0.143937 	-0.0177778	0.63801 
961	47    	0.225894  	0.150022 	-0.0175   	0.642814
962	47    	0.280169  	0.127757 	-0.018    	0.672489
963	45    	0.306292  	0.178024 	-0.018    	0.832435
964	47    	0.268528  	0.174537 	-0.0200001	0.672489
965	49    	0.289533  	0.154364 	-0.02     	0.672489
966	49    	0.223506  	0.16089  	-0.02     	0.597216
967	47    	0.253025  	0.147073 	-0.0166667	0.705857
968	46    	0.301278  	0.176698 	-0.0175   	0.705857
969	47    	0.257538  	0.158748 	-0.02     	0.811396
970	44    	0.288661  	0.196556 	-0.02     	0.811396
971	47    	0.291921  	0.161946 	-0.02     	0.701963
972	47    	0.247712  	0.181163 	-0.0177778	0.646046
973	44    	0.309604  	0.159353 	0.0555387 	0.651069
974	47    	0.295528  	0.13134  	0.116647  	0.693145
975	44    	0.337791  	0.172676 	-0.02     	0.693145
976	48    	0.306511  	0.153895 	-0.0166667	0.813954
977	47    	0.27688   	0.143891 	-0.01     	0.813954
978	47    	0.32282   	0.162741 	-0.0133333	0.813954
979	47    	0.2706    	0.183596 	-0.02     	0.813924
980	46    	0.323066  	0.185915 	-0.02     	0.813924
981	48    	0.285659  	0.212653 	-0.0177777	0.813924
982	44    	0.275945  	0.204688 	-0.02     	0.727424
983	46    	0.283983  	0.198558 	-0.02     	0.727424
984	41    	0.295149  	0.213938 	-0.0177778	0.727424
985	45    	0.293698  	0.196742 	-0.02     	0.727424
986	46    	0.271827  	0.20066  	-0.017143 	0.690496
987	42    	0.326717  	0.186259 	-0.0165573	0.691147
988	44    	0.269267  	0.192125 	-0.0171429	0.691147
989	46    	0.270479  	0.190051 	-0.0175   	0.660184
990	45    	0.291932  	0.191948 	-0.0171429	0.660184
991	43    	0.288303  	0.205207 	-0.02     	0.660184
992	48    	0.229569  	0.158494 	-0.0199999	0.653395
993	46    	0.252861  	0.143636 	-0.0171429	0.705828
994	46    	0.260232  	0.17433  	-0.0175   	0.616311
995	48    	0.263569  	0.163345 	-0.0175   	0.704074
996	43    	0.299689  	0.17662  	-0.0171428	0.704074
997	42    	0.285758  	0.200624 	-0.0175   	0.724298
998	47    	0.260292  	0.200591 	-0.02     	0.724298
999	48    	0.220055  	0.141968 	-0.02     	0.724298
1000	45    	0.277059  	0.167777 	-0.02     	0.726095
