gen	nevals	avg     	stddev	min     	max     
0  	50    	0.218369	0     	0.218369	0.218369
1  	47    	0.0842179	0.110791	-0.0160001	0.306831
2  	49    	0.0886161	0.12723 	-0.02     	0.514537
3  	46    	0.159699 	0.157216	-0.02     	0.514537
4  	47    	0.16499  	0.153896	-0.0166667	0.514537
5  	42    	0.191301 	0.15999 	-0.0171428	0.514537
6  	48    	0.148876 	0.183996	-0.02     	0.812825
7  	45    	0.186522 	0.195234	-0.02     	0.812825
8  	44    	0.203434 	0.176452	-0.02     	0.812825
9  	47    	0.179413 	0.202354	-0.02     	0.812825
10 	47    	0.169731 	0.170884	-0.02     	0.812825
11 	46    	0.181441 	0.179784	-0.02     	0.580116
12 	47    	0.160587 	0.176011	-0.02     	0.557632
13 	47    	0.168407 	0.132099	-0.0177777	0.393449
14 	47    	0.179822 	0.133541	-0.016    	0.447775
15 	41    	0.235066 	0.11033 	-0.02     	0.393449
16 	43    	0.216865 	0.12117 	-0.0171429	0.407289
17 	49    	0.238649 	0.131999	-0.0171429	0.554369
18 	47    	0.223744 	0.139294	-0.02     	0.624123
19 	46    	0.219725 	0.103821	-0.02     	0.426626
20 	46    	0.251043 	0.0999325	-0.016    	0.486955
21 	48    	0.221251 	0.110981 	-0.02     	0.486955
22 	46    	0.22515  	0.119764 	-0.0181818	0.439255
23 	44    	0.282192 	0.105231 	-0.0166667	0.637077
24 	44    	0.276722 	0.144006 	-0.0177778	0.637077
25 	46    	0.257763 	0.132158 	-0.0166667	0.560038
26 	49    	0.226907 	0.111628 	-0.02     	0.468561
27 	48    	0.238949 	0.0948192	-0.0160002	0.526218
28 	45    	0.253216 	0.10653  	-0.016    	0.469806
29 	46    	0.268164 	0.127361 	-0.02     	0.736102
30 	48    	0.264833 	0.139867 	-0.0160001	0.610121
31 	44    	0.254843 	0.139873 	-0.018    	0.565597
32 	48    	0.296655 	0.129677 	-0.0133333	0.600121
33 	45    	0.25821  	0.148068 	-0.02     	0.626721
34 	45    	0.265175 	0.147628 	-0.0166666	0.626721
35 	46    	0.273524 	0.118593 	-0.018    	0.626721
36 	43    	0.28571  	0.132584 	-0.0175   	0.626721
37 	46    	0.273272 	0.142756 	-0.0228571	0.64369 
38 	45    	0.278491 	0.138994 	-0.0175   	0.64369 
39 	45    	0.285305 	0.130705 	-0.0175   	0.64369 
40 	46    	0.278994 	0.0959743	0.117862  	0.466254
41 	45    	0.271345 	0.125104 	-0.0181818	0.609987
42 	46    	0.2925   	0.131959 	-0.0159999	0.626115
43 	45    	0.298835 	0.140819 	0.0755601 	0.719338
44 	42    	0.300741 	0.187694 	-0.018    	0.719338
45 	45    	0.302319 	0.149887 	-0.02     	0.719338
46 	47    	0.269221 	0.145612 	-0.0171429	0.579534
47 	45    	0.295619 	0.123007 	-0.0175   	0.579534
48 	46    	0.268232 	0.161362 	-0.02     	0.579534
49 	47    	0.267742 	0.118407 	-0.0166666	0.579534
50 	41    	0.280972 	0.103465 	0.077619  	0.529393
51 	46    	0.253534 	0.120298 	-0.0199999	0.529393
52 	41    	0.292743 	0.116593 	-0.018    	0.543044
53 	44    	0.262151 	0.123573 	-0.0133333	0.543044
54 	46    	0.230718 	0.175569 	-0.0175   	0.609479
55 	48    	0.278668 	0.136602 	-0.018    	0.593006
56 	46    	0.263894 	0.132769 	-0.0166667	0.593006
57 	48    	0.26752  	0.107175 	-0.0171429	0.593006
58 	45    	0.17588  	0.406704 	-1        	0.593006
59 	46    	0.265492 	0.27395  	-1        	0.593006
60 	46    	0.282402 	0.20892  	-1        	0.593006
61 	43    	0.297548 	0.0995357	0.124443  	0.593006
62 	47    	0.237061 	0.328343 	-1        	0.592781
63 	49    	0.298247 	0.100267 	0.128471  	0.617202
64 	43    	0.330027 	0.102958 	0.124017  	0.715813
65 	47    	0.339613 	0.112665 	0.141282  	0.584744
66 	46    	0.165552 	0.439522 	-1        	0.573974
67 	46    	0.182121 	0.408421 	-1        	0.573974
68 	47    	0.300551 	0.21297  	-1        	0.587459
69 	50    	0.159819 	0.393995 	-1        	0.443363
70 	48    	0.293149 	0.0881016	0.0942836 	0.544899
71 	48    	0.299677 	0.0861887	0.079794  	0.544899
72 	50    	0.269416 	0.089363 	0.104145  	0.638937
73 	48    	0.16378  	0.394193 	-1        	0.503935
74 	48    	0.268204 	0.197551 	-1        	0.443861
75 	49    	0.26549  	0.199982 	-1        	0.479512
76 	45    	0.197803 	0.359937 	-1        	0.514335
77 	44    	0.246673 	0.262146 	-1        	0.428653
78 	46    	0.300366 	0.0829484	0.0926637 	0.49132 
79 	45    	0.068159 	0.504922 	-1        	0.4407  
80 	46    	0.176482 	0.400482 	-1        	0.568901
81 	49    	0.195207 	0.35969  	-1        	0.425768
82 	47    	0.296056 	0.0956849	-0.0171428	0.500835
83 	48    	0.224037 	0.322854 	-1        	0.497766
84 	44    	0.182788 	0.368413 	-1        	0.54486 
85 	46    	0.284609 	0.107553 	-0.0171429	0.54486 
86 	48    	0.270282 	0.209819 	-1        	0.4993  
87 	47    	0.193215 	0.360043 	-1        	0.465819
88 	46    	0.184768 	0.355699 	-1        	0.394754
89 	47    	0.0655705	0.503538 	-1        	0.457728
90 	44    	0.158001 	0.433832 	-1        	0.521738
91 	48    	0.210607 	0.315442 	-1        	0.521738
92 	44    	0.171229 	0.398072 	-1        	0.521738
93 	44    	0.17586  	0.39983  	-1        	0.521738
94 	47    	0.201048 	0.361735 	-1        	0.461723
95 	45    	0.203357 	0.36303  	-1        	0.480557
96 	46    	0.188972 	0.368106 	-1        	0.518696
97 	45    	0.282234 	0.203171 	-1        	0.518696
98 	42    	0.29046  	0.205643 	-1        	0.518696
99 	45    	0.282516 	0.206828 	-1        	0.518696
100	46    	0.278789 	0.211449 	-1        	0.518696
101	44    	0.248233 	0.271358 	-1        	0.518696
102	43    	0.239136 	0.271614 	-1        	0.518696
103	42    	0.277544 	0.131837 	-0.016    	0.518696
104	47    	0.270852 	0.119077 	-0.02     	0.621811
105	47    	0.282059 	0.112217 	-0.0183333	0.621811
106	45    	0.290525 	0.114774 	-0.016    	0.621811
107	46    	0.302534 	0.108946 	-0.0166667	0.518384
108	44    	0.303112 	0.0940028	0.129215  	0.518384
109	45    	0.305808 	0.0954966	0.129254  	0.518384
110	49    	0.277551 	0.091782 	0.0390903 	0.51118 
111	46    	0.276357 	0.0771531	0.0531309 	0.44769 
112	43    	0.299089 	0.200882 	-1        	0.48201 
113	47    	0.162005 	0.395705 	-1        	0.451588
114	49    	0.0389165	0.526889 	-1        	0.529666
115	49    	-0.195562	0.633472 	-1        	0.45914 
116	46    	0.166702 	0.400131 	-1        	0.45914 
117	48    	0.188415 	0.358687 	-1        	0.420314
118	46    	0.205221 	0.36198  	-1        	0.514444
119	47    	0.183999 	0.323349 	-1        	0.514444
120	46    	0.227298 	0.282602 	-1        	0.812308
121	48    	0.149102 	0.40246  	-1        	0.471454
122	44    	0.188909 	0.363866 	-1        	0.471454
123	48    	0.203459 	0.362105 	-1        	0.461475
124	47    	0.235078 	0.323031 	-1        	0.470865
125	45    	0.178928 	0.402547 	-1        	0.509304
126	41    	0.312675 	0.212052 	-1        	0.519512
127	45    	0.240678 	0.21276  	-1        	0.509304
128	46    	0.246349 	0.275423 	-1        	0.509304
129	47    	0.269055 	0.204191 	-1        	0.509304
130	47    	0.266397 	0.206464 	-1        	0.509304
131	45    	0.299225 	0.0911839	0.121896  	0.473679
132	46    	0.318881 	0.0959445	0.120508  	0.596471
133	49    	0.272674 	0.117701 	0.0543696 	0.737341
134	42    	0.262456 	0.221118 	-1        	0.737341
135	45    	0.26333  	0.136797 	-0.0177778	0.737341
136	46    	0.278489 	0.107375 	0.070752  	0.737341
137	47    	0.269839 	0.087739 	-0.0166667	0.450542
138	49    	0.236682 	0.200874 	-1        	0.450542
139	48    	0.259578 	0.101262 	-0.016    	0.423014
140	45    	0.231868 	0.264338 	-1        	0.41731 
141	50    	0.254343 	0.203216 	-1        	0.476492
142	43    	0.283315 	0.115314 	-0.01     	0.476492
143	47    	0.295733 	0.0878148	0.125499  	0.515884
144	46    	0.292682 	0.103883 	0.084128  	0.487425
145	44    	0.295179 	0.107946 	0.0572297 	0.600956
146	45    	0.302712 	0.0910458	0.161062  	0.487425
147	48    	0.271304 	0.0954587	-0.01     	0.467369
148	45    	0.283632 	0.107029 	0.065778  	0.49113 
149	45    	0.28934  	0.108087 	-0.0171428	0.467369
150	43    	0.277926 	0.100353 	0.0727445 	0.467369
151	46    	0.314241 	0.0920716	0.115684  	0.593935
152	46    	0.299374 	0.0976515	-0.01     	0.593935
153	40    	0.31529  	0.112611 	0.0881507 	0.593935
154	46    	0.301912 	0.104505 	0.0841666 	0.593935
155	46    	0.286157 	0.109543 	0.0487675 	0.593935
156	46    	0.267077 	0.206433 	-1        	0.593935
157	47    	0.28831  	0.0780748	0.137507  	0.461307
158	46    	0.295167 	0.0824992	0.12038   	0.46326 
159	49    	0.213029 	0.324836 	-1        	0.571219
160	48    	0.283338 	0.105178 	-0.0149999	0.469972
161	47    	0.28117  	0.0918991	0.105167  	0.536738
162	49    	0.239016 	0.203945 	-1        	0.495289
163	45    	0.28984  	0.0972398	0.106273  	0.550429
164	47    	0.282476 	0.208119 	-1        	0.541149
165	48    	0.14682  	0.430056 	-1        	0.479262
166	48    	0.0985124	0.485326 	-1        	0.467007
167	47    	0.207272 	0.366822 	-1        	0.557864
168	45    	0.192288 	0.363355 	-1        	0.537776
169	44    	0.217229 	0.368738 	-1        	0.582286
170	47    	0.236768 	0.271006 	-1        	0.582286
171	47    	0.237498 	0.268104 	-1        	0.582286
172	46    	0.195564 	0.36142  	-1        	0.448071
173	47    	0.246756 	0.271237 	-1        	0.64149 
174	43    	0.273199 	0.272604 	-1        	0.55468 
175	49    	0.153175 	0.393898 	-1        	0.495452
176	47    	0.182257 	0.399728 	-1        	0.514467
177	42    	0.184654 	0.403757 	-1        	0.514467
178	47    	0.222898 	0.320488 	-1        	0.514467
179	48    	0.199108 	0.406823 	-1        	0.535068
180	44    	0.0962875	0.4869   	-1        	0.535068
181	47    	0.127468 	0.426886 	-1        	0.535068
182	48    	0.260991 	0.27991  	-1        	0.571348
183	44    	0.208539 	0.41269  	-1        	0.571348
184	50    	0.181766 	0.400499 	-1        	0.449799
185	46    	0.0999734	0.485218 	-1        	0.477717
186	46    	0.25421  	0.271252 	-1        	0.477717
187	47    	0.234738 	0.271301 	-1        	0.572482
188	48    	0.309815 	0.0897326	0.087774  	0.503858
189	49    	0.30923  	0.0780882	0.0573319 	0.503858
190	45    	0.222283 	0.369049 	-1        	0.503858
191	41    	0.269383 	0.335526 	-1        	0.564431
192	49    	0.200543 	0.363824 	-1        	0.503858
193	47    	0.293786 	0.218688 	-1        	0.533289
194	49    	0.2424   	0.271949 	-1        	0.503858
195	47    	0.241743 	0.322665 	-1        	0.562796
196	48    	0.292118 	0.0816428	0.165406  	0.562796
197	45    	0.244405 	0.326901 	-1        	0.475812
198	44    	0.224908 	0.373793 	-1        	0.540615
199	46    	0.297158 	0.0938092	0.10954   	0.629449
200	41    	0.268347 	0.34394  	-1        	0.629449
201	47    	0.192691 	0.366156 	-1        	0.535811
202	48    	0.311362 	0.0830742	0.104819  	0.499303
203	46    	0.160105 	0.440047 	-1        	0.607742
204	42    	0.164298 	0.477762 	-1        	0.607742
205	48    	0.231762 	0.268828 	-1        	0.607742
206	43    	0.197757 	0.409352 	-1        	0.607742
207	47    	0.255053 	0.271504 	-1        	0.484325
208	44    	0.193869 	0.361498 	-1        	0.484325
209	43    	0.2315   	0.322301 	-1        	0.499384
210	49    	0.02709  	0.521423 	-1        	0.490232
211	48    	0.163262 	0.392515 	-1        	0.397404
212	47    	0.307244 	0.203901 	-1        	0.573765
213	45    	0.287963 	0.105146 	-0.015    	0.530444
214	45    	0.215999 	0.320349 	-1        	0.530444
215	45    	0.227922 	0.322196 	-1        	0.530444
216	43    	0.143699 	0.430675 	-1        	0.499406
217	44    	0.211225 	0.319111 	-1        	0.561096
218	48    	0.288832 	0.0726601	0.144358  	0.499406
219	47    	0.242944 	0.271619 	-1        	0.525495
220	45    	0.276459 	0.214345 	-1        	0.622946
221	45    	0.287673 	0.203785 	-1        	0.594612
222	45    	0.291121 	0.208051 	-1        	0.484931
223	47    	0.280474 	0.197628 	-1        	0.473594
224	45    	0.330562 	0.0740904	0.170031  	0.52079 
225	44    	0.202628 	0.365563 	-1        	0.483712
226	47    	0.284874 	0.201814 	-1        	0.514218
227	47    	0.215128 	0.319279 	-1        	0.514218
228	48    	0.181374 	0.404577 	-1        	0.503986
229	47    	0.163175 	0.399513 	-1        	0.522429
230	45    	0.152217 	0.401137 	-1        	0.591908
231	47    	0.240751 	0.224565 	-1        	0.591908
232	46    	0.214045 	0.280363 	-1        	0.591908
233	49    	0.193934 	0.281927 	-1        	0.591908
234	47    	0.204234 	0.219005 	-1        	0.654207
235	47    	0.242193 	0.159434 	-0.02     	0.654207
236	46    	0.213281 	0.187589 	-0.0171429	0.654723
237	44    	0.23367  	0.200003 	-0.0171428	0.654723
238	49    	0.164014 	0.16215  	-0.02     	0.654313
239	48    	0.170985 	0.138659 	-0.02     	0.583225
240	47    	0.204469 	0.122308 	-0.02     	0.514611
241	48    	0.19697  	0.138356 	-0.02     	0.514611
242	47    	0.241081 	0.138639 	-0.02     	0.514611
243	43    	0.266689 	0.154863 	-0.0181818	0.517478
244	45    	0.234473 	0.192776 	-0.0171429	0.813708
245	44    	0.211613 	0.153808 	-0.0171429	0.514611
246	46    	0.199655 	0.156466 	-0.0175   	0.558081
247	50    	0.186232 	0.168155 	-0.02     	0.813708
248	47    	0.227479 	0.152174 	-0.0175   	0.813708
249	44    	0.205982 	0.136131 	-0.0166667	0.428923
250	45    	0.240215 	0.135338 	-0.0160001	0.611766
251	45    	0.258484 	0.163632 	-0.0171429	0.768217
252	47    	0.247268 	0.130706 	-0.0133333	0.768217
253	48    	0.246764 	0.145634 	-0.0199999	0.642402
254	45    	0.255986 	0.146463 	-0.0171429	0.642402
255	46    	0.266115 	0.129368 	-0.02     	0.642402
256	48    	0.242877 	0.15857  	-0.0180001	0.720228
257	47    	0.284314 	0.126554 	0.0952673 	0.720228
258	45    	0.25248  	0.122788 	0.0599948 	0.720228
259	45    	0.267089 	0.140151 	-0.02     	0.565877
260	45    	0.265535 	0.152916 	-0.02     	0.565877
261	42    	0.277588 	0.14002  	-0.0175   	0.565877
262	45    	0.253149 	0.137162 	-0.0225   	0.565877
263	45    	0.263692 	0.146576 	-0.0175   	0.5874  
264	45    	0.262155 	0.120918 	-0.0175   	0.565877
265	47    	0.233135 	0.125778 	-0.018    	0.565877
266	47    	0.259435 	0.118923 	-0.0166666	0.565877
267	49    	0.217042 	0.112465 	-0.0171429	0.480553
268	46    	0.238362 	0.114353 	-0.015    	0.480553
269	45    	0.22591  	0.121088 	-0.02     	0.480553
270	49    	0.233771 	0.131194 	-0.0181818	0.651402
271	47    	0.257582 	0.14572  	-0.0175001	0.651402
272	46    	0.271587 	0.13876  	-0.015    	0.651402
273	49    	0.228749 	0.128761 	-0.02     	0.651402
274	46    	0.251648 	0.152398 	-0.0166667	0.673766
275	44    	0.306546 	0.146103 	-0.0133333	0.689693
276	49    	0.239295 	0.146763 	-0.0175   	0.643469
277	47    	0.216076 	0.128539 	-0.0177778	0.552293
278	46    	0.228734 	0.158916 	-0.0166667	0.667449
279	46    	0.278302 	0.132168 	-0.0171428	0.667449
280	47    	0.262782 	0.138407 	-0.02     	0.667449
281	46    	0.250174 	0.130153 	-0.02     	0.667449
282	44    	0.291998 	0.111428 	-0.0181818	0.574329
283	44    	0.292067 	0.117435 	-0.0133332	0.57701 
284	44    	0.312897 	0.118457 	-0.0133337	0.57701 
285	49    	0.266892 	0.102774 	-0.0166666	0.57701 
286	45    	0.286528 	0.0883861	-0.0183334	0.470161
287	47    	0.282665 	0.0954027	-0.02     	0.446   
288	46    	0.29492  	0.202583 	-1        	0.494464
289	47    	0.239692 	0.270274 	-1        	0.494464
290	48    	0.220726 	0.31874  	-1        	0.488044
291	45    	0.244578 	0.269474 	-1        	0.488044
292	49    	0.266747 	0.199909 	-1        	0.546252
293	44    	0.192678 	0.36067  	-1        	0.444297
294	45    	0.285365 	0.201271 	-1        	0.54973 
295	45    	0.20704  	0.363241 	-1        	0.469867
296	46    	0.240452 	0.276083 	-1        	0.514777
297	49    	0.167412 	0.354308 	-1        	0.481062
298	47    	0.0614675	0.474754 	-1        	0.646868
299	44    	0.188052 	0.371064 	-1        	0.646868
300	46    	0.276852 	0.208131 	-1        	0.646868
301	48    	0.159611 	0.443285 	-1        	0.703208
302	48    	0.280424 	0.118844 	-0.0159999	0.613381
303	47    	0.261527 	0.133913 	-0.0171428	0.56141 
304	46    	0.236592 	0.272664 	-1        	0.56141 
305	45    	0.191581 	0.231231 	-1        	0.56141 
306	48    	0.245755 	0.118172 	-0.0175   	0.51637 
307	48    	0.233135 	0.115848 	-0.02     	0.580399
308	44    	0.231913 	0.228058 	-1        	0.580399
309	45    	0.162363 	0.370468 	-1        	0.580399
310	47    	0.123008 	0.430869 	-1        	0.580399
311	45    	0.10621  	0.426329 	-1        	0.580399
312	47    	0.0804834	0.4826   	-1        	0.580399
313	45    	0.115691 	0.423326 	-1        	0.434493
314	45    	0.0403251	0.528249 	-1        	0.609187
315	45    	0.254541 	0.21546  	-1        	0.47815 
316	46    	0.239599 	0.265152 	-1        	0.47815 
317	48    	0.263517 	0.199342 	-1        	0.468159
318	47    	0.306042 	0.0815338	0.144815  	0.47135 
319	47    	0.206591 	0.316252 	-1        	0.47135 
320	46    	0.288349 	0.199018 	-1        	0.461559
321	50    	0.185889 	0.402939 	-1        	0.520861
322	45    	0.310076 	0.205735 	-1        	0.520861
323	42    	0.323324 	0.224    	-1        	0.68265 
324	48    	0.325316 	0.122116 	0.0704573 	0.711654
325	47    	0.283054 	0.118433 	0.0495978 	0.711654
326	45    	0.279585 	0.112739 	0.0724406 	0.61355 
327	49    	0.255923 	0.199549 	-1        	0.509551
328	48    	0.248445 	0.266429 	-1        	0.482677
329	48    	0.226031 	0.32014  	-1        	0.502675
330	45    	0.239148 	0.322558 	-1        	0.512239
331	46    	0.255286 	0.271437 	-1        	0.524982
332	47    	0.279883 	0.209195 	-1        	0.587591
333	43    	0.198481 	0.332158 	-1        	0.587591
334	46    	0.263032 	0.280678 	-1        	0.587591
335	47    	0.276831 	0.271877 	-1        	0.554016
336	46    	0.326519 	0.0924569	0.127596  	0.582916
337	45    	0.239655 	0.325002 	-1        	0.582916
338	46    	0.140936 	0.429741 	-1        	0.582916
339	45    	0.279501 	0.21431  	-1        	0.582916
340	45    	0.27067  	0.278877 	-1        	0.582916
341	44    	0.307327 	0.10079  	0.0615732 	0.582916
342	46    	0.195854 	0.363296 	-1        	0.582916
343	48    	0.113357 	0.454314 	-1        	0.444914
344	49    	0.186721 	0.358465 	-1        	0.451629
345	47    	0.247455 	0.265195 	-1        	0.466402
346	46    	0.255564 	0.267676 	-1        	0.521066
347	49    	0.100224 	0.48595  	-1        	0.550333
348	47    	0.140997 	0.428144 	-1        	0.550333
349	44    	0.210192 	0.31629  	-1        	0.448109
350	46    	0.31138  	0.0732829	0.175978  	0.46311 
351	42    	0.276456 	0.278401 	-1        	0.531047
352	45    	0.25396  	0.275115 	-1        	0.515503
353	44    	0.277915 	0.222407 	-1        	0.636946
354	43    	0.268992 	0.143678 	-0.015    	0.636946
355	45    	0.282514 	0.133589 	-0.0171416	0.636946
356	48    	0.262308 	0.197583 	-1        	0.515503
357	46    	0.2467   	0.205277 	-1        	0.515503
358	47    	0.257981 	0.114177 	-0.0171429	0.515503
359	47    	0.246731 	0.12209  	-0.0177778	0.515662
360	43    	0.241481 	0.234244 	-1        	0.515662
361	46    	0.208276 	0.176258 	-0.02     	0.654898
362	44    	0.259274 	0.188488 	-0.0166667	0.654898
363	47    	0.194415 	0.156437 	-0.02     	0.496535
364	44    	0.230619 	0.14801  	-0.0171429	0.515856
365	46    	0.184529 	0.158118 	-0.0181817	0.515856
366	45    	0.190524 	0.166597 	-0.0175   	0.515856
367	45    	0.157849 	0.155492 	-0.02     	0.515856
368	50    	0.130887 	0.158633 	-0.02     	0.752806
369	45    	0.214952 	0.118992 	-0.02     	0.43581 
370	44    	0.217519 	0.14269  	-0.02     	0.43581 
371	46    	0.223873 	0.130311 	-0.0171429	0.427955
372	48    	0.253635 	0.114179 	-0.0171428	0.506964
373	45    	0.257045 	0.134818 	-0.02     	0.654207
374	48    	0.236978 	0.117623 	-0.02     	0.526222
375	45    	0.256093 	0.103898 	-0.02     	0.485924
376	45    	0.277786 	0.0815369	0.0727961 	0.425818
377	48    	0.242278 	0.123374 	-0.0181818	0.51393 
378	46    	0.293946 	0.118719 	-0.01     	0.57623 
379	46    	0.263584 	0.109509 	-0.0133334	0.527035
380	48    	0.279355 	0.104027 	-0.016    	0.485112
381	45    	0.264572 	0.118909 	-0.0171429	0.477774
382	45    	0.261706 	0.144201 	-0.0177778	0.595055
383	46    	0.21081  	0.159787 	-0.02     	0.697011
384	46    	0.262804 	0.13743  	-0.0166666	0.697011
385	43    	0.291158 	0.168625 	-0.0175   	0.697011
386	45    	0.267044 	0.160298 	-0.0177778	0.697011
387	46    	0.289803 	0.127294 	-0.02     	0.697011
388	45    	0.270689 	0.144119 	-0.0175   	0.697011
389	47    	0.263805 	0.103751 	-0.0175   	0.484174
390	47    	0.276978 	0.0916878	0.082929  	0.476916
391	42    	0.305387 	0.123705 	-0.017143 	0.528662
392	46    	0.255275 	0.116653 	-0.0181818	0.532047
393	43    	0.260356 	0.128303 	-0.0159985	0.532047
394	48    	0.262559 	0.119145 	-0.0166669	0.536468
395	47    	0.259889 	0.105659 	-0.02     	0.476916
396	47    	0.269983 	0.124686 	-0.018    	0.564296
397	46    	0.264737 	0.129971 	-0.02     	0.564296
398	48    	0.243625 	0.105064 	-0.02     	0.515767
399	44    	0.300484 	0.0949079	0.103266  	0.515767
400	46    	0.229322 	0.211813 	-1        	0.515767
401	42    	0.294012 	0.138332 	-0.0184615	0.560597
402	47    	0.275961 	0.143944 	-0.02     	0.548746
403	47    	0.27532  	0.122939 	-0.0200001	0.548746
404	46    	0.301112 	0.111489 	0.0713826 	0.548746
405	44    	0.279289 	0.118847 	-0.0166667	0.548746
406	49    	0.260594 	0.127835 	-0.0171428	0.529266
407	44    	0.244495 	0.14466  	-0.02     	0.529266
408	46    	0.273617 	0.130656 	-0.0181819	0.618013
409	49    	0.248665 	0.109359 	-0.02     	0.497171
410	48    	0.253356 	0.109777 	-0.0177777	0.497171
411	46    	0.273599 	0.114245 	-0.018    	0.510281
412	45    	0.258183 	0.123578 	-0.016    	0.474895
413	47    	0.266503 	0.117744 	-0.0166667	0.474895
414	47    	0.281295 	0.119731 	-0.0181818	0.650913
415	43    	0.260332 	0.132916 	0.0567888 	0.650913
416	46    	0.284979 	0.120168 	-0.0177778	0.650913
417	45    	0.268208 	0.13864  	-0.018    	0.650913
418	46    	0.290009 	0.125011 	0.0999512 	0.650913
419	50    	0.261861 	0.11581  	-0.02     	0.723819
420	47    	0.26103  	0.100036 	-0.016    	0.54321 
421	45    	0.288615 	0.108322 	0.0991318 	0.574262
422	48    	0.287426 	0.0922537	0.0666033 	0.574262
423	44    	0.29192  	0.0886138	0.081821  	0.574262
424	47    	0.253835 	0.211414 	-1        	0.574262
425	44    	0.292556 	0.116    	0.0699444 	0.574695
426	47    	0.307482 	0.109136 	-0.0222223	0.574262
427	43    	0.295562 	0.113786 	0.0544444 	0.574262
428	48    	0.269432 	0.115547 	-0.0133334	0.574262
429	49    	0.271595 	0.114584 	-0.0171429	0.625236
430	46    	0.272631 	0.0933933	0.0863101 	0.574262
431	48    	0.277677 	0.0846858	0.0969805 	0.574262
432	45    	0.29265  	0.101086 	0.0773041 	0.574262
433	47    	0.283814 	0.129862 	-0.0218182	0.582452
434	46    	0.280614 	0.121707 	-0.0200002	0.582452
435	46    	0.281839 	0.113601 	0.0526906 	0.582452
436	45    	0.282812 	0.130937 	-0.0171429	0.582452
437	48    	0.298331 	0.101452 	0.122351  	0.573802
438	44    	0.299751 	0.206464 	-1        	0.573802
439	47    	0.243555 	0.210531 	-1        	0.458619
440	42    	0.286756 	0.213317 	-1        	0.49233 
441	45    	0.293333 	0.206078 	-1        	0.51922 
442	43    	0.20333  	0.409272 	-1        	0.51922 
443	45    	0.270093 	0.273415 	-1        	0.51922 
444	47    	0.189621 	0.40551  	-1        	0.532829
445	44    	0.276658 	0.198135 	-1        	0.475224
446	47    	0.131398 	0.460394 	-1        	0.442337
447	45    	0.169505 	0.402862 	-1        	0.580606
448	46    	0.29207  	0.0910971	0.0933328 	0.580606
449	47    	0.305821 	0.0815207	0.113073  	0.485348
450	45    	0.258708 	0.271996 	-1        	0.483075
451	44    	0.311051 	0.0980724	0.0346045 	0.555271
452	49    	0.277387 	0.0850406	0.0917912 	0.511939
453	47    	0.303845 	0.104965 	0.140716  	0.653484
454	43    	0.321401 	0.135414 	-0.0133333	0.653484
455	47    	0.304843 	0.137839 	-0.016    	0.653484
456	49    	0.269459 	0.114261 	-0.0166591	0.541468
457	45    	0.302159 	0.11486  	-0.015    	0.560818
458	47    	0.295063 	0.0945242	0.0782352 	0.560818
459	48    	0.281075 	0.101666 	0.086548  	0.550992
460	45    	0.297048 	0.138067 	-0.0181818	0.673762
461	48    	0.278285 	0.113481 	-0.0166667	0.550992
462	43    	0.314154 	0.13931  	-0.0181818	0.550992
463	45    	0.271863 	0.130815 	-0.0216667	0.550992
464	47    	0.255549 	0.113258 	-0.0177778	0.550992
465	44    	0.286419 	0.0889787	0.125191  	0.550992
466	45    	0.287663 	0.10538  	-0.0184615	0.550992
467	44    	0.300178 	0.105359 	-0.0181818	0.550992
468	45    	0.276883 	0.218353 	-1        	0.597824
469	48    	0.244875 	0.123657 	-0.0171428	0.555053
470	41    	0.300738 	0.122215 	-0.0200001	0.598428
471	47    	0.256047 	0.121348 	-0.0171429	0.582586
472	45    	0.288751 	0.128194 	-0.0133332	0.582586
473	45    	0.305299 	0.116606 	0.102146  	0.582586
474	45    	0.278864 	0.132787 	-0.02     	0.582586
475	44    	0.291564 	0.129458 	-0.0171429	0.582586
476	46    	0.267324 	0.127143 	-0.0175   	0.580116
477	45    	0.244543 	0.140245 	-0.0177778	0.581687
478	43    	0.234056 	0.290883 	-1        	0.583187
479	45    	0.280075 	0.166258 	-0.0171429	0.71382 
480	46    	0.224444 	0.170517 	-0.0166667	0.71382 
481	41    	0.244969 	0.208932 	-0.02     	0.71382 
482	46    	0.242388 	0.195445 	-0.0171428	0.71382 
483	43    	0.243029 	0.207126 	-0.02     	0.71382 
484	50    	0.233667 	0.125261 	-0.0166667	0.628691
485	48    	0.227147 	0.135068 	-0.02     	0.581364
486	48    	0.204129 	0.147244 	-0.02     	0.513963
487	47    	0.203493 	0.116211 	-0.0185715	0.469089
488	44    	0.241612 	0.093075 	-0.0166666	0.469089
489	44    	0.245799 	0.131657 	-0.0175001	0.492948
490	41    	0.287488 	0.123684 	-0.0166665	0.492948
491	45    	0.26345  	0.110128 	-0.016    	0.483003
492	45    	0.270831 	0.107057 	-0.0133333	0.483003
493	46    	0.246366 	0.0869954	-0.016    	0.446325
494	47    	0.240741 	0.113544 	-0.016    	0.544205
495	44    	0.261416 	0.12035  	-0.0199999	0.544205
496	41    	0.292293 	0.129477 	-0.0181818	0.544205
497	47    	0.248152 	0.130125 	-0.02     	0.577129
498	46    	0.205292 	0.142475 	-0.0177779	0.532205
499	44    	0.283368 	0.123963 	-0.02     	0.532205
500	47    	0.25585  	0.120599 	-0.018    	0.603658
501	45    	0.276503 	0.12199  	-0.0177778	0.603658
502	45    	0.273664 	0.159424 	-0.02     	0.678176
503	50    	0.212956 	0.150065 	-0.0175001	0.543594
504	46    	0.266956 	0.147943 	-0.02     	0.543594
505	45    	0.290602 	0.134506 	-0.0171429	0.620399
506	50    	0.235404 	0.112189 	-0.0181818	0.470028
507	45    	0.256275 	0.0901208	-0.0171429	0.383636
508	46    	0.242005 	0.136226 	-0.0166667	0.645045
509	43    	0.2756   	0.131085 	-0.0171429	0.612645
510	47    	0.244901 	0.114628 	-0.0133333	0.612645
511	48    	0.256667 	0.110556 	-0.0166667	0.535384
512	48    	0.21626  	0.132724 	-0.02     	0.473088
513	50    	0.253104 	0.0857976	0.0951313 	0.453082
514	46    	0.27515  	0.0880705	0.103284  	0.453082
515	41    	0.27077  	0.213722 	-1        	0.609982
516	46    	0.275999 	0.211546 	-1        	0.544714
517	43    	0.288894 	0.123317 	-0.0149998	0.586434
518	48    	0.269391 	0.109541 	-0.0166666	0.485746
519	49    	0.264664 	0.0965142	-0.0171429	0.525001
520	48    	0.264844 	0.0928812	-0.0133334	0.483739
521	48    	0.255072 	0.20124  	-1        	0.497962
522	47    	0.268068 	0.214038 	-1        	0.508234
523	46    	0.149378 	0.398521 	-1        	0.537529
524	42    	0.169357 	0.443427 	-1        	0.537529
525	49    	0.227693 	0.321229 	-1        	0.522681
526	45    	0.221539 	0.373642 	-1        	0.522681
527	45    	0.314559 	0.208301 	-1        	0.62964 
528	49    	0.310668 	0.0793304	0.134795  	0.489317
529	43    	0.300842 	0.207933 	-1        	0.48787 
530	46    	0.238297 	0.276433 	-1        	0.48787 
531	47    	0.213585 	0.318831 	-1        	0.48787 
532	45    	0.114836 	0.492937 	-1        	0.48787 
533	45    	0.237268 	0.32809  	-1        	0.548345
534	43    	0.200335 	0.368291 	-1        	0.548345
535	46    	0.20993  	0.367157 	-1        	0.548345
536	47    	0.16447  	0.396272 	-1        	0.472993
537	45    	0.208632 	0.367895 	-1        	0.483097
538	42    	0.262362 	0.275527 	-1        	0.502449
539	49    	0.195637 	0.368784 	-1        	0.599755
540	45    	0.237259 	0.268936 	-1        	0.492398
541	47    	0.0970748	0.48505  	-1        	0.513774
542	46    	0.058611 	0.535447 	-1        	0.549831
543	44    	0.10921  	0.492984 	-1        	0.549831
544	45    	0.161577 	0.440275 	-1        	0.567807
545	49    	0.178562 	0.399603 	-1        	0.510887
546	48    	0.236733 	0.274624 	-1        	0.555315
547	47    	0.199102 	0.367499 	-1        	0.566334
548	47    	0.285849 	0.0985212	-0.0159999	0.566334
549	47    	0.201545 	0.316834 	-1        	0.495796
550	46    	0.196462 	0.361218 	-1        	0.454046
551	46    	0.276334 	0.202531 	-1        	0.469103
552	42    	0.313315 	0.0837319	0.149506  	0.497394
553	47    	0.30149  	0.0715262	0.125451  	0.442917
554	49    	0.231663 	0.266566 	-1        	0.480167
555	44    	0.285957 	0.0980558	0.074641  	0.480167
556	47    	0.271826 	0.20017  	-1        	0.477426
557	46    	0.233199 	0.319816 	-1        	0.477426
558	44    	0.194576 	0.408975 	-1        	0.566212
559	43    	0.231065 	0.378435 	-1        	0.566212
560	46    	0.0485526	0.53041  	-1        	0.566212
561	47    	0.271989 	0.201546 	-1        	0.566212
562	47    	0.0696667	0.506168 	-1        	0.566212
563	49    	0.0858824	0.483743 	-1        	0.50729 
564	46    	-0.130641	0.628789 	-1        	0.475547
565	48    	-0.190606	0.640513 	-1        	0.527216
566	47    	-0.120375	0.635782 	-1        	0.527216
567	47    	-0.0792742	0.605629 	-1        	0.441916
568	47    	-0.128141 	0.628125 	-1        	0.441916
569	47    	0.174538  	0.398282 	-1        	0.480029
570	47    	-0.0659526	0.588244 	-1        	0.521173
571	47    	0.208263  	0.32314  	-1        	0.662318
572	49    	0.140591  	0.437376 	-1        	0.662318
573	49    	0.0806874 	0.510177 	-1        	0.480113
574	41    	0.27031   	0.276237 	-1        	0.467998
575	42    	0.137641  	0.47203  	-1        	0.496864
576	44    	0.171409  	0.439711 	-1        	0.496864
577	47    	0.238205  	0.324521 	-1        	0.504031
578	44    	0.138321  	0.467999 	-1        	0.504031
579	42    	0.281516  	0.277289 	-1        	0.504031
580	47    	0.154759  	0.432263 	-1        	0.504031
581	44    	0.182564  	0.403609 	-1        	0.504031
582	47    	0.210372  	0.366564 	-1        	0.504031
583	49    	0.171179  	0.437698 	-1        	0.574823
584	46    	0.0135593 	0.574134 	-1        	0.519524
585	47    	0.0840481 	0.51697  	-1        	0.653793
586	47    	0.185609  	0.401934 	-1        	0.458454
587	48    	0.124881  	0.460441 	-1        	0.49022 
588	43    	0.253103  	0.272313 	-1        	0.49022 
589	48    	0.21142   	0.367138 	-1        	0.55072 
590	49    	0.178764  	0.3574   	-1        	0.475164
591	49    	0.15883   	0.397903 	-1        	0.540187
592	46    	0.18733   	0.358151 	-1        	0.433786
593	49    	0.270222  	0.201374 	-1        	0.482255
594	47    	0.154527  	0.432731 	-1        	0.470086
595	45    	0.160298  	0.437361 	-1        	0.496296
596	44    	0.234924  	0.332314 	-1        	0.791396
597	46    	0.126566  	0.462223 	-1        	0.578478
598	47    	0.189     	0.404836 	-1        	0.496741
599	47    	0.111546  	0.489794 	-1        	0.499338
600	48    	0.254585  	0.266415 	-1        	0.499338
601	47    	0.233709  	0.271101 	-1        	0.546129
602	45    	-0.120275 	0.636936 	-1        	0.546129
603	46    	0.191275  	0.364873 	-1        	0.499338
604	47    	0.22551   	0.327389 	-1        	0.499338
605	46    	0.193876  	0.365292 	-1        	0.502278
606	41    	0.188493  	0.411532 	-1        	0.502278
607	45    	0.264665  	0.203402 	-1        	0.502278
608	46    	0.0727979 	0.511047 	-1        	0.502278
609	44    	0.117206  	0.496624 	-1        	0.502278
610	45    	0.130636  	0.501017 	-1        	0.59922 
611	47    	0.177762  	0.442993 	-1        	0.59922 
612	47    	-0.041195 	0.575359 	-1        	0.598193
613	40    	0.266953  	0.339607 	-1        	0.598193
614	48    	-0.0446851	0.601983 	-1        	0.598193
615	45    	0.114472  	0.492574 	-1        	0.525739
616	46    	0.17248   	0.441633 	-1        	0.532536
617	46    	0.113944  	0.492313 	-1        	0.532536
618	49    	0.179308  	0.401359 	-1        	0.499376
619	44    	0.118357  	0.492969 	-1        	0.499376
620	46    	0.077209  	0.511702 	-1        	0.539639
621	45    	0.209375  	0.365709 	-1        	0.539639
622	47    	0.137515  	0.429409 	-1        	0.539639
623	44    	0.115822  	0.495119 	-1        	0.571418
624	48    	-0.00356642	0.596027 	-1        	0.546704
625	47    	-0.0647052 	0.588432 	-1        	0.537887
626	47    	0.0775186  	0.514065 	-1        	0.537887
627	47    	0.0283385  	0.552466 	-1        	0.51929 
628	48    	0.129045   	0.463125 	-1        	0.461205
629	47    	0.185001   	0.361645 	-1        	0.540832
630	47    	0.121359   	0.459724 	-1        	0.472327
631	46    	0.166439   	0.437576 	-1        	0.507596
632	48    	0.102353   	0.491957 	-1        	0.654104
633	43    	-0.00678991	0.59786  	-1        	0.654104
634	49    	0.0922077  	0.488442 	-1        	0.654104
635	48    	0.316535   	0.205175 	-1        	0.629945
636	46    	0.119882   	0.461708 	-1        	0.629945
637	45    	0.247357   	0.32906  	-1        	0.629945
638	45    	0.171486   	0.445188 	-1        	0.629945
639	46    	0.243119   	0.327692 	-1        	0.542565
640	44    	0.213903   	0.367107 	-1        	0.542565
641	47    	0.183655   	0.401697 	-1        	0.471986
642	46    	0.174486   	0.40307  	-1        	0.498465
643	48    	0.20154    	0.368852 	-1        	0.619046
644	46    	0.255634   	0.212633 	-1        	0.519819
645	44    	0.221188   	0.28192  	-1        	0.519819
646	47    	0.261985   	0.107381 	-0.016    	0.519819
647	46    	0.26034    	0.117266 	-0.0177778	0.580232
648	42    	0.257222   	0.217053 	-1        	0.519819
649	46    	0.267025   	0.146228 	-0.02     	0.519819
650	46    	0.275122   	0.132882 	-0.0171429	0.527099
651	47    	0.266589   	0.126637 	-0.0171429	0.561527
652	46    	0.278273   	0.138332 	-0.02     	0.703171
653	47    	0.226732   	0.140583 	-0.02125  	0.561527
654	49    	0.247138   	0.134538 	-0.0171428	0.590259
655	47    	0.275207   	0.119546 	-0.0133337	0.577731
656	47    	0.255765   	0.158436 	-0.02     	0.581932
657	48    	0.286184   	0.0925697	0.0895983 	0.472805
658	46    	0.290776   	0.110841 	-0.0175   	0.472805
659	45    	0.292609   	0.109992 	-0.02     	0.472805
660	44    	0.299302   	0.0995353	-0.016    	0.472805
661	46    	0.255175   	0.203056 	-1        	0.462446
662	46    	0.234588   	0.324894 	-1        	0.466849
663	46    	0.292358   	0.0854819	0.140906  	0.472581
664	45    	0.233572   	0.324858 	-1        	0.472581
665	46    	0.223295   	0.322865 	-1        	0.477488
666	47    	0.283423   	0.207174 	-1        	0.553663
667	44    	0.217831   	0.324269 	-1        	0.553663
668	49    	0.281778   	0.19992  	-1        	0.496256
669	48    	0.249519   	0.264569 	-1        	0.475082
670	43    	0.301213   	0.202646 	-1        	0.537569
671	46    	0.172531   	0.398888 	-1        	0.475082
672	49    	0.222044   	0.324429 	-1        	0.549049
673	47    	0.194532   	0.363236 	-1        	0.549049
674	48    	0.234679   	0.328163 	-1        	0.674971
675	47    	0.186688   	0.370004 	-1        	0.674971
676	46    	0.259459   	0.279713 	-1        	0.674971
677	46    	0.26941    	0.211441 	-1        	0.674971
678	49    	0.245973   	0.275155 	-1        	0.659798
679	38    	0.324985   	0.111761 	0.0828995 	0.659798
680	47    	0.251597   	0.275354 	-1        	0.659798
681	48    	0.21859    	0.329918 	-1        	0.659798
682	48    	0.305563   	0.114392 	-0.0166667	0.659798
683	46    	0.307841   	0.110139 	0.111644  	0.659798
684	48    	0.236214   	0.269552 	-1        	0.659798
685	48    	0.28591    	0.0970027	-0.02     	0.510978
686	48    	0.234761   	0.269894 	-1        	0.537852
687	45    	0.276556   	0.0910479	0.0278984 	0.461121
688	46    	0.290251   	0.0770049	0.102821  	0.419531
689	45    	0.265433   	0.207035 	-1        	0.483454
690	44    	0.310455   	0.0681493	0.146085  	0.483454
691	45    	0.251718   	0.195605 	-1        	0.483454
692	43    	0.284563   	0.206118 	-1        	0.483454
693	46    	0.25454    	0.272266 	-1        	0.483454
694	48    	0.139095   	0.392436 	-1        	0.500666
695	43    	0.290245   	0.202491 	-1        	0.563527
696	44    	0.199021   	0.366394 	-1        	0.563527
697	44    	0.29032    	0.209444 	-1        	0.563527
698	46    	0.237642   	0.324815 	-1        	0.586268
699	48    	0.209813   	0.31831  	-1        	0.436492
700	49    	0.247067   	0.265478 	-1        	0.47512 
701	47    	0.308487   	0.0731343	0.170011  	0.461483
702	44    	0.172793   	0.402722 	-1        	0.461483
703	45    	0.123827   	0.463529 	-1        	0.514184
704	46    	0.168407   	0.399469 	-1        	0.520156
705	46    	0.197331   	0.407744 	-1        	0.530258
706	45    	0.170325   	0.441127 	-1        	0.490412
707	47    	0.127127   	0.463778 	-1        	0.525814
708	48    	-0.0213833 	0.588079 	-1        	0.671665
709	47    	0.202462   	0.410144 	-1        	0.595698
710	49    	0.168243   	0.399804 	-1        	0.559071
711	44    	0.262824   	0.27197  	-1        	0.559071
712	45    	0.250965   	0.272454 	-1        	0.559071
713	49    	0.225048   	0.271883 	-1        	0.559034
714	48    	0.276906   	0.0829291	0.0760383 	0.43309 
715	46    	0.298311   	0.0689065	0.112868  	0.446463
716	47    	0.294482   	0.0696461	0.150469  	0.45127 
717	49    	0.087571   	0.478683 	-1        	0.425692
718	48    	0.189646   	0.360821 	-1        	0.484594
719	48    	0.0229839  	0.516897 	-1        	0.456285
720	48    	0.240878   	0.263105 	-1        	0.44708 
721	49    	0.281447   	0.20935  	-1        	0.589555
722	47    	0.229063   	0.326165 	-1        	0.589555
723	47    	0.174972   	0.444888 	-1        	0.589555
724	45    	0.335433   	0.113788 	0.0668357 	0.589555
725	47    	0.303028   	0.090125 	0.135517  	0.573946
726	48    	0.255335   	0.197041 	-1        	0.436748
727	43    	0.287221   	0.0886581	-0.015    	0.522239
728	49    	0.237274   	0.266933 	-1        	0.4726  
729	46    	0.22738    	0.322318 	-1        	0.604163
730	46    	0.25975    	0.277577 	-1        	0.604163
731	48    	0.245867   	0.269514 	-1        	0.604163
732	47    	0.10885    	0.458242 	-1        	0.604163
733	49    	0.2406     	0.267215 	-1        	0.604163
734	44    	0.2345     	0.271022 	-1        	0.448783
735	43    	0.29637    	0.20098  	-1        	0.460334
736	46    	0.228158   	0.324692 	-1        	0.551547
737	45    	0.163337   	0.43793  	-1        	0.525899
738	43    	0.23529    	0.327717 	-1        	0.525899
739	49    	0.237081   	0.335758 	-1        	0.600809
740	45    	0.21075    	0.371627 	-1        	0.596871
741	44    	0.186064   	0.409338 	-1        	0.596871
742	43    	0.220163   	0.32799  	-1        	0.515972
743	45    	0.172822   	0.443783 	-1        	0.527546
744	47    	0.229506   	0.323075 	-1        	0.514039
745	47    	0.129081   	0.424004 	-1        	0.506871
746	45    	0.00112286 	0.566737 	-1        	0.506871
747	46    	0.0887161  	0.482841 	-1        	0.475031
748	39    	0.217224   	0.372903 	-1        	0.475031
749	47    	0.170159   	0.398324 	-1        	0.475031
750	47    	0.194874   	0.361686 	-1        	0.54241 
751	46    	0.244237   	0.325906 	-1        	0.54241 
752	46    	0.265833   	0.27775  	-1        	0.54241 
753	45    	0.234393   	0.329659 	-1        	0.579336
754	42    	0.257738   	0.337169 	-1        	0.579336
755	46    	0.298863   	0.110339 	0.121903  	0.579336
756	48    	0.281599   	0.211557 	-1        	0.736993
757	43    	0.125546   	0.506055 	-1        	0.736993
758	48    	-0.0804968 	0.610587 	-1        	0.736993
759	48    	-0.139899  	0.654473 	-1        	0.736993
760	48    	-0.393608  	0.688456 	-1        	0.736993
761	47    	-0.229718  	0.660853 	-1        	0.736993
762	46    	-0.389527  	0.667653 	-1        	0.736993
763	47    	-0.273865  	0.676356 	-1        	0.736993
764	45    	-0.335114  	0.699595 	-1        	0.736993
765	46    	-0.342058  	0.691224 	-1        	0.736993
766	40    	-0.289638  	0.721234 	-1        	0.736993
767	47    	-0.475713  	0.675937 	-1        	0.736993
768	44    	-0.48918   	0.690076 	-1        	0.736993
769	46    	-0.363439  	0.697495 	-1        	0.736993
770	48    	-0.310835  	0.672911 	-1        	0.736993
771	46    	-0.0924491 	0.63542  	-1        	0.736993
772	48    	-0.291176  	0.635165 	-1        	0.475439
773	46    	-0.118109  	0.609235 	-1        	0.546761
774	47    	0.227084   	0.320105 	-1        	0.547119
775	45    	0.249525   	0.272872 	-1        	0.547119
776	47    	0.25918    	0.330825 	-1        	0.640094
777	44    	0.319753   	0.0914484	0.161116  	0.640094
778	47    	0.299478   	0.0970234	0.0642005 	0.537557
779	45    	0.195293   	0.36188  	-1        	0.537557
780	46    	0.22652    	0.318663 	-1        	0.537557
781	45    	0.270374   	0.270548 	-1        	0.537557
782	49    	0.240726   	0.264075 	-1        	0.501429
783	43    	0.237733   	0.329276 	-1        	0.583204
784	46    	0.283825   	0.206261 	-1        	0.583204
785	47    	0.226455   	0.267786 	-1        	0.455178
786	45    	0.23778    	0.327526 	-1        	0.538491
787	46    	0.229189   	0.32513  	-1        	0.538491
788	47    	0.197764   	0.367254 	-1        	0.498584
789	46    	0.263773   	0.273094 	-1        	0.52536 
790	42    	0.143389   	0.476077 	-1        	0.5629  
791	46    	0.168759   	0.4383   	-1        	0.52536 
792	46    	0.197305   	0.366015 	-1        	0.52536 
793	46    	0.256988   	0.277104 	-1        	0.52536 
794	44    	0.276615   	0.212713 	-1        	0.531018
795	47    	0.268296   	0.201251 	-1        	0.531018
796	49    	0.274277   	0.0954298	-0.0171429	0.458534
797	45    	0.301311   	0.0986046	-0.0175   	0.492894
798	44    	0.245424   	0.278356 	-1        	0.49603 
799	45    	0.180972   	0.367582 	-1        	0.49603 
800	46    	0.117567   	0.42377  	-1        	0.49603 
801	46    	0.0640725  	0.505449 	-1        	0.49603 
802	48    	0.0116149  	0.545129 	-1        	0.512419
803	46    	0.134033   	0.431991 	-1        	0.512419
804	45    	0.0085058  	0.542835 	-1        	0.512419
805	46    	0.108579   	0.490365 	-1        	0.479723
806	48    	0.114307   	0.420584 	-1        	0.475954
807	44    	0.234153   	0.268816 	-1        	0.486581
808	48    	0.264548   	0.0840513	0.0746323 	0.437056
809	45    	0.215191   	0.272798 	-1        	0.437056
810	48    	0.20763    	0.265502 	-1        	0.437056
811	47    	0.233814   	0.264717 	-1        	0.438526
812	46    	0.192801   	0.319514 	-1        	0.520416
813	46    	0.277763   	0.200481 	-1        	0.457151
814	44    	0.19087    	0.407687 	-1        	0.543925
815	48    	0.245475   	0.267747 	-1        	0.543925
816	45    	0.257999   	0.274052 	-1        	0.543925
817	49    	0.296375   	0.0764951	0.132387  	0.509075
818	44    	0.324853   	0.0880552	0.140276  	0.570344
819	43    	0.339362   	0.0940863	0.171102  	0.570344
820	44    	0.256114   	0.331584 	-1        	0.570344
821	42    	0.277081   	0.286344 	-1        	0.653382
822	45    	0.283721   	0.282255 	-1        	0.653382
823	46    	0.21692    	0.371787 	-1        	0.570344
824	48    	0.095354   	0.482632 	-1        	0.479016
825	45    	0.228271   	0.369953 	-1        	0.494877
826	47    	0.224013   	0.31765  	-1        	0.45246 
827	47    	0.160841   	0.437399 	-1        	0.493568
828	45    	0.22156    	0.318342 	-1        	0.471433
829	45    	-0.0165813 	0.588161 	-1        	0.471433
830	46    	0.0601024  	0.535848 	-1        	0.485184
831	48    	-0.106868  	0.615891 	-1        	0.471433
832	43    	-0.0431697 	0.600778 	-1        	0.525937
833	45    	-0.0173867 	0.587711 	-1        	0.525937
834	47    	-0.159393  	0.633869 	-1        	0.525937
835	47    	-0.0325542 	0.608141 	-1        	0.531839
836	44    	0.065372   	0.506385 	-1        	0.525937
837	48    	0.100498   	0.48815  	-1        	0.516336
838	47    	0.105463   	0.486887 	-1        	0.516336
839	46    	0.172028   	0.402766 	-1        	0.536603
840	44    	0.129158   	0.499466 	-1        	0.536603
841	47    	-0.138124  	0.650937 	-1        	0.520505
842	46    	-0.111998  	0.641353 	-1        	0.512774
843	45    	-0.170453  	0.652822 	-1        	0.512774
844	46    	0.0674378  	0.540748 	-1        	0.512774
845	46    	-0.0892864 	0.628771 	-1        	0.527595
846	48    	0.19762    	0.371512 	-1        	0.519924
847	47    	0.173563   	0.40056  	-1        	0.519924
848	44    	-0.0134153 	0.590468 	-1        	0.519924
849	48    	-0.0062354 	0.56275  	-1        	0.484999
850	49    	-0.130297  	0.601719 	-1        	0.50191 
851	48    	0.172077   	0.400184 	-1        	0.563907
852	46    	0.0710989  	0.508922 	-1        	0.563907
853	49    	0.160707   	0.395582 	-1        	0.545466
854	45    	0.140451   	0.466128 	-1        	0.545466
855	44    	0.0652159  	0.538757 	-1        	0.545466
856	48    	0.026266   	0.554323 	-1        	0.545466
857	43    	-0.0799304 	0.637693 	-1        	0.545466
858	48    	-0.00717098	0.59416  	-1        	0.545466
859	48    	-0.00296209	0.565121 	-1        	0.503652
860	46    	0.127942   	0.463022 	-1        	0.491874
861	45    	0.149617   	0.469388 	-1        	0.491874
862	49    	0.00638955 	0.570642 	-1        	0.592723
863	48    	0.122247   	0.45869  	-1        	0.503413
864	45    	-0.0559955 	0.594345 	-1        	0.655079
865	49    	0.13315    	0.465016 	-1        	0.567298
866	47    	0.23351    	0.268657 	-1        	0.489772
867	48    	0.298946   	0.201897 	-1        	0.522466
868	47    	0.160979   	0.436744 	-1        	0.522466
869	44    	0.129168   	0.462415 	-1        	0.555662
870	47    	0.215938   	0.366745 	-1        	0.501778
871	47    	0.170866   	0.401392 	-1        	0.479211
872	47    	0.222553   	0.368285 	-1        	0.460177
873	49    	0.162465   	0.393619 	-1        	0.460177
874	43    	0.0407188  	0.524558 	-1        	0.538509
875	48    	0.0618459  	0.505133 	-1        	0.538509
876	45    	0.0688494  	0.50669  	-1        	0.538509
877	41    	0.252891   	0.330971 	-1        	0.545594
878	46    	0.267507   	0.275698 	-1        	0.619312
879	44    	0.287055   	0.213967 	-1        	0.619312
880	43    	0.318336   	0.114743 	0.069878  	0.619312
881	45    	0.326387   	0.10719  	0.127094  	0.632696
882	44    	0.309517   	0.216721 	-1        	0.632696
883	46    	0.270222   	0.285595 	-1        	0.632696
884	47    	0.271248   	0.282543 	-1        	0.632696
885	43    	0.304647   	0.288658 	-1        	0.632696
886	46    	0.327489   	0.11231  	0.113181  	0.632696
887	46    	0.27273    	0.277489 	-1        	0.632696
888	42    	0.248152   	0.330215 	-1        	0.632696
889	44    	0.260417   	0.271619 	-1        	0.456489
890	48    	0.272966   	0.193698 	-1        	0.456489
891	48    	0.18006    	0.354216 	-1        	0.456489
892	49    	0.235229   	0.260967 	-1        	0.418615
893	45    	0.230983   	0.319729 	-1        	0.474042
894	45    	0.171499   	0.399389 	-1        	0.474042
895	47    	0.245198   	0.267445 	-1        	0.47036 
896	45    	0.26031    	0.203195 	-1        	0.47036 
897	46    	0.157088   	0.435395 	-1        	0.567459
898	45    	0.160961   	0.437656 	-1        	0.567459
899	48    	0.261753   	0.268796 	-1        	0.567459
900	46    	0.175515   	0.402764 	-1        	0.567459
901	47    	0.276723   	0.204113 	-1        	0.567459
902	47    	0.0755364  	0.47622  	-1        	0.567459
903	45    	0.270523   	0.269495 	-1        	0.533953
904	47    	0.260519   	0.268853 	-1        	0.561117
905	47    	0.179849   	0.403179 	-1        	0.523767
906	46    	0.240585   	0.321215 	-1        	0.523767
907	44    	0.17197    	0.444357 	-1        	0.523767
908	49    	0.216219   	0.31848  	-1        	0.489735
909	46    	0.28755    	0.206274 	-1        	0.540695
910	46    	0.25305    	0.270152 	-1        	0.535549
911	46    	0.101954   	0.487396 	-1        	0.535549
912	48    	0.142846   	0.467231 	-1        	0.501559
913	47    	0.20667    	0.367989 	-1        	0.501559
914	47    	0.0591947  	0.534571 	-1        	0.541193
915	42    	0.334406   	0.20996  	-1        	0.541193
916	45    	0.289745   	0.202414 	-1        	0.541193
917	44    	0.113864   	0.493267 	-1        	0.541193
918	43    	0.0885614  	0.550157 	-1        	0.640861
919	48    	0.152936   	0.432365 	-1        	0.458303
920	45    	0.0484755  	0.529797 	-1        	0.521421
921	46    	0.00873009 	0.571154 	-1        	0.521421
922	44    	0.141877   	0.468734 	-1        	0.521421
923	45    	0.219532   	0.371932 	-1        	0.521421
924	49    	0.10021    	0.484931 	-1        	0.500595
925	45    	0.141512   	0.433364 	-1        	0.523941
926	47    	0.0639234  	0.50581  	-1        	0.505491
927	47    	0.0987279  	0.489063 	-1        	0.484109
928	49    	0.212301   	0.363491 	-1        	0.484109
929	49    	0.0969327  	0.483867 	-1        	0.471255
930	44    	0.154025   	0.46944  	-1        	0.468374
931	48    	-0.0379368 	0.575058 	-1        	0.457975
932	46    	0.176169   	0.396698 	-1        	0.423398
933	49    	0.209635   	0.261218 	-1        	0.46514 
934	45    	0.210528   	0.369863 	-1        	0.53573 
935	44    	0.169247   	0.438033 	-1        	0.495358
936	46    	0.207493   	0.413117 	-1        	0.544561
937	46    	0.167231   	0.437292 	-1        	0.476189
938	46    	0.170719   	0.400284 	-1        	0.489644
939	48    	0.228709   	0.318159 	-1        	0.463656
940	46    	0.227723   	0.323974 	-1        	0.473826
941	45    	0.212279   	0.366323 	-1        	0.545155
942	46    	0.221991   	0.366983 	-1        	0.45427 
943	46    	0.176763   	0.40174  	-1        	0.481304
944	47    	0.115661   	0.457074 	-1        	0.45427 
945	49    	0.120798   	0.45745  	-1        	0.459293
946	42    	0.217709   	0.412072 	-1        	0.511997
947	45    	0.101174   	0.486343 	-1        	0.515927
948	47    	0.16573    	0.440415 	-1        	0.570638
949	44    	0.151645   	0.439322 	-1        	0.570638
950	47    	0.314926   	0.086168 	0.10733   	0.503662
951	47    	0.226952   	0.324903 	-1        	0.580852
952	46    	0.233864   	0.320774 	-1        	0.504673
953	48    	0.180268   	0.399497 	-1        	0.522212
954	48    	0.0885593  	0.481107 	-1        	0.502221
955	46    	0.138071   	0.465697 	-1        	0.586252
956	48    	0.210378   	0.366021 	-1        	0.484814
957	42    	0.206662   	0.411365 	-1        	0.529911
958	45    	0.251449   	0.271023 	-1        	0.545153
959	45    	0.3004     	0.207593 	-1        	0.545153
960	42    	0.319388   	0.122646 	-0.0133334	0.635369
961	46    	0.304398   	0.088988 	0.130372  	0.545153
962	47    	0.279812   	0.287603 	-1        	0.829909
963	41    	0.310522   	0.136942 	0.0860348 	0.829909
964	44    	0.270485   	0.305659 	-1        	0.829909
965	45    	0.31131    	0.150099 	-0.015    	0.829909
966	47    	0.262045   	0.228595 	-1        	0.829909
967	45    	0.312804   	0.0871342	0.0341997 	0.568417
968	48    	0.280605   	0.0962637	-0.015    	0.499022
969	48    	0.285969   	0.10665  	0.0671239 	0.499022
970	44    	0.28245    	0.107443 	-0.0133333	0.499022
971	46    	0.258629   	0.21458  	-1        	0.75202 
972	46    	0.248008   	0.128992 	-0.02     	0.75202 
973	48    	0.2517     	0.124405 	-0.02     	0.75202 
974	47    	0.27224    	0.0987175	0.0759915 	0.500764
975	46    	0.274911   	0.0887148	0.0833315 	0.5103  
976	44    	0.267402   	0.123554 	-0.02     	0.5103  
977	47    	0.259977   	0.129606 	-0.0171428	0.524528
978	45    	0.273586   	0.12201  	-0.0150002	0.571371
979	48    	0.301916   	0.114226 	0.108314  	0.588105
980	48    	0.276651   	0.0990941	0.107502  	0.571371
981	49    	0.260642   	0.280014 	-1        	0.749096
982	46    	0.279709   	0.213598 	-1        	0.749096
983	45    	0.292686   	0.220498 	-1        	0.749096
984	44    	0.29152    	0.127282 	0.0468378 	0.749096
985	42    	0.318225   	0.148715 	0.0852434 	0.749096
986	46    	0.286925   	0.227766 	-1        	0.749096
987	48    	0.263921   	0.0956609	0.0994229 	0.485196
988	46    	0.308674   	0.0944428	0.064145  	0.535093
989	47    	0.29149    	0.10676  	0.102837  	0.535093
990	45    	0.199775   	0.367494 	-1        	0.535093
991	43    	0.151198   	0.433112 	-1        	0.523812
992	46    	0.118185   	0.461278 	-1        	0.523812
993	47    	0.309289   	0.110639 	-0.02     	0.60289 
994	45    	0.312195   	0.1013   	0.119624  	0.60289 
995	44    	0.191193   	0.413851 	-1        	0.60289 
996	45    	0.243573   	0.344483 	-1        	0.691922
997	40    	0.324182   	0.155508 	-0.0166667	0.691922
998	44    	0.260497   	0.226042 	-1        	0.60289 
999	46    	0.302461   	0.138758 	-0.02     	0.639617
1000	43    	0.300977   	0.116712 	0.0579854 	0.60289 