Argument values: path=C:\Users\1625203\Downloads\Framsticks50rc22\Framsticks50rc22, lib=None, sim=eval-allcriteria.sim;deterministic.sim;sample-period-2.sim;f9-mut-040.sim, genformat=None, initialgenotype=/*9*/BLU, opt=vertpos, popsize=50, generations=1000, tournament=10, pmut=0.9, pxov=0.2, hof_size=1, hof_savefile=None, max_numparts=30, max_numjoints=None, max_numneurons=None, max_numconnections=None, max_numgenochars=50
Using Framsticks version: 5.0rc22
Home (writable) dir     : C:\Users\1625203\Downloads\Framsticks50rc22\Framsticks50rc22\data
Resources dir           : C:\Users\1625203\Downloads\Framsticks50rc22\Framsticks50rc22\data

Available objects: ['CheckpointEvent', 'Collision', 'CrCollision', 'Creature', 'CreatureSettings', 'CreatureSignals', 'CreatureSnapshot', 'Dictionary', 'ExpProperties', 'ExpState', 'ExtValue', 'File', 'FunctionReference', 'GenMan', 'GenManStats', 'GenePool', 'GenePools', 'Geno', 'Genotype', 'Interface', 'Joint', 'Loader', 'Math', 'MechJoint', 'MechPart', 'MessageCatcher', 'Model', 'ModelGeometry', 'ModelSymmetry', 'Neuro', 'NeuroClass', 'NeuroClassLibrary', 'NeuroDef', 'NeuroSignals', 'NeuronsSimEnabled', 'ODE', 'Orient', 'Part', 'Population', 'Populations', 'Ref', 'Signal', 'SignalView', 'SimilMeasure', 'SimilMeasureDistribution', 'SimilMeasureGreedy', 'SimilMeasureHungarian', 'Simulator', 'SlaveSimulators', 'StopEvent', 'String', 'UserScripts', 'Vector', 'WireframeAppearance', 'World', 'WorldMap', 'WorldSignals', 'XYZ', '__builtins__', '__cached__', '__doc__', '__file__', '__loader__', '__name__', '__package__', '__spec__', 'c_api', 'ctypes', 'home_dir', 'init', 'os', 're', 'res_dir', 'sim_params', 'stats', 'sys']

Performing a basic test 1/2... OK.
Performing a basic test 2/2... OK.
Using settings: ['eval-allcriteria.sim', 'deterministic.sim', 'sample-period-2.sim', 'f9-mut-040.sim']
gen	nevals	avg     	stddev	min     	max     
0  	50    	0.218369	0     	0.218369	0.218369
1  	49    	0.037984	0.100871	-0.016  	0.356517
2  	47    	0.108868	0.110239	-0.0166652	0.356513
3  	48    	0.118073	0.141611	-0.0166667	0.428397
4  	48    	0.120119	0.164425	-0.0166667	0.693195
5  	48    	0.198398	0.205745	-0.0171428	0.810192
6  	50    	0.194547	0.150057	-0.0171429	0.617701
7  	46    	0.1908  	0.190446	-0.02     	0.617701
8  	47    	0.175765	0.163116	-0.0166668	0.617701
9  	42    	0.220083	0.16443 	-0.0171429	0.617701
10 	45    	0.238329	0.183057	-0.02     	0.617701
11 	48    	0.203054	0.162199	-0.02     	0.617701
12 	50    	0.213525	0.157654	-0.02     	0.582693
13 	45    	0.243583	0.159019	-0.02     	0.543787
14 	47    	0.260954	0.175657	-0.02     	0.805282
15 	48    	0.227371	0.13125 	-0.02     	0.521744
16 	44    	0.249789	0.132128	-0.02     	0.497516
17 	46    	0.240282	0.142369	-0.0177778	0.515787
18 	47    	0.198067	0.157593	-0.02     	0.583189
19 	45    	0.243551	0.163653	-0.0171429	0.520555
20 	44    	0.236768	0.167039	-0.02     	0.515787
21 	47    	0.216867	0.136089	-0.0166668	0.559962
22 	45    	0.242611	0.178741	-0.0171429	0.703179
23 	47    	0.23117 	0.164092	-0.02     	0.515503
24 	45    	0.256772	0.147963	-0.0166666	0.515996
25 	46    	0.207717	0.162562	-0.02     	0.567924
26 	45    	0.224957	0.163883	-0.018    	0.705972
27 	45    	0.218083	0.138432	-0.0166666	0.515996
28 	44    	0.266107	0.154873	-0.0199999	0.654276
29 	46    	0.234345	0.129815	-0.0175001	0.654276
30 	46    	0.261725	0.132133	-0.0166667	0.519007
31 	46    	0.260522	0.130468	-0.0150001	0.519007
32 	47    	0.232729	0.112669	-0.0166667	0.515986
33 	49    	0.235298	0.103491	-0.016    	0.457947
34 	49    	0.236233	0.087846	-0.0177778	0.457947
35 	48    	0.241966	0.088937	-0.0171429	0.399463
36 	43    	0.264919	0.0912966	-0.0225   	0.428648
37 	44    	0.275484	0.102355 	0.0360706 	0.569699
38 	43    	0.263981	0.210701 	-1        	0.569699
39 	45    	0.296073	0.124449 	-0.02     	0.621159
40 	44    	0.305954	0.0907241	0.155151  	0.57469 
41 	45    	0.298883	0.113287 	0.120764  	0.569699
42 	48    	0.282865	0.209677 	-1        	0.523435
43 	44    	0.319847	0.109155 	0.082489  	0.583944
44 	46    	0.317321	0.092184 	0.0924912 	0.523435
45 	48    	0.238032	0.326284 	-1        	0.575786
46 	48    	0.225873	0.322895 	-1        	0.575786
47 	49    	0.150789	0.431087 	-1        	0.508583
48 	46    	0.277181	0.212611 	-1        	0.512198
49 	48    	0.234757	0.266679 	-1        	0.505043
50 	46    	0.202306	0.410858 	-1        	0.523621
51 	48    	0.169317	0.439902 	-1        	0.571701
52 	45    	0.279916	0.204708 	-1        	0.549537
53 	45    	0.243779	0.27292  	-1        	0.622647
54 	43    	0.316853	0.0726771	0.120012  	0.426526
55 	44    	0.329563	0.088668 	0.139687  	0.650331
56 	46    	0.23396 	0.375608 	-1        	0.650331
57 	48    	0.217111	0.317024 	-1        	0.486909
58 	47    	0.26564 	0.288313 	-1        	0.602696
59 	47    	0.273325	0.147127 	-0.0166667	0.813811
60 	46    	0.269529	0.166691 	-0.02     	0.813811
61 	47    	0.181804	0.325557 	-1        	0.558703
62 	49    	0.211916	0.212127 	-1        	0.497173
63 	48    	0.243442	0.117956 	-0.0171429	0.497173
64 	43    	0.302624	0.114804 	-0.0175   	0.515001
65 	46    	0.295974	0.150084 	-0.02     	0.582951
66 	48    	0.283004	0.168527 	-0.0171429	0.70647 
67 	46    	0.238768	0.173172 	-0.02     	0.7028  
68 	46    	0.223745	0.179967 	-0.02     	0.7028  
69 	46    	0.276132	0.167464 	-0.0171428	0.7028  
70 	46    	0.236868	0.149767 	-0.0225   	0.58318 
71 	46    	0.241038	0.135885 	-0.0177777	0.580184
72 	47    	0.226281	0.156787 	-0.02     	0.616137
73 	47    	0.238264	0.118268 	-0.02     	0.473556
74 	44    	0.250709	0.144095 	-0.02     	0.615373
75 	42    	0.269627	0.135131 	-0.02     	0.615373
76 	46    	0.273249	0.149004 	-0.0181818	0.706168
77 	46    	0.251004	0.136812 	-0.0177778	0.574902
78 	47    	0.28753 	0.106502 	0.0559477 	0.574902
79 	48    	0.259242	0.0887125	0.0591389 	0.498958
80 	46    	0.270971	0.106773 	-0.0200001	0.497735
81 	47    	0.279232	0.116768 	0.0440454 	0.542739
82 	47    	0.288929	0.127425 	-0.0150002	0.577663
83 	47    	0.314774	0.104263 	0.14209   	0.577663
84 	45    	0.269732	0.213236 	-1        	0.577663
85 	47    	0.280972	0.119624 	-0.0200001	0.577663
86 	46    	0.272929	0.132737 	-0.0183333	0.577663
87 	47    	0.280923	0.106296 	0.0753668 	0.577663
88 	44    	0.303981	0.113683 	0.0861161 	0.577663
89 	41    	0.303119	0.137914 	0.0882944 	0.577663
90 	47    	0.310997	0.114639 	0.0904235 	0.577663
91 	45    	0.304976	0.129138 	-0.0181818	0.577663
92 	48    	0.26422 	0.0946527	0.0864339 	0.493608
93 	47    	0.285039	0.107526 	0.0522752 	0.518412
94 	48    	0.286308	0.140323 	-0.0184615	0.812599
95 	47    	0.284138	0.0831832	0.0752366 	0.449285
96 	47    	0.285549	0.107244 	-0.02     	0.55199 
97 	44    	0.297519	0.101042 	-0.02     	0.55199 
98 	46    	0.278655	0.125267 	-0.0171429	0.622179
99 	44    	0.311891	0.111637 	0.059498  	0.622179
100	48    	0.298894	0.120635 	-0.02     	0.622179
101	45    	0.319902	0.108781 	0.118175  	0.622179
102	43    	0.298953	0.128024 	-0.0200001	0.622179
103	46    	0.306933	0.0962677	0.122361  	0.521911
104	45    	0.267989	0.213405 	-1        	0.521911
105	44    	0.310512	0.0983337	0.0899317 	0.521911
106	45    	0.297697	0.0920464	0.135765  	0.505827
107	48    	0.270497	0.100041 	-0.016    	0.477762
108	40    	0.294912	0.208341 	-1        	0.558889
109	46    	0.310571	0.101334 	0.148548  	0.601312
110	47    	0.206644	0.369865 	-1        	0.644813
111	47    	0.226018	0.322483 	-1        	0.479709
112	46    	0.0694407	0.53955  	-1        	0.479709
113	49    	0.104489 	0.489239 	-1        	0.537033
114	48    	0.166024 	0.440995 	-1        	0.536902
115	45    	0.15834  	0.437859 	-1        	0.536902
116	47    	0.242386 	0.27149  	-1        	0.536902
117	47    	0.243854 	0.323227 	-1        	0.520037
118	44    	0.17668  	0.402151 	-1        	0.520037
119	46    	0.196068 	0.406925 	-1        	0.520037
120	47    	0.204504 	0.366529 	-1        	0.520037
121	48    	0.312414 	0.0912489	-0.0133333	0.520037
122	42    	0.254364 	0.328985 	-1        	0.520037
123	46    	0.143937 	0.468943 	-1        	0.520037
124	45    	0.163234 	0.438287 	-1        	0.482099
125	46    	0.193002 	0.405608 	-1        	0.548052
126	46    	0.275884 	0.278379 	-1        	0.639929
127	44    	0.321747 	0.103715 	0.116246  	0.639929
128	45    	0.18944  	0.411167 	-1        	0.639929
129	47    	0.234003 	0.320665 	-1        	0.542816
130	49    	0.268926 	0.1922   	-1        	0.456173
131	46    	0.22286  	0.315929 	-1        	0.412065
132	47    	0.218355 	0.367443 	-1        	0.474039
133	48    	0.156071 	0.474593 	-1        	0.645068
134	45    	0.232097 	0.328269 	-1        	0.645068
135	46    	0.243274 	0.267133 	-1        	0.447183
136	47    	0.12668  	0.462693 	-1        	0.525862
137	43    	0.190875 	0.405925 	-1        	0.525862
138	47    	0.134322 	0.464898 	-1        	0.525862
139	48    	0.108048 	0.490087 	-1        	0.525862
140	46    	0.079386 	0.510079 	-1        	0.53667 
141	43    	0.18734  	0.406508 	-1        	0.53667 
142	43    	0.198847 	0.371146 	-1        	0.53667 
143	46    	0.247414 	0.33058  	-1        	0.614114
144	44    	0.265385 	0.291647 	-1        	0.614114
145	45    	0.28351  	0.223382 	-1        	0.614114
146	46    	0.300166 	0.109421 	0.0938543 	0.608516
147	47    	0.270639 	0.198918 	-1        	0.481779
148	48    	0.276385 	0.113397 	-0.0177778	0.682429
149	46    	0.29658  	0.129884 	0.0499349 	0.720426
150	47    	0.297523 	0.141224 	-0.0159999	0.720426
151	48    	0.278138 	0.114369 	-0.0166666	0.720426
152	44    	0.285925 	0.125571 	-0.0175   	0.720426
153	48    	0.307349 	0.122739 	-0.02     	0.720426
154	47    	0.295786 	0.127474 	-0.022    	0.601562
155	47    	0.335351 	0.103785 	0.11327   	0.601562
156	44    	0.288418 	0.13889  	-0.02     	0.601562
157	49    	0.26415  	0.0988699	-0.015    	0.515197
158	47    	0.233034 	0.111881 	-0.02     	0.515197
159	46    	0.296223 	0.108217 	-0.02     	0.515197
160	48    	0.239609 	0.115388 	-0.0171429	0.470854
161	43    	0.271893 	0.101986 	-0.01     	0.47072 
162	43    	0.294619 	0.105127 	0.126902  	0.633894
163	50    	0.275314 	0.0917421	-0.0171428	0.469698
164	49    	0.271147 	0.0906763	0.0899485 	0.470185
165	44    	0.270117 	0.114041 	-0.016    	0.470185
166	45    	0.294806 	0.0869507	-0.0133334	0.470185
167	41    	0.311947 	0.107356 	0.0714145 	0.534155
168	47    	0.310934 	0.101005 	0.0868974 	0.629924
169	47    	0.26538  	0.235951 	-1        	0.657445
170	45    	0.310858 	0.157188 	-0.0171429	0.657445
171	45    	0.310005 	0.161564 	-0.02     	0.629924
172	43    	0.304762 	0.191627 	-0.0175   	0.629924
173	44    	0.265945 	0.171046 	-0.0166667	0.629924
174	44    	0.239522 	0.192179 	-0.02     	0.629924
175	42    	0.293037 	0.181453 	-0.02     	0.629924
176	47    	0.253597 	0.195929 	-0.02     	0.68937 
177	46    	0.240155 	0.138098 	-0.02     	0.68937 
178	46    	0.264388 	0.159644 	-0.02     	0.68937 
179	47    	0.232533 	0.165587 	-0.02     	0.584652
180	46    	0.248104 	0.148736 	-0.0175001	0.584652
181	46    	0.251175 	0.138201 	-0.0166668	0.584652
182	43    	0.281879 	0.122914 	0.0987329 	0.636588
183	46    	0.287277 	0.122867 	-0.0171428	0.636588
184	46    	0.253985 	0.127227 	-0.015    	0.636588
185	41    	0.3273   	0.116875 	0.059453  	0.636588
186	47    	0.288003 	0.111898 	-0.0166667	0.636588
187	46    	0.296632 	0.0871117	0.110041  	0.627144
188	45    	0.276547 	0.0909597	0.0638866 	0.627144
189	45    	0.306054 	0.116424 	-0.0150001	0.627144
190	48    	0.297545 	0.116776 	-0.0181818	0.627144
191	45    	0.29939  	0.0990212	0.0394279 	0.502273
192	45    	0.279326 	0.211377 	-1        	0.54864 
193	43    	0.297896 	0.120331 	-0.0166667	0.54864 
194	43    	0.266388 	0.222898 	-1        	0.54864 
195	49    	0.304525 	0.130525 	-0.016    	0.559347
196	45    	0.333024 	0.131012 	-0.0150003	0.625978
197	50    	0.249361 	0.28     	-1        	0.610877
198	46    	0.257779 	0.209707 	-1        	0.608445
199	48    	0.181391 	0.364829 	-1        	0.48324 
200	43    	0.302568 	0.133027 	-0.02     	0.582619
201	48    	0.249309 	0.135303 	-0.02     	0.545416
202	46    	0.266901 	0.132649 	-0.02     	0.545416
203	47    	0.276172 	0.111026 	-0.0171429	0.519453
204	47    	0.261354 	0.150759 	-0.018    	0.703358
205	46    	0.27569  	0.149739 	0.0622085 	0.703358
206	48    	0.272638 	0.123999 	-0.015    	0.610089
207	44    	0.2782   	0.150862 	-0.0171429	0.610089
208	43    	0.273774 	0.15666  	-0.02     	0.610089
209	45    	0.286119 	0.145445 	-0.0180001	0.610089
210	48    	0.272999 	0.132108 	-0.0171428	0.610089
211	48    	0.265662 	0.115771 	-0.016    	0.585352
212	46    	0.261716 	0.117143 	-0.0175   	0.585352
213	44    	0.267792 	0.125218 	0.0746013 	0.604344
214	45    	0.28356  	0.129208 	-0.02     	0.696239
215	45    	0.317183 	0.116551 	0.125807  	0.653035
216	47    	0.299221 	0.137175 	0.0639528 	0.603612
217	48    	0.293755 	0.152428 	-0.0171429	0.650044
218	47    	0.277775 	0.154373 	-0.015    	0.830233
219	47    	0.290122 	0.149311 	-0.02     	0.830233
220	49    	0.264788 	0.133737 	-0.02     	0.507778
221	46    	0.262063 	0.124453 	-0.018    	0.488488
222	46    	0.257641 	0.131601 	-0.015    	0.526882
223	47    	0.246965 	0.142342 	-0.0177777	0.526882
224	42    	0.275425 	0.145246 	-0.02     	0.526882
225	45    	0.306018 	0.122847 	-0.015    	0.526882
226	47    	0.261694 	0.117484 	-0.02     	0.526882
227	46    	0.28523  	0.129183 	-0.018    	0.54154 
228	40    	0.303556 	0.150842 	-0.0175   	0.596408
229	46    	0.251474 	0.146932 	-0.0177778	0.645055
230	41    	0.303886 	0.149566 	0.103226  	0.688959
231	43    	0.286014 	0.130469 	0.0938685 	0.645055
232	49    	0.261844 	0.124531 	-0.0177778	0.645055
233	47    	0.265673 	0.137524 	-0.016    	0.645055
234	45    	0.243172 	0.130312 	-0.02     	0.645055
235	42    	0.252958 	0.114269 	-0.0177778	0.645055
236	44    	0.270216 	0.0961747	0.0806732 	0.453565
237	42    	0.299596 	0.111095 	-0.0183333	0.566227
238	45    	0.294274 	0.131598 	-0.0150001	0.566227
239	47    	0.299588 	0.0964843	-0.016    	0.486882
240	46    	0.223417 	0.37205  	-1        	0.57931 
241	47    	0.118096 	0.460679 	-1        	0.57931 
242	43    	0.170925 	0.443079 	-1        	0.57931 
243	45    	0.243259 	0.33706  	-1        	0.57931 
244	46    	0.165459 	0.479195 	-1        	0.57931 
245	47    	0.133337 	0.465359 	-1        	0.57931 
246	47    	0.0987044	0.487975 	-1        	0.496245
247	43    	-0.00685817	0.595587 	-1        	0.508255
248	46    	0.155193   	0.438914 	-1        	0.550282
249	46    	0.236098   	0.284334 	-1        	0.548889
250	44    	0.13093    	0.499656 	-1        	0.508255
251	47    	0.14711    	0.433542 	-1        	0.485714
252	49    	0.201682   	0.365119 	-1        	0.500978
253	45    	-0.00305997	0.566507 	-1        	0.500978
254	40    	0.167525   	0.444402 	-1        	0.500978
255	46    	0.2242     	0.370987 	-1        	0.556219
256	46    	0.134335   	0.464862 	-1        	0.541945
257	46    	0.168284   	0.445261 	-1        	0.521649
258	44    	0.29818    	0.13108  	-0.0183333	0.521649
259	44    	0.26628    	0.209761 	-1        	0.592129
260	45    	0.240916   	0.278531 	-1        	0.592129
261	45    	0.238013   	0.281657 	-1        	0.592129
262	47    	0.258535   	0.283817 	-1        	0.592129
263	49    	0.292793   	0.114268 	0.0685801 	0.62366 
264	45    	0.300912   	0.138481 	-0.0175   	0.685654
265	47    	0.275444   	0.152785 	-0.022    	0.685654
266	50    	0.292756   	0.121918 	0.0856824 	0.615236
267	44    	0.255145   	0.160828 	-0.02     	0.615236
268	45    	0.26735    	0.154706 	-0.0177778	0.605422
269	44    	0.291472   	0.152759 	-0.0177778	0.583947
270	46    	0.268676   	0.138868 	-0.015    	0.583947
271	47    	0.25176    	0.157942 	-0.018    	0.583205
272	45    	0.25744    	0.169007 	-0.0175   	0.770887
273	47    	0.223835   	0.144951 	-0.0177778	0.770887
274	50    	0.242362   	0.140098 	-0.0171429	0.591847
275	46    	0.28651    	0.115294 	0.126136  	0.612038
276	47    	0.283993   	0.144551 	-0.0183333	0.612038
277	47    	0.268783   	0.125636 	-0.0171429	0.612038
278	46    	0.255694   	0.117491 	-0.018    	0.612038
279	46    	0.238784   	0.210166 	-1        	0.499502
280	44    	0.30863    	0.0916242	0.153011  	0.533219
281	47    	0.303273   	0.0974906	0.117921  	0.551213
282	48    	0.309984   	0.152557 	-0.0166667	0.768417
283	47    	0.282896   	0.160926 	-0.018    	0.768417
284	44    	0.309752   	0.152651 	-0.0133338	0.768417
285	46    	0.294082   	0.150605 	-0.0181817	0.631735
286	47    	0.303555   	0.120994 	0.0719528 	0.781425
287	46    	0.309057   	0.134131 	-0.0159985	0.781425
288	44    	0.286713   	0.120211 	0.0961805 	0.781425
289	43    	0.323252   	0.161377 	-0.0133332	0.781425
290	46    	0.263706   	0.139297 	-0.0160001	0.781425
291	49    	0.272773   	0.133233 	-0.0199999	0.582758
292	45    	0.313883   	0.116349 	-0.0133333	0.560369
293	49    	0.278773   	0.11311  	-0.015    	0.696286
294	45    	0.285567   	0.130102 	-0.0171429	0.696286
295	44    	0.308528   	0.134003 	0.093597  	0.696286
296	48    	0.287777   	0.120506 	-0.01     	0.616813
297	45    	0.298148   	0.162116 	-0.0160001	0.698663
298	45    	0.280004   	0.168735 	-0.02     	0.654763
299	48    	0.241227   	0.173403 	-0.0166667	0.647959
300	48    	0.268718   	0.153812 	-0.0181818	0.559059
301	46    	0.270529   	0.14547  	-0.02     	0.587656
302	47    	0.268133   	0.122333 	-0.015    	0.597301
303	45    	0.262219   	0.142113 	-0.015    	0.587656
304	42    	0.319382   	0.125692 	-0.0166667	0.562503
305	46    	0.256042   	0.141224 	-0.0200001	0.62282 
306	46    	0.272733   	0.146679 	-0.0166667	0.62282 
307	46    	0.252809   	0.154859 	-0.02     	0.696939
308	49    	0.230366   	0.113368 	-0.0166667	0.491273
309	45    	0.245794   	0.133836 	-0.0171429	0.636538
310	47    	0.247303   	0.135496 	-0.0166667	0.65745 
311	45    	0.262028   	0.12739  	-0.0133332	0.65745 
312	42    	0.291646   	0.150973 	-0.02     	0.811247
313	46    	0.243211   	0.15484  	-0.02     	0.644394
314	47    	0.289542   	0.158073 	-0.0228571	0.648068
315	42    	0.273675   	0.166665 	-0.0171429	0.648068
316	48    	0.243708   	0.152585 	-0.0175   	0.648068
317	45    	0.264786   	0.157363 	-0.02     	0.648068
318	48    	0.25009    	0.140824 	-0.0171428	0.609864
319	46    	0.295241   	0.170415 	-0.0179999	0.812977
320	48    	0.25847    	0.122684 	-0.0177777	0.616833
321	43    	0.291377   	0.145982 	-0.016    	0.616833
322	44    	0.303285   	0.138655 	-0.02     	0.616833
323	45    	0.274469   	0.147054 	-0.0171429	0.629667
324	47    	0.304899   	0.172702 	-0.018    	0.818826
325	47    	0.299098   	0.189265 	-0.0166667	0.818826
326	47    	0.297915   	0.19502  	-0.0160001	0.818826
327	50    	0.228135   	0.145053 	-0.0186667	0.621342
328	47    	0.23083    	0.14064  	-0.02     	0.621342
329	46    	0.200875   	0.13757  	-0.02     	0.621342
330	47    	0.225919   	0.138791 	-0.02     	0.544838
331	47    	0.247805   	0.125193 	-0.02     	0.544838
332	42    	0.284911   	0.121675 	-0.0171429	0.544838
333	44    	0.269717   	0.143975 	0.0399242 	0.703502
334	46    	0.288408   	0.135425 	-0.0133334	0.703502
335	46    	0.292073   	0.146053 	-0.018    	0.703502
336	41    	0.294337   	0.176513 	-0.0228571	0.703502
337	43    	0.305896   	0.169226 	-0.02     	0.703502
338	47    	0.241647   	0.143417 	-0.0199999	0.703502
339	46    	0.261806   	0.136121 	-0.02     	0.703502
340	45    	0.2668     	0.155248 	-0.0150001	0.703502
341	43    	0.318737   	0.165733 	-0.0177778	0.703502
342	47    	0.294056   	0.129238 	-0.02     	0.703502
343	47    	0.264977   	0.0980463	0.0593014 	0.44635 
344	48    	0.286222   	0.0825169	0.118454  	0.438553
345	46    	0.261664   	0.139163 	-0.0177778	0.62018 
346	48    	0.2419     	0.14133  	-0.0200001	0.62018 
347	47    	0.279517   	0.149017 	-0.02     	0.694701
348	44    	0.266711   	0.209966 	-0.0175   	0.741819
349	45    	0.201597   	0.19132  	-0.0166667	0.694701
350	41    	0.285947   	0.231035 	-0.02     	0.812308
351	47    	0.184884   	0.225305 	-0.0200001	0.812308
352	47    	0.158013   	0.191189 	-0.02     	0.812308
353	44    	0.232365   	0.197225 	-0.016    	0.813756
354	42    	0.273141   	0.268512 	-0.0166667	0.813756
355	45    	0.275909   	0.269294 	-0.02     	0.813756
356	43    	0.309209   	0.266141 	-0.017143 	0.813756
357	44    	0.217781   	0.270119 	-0.0175   	0.813756
358	46    	0.225207   	0.236375 	-0.0171429	0.813756
359	47    	0.213888   	0.236679 	-0.0166667	0.813756
360	49    	0.186029   	0.182232 	-0.02     	0.811396
361	47    	0.169155   	0.16232  	-0.02     	0.5986  
362	48    	0.194553   	0.170903 	-0.0166667	0.5986  
363	45    	0.245637   	0.199243 	-0.02     	0.811247
364	46    	0.260539   	0.216715 	-0.0177778	0.811247
365	44    	0.233438   	0.200391 	-0.02     	0.5986  
366	41    	0.287164   	0.181959 	-0.02     	0.617664
367	46    	0.244446   	0.171029 	-0.02     	0.617664
368	49    	0.222717   	0.184437 	-0.0166667	0.810192
369	44    	0.25101    	0.198335 	-0.02     	0.810192
370	47    	0.198376   	0.132189 	-0.02     	0.477506
371	45    	0.252068   	0.151416 	-0.0171429	0.611732
372	42    	0.27962    	0.153999 	-0.0177778	0.556155
373	41    	0.285125   	0.143759 	-0.0199999	0.559019
374	49    	0.240387   	0.115382 	-0.0166667	0.581368
375	47    	0.263385   	0.16392  	-0.0166667	0.725741
376	48    	0.236988   	0.18622  	-0.0175   	0.725741
377	49    	0.188422   	0.154243 	-0.0175   	0.514252
378	49    	0.155134   	0.150719 	-0.0199999	0.51442 
379	44    	0.229763   	0.17892  	-0.0175   	0.58002 
380	46    	0.162411   	0.179339 	-0.02     	0.514611
381	47    	0.201963   	0.172259 	-0.0166667	0.705171
382	46    	0.221595   	0.164596 	-0.0166667	0.51639 
383	46    	0.194753   	0.153382 	-0.02     	0.51639 
384	46    	0.183279   	0.175089 	-0.02     	0.697391
385	48    	0.181749   	0.140565 	-0.0177778	0.514444
386	47    	0.229941   	0.149831 	-0.0160001	0.693461
387	45    	0.230975   	0.164803 	-0.02     	0.693461
388	47    	0.199064   	0.14315  	-0.0171428	0.693461
389	47    	0.190365   	0.154917 	-0.0177778	0.705842
390	47    	0.208735   	0.155125 	-0.0199999	0.811247
391	46    	0.207469   	0.171412 	-0.02     	0.811247
392	44    	0.223442   	0.14797  	-0.0171428	0.514537
393	44    	0.229819   	0.131637 	-0.0171429	0.581352
394	48    	0.219163   	0.137135 	-0.0160001	0.58128 
395	47    	0.227155   	0.1302   	-0.0171428	0.554963
396	48    	0.242561   	0.107279 	-0.0181818	0.554963
397	45    	0.2632     	0.132415 	-0.0171429	0.556235
398	45    	0.254527   	0.125782 	-0.02     	0.556235
399	46    	0.283608   	0.130828 	-0.02     	0.556235
400	48    	0.302962   	0.122589 	0.0854418 	0.682972
401	47    	0.274175   	0.142219 	-0.0199999	0.682972
402	50    	0.246032   	0.128571 	-0.02     	0.61342 
403	44    	0.261471   	0.143769 	-0.0171429	0.584084
404	49    	0.238812   	0.10998  	-0.0175   	0.476513
405	45    	0.290121   	0.125433 	-0.0166667	0.487106
406	49    	0.258475   	0.13877  	-0.02     	0.602846
407	46    	0.30983    	0.128125 	-0.015    	0.694701
408	47    	0.266427   	0.144059 	-0.016    	0.653395
409	48    	0.237211   	0.134484 	-0.02     	0.53739 
410	46    	0.220236   	0.126672 	-0.0175   	0.464749
411	43    	0.251498   	0.134672 	-0.0225   	0.545255
412	48    	0.230835   	0.11666  	-0.02     	0.504197
413	49    	0.222304   	0.122536 	-0.0175   	0.447311
414	45    	0.253418   	0.0966482	-0.02     	0.427762
415	43    	0.260674   	0.123257 	-0.0175   	0.428603
416	45    	0.253629   	0.150782 	-0.0175   	0.559378
417	47    	0.246459   	0.157518 	-0.0171429	0.703019
418	46    	0.280703   	0.150065 	-0.015    	0.703019
419	46    	0.245724   	0.157376 	-0.0171429	0.703019
420	46    	0.260394   	0.170668 	-0.02     	0.614169
421	49    	0.186144   	0.154423 	-0.02     	0.686099
422	47    	0.303509   	0.156625 	-0.016    	0.68825 
423	48    	0.188587   	0.138954 	-0.0228571	0.581205
424	42    	0.288485   	0.131639 	-0.0171428	0.583225
425	46    	0.238491   	0.186745 	-0.02     	0.65217 
426	48    	0.228478   	0.139571 	-0.0199999	0.592086
427	43    	0.250732   	0.16262  	-0.0171428	0.592086
428	43    	0.26267    	0.149931 	-0.0175   	0.592086
429	47    	0.252418   	0.169287 	-0.0171429	0.595079
430	45    	0.272952   	0.188471 	-0.02     	0.819969
431	45    	0.231968   	0.210571 	-0.02     	0.819969
432	42    	0.279183   	0.239963 	-0.02     	0.819969
433	46    	0.244828   	0.21727  	-0.02     	0.812825
434	43    	0.270285   	0.246609 	-0.0171429	0.812825
435	47    	0.210881   	0.22778  	-0.02     	0.819969
436	45    	0.265793   	0.20293  	-0.0171429	0.812083
437	50    	0.200215   	0.228873 	-0.02     	0.812977
438	45    	0.236181   	0.258828 	-0.0175   	0.812977
439	46    	0.200576   	0.219838 	-0.02     	0.812977
440	42    	0.284305   	0.242117 	-0.0166652	0.812977
441	48    	0.200406   	0.203582 	-0.02     	0.812977
442	45    	0.212436   	0.25466  	-0.0171428	0.812977
443	44    	0.204499   	0.254778 	-0.0171429	0.812977
444	46    	0.196419   	0.212546 	-0.02     	0.812977
445	44    	0.186808   	0.238331 	-0.02     	0.812977
446	47    	0.175894   	0.211488 	-0.0166667	0.812977
447	44    	0.194291   	0.225789 	-0.0171427	0.812977
448	48    	0.205219   	0.206432 	-0.02     	0.812977
449	45    	0.207027   	0.204606 	-0.02     	0.812977
450	39    	0.265083   	0.219536 	-0.0166666	0.812977
451	47    	0.185947   	0.225028 	-0.0175   	0.813708
452	43    	0.222989   	0.223309 	-0.0166667	0.813708
453	45    	0.239664   	0.211271 	-0.017143 	0.813708
454	48    	0.189138   	0.166737 	-0.0174999	0.812977
455	46    	0.142472   	0.14099  	-0.0174999	0.581352
456	45    	0.216271   	0.1567   	-0.0171428	0.693461
457	43    	0.223393   	0.1592   	-0.02     	0.595139
458	46    	0.236224   	0.194226 	-0.02     	0.813708
459	44    	0.215846   	0.186512 	-0.02     	0.689693
460	43    	0.246691   	0.189238 	-0.0171429	0.689693
461	46    	0.252451   	0.187195 	-0.0166667	0.654763
462	43    	0.221125   	0.203827 	-0.0166667	0.654763
463	48    	0.199541   	0.165564 	-0.0171429	0.706026
464	45    	0.175401   	0.186839 	-0.02     	0.595058
465	47    	0.240917   	0.147349 	-0.016    	0.595058
466	48    	0.198289   	0.146833 	-0.02     	0.582951
467	47    	0.259059   	0.196049 	-0.0171429	0.594991
468	43    	0.246538   	0.205893 	-0.02     	0.595058
469	45    	0.264569   	0.206    	-0.0171428	0.595058
470	41    	0.260903   	0.211401 	-0.02     	0.595058
471	48    	0.218516   	0.16965  	-0.0175   	0.595058
472	46    	0.249426   	0.166363 	-0.02     	0.595058
473	49    	0.212202   	0.166666 	-0.0175   	0.68981 
474	48    	0.205776   	0.188931 	-0.02     	0.730197
475	46    	0.286656   	0.172381 	-0.0171429	0.730197
476	46    	0.280235   	0.198134 	-0.02     	0.731322
477	48    	0.238905   	0.170626 	-0.0175   	0.706637
478	46    	0.277687   	0.171245 	-0.02     	0.706637
479	45    	0.22927    	0.198104 	-0.02     	0.706637
480	45    	0.268343   	0.197716 	-0.016    	0.706637
481	41    	0.306789   	0.214706 	-0.0171429	0.706637
482	45    	0.248939   	0.19323  	-0.02     	0.703179
483	47    	0.26402    	0.179371 	-0.02     	0.706501
484	48    	0.244741   	0.166069 	-0.02     	0.706501
485	46    	0.232033   	0.194897 	-0.0166667	0.703753
486	49    	0.194766   	0.147466 	-0.0171428	0.581208
487	45    	0.185491   	0.167919 	-0.0166667	0.581208
488	42    	0.270002   	0.186483 	-0.0199999	0.582956
489	40    	0.298153   	0.186005 	-0.0166668	0.582956
490	46    	0.243269   	0.177936 	-0.0175   	0.594009
491	47    	0.251679   	0.1666   	-0.02     	0.594009
492	46    	0.279526   	0.162048 	-0.0200001	0.615042
493	48    	0.24593    	0.145387 	-0.02     	0.583103
494	48    	0.24677    	0.141683 	-0.0177777	0.583103
495	49    	0.219775   	0.124985 	-0.02     	0.51442 
496	47    	0.217579   	0.129174 	-0.0175   	0.523   
497	47    	0.23746    	0.131575 	-0.02     	0.497121
498	46    	0.258077   	0.118333 	-0.0171429	0.497121
499	44    	0.278158   	0.126552 	-0.02     	0.515662
500	46    	0.235102   	0.149306 	-0.0166666	0.593834
501	45    	0.295446   	0.135521 	-0.016    	0.624001
502	49    	0.30304    	0.0820432	0.151616  	0.480903
503	46    	0.304465   	0.100895 	0.0906624 	0.561328
504	47    	0.26893    	0.202672 	-1        	0.502128
505	45    	0.303624   	0.0939493	-0.0166667	0.502128
506	48    	0.3166     	0.0913693	0.11185   	0.493075
507	47    	0.312652   	0.118828 	-0.01     	0.645208
508	46    	0.308365   	0.0983242	0.118919  	0.532666
509	48    	0.271744   	0.20828  	-1        	0.592969
510	48    	0.304831   	0.0785827	0.108798  	0.592969
511	46    	0.293912   	0.201596 	-1        	0.592969
512	47    	0.323535   	0.0956213	0.170439  	0.592969
513	47    	0.226725   	0.325483 	-1        	0.592969
514	47    	0.274878   	0.213493 	-1        	0.592969
515	49    	0.196562   	0.317272 	-1        	0.504997
516	48    	0.116764   	0.428246 	-1        	0.522258
517	41    	0.298079   	0.219417 	-1        	0.522258
518	47    	0.31676    	0.0947187	0.0989729 	0.522258
519	47    	0.267321   	0.274996 	-1        	0.522498
520	44    	0.313412   	0.120542 	-0.0171429	0.600099
521	48    	0.251954   	0.132081 	-0.0171429	0.58354 
522	47    	0.226037   	0.273723 	-1        	0.500161
523	47    	0.232012   	0.145927 	-0.018    	0.500089
524	47    	0.252846   	0.13882  	-0.0171429	0.487056
525	49    	0.285253   	0.0923324	-0.0175   	0.509212
526	48    	0.21196    	0.376142 	-1        	0.818806
527	41    	0.254066   	0.278248 	-1        	0.509212
528	48    	0.148592   	0.438145 	-1        	0.517331
529	47    	0.138551   	0.396447 	-1        	0.522083
530	42    	0.112737   	0.498716 	-1        	0.522083
531	44    	0.201206   	0.377194 	-1        	0.59187 
532	47    	0.210045   	0.296083 	-1        	0.817291
533	45    	0.27812    	0.194441 	-0.018    	0.817291
534	46    	0.284257   	0.188299 	-0.02     	0.817291
535	44    	0.272291   	0.185065 	-0.0174999	0.817291
536	44    	0.289819   	0.234826 	-0.0175   	0.817291
537	41    	0.331024   	0.233515 	-0.0199999	0.817291
538	47    	0.276088   	0.220758 	-0.02     	0.817291
539	49    	0.214098   	0.185397 	-0.0177778	0.705921
540	45    	0.324561   	0.198659 	-0.0177778	0.817291
541	47    	0.256976   	0.188954 	-0.02     	0.705921
542	47    	0.25771    	0.188017 	-0.0175   	0.705921
543	47    	0.257895   	0.182836 	-0.0171429	0.705921
544	42    	0.249532   	0.193302 	-0.02     	0.705921
545	48    	0.251366   	0.151039 	-0.0171429	0.726745
546	46    	0.222925   	0.177246 	-0.02     	0.706637
547	48    	0.242454   	0.176044 	-0.0177778	0.731699
548	43    	0.245727   	0.197848 	-0.0175   	0.731699
549	45    	0.252198   	0.169572 	-0.0175   	0.731699
550	46    	0.273325   	0.179399 	-0.0175   	0.731699
551	47    	0.284382   	0.193378 	-0.02     	0.731699
552	40    	0.348139   	0.226493 	-0.022    	0.731699
553	43    	0.321337   	0.201223 	-0.0171429	0.731699
554	41    	0.312095   	0.22375  	-0.0177778	0.731699
555	47    	0.282325   	0.18627  	-0.0171429	0.731699
556	45    	0.27343    	0.174504 	-0.0171428	0.731699
557	48    	0.247162   	0.152977 	-0.0175   	0.731699
558	47    	0.265984   	0.145602 	-0.0171428	0.591562
559	48    	0.237336   	0.13621  	-0.0177779	0.552344
560	43    	0.276413   	0.136911 	-0.0199999	0.579493
561	48    	0.253681   	0.135044 	-0.0177778	0.579493
562	47    	0.270887   	0.0969754	0.0709027 	0.446288
563	48    	0.283953   	0.137611 	-0.02     	0.660276
564	45    	0.330068   	0.172774 	-0.0175   	0.660276
565	46    	0.282676   	0.169849 	-0.02     	0.660276
566	45    	0.27562    	0.154834 	-0.0177778	0.660276
567	48    	0.252903   	0.16497  	-0.02     	0.756553
568	47    	0.280424   	0.174481 	-0.02     	0.756553
569	46    	0.30698    	0.17152  	-0.016    	0.887982
570	47    	0.239309   	0.157272 	-0.0199999	0.686126
571	46    	0.273007   	0.172001 	-0.0179997	0.686126
572	49    	0.322786   	0.151891 	0.0857774 	0.756615
573	46    	0.287933   	0.172008 	-0.02     	0.756615
574	47    	0.260744   	0.14965  	-0.02     	0.683017
575	45    	0.316721   	0.15926  	-0.0171427	0.698515
576	44    	0.273465   	0.197379 	-0.0166667	0.698515
577	49    	0.245968   	0.157304 	-0.02     	0.719014
578	46    	0.296409   	0.16956  	-0.018    	0.840227
579	44    	0.308139   	0.157623 	-0.0133333	0.840227
580	45    	0.279332   	0.167432 	-0.0199999	0.749638
581	44    	0.298069   	0.15104  	-0.02     	0.749638
582	48    	0.252661   	0.140481 	-0.02     	0.749638
583	45    	0.311785   	0.152819 	-0.0183333	0.749638
584	48    	0.282572   	0.151425 	-0.02     	0.700034
585	43    	0.315478   	0.154341 	-0.0177778	0.700034
586	47    	0.300098   	0.159428 	-0.0181818	0.700034
587	46    	0.310315   	0.170127 	-0.0133334	0.700034
588	47    	0.29303    	0.161918 	0.0738541 	0.734755
589	48    	0.280765   	0.157431 	-0.02     	0.651491
590	49    	0.261749   	0.147337 	-0.02     	0.728204
591	48    	0.263448   	0.113247 	-0.016    	0.520353
592	44    	0.282186   	0.133042 	-0.0228571	0.577238
593	43    	0.313269   	0.130591 	-0.02     	0.577238
594	46    	0.255608   	0.136889 	-0.02     	0.577238
595	48    	0.230861   	0.148426 	-0.0166667	0.577238
596	43    	0.328474   	0.163338 	-0.0166667	0.812308
597	49    	0.274446   	0.137022 	-0.0166666	0.700348
598	45    	0.266656   	0.12644  	-0.0177778	0.536534
599	48    	0.305049   	0.106286 	0.0998274 	0.490354
600	44    	0.332827   	0.112827 	0.111627  	0.613987
601	47    	0.296262   	0.133324 	-0.0175   	0.613987
602	42    	0.302094   	0.134176 	-0.0160001	0.695977
603	49    	0.263798   	0.149928 	-0.0171429	0.61511 
604	48    	0.236706   	0.122808 	-0.016    	0.607777
605	45    	0.231571   	0.123345 	-0.018    	0.607777
606	48    	0.257212   	0.145388 	-0.02     	0.654898
607	45    	0.244029   	0.155392 	-0.02     	0.654898
608	46    	0.254544   	0.12685  	-0.016    	0.559823
609	48    	0.205691   	0.162309 	-0.0175   	0.65468 
610	46    	0.240427   	0.152752 	-0.0175   	0.65468 
611	46    	0.246172   	0.157978 	-0.02     	0.559823
612	43    	0.243763   	0.155163 	-0.0175   	0.695336
613	48    	0.241129   	0.115642 	-0.0171426	0.478272
614	47    	0.233926   	0.130472 	-0.02     	0.47761 
615	42    	0.23887    	0.132579 	-0.0166667	0.47761 
616	47    	0.189322   	0.131878 	-0.02     	0.47761 
617	46    	0.2225     	0.140267 	-0.02     	0.692791
618	45    	0.231812   	0.149309 	-0.0171428	0.698463
619	48    	0.254073   	0.15092  	-0.0175   	0.554975
620	46    	0.247836   	0.17956  	-0.0171428	0.825404
621	47    	0.239651   	0.137951 	-0.02     	0.554975
622	46    	0.261236   	0.128182 	-0.0166667	0.698473
623	49    	0.226347   	0.142015 	-0.0175   	0.690992
624	46    	0.261355   	0.160421 	-0.0166666	0.616816
625	47    	0.223373   	0.175076 	-0.0177778	0.702821
626	46    	0.237742   	0.167245 	-0.0171428	0.702821
627	49    	0.186455   	0.168528 	-0.02     	0.703753
628	44    	0.273097   	0.18577  	-0.0228571	0.703753
629	47    	0.248877   	0.177398 	-0.0171429	0.703753
630	47    	0.222668   	0.163773 	-0.02     	0.616816
631	47    	0.232859   	0.176204 	-0.0166667	0.56141 
632	49    	0.171358   	0.145772 	-0.0175   	0.540453
633	45    	0.221299   	0.144211 	-0.0171429	0.654077
634	48    	0.178849   	0.165177 	-0.02     	0.654077
635	45    	0.224372   	0.149077 	-0.0166668	0.654077
636	46    	0.184002   	0.144998 	-0.0171429	0.515856
637	49    	0.173039   	0.152971 	-0.02     	0.557145
638	48    	0.232814   	0.113978 	-0.0159999	0.515766
639	48    	0.214765   	0.122119 	-0.02     	0.476773
640	42    	0.260499   	0.0917846	-0.0175   	0.476773
641	44    	0.290577   	0.127708 	-0.02     	0.682526
642	40    	0.324077   	0.152666 	0.0760957 	0.682526
643	44    	0.28878    	0.183074 	-0.02     	0.683431
644	44    	0.274964   	0.163979 	-0.0166667	0.683431
645	46    	0.280521   	0.108398 	0.0885543 	0.682526
646	46    	0.268391   	0.0979943	0.0720384 	0.503813
647	43    	0.301466   	0.117452 	-0.016    	0.614279
648	45    	0.28255    	0.148671 	-0.0175   	0.664131
649	47    	0.266048   	0.134597 	-0.02     	0.664131
650	47    	0.275301   	0.154239 	-0.02     	0.664131
651	46    	0.25824    	0.173559 	-0.0171429	0.692703
652	48    	0.227695   	0.152831 	-0.02     	0.692703
653	48    	0.220298   	0.163822 	-0.0199999	0.692703
654	48    	0.259691   	0.160796 	-0.0200001	0.692703
655	47    	0.25802    	0.149931 	-0.02     	0.692703
656	46    	0.262479   	0.136846 	-0.0177777	0.616774
657	42    	0.265041   	0.177398 	-0.02     	0.64251 
658	48    	0.213911   	0.132766 	-0.02     	0.511446
659	46    	0.27234    	0.140094 	-0.0166667	0.687824
660	46    	0.253274   	0.144338 	-0.02     	0.673357
661	46    	0.264037   	0.130466 	-0.02     	0.564506
662	49    	0.274862   	0.119568 	-0.02     	0.544419
663	44    	0.257161   	0.144157 	-0.0175   	0.544419
664	48    	0.215999   	0.151331 	-0.02     	0.544419
665	46    	0.237281   	0.135931 	-0.02     	0.544419
666	44    	0.269457   	0.11595  	-0.02     	0.544419
667	48    	0.235926   	0.131688 	-0.0175   	0.559122
668	48    	0.272803   	0.138888 	-0.015    	0.695971
669	45    	0.270721   	0.164273 	-0.0177778	0.695971
670	49    	0.233796   	0.170971 	-0.02     	0.812083
671	44    	0.265591   	0.168675 	-0.02     	0.812083
672	47    	0.247979   	0.167242 	-0.02     	0.812083
673	46    	0.23434    	0.180505 	-0.02     	0.605625
674	44    	0.232195   	0.180287 	-0.0171429	0.605625
675	45    	0.275883   	0.156859 	-0.0175   	0.687309
676	47    	0.227357   	0.152183 	-0.0175001	0.563434
677	46    	0.228245   	0.141252 	-0.0175   	0.559675
678	45    	0.266397   	0.12185  	-0.0166665	0.559675
679	45    	0.286945   	0.122433 	-0.01     	0.559675
680	43    	0.265618   	0.164874 	-0.0175   	0.56317 
681	47    	0.260468   	0.159637 	-0.0166667	0.696227
682	47    	0.246558   	0.149676 	-0.02     	0.59379 
683	49    	0.229391   	0.143658 	-0.02     	0.73005 
684	49    	0.21676    	0.151093 	-0.02     	0.655692
685	48    	0.238266   	0.145597 	-0.02     	0.655692
686	49    	0.266956   	0.133786 	-0.02     	0.663251
687	46    	0.244173   	0.143139 	-0.02     	0.663251
688	44    	0.250728   	0.168608 	-0.02     	0.73408 
689	46    	0.288171   	0.192932 	-0.02     	0.73408 
690	46    	0.280857   	0.151527 	-0.016    	0.663251
691	49    	0.266411   	0.143565 	-0.0171429	0.663251
692	49    	0.26195    	0.176375 	-0.016    	0.812083
693	48    	0.213856   	0.150864 	-0.02     	0.61405 
694	47    	0.204904   	0.165323 	-0.0171429	0.61405 
695	46    	0.268507   	0.14789  	-0.02     	0.583103
696	46    	0.222648   	0.168568 	-0.02     	0.596795
697	47    	0.233112   	0.165955 	-0.02     	0.596795
698	45    	0.259431   	0.15253  	-0.0175   	0.596795
699	48    	0.231609   	0.16141  	-0.0166667	0.689503
700	42    	0.241647   	0.183534 	-0.0166667	0.689503
701	43    	0.267839   	0.182232 	-0.02     	0.689503
702	46    	0.230979   	0.182817 	-0.02     	0.689503
703	49    	0.205209   	0.150479 	-0.02     	0.583187
704	43    	0.259616   	0.167727 	-0.0171429	0.583187
705	47    	0.265852   	0.180628 	-0.0174999	0.615259
706	47    	0.241455   	0.156703 	-0.02     	0.583225
707	44    	0.234083   	0.197349 	-0.0175   	0.583225
708	45    	0.212922   	0.178255 	-0.0171429	0.583225
709	46    	0.194296   	0.184428 	-0.0171428	0.583225
710	42    	0.278464   	0.188446 	-0.0171429	0.583225
711	47    	0.201407   	0.199581 	-0.02     	0.583225
712	49    	0.204279   	0.180457 	-0.0166667	0.702349
713	46    	0.246558   	0.162847 	-0.0175   	0.702349
714	46    	0.257759   	0.170033 	-0.0171429	0.678554
715	47    	0.218901   	0.176547 	-0.02     	0.727643
716	46    	0.28185    	0.181787 	-0.0177778	0.705352
717	48    	0.230212   	0.173648 	-0.0181818	0.615927
718	43    	0.257519   	0.15328  	-0.0171429	0.615927
719	46    	0.269692   	0.18133  	-0.018    	0.626486
720	46    	0.272948   	0.186626 	-0.02     	0.732974
721	49    	0.249077   	0.139069 	-0.0222222	0.61554 
722	43    	0.275152   	0.169834 	-0.0171428	0.610146
723	44    	0.288374   	0.176081 	-0.0171429	0.692978
724	47    	0.251065   	0.172872 	-0.0175   	0.69448 
725	46    	0.275041   	0.187112 	-0.02     	0.722557
726	43    	0.2862     	0.203916 	-0.0171429	0.722557
727	46    	0.264225   	0.219441 	-0.0171429	0.836727
728	47    	0.219122   	0.146114 	-0.02     	0.836727
729	43    	0.259412   	0.154914 	-0.02     	0.836727
730	43    	0.276761   	0.220086 	-0.0175   	0.836727
731	43    	0.315828   	0.241985 	-0.0199999	0.840288
732	45    	0.297185   	0.218228 	-0.0171429	0.840288
733	46    	0.245133   	0.180669 	-0.0171429	0.836727
734	44    	0.26838    	0.153696 	-0.0180001	0.695195
735	45    	0.235172   	0.179835 	-0.02     	0.752726
736	45    	0.278011   	0.15439  	-0.018    	0.752726
737	44    	0.270282   	0.152732 	-0.0177778	0.752726
738	49    	0.258654   	0.0936598	-0.0171428	0.448971
739	41    	0.285586   	0.115836 	-0.0171429	0.489653
740	46    	0.270647   	0.131183 	-0.02     	0.517224
741	45    	0.256069   	0.125804 	-0.02     	0.517224
742	45    	0.265885   	0.132234 	-0.02     	0.517224
743	47    	0.279865   	0.118583 	-0.0133337	0.613305
744	48    	0.27276    	0.132927 	-0.02     	0.616742
745	44    	0.316199   	0.145432 	-0.0133333	0.745131
746	46    	0.296447   	0.154426 	-0.0166665	0.745131
747	47    	0.258399   	0.167397 	-0.02     	0.745131
748	46    	0.298933   	0.163782 	-0.0233333	0.650493
749	44    	0.274854   	0.185252 	-0.0175   	0.650493
750	47    	0.254718   	0.146579 	-0.0175   	0.650493
751	43    	0.283321   	0.138221 	-0.0175   	0.650493
752	44    	0.276948   	0.155371 	-0.02     	0.650493
753	45    	0.278848   	0.151159 	-0.02     	0.650493
754	44    	0.265089   	0.167531 	-0.02     	0.650493
755	46    	0.298018   	0.161444 	-0.0166667	0.650493
756	47    	0.306167   	0.145446 	-0.0175   	0.650493
757	46    	0.246355   	0.168404 	-0.02     	0.646394
758	49    	0.217272   	0.150404 	-0.017143 	0.556898
759	46    	0.21436    	0.16034  	-0.02     	0.54267 
760	45    	0.281971   	0.176633 	-0.0166667	0.812113
761	45    	0.272358   	0.171018 	-0.02     	0.654594
762	46    	0.226441   	0.171713 	-0.02     	0.580091
763	45    	0.266355   	0.165911 	-0.02     	0.580091
764	45    	0.280138   	0.180565 	-0.02     	0.584144
765	46    	0.210229   	0.180276 	-0.0175   	0.581205
766	48    	0.199951   	0.180987 	-0.0175001	0.581279
767	46    	0.210163   	0.154322 	-0.0171429	0.581279
768	47    	0.241769   	0.168567 	-0.0175   	0.581279
769	46    	0.201546   	0.163224 	-0.0171429	0.581205
770	49    	0.236018   	0.16505  	-0.02     	0.596931
771	47    	0.220928   	0.156243 	-0.0175   	0.596931
772	48    	0.260644   	0.127201 	-0.0166666	0.596931
773	45    	0.251577   	0.16582  	-0.0177779	0.669971
774	48    	0.27128    	0.15794  	-0.0177778	0.806106
775	46    	0.275439   	0.15993  	-0.0133334	0.806106
776	42    	0.297542   	0.174611 	-0.02     	0.806106
777	49    	0.249335   	0.171494 	-0.02     	0.806106
778	44    	0.266771   	0.144875 	-0.02     	0.696723
779	46    	0.248344   	0.15242  	-0.02     	0.696723
780	47    	0.28629    	0.121338 	-0.0133333	0.781257
781	49    	0.213129   	0.116811 	-0.018    	0.485516
782	45    	0.28045    	0.115604 	-0.0200001	0.536224
783	44    	0.28539    	0.107715 	0.116145  	0.536224
784	50    	0.27863    	0.104049 	-0.016    	0.575496
785	47    	0.272568   	0.134705 	-0.02     	0.599237
786	46    	0.269935   	0.138802 	-0.016    	0.627025
787	46    	0.27397    	0.179754 	-0.02     	0.680083
788	45    	0.252452   	0.174109 	-0.018    	0.583785
789	45    	0.264608   	0.167505 	-0.02     	0.813981
790	46    	0.282276   	0.173646 	-0.02     	0.813981
791	47    	0.204632   	0.143204 	-0.02     	0.560107
792	48    	0.235131   	0.145469 	-0.0166667	0.558441
793	47    	0.281307   	0.137894 	-0.0175   	0.575533
794	42    	0.259642   	0.151237 	-0.0174409	0.575533
795	47    	0.256927   	0.147634 	-0.02     	0.575533
796	48    	0.246488   	0.169455 	-0.02     	0.575533
797	48    	0.28288    	0.139599 	-0.0175   	0.582956
798	46    	0.311845   	0.177255 	-0.02     	0.703179
799	46    	0.22238    	0.15116  	-0.0166667	0.703179
800	46    	0.257414   	0.150778 	-0.02     	0.706419
801	43    	0.270833   	0.163461 	-0.0175   	0.703179
802	44    	0.245623   	0.178741 	-0.0171428	0.703179
803	46    	0.207137   	0.190868 	-0.02     	0.703179
804	46    	0.245673   	0.186785 	-0.0171429	0.703179
805	49    	0.216791   	0.155149 	-0.02     	0.703179
806	48    	0.219714   	0.161432 	-0.02     	0.567963
807	44    	0.228791   	0.156583 	-0.0171429	0.567963
808	49    	0.220281   	0.142605 	-0.02     	0.515749
809	47    	0.25957    	0.148088 	-0.016    	0.667451
810	46    	0.277926   	0.121153 	-0.0166667	0.519509
811	47    	0.213057   	0.140936 	-0.0175   	0.519509
812	48    	0.274499   	0.14496  	-0.0177778	0.706285
813	49    	0.237937   	0.139406 	-0.0177778	0.706285
814	47    	0.253433   	0.115415 	-0.015    	0.524291
815	44    	0.259603   	0.130207 	-0.02     	0.524291
816	49    	0.218822   	0.123791 	-0.02     	0.512598
817	49    	0.230441   	0.118446 	-0.0171429	0.488519
818	42    	0.295609   	0.127645 	-0.0177778	0.543623
819	48    	0.273134   	0.123793 	-0.0228572	0.519518
820	44    	0.292768   	0.115467 	0.0754941 	0.572124
821	45    	0.309899   	0.108028 	0.099347  	0.572124
822	47    	0.322698   	0.0917558	0.177346  	0.510429
823	46    	0.310434   	0.0941459	0.155193  	0.562262
824	46    	0.296496   	0.109722 	-0.0133332	0.562262
825	48    	0.303865   	0.120696 	0.0704076 	0.621083
826	45    	0.301788   	0.115399 	-0.016    	0.621083
827	47    	0.276725   	0.213709 	-1        	0.528854
828	44    	0.292978   	0.14014  	-0.0166667	0.808962
829	45    	0.292639   	0.11405  	-0.0215385	0.522783
830	47    	0.295055   	0.120552 	-0.0133333	0.571106
831	47    	0.304483   	0.0983526	0.17123   	0.571106
832	46    	0.279366   	0.104861 	-0.02     	0.571106
833	46    	0.298209   	0.088941 	0.131524  	0.571106
834	45    	0.250871   	0.204455 	-1        	0.571106
835	47    	0.236212   	0.268233 	-1        	0.529207
836	47    	0.293793   	0.0918736	0.124154  	0.499468
837	46    	0.232002   	0.331893 	-1        	0.576132
838	48    	0.302004   	0.112367 	-0.0133333	0.591528
839	47    	0.308745   	0.0986645	0.0972808 	0.591528
840	44    	0.272476   	0.206891 	-1        	0.591528
841	43    	0.277425   	0.224031 	-1        	0.591528
842	44    	0.289875   	0.219811 	-1        	0.591528
843	49    	0.286163   	0.103199 	-0.0133334	0.591528
844	46    	0.290291   	0.108414 	-0.0183333	0.591528
845	43    	0.289136   	0.210605 	-1        	0.591528
846	46    	0.303709   	0.081437 	0.139407  	0.591528
847	44    	0.263359   	0.217046 	-1        	0.506463
848	50    	0.252907   	0.126506 	-0.02     	0.636947
849	47    	0.267519   	0.211968 	-1        	0.531836
850	47    	0.264541   	0.219455 	-1        	0.706127
851	47    	0.280161   	0.105063 	0.095136  	0.482219
852	49    	0.29275    	0.0878936	0.123736  	0.506928
853	49    	0.266449   	0.0988392	0.0523237 	0.443846
854	44    	0.285165   	0.206243 	-1        	0.457741
855	43    	0.319541   	0.0884363	0.0905708 	0.457741
856	46    	0.3018     	0.0928206	0.118704  	0.512983
857	47    	0.200924   	0.324946 	-1        	0.462743
858	46    	0.231507   	0.265698 	-1        	0.457741
859	44    	0.238247   	0.27304  	-1        	0.457741
860	47    	0.241158   	0.322298 	-1        	0.47737 
861	50    	0.310779   	0.0791074	0.145472  	0.4645  
862	43    	0.287593   	0.0925606	0.0590202 	0.441915
863	45    	0.303925   	0.089992 	0.0851785 	0.498071
864	44    	0.317025   	0.0858553	0.130011  	0.466908
865	48    	0.312692   	0.112805 	-0.01     	0.581403
866	47    	0.233959   	0.331359 	-1        	0.603338
867	48    	0.304911   	0.0827368	0.167102  	0.533122
868	49    	0.247054   	0.202544 	-1        	0.533122
869	44    	0.26423    	0.275794 	-1        	0.622857
870	41    	0.344453   	0.128429 	-0.0160001	0.622857
871	47    	0.30557    	0.0839069	0.180565  	0.622857
872	43    	0.305529   	0.0892301	0.139288  	0.576702
873	48    	0.248799   	0.26774  	-1        	0.466084
874	46    	0.270898   	0.204192 	-1        	0.466084
875	45    	0.227428   	0.323216 	-1        	0.575388
876	48    	0.269445   	0.27297  	-1        	0.591545
877	44    	0.191307   	0.406869 	-1        	0.591545
878	44    	0.189118   	0.407998 	-1        	0.591545
879	44    	0.326437   	0.216552 	-1        	0.591545
880	49    	0.21691    	0.368404 	-1        	0.591545
881	46    	0.201983   	0.366892 	-1        	0.591545
882	50    	0.18407    	0.407515 	-1        	0.706387
883	45    	0.158482   	0.478021 	-1        	0.706387
884	44    	0.30296    	0.29107  	-1        	0.706387
885	45    	0.281776   	0.287988 	-1        	0.706387
886	45    	0.281065   	0.284316 	-1        	0.706387
887	49    	0.207552   	0.317626 	-1        	0.456847
888	40    	0.295247   	0.202979 	-1        	0.55874 
889	47    	0.146362   	0.469645 	-1        	0.519207
890	41    	0.278992   	0.284769 	-1        	0.519207
891	46    	0.219306   	0.370737 	-1        	0.571537
892	48    	0.312026   	0.104224 	-0.02     	0.571537
893	46    	0.279825   	0.203425 	-1        	0.571537
894	47    	0.309522   	0.0691609	0.181268  	0.425942
895	46    	0.233636   	0.320641 	-1        	0.454466
896	45    	0.237928   	0.322788 	-1        	0.515075
897	45    	0.294515   	0.206944 	-1        	0.550933
898	48    	0.255679   	0.26823  	-1        	0.515075
899	42    	0.293466   	0.202242 	-1        	0.515075
900	47    	0.21922    	0.318258 	-1        	0.515075
901	45    	0.336148   	0.0868904	0.152914  	0.561927
902	48    	0.238122   	0.326748 	-1        	0.561927
903	45    	0.290089   	0.212772 	-1        	0.561927
904	47    	0.288043   	0.112901 	0.0774949 	0.619905
905	48    	0.25589    	0.272281 	-1        	0.550763
906	47    	0.2522     	0.271125 	-1        	0.530241
907	47    	0.104038   	0.49211  	-1        	0.518801
908	47    	0.166129   	0.399694 	-1        	0.518801
909	45    	0.246948   	0.272965 	-1        	0.504259
910	44    	0.291758   	0.209907 	-1        	0.5176  
911	48    	0.308103   	0.0976633	-0.016    	0.492154
912	45    	0.26567    	0.19658  	-1        	0.470267
913	46    	0.27449    	0.271485 	-1        	0.470267
914	44    	0.284681   	0.19943  	-1        	0.470267
915	46    	0.236177   	0.323663 	-1        	0.470267
916	45    	0.140541   	0.43082  	-1        	0.470267
917	48    	0.206702   	0.316301 	-1        	0.458247
918	41    	0.237467   	0.325605 	-1        	0.458247
919	44    	0.295703   	0.205851 	-1        	0.609394
920	42    	0.312003   	0.126199 	-0.02     	0.609394
921	49    	0.236621   	0.273478 	-1        	0.609394
922	50    	0.262087   	0.206137 	-1        	0.546319
923	45    	0.256926   	0.332607 	-1        	0.653843
924	46    	0.146994   	0.436654 	-1        	0.546353
925	48    	0.254927   	0.283    	-1        	0.71763 
926	48    	0.3025     	0.216424 	-1        	0.715798
927	43    	0.310323   	0.164398 	-0.02     	0.715798
928	45    	0.342333   	0.164047 	-0.016    	0.847659
929	48    	0.284661   	0.159821 	-0.0222222	0.715798
930	46    	0.242088   	0.285179 	-1        	0.715798
931	46    	0.271137   	0.215278 	-1        	0.517162
932	44    	0.314508   	0.142299 	-0.0166667	0.665416
933	41    	0.321166   	0.150069 	-0.0150001	0.665416
934	48    	0.261305   	0.156628 	-0.02     	0.665416
935	45    	0.300896   	0.128448 	-0.015    	0.665416
936	49    	0.289664   	0.132431 	-0.015    	0.608118
937	45    	0.291629   	0.127334 	-0.02     	0.608118
938	45    	0.298026   	0.115165 	-0.0177778	0.490764
939	43    	0.314554   	0.111244 	0.090646  	0.59496 
940	50    	0.279447   	0.123358 	-0.0177778	0.619078
941	43    	0.285804   	0.140087 	-0.0171429	0.693487
942	47    	0.246554   	0.184328 	-0.02     	0.706168
943	45    	0.244887   	0.188632 	-0.0175   	0.706168
944	46    	0.243636   	0.178698 	-0.0166667	0.726164
945	47    	0.248788   	0.245087 	-1        	0.730872
946	49    	0.168825   	0.33779  	-1        	0.649268
947	46    	0.247771   	0.29553  	-1        	0.649268
948	46    	0.260846   	0.138436 	-0.0171429	0.608695
949	44    	0.281447   	0.139431 	-0.0166667	0.615297
950	47    	0.254609   	0.158416 	-0.02     	0.615297
951	44    	0.259296   	0.167074 	-0.0175   	0.615297
952	46    	0.249305   	0.166748 	-0.0171429	0.615297
953	45    	0.261746   	0.179352 	-0.02     	0.706285
954	47    	0.214747   	0.204407 	-0.02     	0.706637
955	43    	0.25459    	0.206681 	-0.0181818	0.706637
956	46    	0.236672   	0.217505 	-0.02     	0.706285
957	46    	0.226345   	0.186001 	-0.0175001	0.706046
958	46    	0.239287   	0.184216 	-0.0171429	0.706046
959	43    	0.240471   	0.215993 	-0.0171429	0.706046
960	45    	0.240126   	0.214043 	-0.0175   	0.726719
961	47    	0.175319   	0.150556 	-0.02     	0.726719
962	48    	0.222416   	0.15244  	-0.0199999	0.575998
963	44    	0.243553   	0.17106  	-0.0166667	0.615368
964	46    	0.214866   	0.152096 	-0.0177778	0.582951
965	44    	0.2203     	0.153501 	-0.0181818	0.582951
966	47    	0.195475   	0.170226 	-0.0175   	0.582951
967	44    	0.264937   	0.159147 	-0.0175   	0.582951
968	47    	0.222516   	0.162629 	-0.0171429	0.614508
969	49    	0.205073   	0.144493 	-0.0175   	0.582239
970	45    	0.221981   	0.152563 	-0.0166667	0.544083
971	43    	0.206693   	0.151603 	-0.0171429	0.544083
972	46    	0.225517   	0.147961 	-0.0171429	0.574575
973	49    	0.234868   	0.12432  	-0.0199999	0.544083
974	46    	0.243622   	0.105101 	-0.0175   	0.544083
975	47    	0.260801   	0.10428  	-0.0133334	0.478755
976	48    	0.290372   	0.106728 	-0.00671136	0.546659
977	43    	0.278245   	0.154448 	-0.0149999 	0.682875
978	47    	0.311636   	0.133427 	-0.0171429 	0.68735 
979	43    	0.322862   	0.172547 	-0.0171429 	0.721859
980	49    	0.294467   	0.126955 	-0.0133333 	0.68735 
981	46    	0.278895   	0.126315 	-0.015     	0.68735 
982	41    	0.293596   	0.170379 	-0.0166668 	0.68735 
983	48    	0.300097   	0.158145 	-0.02      	0.867886
984	49    	0.261624   	0.12278  	-0.02      	0.51922 
985	44    	0.298058   	0.128569 	-0.0171429 	0.611623
986	48    	0.293695   	0.152869 	-0.0181818 	0.727223
987	48    	0.260095   	0.14429  	-0.0175    	0.579532
988	46    	0.254829   	0.221659 	-1         	0.579532
989	45    	0.292439   	0.138136 	-0.0185714 	0.579532
990	46    	0.280965   	0.124741 	0.0670995  	0.579532
991	49    	0.269231   	0.126029 	-0.0133333 	0.624813
992	44    	0.294599   	0.122471 	0.0979993  	0.624813
993	45    	0.276816   	0.140376 	-0.02      	0.624813
994	45    	0.279676   	0.128997 	-0.016     	0.624813
995	44    	0.288983   	0.127707 	-0.02      	0.575069
996	49    	0.288867   	0.109619 	-0.02      	0.505437
997	45    	0.305077   	0.0929858	0.1217     	0.505437
998	44    	0.290193   	0.216235 	-1         	0.597626
999	47    	0.267458   	0.207044 	-1         	0.540913
1000	44    	0.292874   	0.206735 	-1         	0.576365
Best individuals:
(0.8879817575120947,) 	-->	 /*9*/DDDFLLBUUU
VMNeuronManager.autoload: Neuro classes added: Delay Light Nn PIDP PIDV SeeLight SeeLight2 S0 S1 Thr 
UserScripts.autoload: 19 user scripts added.
Simulator.load: Loading from 'eval-allcriteria.sim'
Loader.load: Comments read from file follow:
Loader.load:  Sample settings for evaluating many criteria of performance of a Framsticks creature.
Loader.load:  See the "evalcount" parameter if you want to speed the evaluation up or have a more stable result.
Loader.load:  Other important parameters are "Energy0" and "perfperiod".
Loader.load:  Put this file in the "data" subdirectory within the Framsticks distribution.
Simulator.load: Settings loaded from 'eval-allcriteria.sim'
Simulator.load: Loading from 'deterministic.sim'
Loader.load: Comments read from file follow:
Loader.load:  Parameter values that make the evaluation of a Framsticks creature deterministic.
Loader.load:  The values turn off random noise, so evaluation of the same genotype will always yield the same performance.
Loader.load:  The advantage is that you do not need to evaluate a genotype many times, and performance values are reliable.
Loader.load:  The disadvantage is that evolved creatures are "overfitting", i.e. rely entirely on the specific environment,
Loader.load:  and their behavior may be different in any other environment or (even slightly) changed conditions or parameter values,
Loader.load:  so each creature evolved using these settings must be later inspected using exactly the same setup.
Loader.load: 
Loader.load:  Before loading this file, load base settings, e.g. "eval-allcriteria.sim".
Loader.load:  Put this file in the "data" subdirectory within the Framsticks distribution.
Simulator.load: Settings loaded from 'deterministic.sim'
Simulator.load: Loading from 'sample-period-2.sim'
Loader.load: Comments read from file follow:
Loader.load:  Very low "performance sampling period" in the first population to sample performance very often during lifespan
Loader.load:  and avoid overlooking some behavior. Averaged performance of sampled values is returned as the final value.
Loader.load:  See http://www.framsticks.com/a/al_params.html#exper-perfcalc
Loader.load: 
Loader.load:  Before loading this file, load base settings, e.g. "eval-allcriteria.sim".
Loader.load:  Put this file in the "data" subdirectory within the Framsticks distribution.
Simulator.load: Loading from 'f9-mut-040.sim'
Simulator.load: Settings loaded from 'f9-mut-040.sim'
