Argument values: path=C:\Users\1625203\Downloads\Framsticks50rc22\Framsticks50rc22, lib=None, sim=eval-allcriteria.sim;deterministic.sim;sample-period-2.sim;f9-mut-040.sim, genformat=None, initialgenotype=/*9*/BLU, opt=vertpos, popsize=50, generations=1000, tournament=10, pmut=0.9, pxov=0.2, hof_size=1, hof_savefile=None, max_numparts=30, max_numjoints=None, max_numneurons=None, max_numconnections=None, max_numgenochars=50
Using Framsticks version: 5.0rc22
Home (writable) dir     : C:\Users\1625203\Downloads\Framsticks50rc22\Framsticks50rc22\data
Resources dir           : C:\Users\1625203\Downloads\Framsticks50rc22\Framsticks50rc22\data

Available objects: ['CheckpointEvent', 'Collision', 'CrCollision', 'Creature', 'CreatureSettings', 'CreatureSignals', 'CreatureSnapshot', 'Dictionary', 'ExpProperties', 'ExpState', 'ExtValue', 'File', 'FunctionReference', 'GenMan', 'GenManStats', 'GenePool', 'GenePools', 'Geno', 'Genotype', 'Interface', 'Joint', 'Loader', 'Math', 'MechJoint', 'MechPart', 'MessageCatcher', 'Model', 'ModelGeometry', 'ModelSymmetry', 'Neuro', 'NeuroClass', 'NeuroClassLibrary', 'NeuroDef', 'NeuroSignals', 'NeuronsSimEnabled', 'ODE', 'Orient', 'Part', 'Population', 'Populations', 'Ref', 'Signal', 'SignalView', 'SimilMeasure', 'SimilMeasureDistribution', 'SimilMeasureGreedy', 'SimilMeasureHungarian', 'Simulator', 'SlaveSimulators', 'StopEvent', 'String', 'UserScripts', 'Vector', 'WireframeAppearance', 'World', 'WorldMap', 'WorldSignals', 'XYZ', '__builtins__', '__cached__', '__doc__', '__file__', '__loader__', '__name__', '__package__', '__spec__', 'c_api', 'ctypes', 'home_dir', 'init', 'os', 're', 'res_dir', 'sim_params', 'stats', 'sys']

Performing a basic test 1/2... OK.
Performing a basic test 2/2... OK.
Using settings: ['eval-allcriteria.sim', 'deterministic.sim', 'sample-period-2.sim', 'f9-mut-040.sim']
gen	nevals	avg     	stddev	min     	max     
0  	50    	0.218369	0     	0.218369	0.218369
1  	44    	0.0574215	0.0999451	-0.016  	0.218369
2  	46    	0.0703614	0.105691 	-0.0150001	0.234772
3  	47    	0.0703324	0.106057 	-0.02     	0.295533
4  	47    	0.127952 	0.167602 	-0.02     	0.582956
5  	44    	0.170456 	0.179162 	-0.02     	0.583103
6  	50    	0.154887 	0.166249 	-0.02     	0.583036
7  	48    	0.184101 	0.143335 	-0.02     	0.515996
8  	48    	0.147907 	0.148013 	-0.0166667	0.58318 
9  	47    	0.189184 	0.146043 	-0.02     	0.520136
10 	43    	0.221583 	0.146225 	-0.0175   	0.515996
11 	48    	0.180261 	0.120798 	-0.02     	0.428086
12 	44    	0.175429 	0.140731 	-0.0171429	0.483972
13 	45    	0.220346 	0.134665 	-0.0175   	0.507138
14 	44    	0.253718 	0.130444 	-0.0160001	0.483972
15 	47    	0.22222  	0.149313 	-0.0177777	0.702794
16 	45    	0.226196 	0.168617 	-0.02     	0.7028  
17 	46    	0.197302 	0.160784 	-0.0225   	0.7028  
18 	48    	0.227167 	0.150769 	-0.0166667	0.7028  
19 	45    	0.272863 	0.165896 	-0.0171429	0.706575
20 	47    	0.248662 	0.155864 	-0.0171429	0.561604
21 	45    	0.227213 	0.172952 	-0.0171429	0.561604
22 	48    	0.181838 	0.151219 	-0.0171429	0.561604
23 	44    	0.219481 	0.14518  	-0.0171429	0.559411
24 	41    	0.262338 	0.177369 	-0.02     	0.596734
25 	47    	0.240365 	0.169487 	-0.0166667	0.569946
26 	47    	0.22783  	0.158427 	-0.02     	0.569946
27 	45    	0.233558 	0.194188 	-0.02     	0.594251
28 	48    	0.248772 	0.134552 	-0.0175   	0.583225
29 	41    	0.249419 	0.177687 	-0.0199999	0.583225
30 	39    	0.253598 	0.178954 	-0.0177778	0.583225
31 	47    	0.225161 	0.17301  	-0.0199999	0.583225
32 	47    	0.163796 	0.138484 	-0.02     	0.495137
33 	46    	0.231421 	0.15722  	-0.02     	0.844285
34 	47    	0.22649  	0.161066 	-0.02     	0.611277
35 	43    	0.281106 	0.166487 	-0.0175   	0.611277
36 	49    	0.249038 	0.125447 	-0.02     	0.544068
37 	47    	0.238746 	0.141608 	-0.0177778	0.55244 
38 	45    	0.269903 	0.123908 	0.0666309 	0.589555
39 	48    	0.247907 	0.145054 	-0.02     	0.589555
40 	48    	0.226971 	0.125866 	-0.02     	0.589555
41 	49    	0.241613 	0.107464 	-0.0171428	0.589555
42 	45    	0.242052 	0.150291 	-0.018    	0.726997
43 	48    	0.256772 	0.130392 	-0.0177779	0.646228
44 	45    	0.260497 	0.143481 	-0.02     	0.576374
45 	47    	0.282314 	0.136498 	-0.0133334	0.643469
46 	41    	0.288125 	0.158099 	-0.02     	0.643469
47 	48    	0.255    	0.172632 	-0.0177779	0.645286
48 	46    	0.235187 	0.148262 	-0.02     	0.582181
49 	48    	0.212798 	0.14347  	-0.02     	0.504294
50 	44    	0.234412 	0.139831 	-0.0171429	0.504294
51 	45    	0.248588 	0.142845 	-0.02     	0.496483
52 	47    	0.254429 	0.142936 	-0.0233333	0.496483
53 	44    	0.275048 	0.0918316	0.0879759 	0.495969
54 	45    	0.298491 	0.143072 	-0.02     	0.667488
55 	44    	0.293587 	0.141983 	-0.016    	0.685264
56 	49    	0.246905 	0.102331 	-0.0171429	0.495969
57 	45    	0.285465 	0.0962682	-0.01     	0.495969
58 	44    	0.283367 	0.109949 	0.06009   	0.546574
59 	46    	0.304656 	0.105949 	0.0977384 	0.588517
60 	47    	0.300363 	0.129243 	-0.0171428	0.633693
61 	47    	0.315621 	0.119275 	0.114346  	0.633693
62 	46    	0.309826 	0.119704 	-0.02     	0.633693
63 	44    	0.298835 	0.13022  	-0.016    	0.633693
64 	46    	0.242643 	0.277575 	-1        	0.588517
65 	49    	0.250665 	0.202893 	-1        	0.588517
66 	48    	0.243376 	0.266193 	-1        	0.496228
67 	45    	0.26737  	0.270869 	-1        	0.496228
68 	46    	0.167397 	0.401574 	-1        	0.528798
69 	45    	0.267188 	0.199473 	-1        	0.528798
70 	49    	0.285175 	0.0977479	-0.015    	0.558416
71 	48    	0.25432  	0.205468 	-1        	0.504797
72 	48    	0.237869 	0.216565 	-1        	0.521209
73 	47    	0.266103 	0.109502 	-0.0133333	0.487653
74 	48    	0.283261 	0.10252  	0.0604035 	0.525023
75 	49    	0.296781 	0.103639 	0.0872104 	0.523487
76 	46    	0.298018 	0.107106 	-0.016    	0.514203
77 	46    	0.284742 	0.130845 	-0.0166667	0.514203
78 	48    	0.287538 	0.110415 	0.0701987 	0.532706
79 	48    	0.196204 	0.365655 	-1        	0.515503
80 	45    	0.247977 	0.216367 	-1        	0.515503
81 	47    	0.29685  	0.136472 	-0.016    	0.64559 
82 	46    	0.258178 	0.190576 	-0.02     	0.694742
83 	43    	0.300179 	0.210374 	-0.02     	0.731154
84 	46    	0.263582 	0.196102 	-0.0175   	0.70508 
85 	47    	0.225849 	0.168559 	-0.02     	0.705141
86 	45    	0.244017 	0.142134 	-0.0171429	0.616966
87 	43    	0.243716 	0.168807 	-0.0175   	0.702229
88 	42    	0.281087 	0.171689 	-0.02     	0.702229
89 	48    	0.204529 	0.152296 	-0.0174999	0.811247
90 	47    	0.22585  	0.132032 	-0.0166667	0.543179
91 	46    	0.239761 	0.152011 	-0.02     	0.559412
92 	44    	0.250696 	0.150241 	-0.0171429	0.559412
93 	49    	0.220859 	0.138101 	-0.0175   	0.543179
94 	45    	0.268172 	0.162611 	-0.02     	0.695309
95 	43    	0.277263 	0.166419 	-0.02     	0.694721
96 	45    	0.283793 	0.180893 	-0.02     	0.694721
97 	41    	0.322099 	0.212442 	-0.0177777	0.697303
98 	44    	0.314194 	0.19475  	-0.0177778	0.815882
99 	46    	0.269589 	0.181919 	-0.0171428	0.697303
100	46    	0.274201 	0.20527  	-0.0175   	0.805742
101	45    	0.245559 	0.20173  	-0.0181818	0.727627
102	43    	0.286049 	0.206623 	-0.02     	0.727627
103	43    	0.303609 	0.197908 	-0.0171431	0.727627
104	43    	0.303171 	0.187862 	-0.0166667	0.695971
105	44    	0.302199 	0.199702 	-0.0171428	0.809177
106	45    	0.296328 	0.226523 	-0.02     	0.815882
107	46    	0.224437 	0.191009 	-0.02     	0.704835
108	49    	0.257096 	0.172698 	-0.0175   	0.704835
109	49    	0.258678 	0.170532 	-0.02     	0.704835
110	43    	0.26262  	0.190173 	-0.02     	0.704835
111	47    	0.231686 	0.140301 	-0.016    	0.704835
112	44    	0.234895 	0.175822 	-0.02     	0.704835
113	47    	0.213775 	0.165492 	-0.02     	0.803492
114	44    	0.249167 	0.159114 	-0.0177778	0.803492
115	46    	0.266417 	0.218429 	-0.0200001	0.803492
116	47    	0.225338 	0.187585 	-0.0171429	0.803492
117	44    	0.253448 	0.180526 	-0.0171429	0.803492
118	47    	0.171752 	0.171505 	-0.02     	0.803492
119	44    	0.258507 	0.210213 	-0.0171429	0.803492
120	42    	0.35048  	0.259608 	-0.0175   	0.803492
121	43    	0.335833 	0.258046 	-0.0174999	0.803492
122	49    	0.212142 	0.184893 	-0.0200001	0.803492
123	47    	0.231218 	0.132706 	-0.0166667	0.561767
124	45    	0.237204 	0.128836 	-0.0166667	0.561767
125	48    	0.256933 	0.155053 	-0.0175001	0.703684
126	49    	0.244436 	0.17197  	-0.02     	0.803492
127	47    	0.241262 	0.15963  	-0.0175   	0.803492
128	46    	0.220894 	0.15399  	-0.02     	0.803492
129	49    	0.233397 	0.152371 	-0.02     	0.522589
130	44    	0.25687  	0.181015 	-0.0175   	0.690976
131	46    	0.237041 	0.187153 	-0.02     	0.690976
132	47    	0.263531 	0.195687 	-0.02     	0.813771
133	45    	0.244758 	0.219441 	-0.02     	0.813771
134	45    	0.274455 	0.188665 	-0.0175001	0.813771
135	42    	0.275456 	0.20463  	-0.0166667	0.813771
136	49    	0.241522 	0.163313 	-0.016    	0.690311
137	46    	0.24857  	0.158545 	-0.02     	0.690311
138	50    	0.197388 	0.131594 	-0.0175   	0.573203
139	49    	0.249106 	0.119863 	-0.02     	0.61554 
140	47    	0.235213 	0.149372 	-0.02     	0.596908
141	46    	0.262261 	0.178449 	-0.0200001	0.701953
142	46    	0.245545 	0.170513 	-0.02     	0.698961
143	49    	0.235885 	0.138718 	-0.02     	0.6026  
144	47    	0.22078  	0.15337  	-0.018    	0.6026  
145	47    	0.231276 	0.142086 	-0.0199999	0.514611
146	48    	0.22648  	0.148833 	-0.0171429	0.703946
147	47    	0.224705 	0.143708 	-0.0177778	0.703946
148	46    	0.238129 	0.118611 	-0.0166667	0.42818 
149	44    	0.230534 	0.145123 	-0.0175   	0.515749
150	47    	0.198305 	0.159084 	-0.02     	0.534469
151	48    	0.226832 	0.133248 	-0.02     	0.453041
152	46    	0.233689 	0.129023 	-0.0166667	0.489418
153	44    	0.265218 	0.128134 	-0.0171428	0.506117
154	48    	0.230932 	0.138345 	-0.0177778	0.60396 
155	47    	0.251432 	0.151396 	-0.02     	0.69597 
156	42    	0.275163 	0.195177 	-0.0171429	0.838906
157	45    	0.250419 	0.18293  	-0.0175   	0.698663
158	44    	0.262218 	0.194696 	-0.0177778	0.70356 
159	47    	0.219303 	0.159803 	-0.02     	0.615231
160	48    	0.223426 	0.146202 	-0.02     	0.615231
161	49    	0.230432 	0.149874 	-0.0175   	0.615231
162	47    	0.289352 	0.150489 	-0.016    	0.582951
163	46    	0.295287 	0.141434 	-0.0171429	0.567994
164	45    	0.304496 	0.14772  	-0.0171428	0.632236
165	48    	0.284454 	0.14426  	-0.02     	0.70325 
166	48    	0.294786 	0.137757 	-0.0181818	0.636742
167	45    	0.309047 	0.126071 	0.104526  	0.636742
168	43    	0.339788 	0.143722 	-0.0174999	0.649458
169	49    	0.277708 	0.133592 	-0.0181818	0.634693
170	44    	0.296391 	0.129153 	0.081985  	0.634693
171	47    	0.287531 	0.125291 	0.0691783 	0.634693
172	46    	0.295105 	0.101854 	0.0823132 	0.574125
173	46    	0.278735 	0.122649 	-0.0233333	0.532343
174	46    	0.258823 	0.107714 	-0.015    	0.514621
175	47    	0.24845  	0.102141 	-0.0177778	0.427001
176	46    	0.253114 	0.103713 	-0.0166667	0.432907
177	46    	0.265317 	0.112237 	-0.0174999	0.587894
178	42    	0.256937 	0.222631 	-1        	0.587894
179	49    	0.262571 	0.23577  	-1        	0.707963
180	47    	0.252608 	0.241725 	-1        	0.707963
181	48    	0.282929 	0.137029 	-0.02     	0.591574
182	44    	0.306019 	0.150977 	0.060384  	0.614882
183	50    	0.246618 	0.125281 	-0.02     	0.639992
184	45    	0.244259 	0.135415 	-0.02     	0.639992
185	48    	0.231059 	0.128992 	-0.02     	0.639992
186	43    	0.298318 	0.1405   	-0.02     	0.702954
187	45    	0.243441 	0.148355 	-0.0174999	0.576491
188	46    	0.250091 	0.163771 	-0.02     	0.576491
189	46    	0.249956 	0.156406 	-0.0171429	0.506117
190	46    	0.248594 	0.128809 	-0.0175   	0.506117
191	44    	0.255832 	0.146926 	-0.02     	0.506117
192	43    	0.278163 	0.168172 	-0.0166667	0.614561
193	47    	0.193595 	0.14495  	-0.0199999	0.550315
194	46    	0.229289 	0.166146 	-0.02     	0.580007
195	44    	0.269538 	0.141244 	-0.0166667	0.580007
196	46    	0.230779 	0.16557  	-0.0175   	0.846101
197	46    	0.2416   	0.17567  	-0.0200001	0.846101
198	47    	0.220546 	0.156649 	-0.02     	0.591908
199	42    	0.264219 	0.174612 	-0.0171429	0.591908
200	49    	0.197076 	0.17024  	-0.02     	0.613571
201	45    	0.232506 	0.188443 	-0.0200001	0.615955
202	45    	0.239424 	0.201148 	-0.02     	0.819969
203	47    	0.233813 	0.188961 	-0.02     	0.693849
204	48    	0.226944 	0.167195 	-0.02     	0.693849
205	45    	0.207002 	0.159203 	-0.02     	0.693849
206	47    	0.267462 	0.167374 	-0.0171429	0.702732
207	44    	0.258672 	0.173088 	-0.02     	0.706014
208	44    	0.250919 	0.187036 	-0.02     	0.726401
209	46    	0.300649 	0.178608 	-0.0166667	0.812825
210	44    	0.264444 	0.215279 	-0.02     	0.706014
211	45    	0.269385 	0.191051 	-0.0175   	0.697561
212	47    	0.27682  	0.162977 	-0.0166666	0.615192
213	47    	0.277946 	0.159418 	-0.0166668	0.617084
214	43    	0.253186 	0.199109 	-0.02     	0.705828
215	44    	0.217694 	0.197451 	-0.0175001	0.693124
216	48    	0.218114 	0.192953 	-0.02     	0.693124
217	47    	0.262205 	0.192877 	-0.0166667	0.693124
218	46    	0.267955 	0.221319 	-0.0177778	0.695964
219	47    	0.217542 	0.205743 	-0.02     	0.736061
220	47    	0.233265 	0.177372 	-0.02     	0.736061
221	44    	0.285631 	0.177059 	-0.0177778	0.59685 
222	45    	0.232789 	0.183058 	-0.0166667	0.59685 
223	40    	0.280784 	0.207635 	-0.0166667	0.694701
224	46    	0.219047 	0.179683 	-0.0199999	0.694701
225	48    	0.194736 	0.150886 	-0.02     	0.515522
226	48    	0.173228 	0.147909 	-0.02     	0.56009 
227	47    	0.185421 	0.160077 	-0.0199999	0.56009 
228	44    	0.246196 	0.169986 	-0.0171428	0.654763
229	45    	0.201479 	0.153306 	-0.0171429	0.56009 
230	46    	0.219155 	0.1429   	-0.0175   	0.654763
231	43    	0.227923 	0.164536 	-0.0171429	0.594012
232	43    	0.223672 	0.145869 	-0.0166667	0.594012
233	48    	0.188609 	0.136901 	-0.0177778	0.549159
234	46    	0.220364 	0.151351 	-0.02     	0.582995
235	46    	0.266202 	0.149241 	-0.0228572	0.582995
236	46    	0.259851 	0.165918 	-0.02     	0.58322 
237	43    	0.268514 	0.148146 	-0.02     	0.531191
238	49    	0.235599 	0.115121 	-0.0171428	0.52984 
239	47    	0.279033 	0.15893  	-0.0175   	0.743674
240	46    	0.2739   	0.189942 	-0.0200001	0.743674
241	47    	0.274855 	0.153741 	-0.0171429	0.703466
242	46    	0.23548  	0.122286 	-0.0174999	0.703466
243	48    	0.225823 	0.122813 	-0.0166667	0.514111
244	46    	0.234578 	0.149538 	-0.0166667	0.581205
245	45    	0.207625 	0.194554 	-0.02     	0.71723 
246	44    	0.262453 	0.19014  	-0.0166667	0.71723 
247	49    	0.222362 	0.159886 	-0.0200001	0.581205
248	43    	0.281875 	0.161689 	-0.02     	0.58128 
249	46    	0.250316 	0.171428 	-0.02     	0.614908
250	45    	0.214517 	0.188297 	-0.0166668	0.614908
251	43    	0.247771 	0.214604 	-0.02     	0.702292
252	48    	0.188714 	0.167118 	-0.02     	0.614356
253	46    	0.239485 	0.172174 	-0.018    	0.695971
254	48    	0.270283 	0.188409 	-0.02     	0.695971
255	44    	0.275934 	0.196993 	-0.0171429	0.695971
256	48    	0.228021 	0.202291 	-0.02     	0.695971
257	43    	0.268202 	0.209306 	-0.0175   	0.695971
258	48    	0.208692 	0.174676 	-0.02     	0.695971
259	45    	0.253684 	0.175201 	-0.0171429	0.695971
260	46    	0.219191 	0.189422 	-0.0171429	0.706539
261	47    	0.250259 	0.177519 	-0.02     	0.706539
262	45    	0.213773 	0.195158 	-0.02     	0.706539
263	48    	0.2092   	0.166448 	-0.0177778	0.706539
264	46    	0.229692 	0.157272 	-0.0166667	0.596908
265	47    	0.199286 	0.141294 	-0.0166667	0.539073
266	48    	0.232672 	0.132855 	-0.0175   	0.532958
267	49    	0.2233   	0.127487 	-0.02     	0.532958
268	49    	0.197537 	0.126425 	-0.0171429	0.532383
269	44    	0.20009  	0.135197 	-0.02     	0.478879
270	43    	0.230524 	0.136201 	-0.02     	0.478879
271	47    	0.216853 	0.143899 	-0.0233333	0.615559
272	47    	0.228379 	0.133906 	-0.018    	0.615559
273	49    	0.239471 	0.102106 	0.0774256 	0.659976
274	47    	0.276044 	0.12933  	-0.0133334	0.667033
275	42    	0.280775 	0.126693 	-0.02     	0.667033
276	44    	0.271386 	0.119416 	-0.018    	0.513609
277	47    	0.244327 	0.100615 	-0.0160001	0.513609
278	47    	0.243297 	0.118972 	-0.02     	0.513609
279	47    	0.29394  	0.0920784	0.128216  	0.516385
280	48    	0.267286 	0.10063  	-0.0166667	0.563441
281	47    	0.270272 	0.113454 	-0.02     	0.563441
282	45    	0.266882 	0.125068 	-0.0233333	0.563441
283	45    	0.244547 	0.140616 	-0.02     	0.563441
284	50    	0.264426 	0.133264 	-0.0171429	0.574818
285	47    	0.271457 	0.121031 	-0.02     	0.492169
286	41    	0.299304 	0.122647 	-0.0150002	0.492169
287	46    	0.287655 	0.111617 	-0.0175   	0.543384
288	45    	0.301345 	0.103206 	-0.0150002	0.543384
289	46    	0.282684 	0.10048  	-0.0159907	0.543384
290	47    	0.272985 	0.20787  	-1        	0.663422
291	49    	0.310958 	0.110766 	0.123589  	0.663422
292	48    	0.29143  	0.0909509	-0.02     	0.504334
293	46    	0.272581 	0.199484 	-1        	0.504377
294	46    	0.272347 	0.203628 	-1        	0.499968
295	45    	0.284068 	0.196122 	-1        	0.480566
296	46    	0.327674 	0.0969935	0.128758  	0.567818
297	44    	0.286059 	0.206467 	-1        	0.567818
298	48    	0.279067 	0.205602 	-1        	0.567818
299	46    	0.199412 	0.366931 	-1        	0.567818
300	46    	0.220033 	0.367813 	-1        	0.567818
301	45    	0.230286 	0.322747 	-1        	0.567818
302	47    	0.327197 	0.102093 	0.131056  	0.567818
303	41    	0.319738 	0.217693 	-1        	0.567818
304	48    	0.209029 	0.325685 	-1        	0.577776
305	45    	0.177553 	0.444371 	-1        	0.577776
306	47    	0.173229 	0.441014 	-1        	0.597807
307	49    	-0.104841	0.618288 	-1        	0.597807
308	44    	0.0481195	0.561944 	-1        	0.548057
309	45    	-0.0604036	0.620617 	-1        	0.548057
310	44    	-0.242634 	0.674747 	-1        	0.548057
311	45    	-0.145913 	0.646377 	-1        	0.548057
312	44    	-0.109996 	0.645327 	-1        	0.548057
313	48    	-0.312332 	0.664126 	-1        	0.459467
314	47    	-0.17442  	0.648652 	-1        	0.459063
315	47    	-0.144064 	0.644673 	-1        	0.467105
316	49    	-0.109493 	0.612942 	-1        	0.454319
317	42    	0.172484  	0.438582 	-1        	0.478609
318	46    	-0.112787 	0.639988 	-1        	0.492642
319	48    	-0.025711 	0.581364 	-1        	0.512174
320	48    	-0.154189 	0.638129 	-1        	0.512174
321	47    	0.0352743 	0.555236 	-1        	0.512174
322	47    	-0.254942 	0.66258  	-1        	0.512174
323	47    	-0.0349255	0.605742 	-1        	0.505167
324	47    	0.0539211 	0.532371 	-1        	0.466503
325	42    	0.165222  	0.436757 	-1        	0.503255
326	47    	-0.0570022	0.59442  	-1        	0.503255
327	47    	-0.0332209	0.577768 	-1        	0.490568
328	44    	0.281851  	0.202483 	-1        	0.502238
329	43    	0.285417  	0.210272 	-1        	0.515026
330	48    	0.194006  	0.317698 	-1        	0.515026
331	47    	0.237236  	0.275356 	-1        	0.575469
332	45    	0.156148  	0.400478 	-1        	0.536617
333	49    	0.258822  	0.213647 	-1        	0.554436
334	47    	0.313652  	0.094762 	0.156934  	0.628953
335	45    	0.325529  	0.130074 	0.0918427 	0.628953
336	49    	0.240326  	0.206138 	-1        	0.628953
337	47    	0.272901  	0.216139 	-1        	0.628953
338	45    	0.302364  	0.208746 	-1        	0.628953
339	46    	0.258145  	0.209744 	-1        	0.595476
340	48    	0.154269  	0.397129 	-1        	0.595476
341	47    	0.111316  	0.455878 	-1        	0.595476
342	43    	0.29055   	0.0811408	-0.0177778	0.431021
343	45    	0.260343  	0.202398 	-1        	0.431021
344	46    	0.281365  	0.0846454	-0.0150001	0.431021
345	43    	0.281492  	0.0944729	-0.015    	0.431021
346	45    	0.307921  	0.0963698	0.0886803 	0.499935
347	47    	0.287661  	0.0953212	-0.0166667	0.499935
348	44    	0.302332  	0.0939725	-0.0181818	0.499935
349	45    	0.284407  	0.0953749	0.0752455 	0.499935
350	48    	0.258213  	0.103509 	-0.0181818	0.499935
351	47    	0.28964   	0.0920742	-0.018    	0.487372
352	47    	0.203027  	0.367937 	-1        	0.518592
353	45    	0.28187   	0.281207 	-1        	0.538096
354	50    	0.247053  	0.275005 	-1        	0.691997
355	44    	0.303829  	0.216682 	-1        	0.691997
356	48    	0.288918  	0.212699 	-1        	0.691997
357	41    	0.313221  	0.236537 	-1        	0.691997
358	48    	0.257498  	0.334966 	-1        	0.691997
359	46    	0.323964  	0.12971  	-0.0175   	0.691997
360	47    	0.309344  	0.095164 	0.0764111 	0.691997
361	48    	0.270836  	0.199056 	-1        	0.483633
362	47    	0.236676  	0.266304 	-1        	0.481435
363	45    	0.31619   	0.0857019	0.119905  	0.488741
364	45    	0.306432  	0.0884219	0.101305  	0.523817
365	45    	0.212848  	0.36909  	-1        	0.523817
366	44    	0.287611  	0.116845 	0.0783936 	0.52059 
367	47    	0.265112  	0.212636 	-1        	0.648104
368	46    	0.302625  	0.106159 	0.0912981 	0.632715
369	44    	0.327775  	0.126338 	-0.0181818	0.632715
370	47    	0.304603  	0.120511 	-0.0133334	0.568285
371	43    	0.316534  	0.129072 	0.0737976 	0.568285
372	42    	0.314985  	0.131054 	0.0951648 	0.568285
373	46    	0.28342   	0.100357 	0.0954158 	0.568285
374	44    	0.29208   	0.114643 	0.048364  	0.568285
375	47    	0.306692  	0.0996643	0.0765075 	0.544045
376	47    	0.287944  	0.138942 	-0.02     	0.786797
377	45    	0.319271  	0.0971719	0.0859496 	0.522606
378	46    	0.258123  	0.220957 	-1        	0.711589
379	48    	0.27817   	0.150236 	-0.0225   	0.711589
380	44    	0.307622  	0.132926 	-0.01     	0.711589
381	47    	0.285391  	0.218148 	-1        	0.711589
382	45    	0.249024  	0.34399  	-1        	0.711589
383	47    	0.266201  	0.285611 	-1        	0.711589
384	47    	0.183198  	0.369639 	-1        	0.711589
385	46    	0.193573  	0.368487 	-1        	0.48881 
386	45    	0.14207   	0.467384 	-1        	0.532041
387	46    	0.208497  	0.370308 	-1        	0.50049 
388	46    	0.179839  	0.404765 	-1        	0.50049 
389	45    	0.254671  	0.275556 	-1        	0.52102 
390	47    	0.148785  	0.433792 	-1        	0.543251
391	48    	0.173203  	0.409049 	-1        	0.812977
392	46    	0.268755  	0.226652 	-1        	0.812977
393	47    	0.161761  	0.418546 	-1        	0.543251
394	46    	0.227207  	0.235818 	-1        	0.543251
395	45    	0.256738  	0.279744 	-1        	0.543251
396	44    	0.247604  	0.280845 	-1        	0.599776
397	43    	0.243592  	0.337371 	-1        	0.599776
398	50    	0.142505  	0.469338 	-1        	0.745337
399	48    	0.258261  	0.274138 	-1        	0.544902
400	47    	0.295472  	0.218262 	-1        	0.544902
401	46    	0.305039  	0.130018 	-0.0166667	0.544902
402	45    	0.270734  	0.223114 	-1        	0.545882
403	45    	0.275404  	0.127028 	-0.0200002	0.562553
404	48    	0.310806  	0.0972742	0.0445972 	0.538181
405	46    	0.284814  	0.117411 	0.0798295 	0.649698
406	48    	0.266342  	0.0785885	0.10931   	0.453213
407	48    	0.254469  	0.0916789	-0.0133335	0.49868 
408	47    	0.290224  	0.111616 	-0.0177778	0.568422
409	47    	0.26327   	0.106018 	-0.0166666	0.519085
410	48    	0.289028  	0.120291 	-0.015    	0.556816
411	46    	0.294802  	0.209858 	-1        	0.556816
412	44    	0.292984  	0.112653 	0.0843133 	0.556816
413	46    	0.268702  	0.286125 	-1        	0.776747
414	46    	0.241701  	0.208738 	-1        	0.491428
415	45    	0.293752  	0.100541 	0.0767908 	0.491428
416	48    	0.261993  	0.0983999	0.0737666 	0.501821
417	47    	0.294749  	0.0866703	0.0673801 	0.554143
418	46    	0.263282  	0.0972938	0.0832043 	0.501821
419	48    	0.260762  	0.0887897	0.0539032 	0.460715
420	44    	0.272657  	0.0996387	-0.01     	0.460715
421	47    	0.303923  	0.0999861	0.091631  	0.563443
422	48    	0.293575  	0.119853 	-0.02     	0.563443
423	44    	0.29901   	0.129331 	-0.02     	0.563694
424	46    	0.292993  	0.126893 	-0.02     	0.563694
425	42    	0.285667  	0.137567 	-0.0200001	0.58199 
426	47    	0.256488  	0.130822 	-0.0175   	0.573403
427	46    	0.266328  	0.118194 	-0.0222222	0.528148
428	47    	0.265458  	0.116759 	-0.018    	0.528148
429	44    	0.301815  	0.115001 	0.112137  	0.591993
430	46    	0.283313  	0.113195 	0.0786694 	0.591993
431	49    	0.290573  	0.123043 	0.0638681 	0.720033
432	42    	0.28299   	0.144907 	-0.0171429	0.720033
433	46    	0.284006  	0.150324 	-0.02     	0.720033
434	48    	0.333818  	0.129678 	0.124834  	0.680538
435	47    	0.314914  	0.130169 	-0.016    	0.621293
436	45    	0.294048  	0.154989 	-0.00884219	0.808747
437	50    	0.286187  	0.111889 	0.0575261  	0.511863
438	43    	0.300854  	0.122838 	-0.0166667 	0.516522
439	47    	0.289307  	0.155517 	-0.02      	0.811396
440	46    	0.234023  	0.179559 	-0.02      	0.703429
441	46    	0.254653  	0.143449 	-0.0175001 	0.542965
442	46    	0.190398  	0.160386 	-0.02      	0.593887
443	39    	0.274221  	0.184325 	-0.0171429 	0.790596
444	40    	0.304352  	0.207739 	-0.0175    	0.790596
445	50    	0.245634  	0.160408 	-0.0200001 	0.790596
446	45    	0.287617  	0.181841 	-0.02      	0.790596
447	43    	0.269019  	0.149328 	-0.0175    	0.628713
448	47    	0.259927  	0.13235  	-0.016     	0.628713
449	44    	0.257547  	0.130883 	-0.0166667 	0.52996 
450	44    	0.257819  	0.127569 	-0.016     	0.642505
451	47    	0.279216  	0.145697 	-0.0222222 	0.663128
452	46    	0.277938  	0.149173 	-0.0171429 	0.663128
453	46    	0.24274   	0.120306 	-0.0200001 	0.527779
454	48    	0.244182  	0.139278 	-0.0175    	0.648632
455	47    	0.25003   	0.0998278	-0.0171429 	0.476849
456	43    	0.269588  	0.130594 	-0.016     	0.481823
457	48    	0.236314  	0.117642 	-0.0222222 	0.498665
458	45    	0.251021  	0.13386  	-0.02      	0.506713
459	46    	0.257572  	0.133888 	-0.02      	0.615748
460	47    	0.268008  	0.12898  	-0.0166667 	0.697132
461	50    	0.237886  	0.128732 	-0.02      	0.655841
462	43    	0.27029   	0.151399 	-0.02      	0.615782
463	49    	0.206758  	0.131621 	-0.0175    	0.431332
464	46    	0.263299  	0.126604 	-0.0171429 	0.633676
465	41    	0.284085  	0.144328 	-0.02      	0.633676
466	44    	0.270447  	0.159325 	-0.02      	0.640333
467	46    	0.279364  	0.130383 	-0.02      	0.705837
468	43    	0.28701   	0.146281 	-0.0160001 	0.705837
469	47    	0.241546  	0.172208 	-0.02      	0.705837
470	43    	0.289376  	0.161968 	-0.0177778 	0.705837
471	47    	0.273364  	0.179536 	-0.02      	0.705837
472	46    	0.255772  	0.163875 	-0.018     	0.705837
473	48    	0.194757  	0.16089  	-0.0171428 	0.705837
474	48    	0.197489  	0.170397 	-0.02      	0.732736
475	46    	0.265138  	0.146791 	-0.02      	0.732736
476	46    	0.223797  	0.153338 	-0.02      	0.601128
477	45    	0.262624  	0.162694 	-0.02      	0.601128
478	46    	0.232742  	0.17629  	-0.02      	0.811396
479	46    	0.240309  	0.146124 	-0.0228572 	0.601128
480	47    	0.271851  	0.164867 	-0.02      	0.695392
481	49    	0.254778  	0.140352 	-0.0171429 	0.704133
482	48    	0.279388  	0.123442 	-0.0171429 	0.603009
483	47    	0.220094  	0.167724 	-0.02      	0.642267
484	44    	0.241121  	0.150214 	-0.02      	0.570737
485	44    	0.292606  	0.13278  	-0.0181818 	0.550419
486	49    	0.274045  	0.16041  	-0.02      	0.646455
487	47    	0.292157  	0.141155 	-0.0171429 	0.586699
488	45    	0.284377  	0.158952 	-0.0166667 	0.791209
489	50    	0.256817  	0.135563 	-0.0166667 	0.627664
490	47    	0.198032  	0.155284 	-0.0166667 	0.627664
491	48    	0.215717  	0.161409 	-0.0175    	0.715879
492	48    	0.270015  	0.113407 	-0.0171429 	0.627949
493	47    	0.261677  	0.130443 	-0.0166666 	0.627949
494	48    	0.226853  	0.134325 	-0.02      	0.627949
495	48    	0.257641  	0.1353   	-0.02      	0.518936
496	47    	0.307661  	0.0992787	0.135751   	0.515401
497	48    	0.254357  	0.125185 	-0.018     	0.483539
498	47    	0.273504  	0.104565 	-0.015     	0.483539
499	45    	0.291093  	0.111141 	-0.02      	0.520485
500	47    	0.296201  	0.10644  	0.0618564  	0.546978
501	47    	0.294326  	0.11281  	-0.0171429 	0.503003
502	45    	0.307146  	0.0990231	0.0629684  	0.503003
503	45    	0.291916  	0.091117 	0.0662701  	0.503003
504	45    	0.271852  	0.217982 	-1         	0.554261
505	48    	0.207159  	0.321877 	-1         	0.554261
506	45    	0.222594  	0.374486 	-1         	0.618359
507	46    	0.204128  	0.3759   	-1         	0.618359
508	48    	0.191414  	0.406134 	-1         	0.618359
509	44    	0.217905  	0.321569 	-1         	0.618359
510	48    	0.0819123 	0.5178   	-1         	0.652843
511	46    	0.188487  	0.414186 	-1         	0.652843
512	47    	0.257042  	0.285685 	-1         	0.667796
513	48    	0.198456  	0.368631 	-1         	0.652843
514	48    	0.298259  	0.2057   	-1         	0.652843
515	48    	0.305394  	0.0836145	0.146804   	0.512099
516	45    	0.291982  	0.0855452	0.0657758  	0.52164 
517	48    	0.273985  	0.107162 	-0.0175    	0.532015
518	45    	0.303653  	0.0842901	0.0965924  	0.571705
519	44    	0.285142  	0.13474  	-0.0150003 	0.624001
520	45    	0.290088  	0.114719 	-0.01281   	0.624001
521	45    	0.265452  	0.121181 	0.0763702  	0.571705
522	47    	0.291091  	0.102304 	-0.0183333 	0.569875
523	47    	0.274571  	0.0884656	0.0787023  	0.426668
524	47    	0.26734   	0.0950355	0.0865239  	0.49675 
525	43    	0.293199  	0.0946598	0.0463509  	0.49675 
526	46    	0.282422  	0.125507 	-0.02      	0.559957
527	47    	0.254872  	0.141759 	-0.02      	0.574679
528	47    	0.240016  	0.275702 	-1         	0.574679
529	46    	0.299269  	0.104983 	0.116592   	0.574679
530	47    	0.229233  	0.384494 	-1         	0.777017
531	48    	0.320425  	0.119729 	0.140491   	0.777017
532	46    	0.291353  	0.115478 	-0.0177777 	0.549645
533	44    	0.296094  	0.105426 	-0.017143  	0.549645
534	49    	0.260237  	0.101463 	0.0702265  	0.44662 
535	47    	0.227436  	0.135964 	-0.0166666 	0.561065
536	44    	0.287096  	0.12131  	-0.02      	0.561065
537	46    	0.264474  	0.209966 	-1         	0.585177
538	46    	0.27676   	0.207879 	-1         	0.585177
539	49    	0.277119  	0.0997416	-0.0177778 	0.554014
540	45    	0.305021  	0.107097 	-0.0166667 	0.554014
541	48    	0.279895  	0.103721 	0.0730482  	0.50266 
542	48    	0.293382  	0.123603 	-0.0175    	0.713056
543	46    	0.311371  	0.112461 	0.0614198  	0.713056
544	46    	0.299373  	0.138619 	0.0748385  	0.713056
545	47    	0.245549  	0.298247 	-1         	0.713056
546	44    	0.3416    	0.176409 	-0.0166667 	0.713056
547	47    	0.303682  	0.146456 	-0.0166666 	0.643381
548	49    	0.273433  	0.144494 	-0.0174999 	0.663225
549	47    	0.290028  	0.158773 	-0.0166667 	0.730883
550	46    	0.319208  	0.129545 	0.116305   	0.730883
551	48    	0.26391   	0.1218   	-0.0166667 	0.605037
552	44    	0.27239   	0.110885 	-0.01      	0.531352
553	48    	0.238356  	0.109071 	-0.0228572 	0.587745
554	44    	0.270715  	0.127772 	-0.018     	0.587745
555	49    	0.26168   	0.143728 	-0.0177778 	0.608299
556	46    	0.253355  	0.13348  	-0.0171427 	0.608299
557	47    	0.275292  	0.107031 	-0.0171429 	0.486018
558	48    	0.273003  	0.102217 	-0.018     	0.508636
559	47    	0.286451  	0.116027 	-0.02      	0.508636
560	45    	0.298817  	0.121231 	-0.0150001 	0.614411
561	45    	0.294299  	0.154806 	-0.0166668 	0.732729
562	48    	0.272661  	0.136459 	-0.0181818 	0.647176
563	48    	0.241018  	0.116208 	-0.0171428 	0.471528
564	45    	0.292238  	0.123656 	-0.0133333 	0.553099
565	47    	0.257636  	0.117277 	-0.015     	0.501077
566	46    	0.257961  	0.113796 	-0.02      	0.501077
567	49    	0.281029  	0.0983481	-0.015     	0.515522
568	44    	0.256595  	0.223341 	-1         	0.582913
569	47    	0.231843  	0.153327 	-0.0175    	0.582913
570	44    	0.274032  	0.156709 	-0.0171429 	0.582913
571	48    	0.234951  	0.14093  	-0.0166667 	0.515522
572	48    	0.210847  	0.148279 	-0.0175    	0.515503
573	42    	0.200965  	0.155567 	-0.0199999 	0.516016
574	46    	0.200693  	0.181395 	-0.0166667 	0.594054
575	49    	0.16851   	0.167838 	-0.0171428 	0.516016
576	46    	0.186574  	0.175774 	-0.0199999 	0.698452
577	46    	0.182551  	0.153128 	-0.0171429 	0.516016
578	44    	0.225934  	0.16338  	-0.016     	0.516016
579	45    	0.183145  	0.157166 	-0.02      	0.52586 
580	47    	0.180492  	0.147077 	-0.0166638 	0.515856
581	45    	0.195372  	0.151334 	-0.0166667 	0.515856
582	46    	0.236057  	0.142927 	-0.0177778 	0.515856
583	47    	0.178566  	0.155625 	-0.0166667 	0.515856
584	48    	0.221594  	0.165859 	-0.0166667 	0.654077
585	46    	0.217496  	0.144076 	-0.0166665 	0.581188
586	47    	0.238131  	0.14801  	-0.0166667 	0.581188
587	45    	0.278357  	0.129166 	-0.0175    	0.581188
588	48    	0.237027  	0.159546 	-0.0200001 	0.705837
589	49    	0.221479  	0.150421 	-0.0171428 	0.652409
590	47    	0.231354  	0.15597  	-0.02      	0.652409
591	43    	0.286216  	0.158329 	-0.0216667 	0.652409
592	47    	0.273928  	0.128272 	-0.0133338 	0.652409
593	42    	0.240254  	0.150063 	-0.0175    	0.652409
594	44    	0.254504  	0.159648 	-0.0166667 	0.652409
595	44    	0.262518  	0.146042 	-0.0166667 	0.652409
596	45    	0.272245  	0.171859 	-0.0166668 	0.652409
597	46    	0.270802  	0.154503 	-0.02      	0.652409
598	45    	0.241089  	0.161395 	-0.0171429 	0.652409
599	44    	0.278166  	0.145133 	-0.0171429 	0.706228
600	48    	0.27783   	0.13974  	-0.017143  	0.598594
601	47    	0.231951  	0.161959 	-0.02      	0.598594
602	44    	0.272087  	0.16903  	-0.02      	0.676461
603	46    	0.26335   	0.18245  	-0.0200001 	0.69057 
604	46    	0.234181  	0.180722 	-0.02      	0.69057 
605	44    	0.269367  	0.187346 	-0.02      	0.70647 
606	45    	0.231304  	0.173629 	-0.0175    	0.70647 
607	47    	0.268383  	0.180879 	-0.02      	0.70647 
608	49    	0.256992  	0.148267 	-0.0166666 	0.707537
609	46    	0.255655  	0.159379 	-0.0175    	0.70647 
610	48    	0.239921  	0.149672 	-0.0177777 	0.70647 
611	48    	0.250801  	0.143459 	-0.0175    	0.661619
612	46    	0.250811  	0.160584 	-0.02      	0.574318
613	48    	0.255112  	0.138818 	-0.02      	0.580077
614	45    	0.190969  	0.152205 	-0.0171429 	0.581188
615	44    	0.195501  	0.158968 	-0.02      	0.54535 
616	44    	0.258755  	0.192998 	-0.02      	0.694482
617	48    	0.241887  	0.171863 	-0.0181819 	0.811247
618	50    	0.190428  	0.152463 	-0.02      	0.582956
619	44    	0.196907  	0.148649 	-0.02      	0.582956
620	42    	0.248019  	0.14185  	-0.02      	0.582956
621	48    	0.193591  	0.144794 	-0.02      	0.582956
622	44    	0.224092  	0.142474 	-0.0166667 	0.582956
623	47    	0.207121  	0.153541 	-0.0200001 	0.596931
624	46    	0.18174   	0.161303 	-0.02      	0.58002 
625	46    	0.223687  	0.145434 	-0.0166666 	0.58002 
626	47    	0.224061  	0.158532 	-0.02      	0.804635
627	44    	0.263054  	0.130253 	-0.0175    	0.522537
628	48    	0.237529  	0.17606  	-0.02      	0.728019
629	45    	0.273784  	0.165458 	-0.0171427 	0.728019
630	48    	0.300588  	0.125733 	-0.0160001 	0.641608
631	46    	0.279831  	0.137084 	-0.0177778 	0.641608
632	45    	0.286357  	0.117118 	-0.02      	0.559476
633	45    	0.266367  	0.130137 	-0.02      	0.499558
634	46    	0.284006  	0.128274 	-0.0160001 	0.575788
635	47    	0.272674  	0.120321 	0.0688299  	0.647278
636	47    	0.26947   	0.138467 	-0.0166577 	0.568751
637	44    	0.271362  	0.145751 	-0.016     	0.694815
638	47    	0.240666  	0.163613 	-0.02      	0.791644
639	45    	0.294203  	0.140344 	-0.02      	0.791644
640	48    	0.274859  	0.166146 	-0.0177778 	0.791644
641	44    	0.278247  	0.193734 	-0.02      	0.791644
642	45    	0.287707  	0.208078 	-0.018     	0.791644
643	44    	0.278298  	0.203374 	-0.02      	0.810962
644	50    	0.240881  	0.15565  	-0.02      	0.831427
645	45    	0.251647  	0.127608 	-0.0166667 	0.515784
646	43    	0.26993   	0.148075 	-0.0175001 	0.543743
647	45    	0.271767  	0.139973 	-0.0200001 	0.614592
648	48    	0.256805  	0.171155 	-0.018     	0.698473
649	46    	0.2605    	0.159616 	-0.02      	0.698473
650	45    	0.24398   	0.161183 	-0.0166667 	0.698473
651	48    	0.240775  	0.15397  	-0.018     	0.726259
652	47    	0.263184  	0.141651 	-0.02      	0.604292
653	45    	0.281541  	0.134636 	-0.0175    	0.604292
654	47    	0.242147  	0.109083 	-0.02      	0.601609
655	45    	0.25264   	0.118059 	-0.0177778 	0.601609
656	47    	0.266387  	0.144781 	-0.02      	0.601609
657	47    	0.251791  	0.149749 	-0.0200001 	0.601609
658	43    	0.305661  	0.145463 	-0.016     	0.688507
659	47    	0.267018  	0.133583 	-0.0175    	0.557825
660	49    	0.256541  	0.150818 	-0.0177778 	0.557825
661	48    	0.239973  	0.130011 	-0.0175    	0.503754
662	44    	0.280934  	0.130683 	-0.016     	0.503754
663	47    	0.249127  	0.130141 	-0.0175    	0.526101
664	48    	0.244756  	0.135222 	-0.016     	0.831605
665	44    	0.259784  	0.169507 	-0.02      	0.831605
666	48    	0.242815  	0.166068 	-0.0171429 	0.831605
667	42    	0.246332  	0.174491 	-0.02      	0.831605
668	45    	0.248896  	0.124222 	-0.0181818 	0.53141 
669	44    	0.287927  	0.145426 	-0.0171429 	0.598983
670	44    	0.260969  	0.146122 	-0.02      	0.525982
671	48    	0.30567   	0.14127  	-0.0166667 	0.567318
672	44    	0.273913  	0.131983 	-0.0133333 	0.534777
673	46    	0.26687   	0.142553 	-0.02      	0.534777
674	48    	0.279536  	0.165919 	-0.02      	0.950423
675	47    	0.274379  	0.172559 	-0.0171428 	0.950423
676	43    	0.31153   	0.183309 	-0.02      	0.950423
677	44    	0.307185  	0.192667 	-0.02      	0.617132
678	46    	0.285822  	0.216612 	-0.0171429 	0.705876
679	46    	0.267239  	0.192679 	-0.0200001 	0.705876
680	50    	0.199557  	0.17019  	-0.02      	0.686312
681	41    	0.297811  	0.156917 	-0.0177778 	0.613661
682	47    	0.240179  	0.174361 	-0.0171429 	0.732138
683	46    	0.225734  	0.179841 	-0.0171428 	0.732138
684	48    	0.208586  	0.17128  	-0.02      	0.732138
685	47    	0.234933  	0.163108 	-0.0175001 	0.732138
686	46    	0.204828  	0.163396 	-0.02      	0.732138
687	49    	0.1937    	0.162571 	-0.0177777 	0.574318
688	48    	0.174857  	0.128408 	-0.02      	0.545959
689	48    	0.243229  	0.172354 	-0.02      	0.831497
690	47    	0.187861  	0.180272 	-0.02      	0.831497
691	46    	0.251421  	0.1623   	-0.0171429 	0.831497
692	46    	0.271493  	0.159185 	-0.02      	0.613218
693	47    	0.23537   	0.14928  	-0.02      	0.613218
694	44    	0.264333  	0.157123 	-0.0200001 	0.613218
695	45    	0.274605  	0.165361 	-0.0171428 	0.613218
696	48    	0.224507  	0.163767 	-0.02      	0.646122
697	46    	0.238293  	0.145005 	-0.02      	0.596795
698	48    	0.213673  	0.146366 	-0.0171429 	0.596795
699	47    	0.210983  	0.156779 	-0.02      	0.596795
700	48    	0.250598  	0.124417 	-0.0200001 	0.581321
701	48    	0.212486  	0.144896 	-0.02      	0.581279
702	45    	0.231773  	0.147496 	-0.02      	0.512735
703	46    	0.281344  	0.117389 	-0.02      	0.512735
704	49    	0.302014  	0.116019 	-0.016     	0.556393
705	48    	0.287507  	0.129516 	-0.02      	0.51268 
706	45    	0.281384  	0.22022  	-1         	0.729862
707	47    	0.28299   	0.11715  	-0.0177778 	0.544343
708	47    	0.215584  	0.292175 	-1         	0.581205
709	46    	0.231355  	0.182248 	-0.0166667 	0.811247
710	42    	0.242193  	0.324965 	-1         	0.811247
711	46    	0.266138  	0.193014 	-0.0171429 	0.811247
712	45    	0.277695  	0.201715 	-0.0160001 	0.811247
713	45    	0.224465  	0.189431 	-0.02      	0.694701
714	50    	0.224255  	0.132433 	-0.0171429 	0.501956
715	45    	0.279181  	0.0958062	0.112115   	0.501956
716	43    	0.275957  	0.143593 	-0.02      	0.538071
717	48    	0.232826  	0.13283  	-0.02      	0.538071
718	45    	0.251821  	0.136566 	-0.0199999 	0.501956
719	47    	0.23407   	0.118393 	-0.0166667 	0.501956
720	46    	0.236282  	0.145425 	-0.02      	0.544846
721	48    	0.268791  	0.131415 	-0.02      	0.575492
722	49    	0.230768  	0.1411   	-0.02      	0.518473
723	46    	0.203434  	0.161179 	-0.02      	0.654763
724	42    	0.239507  	0.134321 	-0.02      	0.561604
725	45    	0.236698  	0.139903 	-0.0171429 	0.559616
726	49    	0.220485  	0.109257 	-0.0171429 	0.487346
727	47    	0.256208  	0.108904 	-0.0159999 	0.487346
728	48    	0.22916   	0.131884 	-0.0175    	0.467968
729	46    	0.252822  	0.123358 	-0.018     	0.612171
730	43    	0.278412  	0.117588 	-0.0166667 	0.612171
731	45    	0.271141  	0.124778 	-0.0218182 	0.533284
732	46    	0.264036  	0.148446 	-0.0177778 	0.568309
733	45    	0.281789  	0.136072 	-0.02      	0.579245
734	46    	0.28943   	0.161642 	-0.02      	0.615135
735	46    	0.28964   	0.143661 	-0.02      	0.615135
736	49    	0.296752  	0.103713 	-0.0175    	0.516884
737	48    	0.258836  	0.107082 	-0.0175    	0.438659
738	49    	0.280183  	0.104478 	-0.0150001 	0.530245
739	43    	0.278936  	0.142638 	-0.0171429 	0.697295
740	45    	0.304585  	0.169117 	-0.0175    	0.697295
741	46    	0.285364  	0.130109 	0.0866119  	0.54791 
742	46    	0.242362  	0.136361 	-0.02      	0.54791 
743	44    	0.238914  	0.185792 	-0.02      	0.639209
744	46    	0.289397  	0.147143 	-0.018     	0.639209
745	44    	0.292992  	0.162661 	-0.0159999 	0.639209
746	43    	0.314776  	0.178605 	-0.0166666 	0.840656
747	45    	0.283053  	0.162742 	-0.0177778 	0.705842
748	47    	0.240296  	0.148073 	-0.02      	0.639209
749	49    	0.263311  	0.137461 	-0.02      	0.642679
750	48    	0.270063  	0.155189 	-0.02      	0.693394
751	45    	0.283579  	0.132385 	-0.0175    	0.612226
752	47    	0.297768  	0.110684 	-0.015     	0.584444
753	48    	0.292807  	0.132671 	-0.02      	0.656587
754	46    	0.275707  	0.116334 	-0.0166666 	0.57286 
755	45    	0.283479  	0.130755 	-0.0171428 	0.58081 
756	47    	0.246035  	0.134855 	-0.02      	0.4678  
757	43    	0.283476  	0.111026 	-0.0166666 	0.493402
758	44    	0.262226  	0.126219 	0.0862384  	0.77298 
759	47    	0.244926  	0.133874 	-0.02      	0.560003
760	47    	0.274452  	0.129088 	-0.0171428 	0.610146
761	47    	0.306089  	0.129016 	-0.0166666 	0.610146
762	46    	0.301281  	0.137688 	-0.0177777 	0.610146
763	48    	0.232909  	0.149331 	-0.0177778 	0.561947
764	46    	0.227254  	0.142782 	-0.0199999 	0.517936
765	46    	0.248453  	0.134141 	-0.015     	0.601516
766	48    	0.264333  	0.108852 	-0.0177778 	0.601516
767	44    	0.295302  	0.136073 	-0.0149998 	0.7468  
768	46    	0.304364  	0.165041 	-0.016     	0.7468  
769	45    	0.255352  	0.18143  	-0.02      	0.7468  
770	45    	0.287946  	0.172421 	-0.0175001 	0.7468  
771	44    	0.266493  	0.208995 	-0.0228571 	0.755197
772	47    	0.306076  	0.201456 	-0.0171429 	0.842719
773	43    	0.28842   	0.222028 	-0.0180001 	0.842719
774	42    	0.305428  	0.240505 	-0.02      	0.842719
775	46    	0.257634  	0.197527 	-0.0177779 	0.842719
776	47    	0.274231  	0.160236 	-0.0199998 	0.842719
777	46    	0.266939  	0.171471 	-0.0175    	0.842719
778	46    	0.221698  	0.150897 	-0.0150002 	0.63737 
779	45    	0.298644  	0.148221 	-0.0171428 	0.63737 
780	45    	0.276109  	0.180031 	-0.0222222 	0.888436
781	49    	0.274867  	0.135103 	0.0897392  	0.66371 
782	48    	0.273133  	0.147078 	-0.0166667 	0.591883
783	45    	0.290624  	0.156934 	-0.02      	0.591883
784	45    	0.289618  	0.176651 	-0.02      	0.715199
785	50    	0.275984  	0.153134 	-0.0175    	0.667127
786	47    	0.234976  	0.149444 	-0.0199999 	0.560728
787	42    	0.271191  	0.145024 	-0.02      	0.550868
788	45    	0.300109  	0.140359 	-0.02      	0.654726
789	47    	0.249422  	0.132093 	-0.0179999 	0.615732
790	45    	0.307493  	0.143354 	-0.016     	0.630862
791	47    	0.282382  	0.131952 	0.0459785  	0.630862
792	47    	0.293277  	0.134111 	-0.01      	0.630862
793	47    	0.270116  	0.134474 	-0.015     	0.630862
794	47    	0.254509  	0.168652 	-0.02      	0.630862
795	47    	0.277751  	0.138896 	-0.0175    	0.694514
796	43    	0.309251  	0.157165 	-0.0166667 	0.694514
797	47    	0.270452  	0.17946  	-0.02      	0.682447
798	48    	0.268493  	0.121594 	-0.0177778 	0.517093
799	42    	0.287478  	0.145409 	-0.0171429 	0.574204
800	47    	0.230663  	0.130059 	-0.0177778 	0.504249
801	46    	0.251833  	0.125453 	-0.02      	0.497997
802	42    	0.26387   	0.140543 	-0.0177778 	0.555415
803	48    	0.272884  	0.1451   	-0.0175    	0.624728
804	48    	0.274374  	0.134588 	-0.0171427 	0.624728
805	44    	0.270248  	0.16242  	-0.02      	0.582916
806	50    	0.242376  	0.12569  	-0.02      	0.55484 
807	47    	0.274131  	0.134549 	-0.0175    	0.582303
808	46    	0.309431  	0.117608 	-0.0133334 	0.591848
809	46    	0.272725  	0.109716 	-0.015     	0.55484 
810	44    	0.291586  	0.137552 	-0.015     	0.707319
811	41    	0.319231  	0.124378 	0.0804814  	0.707319
812	46    	0.302243  	0.140216 	0.0769438  	0.713093
813	47    	0.29827   	0.130874 	0.10081    	0.713093
814	42    	0.308921  	0.165528 	-0.0174999 	0.713093
815	40    	0.308868  	0.165234 	-0.0133334 	0.713093
816	47    	0.27904   	0.12534  	0.0711608  	0.713093
817	44    	0.28207   	0.144998 	-0.01      	0.713093
818	48    	0.288762  	0.114937 	0.0939626  	0.713093
819	47    	0.268986  	0.140002 	-0.015     	0.713093
820	43    	0.314763  	0.133336 	-0.015     	0.713093
821	48    	0.227271  	0.127634 	0.0401472  	0.713093
822	46    	0.277821  	0.144409 	-0.0166667 	0.713093
823	48    	0.270469  	0.127167 	-0.0159999 	0.713093
824	45    	0.251577  	0.152576 	-0.016     	0.713093
825	46    	0.277662  	0.145577 	-0.016     	0.741912
826	45    	0.263846  	0.19416  	-0.0228571 	0.741912
827	44    	0.288647  	0.162136 	-0.0222222 	0.741912
828	42    	0.350099  	0.151849 	0.166814   	0.741912
829	43    	0.328658  	0.187627 	-0.015     	0.76942 
830	47    	0.257543  	0.141593 	-0.0175    	0.76942 
831	49    	0.26255   	0.139135 	-0.02      	0.749943
832	48    	0.237596  	0.108185 	-0.02      	0.501132
833	45    	0.270758  	0.112728 	-0.0150003 	0.501132
834	46    	0.268089  	0.119599 	-0.0199999 	0.559707
835	48    	0.237332  	0.161928 	-0.02      	0.730872
836	46    	0.238188  	0.189072 	-0.0175    	0.813756
837	43    	0.277135  	0.227928 	-0.0171429 	0.813756
838	47    	0.243837  	0.198899 	-0.02      	0.813756
839	41    	0.295487  	0.23558  	-0.02      	0.813756
840	47    	0.233974  	0.216532 	-0.02      	0.813756
841	45    	0.27646   	0.229904 	-0.0175    	0.813756
842	46    	0.171767  	0.211711 	-0.0166668 	0.813756
843	44    	0.227464  	0.207253 	-0.02      	0.813756
844	44    	0.267946  	0.261665 	-0.0171429 	0.813756
845	47    	0.229234  	0.251669 	-0.0166667 	0.813756
846	47    	0.182368  	0.234734 	-0.0171429 	0.813756
847	44    	0.224951  	0.242753 	-0.02      	0.813756
848	46    	0.175739  	0.184816 	-0.0166667 	0.813756
849	47    	0.198428  	0.171752 	-0.0166667 	0.644785
850	47    	0.199269  	0.161534 	-0.02      	0.581321
851	47    	0.200804  	0.14824  	-0.02      	0.581321
852	43    	0.251947  	0.196802 	-0.0171428 	0.812308
853	47    	0.188455  	0.167387 	-0.0233333 	0.596931
854	46    	0.271056  	0.161497 	-0.0171428 	0.596931
855	41    	0.284664  	0.188753 	-0.02      	0.596931
856	46    	0.237414  	0.181429 	-0.0166667 	0.596931
857	49    	0.208026  	0.165338 	-0.0171429 	0.59681 
858	48    	0.197797  	0.169103 	-0.02      	0.592154
859	44    	0.227938  	0.178987 	-0.02      	0.592154
860	46    	0.265444  	0.160847 	-0.02      	0.596931
861	48    	0.226391  	0.164684 	-0.017143  	0.596931
862	48    	0.187381  	0.172193 	-0.02      	0.693234
863	44    	0.190157  	0.145345 	-0.02      	0.535303
864	49    	0.192953  	0.149051 	-0.0200001 	0.596931
865	46    	0.22411   	0.158065 	-0.0171429 	0.581368
866	47    	0.226422  	0.157515 	-0.016     	0.581368
867	48    	0.231911  	0.148691 	-0.0166667 	0.583914
868	47    	0.233204  	0.156274 	-0.0200001 	0.581238
869	45    	0.271799  	0.150496 	-0.0171428 	0.581368
870	45    	0.204827  	0.179057 	-0.02      	0.581368
871	46    	0.195334  	0.167506 	-0.0171429 	0.581368
872	47    	0.210951  	0.217693 	-0.0171429 	0.812083
873	47    	0.205234  	0.19266  	-0.016     	0.812083
874	44    	0.182121  	0.199156 	-0.0166667 	0.812083
875	44    	0.203298  	0.190562 	-0.02      	0.644792
876	46    	0.171067  	0.185316 	-0.02      	0.644792
877	46    	0.198139  	0.181501 	-0.02      	0.644792
878	49    	0.249696  	0.172436 	-0.0171428 	0.703175
879	44    	0.219419  	0.197667 	-0.02      	0.703175
880	46    	0.272351  	0.200456 	-0.02      	0.755645
881	48    	0.232266  	0.193307 	-0.02      	0.755645
882	42    	0.304921  	0.209002 	-0.02      	0.755645
883	49    	0.22392   	0.165676 	-0.02      	0.649723
884	43    	0.293929  	0.162077 	-0.0177778 	0.804176
885	46    	0.249057  	0.149698 	-0.0175    	0.593396
886	47    	0.248263  	0.125427 	-0.0175    	0.523323
887	44    	0.224168  	0.120724 	-0.0175    	0.523323
888	48    	0.258331  	0.103658 	0.0936219  	0.605225
889	48    	0.240394  	0.123794 	-0.016     	0.605225
890	44    	0.297377  	0.148302 	-0.0150002 	0.605225
891	46    	0.266407  	0.17105  	-0.02      	0.636562
892	44    	0.295046  	0.156045 	-0.018     	0.605225
893	48    	0.26867   	0.158589 	-0.02      	0.605225
894	45    	0.273175  	0.164136 	-0.02      	0.615848
895	42    	0.296744  	0.168724 	-0.02      	0.615848
896	46    	0.309389  	0.178462 	-0.02      	0.702322
897	44    	0.286802  	0.189149 	-0.02      	0.702322
898	47    	0.215732  	0.176568 	-0.0171429 	0.706431
899	46    	0.286903  	0.18828  	-0.0166667 	0.706431
900	43    	0.262031  	0.21712  	-0.0171429 	0.70647 
901	44    	0.294464  	0.234464 	-0.0171429 	0.706539
902	45    	0.242979  	0.234185 	-0.02      	0.706539
903	45    	0.232957  	0.233438 	-0.0171428 	0.706539
904	47    	0.230793  	0.206295 	-0.0175001 	0.70647 
905	49    	0.193299  	0.165061 	-0.02      	0.70647 
906	44    	0.275514  	0.2011   	-0.0175    	0.70647 
907	49    	0.228757  	0.137476 	-0.02      	0.580687
908	43    	0.214035  	0.149865 	-0.02      	0.580687
909	47    	0.21408   	0.135061 	-0.0177778 	0.580687
910	49    	0.198753  	0.136757 	-0.0200001 	0.478248
911	47    	0.253683  	0.177255 	-0.017143  	0.702709
912	47    	0.24139   	0.156441 	-0.0175    	0.702709
913	43    	0.229122  	0.196773 	-0.02      	0.702709
914	44    	0.215797  	0.190961 	-0.0174999 	0.702709
915	43    	0.267903  	0.19869  	-0.0225    	0.706431
916	45    	0.217694  	0.183486 	-0.0166667 	0.706431
917	47    	0.2044    	0.192047 	-0.0175    	0.706431
918	42    	0.271486  	0.230841 	-0.02      	0.706431
919	46    	0.194884  	0.210384 	-0.0171429 	0.706431
920	44    	0.218882  	0.211196 	-0.02      	0.706431
921	46    	0.206287  	0.159986 	-0.02      	0.706431
922	43    	0.241568  	0.168516 	-0.0175    	0.706431
923	43    	0.248761  	0.174738 	-0.02      	0.563438
924	46    	0.206939  	0.174058 	-0.0171429 	0.563438
925	45    	0.201389  	0.174419 	-0.02      	0.586496
926	47    	0.216454  	0.176153 	-0.02      	0.654207
927	47    	0.21854   	0.14694  	-0.02      	0.654207
928	44    	0.24868   	0.187073 	-0.0171428 	0.692801
929	41    	0.253694  	0.180626 	-0.0171429 	0.692801
930	45    	0.269143  	0.181412 	-0.02      	0.702748
931	48    	0.234691  	0.170187 	-0.02      	0.702748
932	43    	0.224818  	0.174072 	-0.0166667 	0.706046
933	46    	0.226969  	0.18449  	-0.02      	0.706046
934	48    	0.235669  	0.169597 	-0.0177778 	0.716445
935	41    	0.281083  	0.187795 	-0.0175    	0.716445
936	49    	0.228878  	0.154507 	-0.02      	0.716445
937	43    	0.303589  	0.179533 	-0.0175    	0.717639
938	46    	0.25869   	0.17871  	-0.02      	0.838461
939	47    	0.233592  	0.165088 	-0.02      	0.622761
940	48    	0.241821  	0.146087 	-0.02      	0.628897
941	46    	0.295001  	0.143504 	-0.016     	0.639608
942	43    	0.288634  	0.155895 	-0.02      	0.639608
943	47    	0.254441  	0.132542 	-0.0174999 	0.550446
944	43    	0.277696  	0.136943 	-0.02      	0.550446
945	47    	0.242175  	0.153506 	-0.02      	0.550446
946	47    	0.267174  	0.131243 	-0.0166667 	0.595471
947	46    	0.295821  	0.119197 	0.0978882  	0.632806
948	47    	0.301565  	0.133193 	0.0721977  	0.646058
949	48    	0.297219  	0.130537 	0.0867774  	0.72275 
950	43    	0.285104  	0.134433 	-0.0171429 	0.544616
951	47    	0.299727  	0.141634 	-0.02      	0.638352
952	49    	0.240806  	0.144988 	-0.02      	0.655953
953	44    	0.304848  	0.143442 	-0.02      	0.655953
954	47    	0.286563  	0.14447  	0.0857265  	0.655953
955	45    	0.312166  	0.16439  	-0.0181818 	0.644743
956	43    	0.301378  	0.155271 	-0.0181818 	0.644743
957	47    	0.267929  	0.127458 	-0.0166666 	0.644743
958	48    	0.278492  	0.14111  	-0.02      	0.650589
959	45    	0.274678  	0.108417 	0.0859128  	0.644743
960	45    	0.274667  	0.150182 	-0.02      	0.644743
961	47    	0.251718  	0.138453 	-0.0171429 	0.644743
962	48    	0.231339  	0.132707 	-0.02      	0.697855
963	47    	0.242985  	0.129097 	-0.0199999 	0.644743
964	46    	0.268441  	0.128255 	-0.0177778 	0.644743
965	47    	0.274593  	0.135026 	-0.0175    	0.55479 
966	46    	0.250343  	0.152716 	-0.02      	0.55479 
967	45    	0.300625  	0.147607 	-0.02      	0.611973
968	47    	0.263643  	0.137526 	-0.02      	0.611973
969	45    	0.246941  	0.169417 	-0.0233333 	0.611973
970	48    	0.230288  	0.142187 	-0.02      	0.611973
971	45    	0.268497  	0.127764 	-0.0171429 	0.611973
972	46    	0.254818  	0.131706 	-0.02      	0.611973
973	48    	0.267923  	0.140615 	-0.0171428 	0.611973
974	45    	0.288034  	0.139378 	-0.0166667 	0.604605
975	48    	0.26064   	0.139522 	-0.0175    	0.607735
976	45    	0.251495  	0.142108 	-0.0166667 	0.611047
977	47    	0.233725  	0.136726 	-0.02      	0.538113
978	46    	0.242977  	0.133268 	-0.02      	0.435892
979	42    	0.289184  	0.142254 	-0.016     	0.697303
980	47    	0.22944   	0.169924 	-0.0175    	0.697303
981	50    	0.230891  	0.158705 	-0.02      	0.813756
982	49    	0.26142   	0.152754 	-0.0166667 	0.813756
983	47    	0.240688  	0.152632 	-0.02      	0.813756
984	43    	0.277445  	0.144214 	-0.0166667 	0.531339
985	45    	0.285237  	0.14338  	-0.02      	0.540699
986	47    	0.232814  	0.163533 	-0.02      	0.540699
987	46    	0.254709  	0.126651 	-0.0166667 	0.540699
988	46    	0.275519  	0.0968156	-0.0181818 	0.512778
989	43    	0.303471  	0.113739 	0.0414831  	0.5191  
990	45    	0.290131  	0.118742 	0.0589932  	0.6643  
991	48    	0.297053  	0.121792 	-0.0133333 	0.6643  
992	46    	0.260676  	0.275716 	-1         	0.607227
993	46    	0.262902  	0.272872 	-1         	0.590429
994	47    	0.324643  	0.0999693	0.104161   	0.590429
995	47    	0.253786  	0.272567 	-1         	0.590429
996	46    	0.291904  	0.203818 	-1         	0.590429
997	44    	0.332912  	0.0862066	0.158182   	0.590429
998	48    	0.213321  	0.318814 	-1         	0.620602
999	48    	0.249966  	0.270388 	-1         	0.464318
1000	49    	0.235837  	0.264933 	-1         	0.470418
Best individuals:
(0.9504228661158959,) 	-->	 /*9*/DDFFRRLUUUU
VMNeuronManager.autoload: Neuro classes added: Delay Light Nn PIDP PIDV SeeLight SeeLight2 S0 S1 Thr 
UserScripts.autoload: 19 user scripts added.
Simulator.load: Loading from 'eval-allcriteria.sim'
Loader.load: Comments read from file follow:
Loader.load:  Sample settings for evaluating many criteria of performance of a Framsticks creature.
Loader.load:  See the "evalcount" parameter if you want to speed the evaluation up or have a more stable result.
Loader.load:  Other important parameters are "Energy0" and "perfperiod".
Loader.load:  Put this file in the "data" subdirectory within the Framsticks distribution.
Simulator.load: Settings loaded from 'eval-allcriteria.sim'
Simulator.load: Loading from 'deterministic.sim'
Loader.load: Comments read from file follow:
Loader.load:  Parameter values that make the evaluation of a Framsticks creature deterministic.
Loader.load:  The values turn off random noise, so evaluation of the same genotype will always yield the same performance.
Loader.load:  The advantage is that you do not need to evaluate a genotype many times, and performance values are reliable.
Loader.load:  The disadvantage is that evolved creatures are "overfitting", i.e. rely entirely on the specific environment,
Loader.load:  and their behavior may be different in any other environment or (even slightly) changed conditions or parameter values,
Loader.load:  so each creature evolved using these settings must be later inspected using exactly the same setup.
Loader.load: 
Loader.load:  Before loading this file, load base settings, e.g. "eval-allcriteria.sim".
Loader.load:  Put this file in the "data" subdirectory within the Framsticks distribution.
Simulator.load: Settings loaded from 'deterministic.sim'
Simulator.load: Loading from 'sample-period-2.sim'
Loader.load: Comments read from file follow:
Loader.load:  Very low "performance sampling period" in the first population to sample performance very often during lifespan
Loader.load:  and avoid overlooking some behavior. Averaged performance of sampled values is returned as the final value.
Loader.load:  See http://www.framsticks.com/a/al_params.html#exper-perfcalc
Loader.load: 
Loader.load:  Before loading this file, load base settings, e.g. "eval-allcriteria.sim".
Loader.load:  Put this file in the "data" subdirectory within the Framsticks distribution.
Simulator.load: Loading from 'f9-mut-040.sim'
Simulator.load: Settings loaded from 'f9-mut-040.sim'
