Argument values: path=C:\Users\1625203\Downloads\Framsticks50rc22\Framsticks50rc22, lib=None, sim=eval-allcriteria.sim;deterministic.sim;sample-period-2.sim;f9-mut-0.sim, genformat=None, initialgenotype=/*9*/BLU, opt=vertpos, popsize=50, generations=1000, tournament=10, pmut=0.9, pxov=0.2, hof_size=1, hof_savefile=None, max_numparts=30, max_numjoints=None, max_numneurons=None, max_numconnections=None, max_numgenochars=50
Using Framsticks version: 5.0rc22
Home (writable) dir     : C:\Users\1625203\Downloads\Framsticks50rc22\Framsticks50rc22\data
Resources dir           : C:\Users\1625203\Downloads\Framsticks50rc22\Framsticks50rc22\data

Available objects: ['CheckpointEvent', 'Collision', 'CrCollision', 'Creature', 'CreatureSettings', 'CreatureSignals', 'CreatureSnapshot', 'Dictionary', 'ExpProperties', 'ExpState', 'ExtValue', 'File', 'FunctionReference', 'GenMan', 'GenManStats', 'GenePool', 'GenePools', 'Geno', 'Genotype', 'Interface', 'Joint', 'Loader', 'Math', 'MechJoint', 'MechPart', 'MessageCatcher', 'Model', 'ModelGeometry', 'ModelSymmetry', 'Neuro', 'NeuroClass', 'NeuroClassLibrary', 'NeuroDef', 'NeuroSignals', 'NeuronsSimEnabled', 'ODE', 'Orient', 'Part', 'Population', 'Populations', 'Ref', 'Signal', 'SignalView', 'SimilMeasure', 'SimilMeasureDistribution', 'SimilMeasureGreedy', 'SimilMeasureHungarian', 'Simulator', 'SlaveSimulators', 'StopEvent', 'String', 'UserScripts', 'Vector', 'WireframeAppearance', 'World', 'WorldMap', 'WorldSignals', 'XYZ', '__builtins__', '__cached__', '__doc__', '__file__', '__loader__', '__name__', '__package__', '__spec__', 'c_api', 'ctypes', 'home_dir', 'init', 'os', 're', 'res_dir', 'sim_params', 'stats', 'sys']

Performing a basic test 1/2... OK.
Performing a basic test 2/2... OK.
Using settings: ['eval-allcriteria.sim', 'deterministic.sim', 'sample-period-2.sim', 'f9-mut-0.sim']
gen	nevals	avg     	stddev	min     	max     
0  	50    	0.218369	0     	0.218369	0.218369
1  	44    	0.113016	0.136715	-0.015  	0.514537
2  	48    	0.168807	0.18271 	-0.02   	0.812825
3  	45    	0.227875	0.209786	-0.0171428	0.812977
4  	46    	0.260184	0.254755	-0.0166667	0.812977
5  	49    	0.253669	0.272249	-0.02     	0.812977
6  	42    	0.300127	0.261895	-0.0166667	0.812977
7  	47    	0.279194	0.262496	-0.0166667	0.812977
8  	47    	0.259439	0.261415	-0.0171429	0.832826
9  	43    	0.396836	0.267832	-0.0166667	0.833485
10 	49    	0.283423	0.278998	-0.0171429	0.831654
11 	42    	0.405563	0.271755	-0.02     	0.831654
12 	43    	0.386784	0.277077	-0.02     	0.831654
13 	46    	0.329466	0.253748	-0.0166667	0.831654
14 	46    	0.330458	0.299086	-0.0200001	0.833493
15 	44    	0.350645	0.295833	-0.0175   	0.833493
16 	46    	0.40826 	0.283252	-0.02     	0.838461
17 	45    	0.407455	0.304588	-0.0174999	0.838461
18 	47    	0.306321	0.285699	-0.02     	0.836975
19 	43    	0.373591	0.312279	-0.02     	0.838461
20 	48    	0.291852	0.277245	-0.02     	0.838461
21 	46    	0.372193	0.275799	-0.0177778	0.836975
22 	45    	0.37274 	0.287213	-0.0175   	0.838461
23 	48    	0.291924	0.253526	-0.02     	0.831692
24 	47    	0.434087	0.267509	-0.0149999	0.838461
25 	46    	0.432253	0.266499	-0.0171428	0.838461
26 	46    	0.40232 	0.294148	-0.0177778	0.838461
27 	45    	0.375717	0.304172	-0.0177778	0.838461
28 	46    	0.4155  	0.279417	-0.02     	0.838461
29 	48    	0.400789	0.280485	-0.0177778	0.838461
30 	45    	0.391551	0.29188 	-0.0177778	0.838461
31 	47    	0.374239	0.288025	-0.02     	0.838461
32 	43    	0.4137  	0.295317	-0.015    	0.838461
33 	45    	0.398175	0.302577	-0.02     	0.886159
34 	46    	0.417587	0.285312	-0.0177778	0.838461
35 	42    	0.42016 	0.327901	-0.02     	0.838461
36 	45    	0.349658	0.298032	-0.02     	0.833493
37 	48    	0.285637	0.25566 	-0.0200001	0.833493
38 	47    	0.395749	0.262819	-0.02     	0.835026
39 	43    	0.428137	0.287884	-0.02     	0.834764
40 	44    	0.406109	0.304924	-0.02     	0.838461
41 	46    	0.301746	0.29739 	-0.0200001	0.838461
42 	45    	0.36391 	0.251154	-0.0200001	0.732505
43 	46    	0.374854	0.26241 	-0.02     	0.825816
44 	47    	0.328058	0.246022	-0.0175   	0.756813
45 	43    	0.345707	0.241652	-0.0171429	0.757374
46 	44    	0.389699	0.254367	-0.02     	0.834764
47 	42    	0.427827	0.280621	-0.018    	0.834764
48 	49    	0.370734	0.268205	-0.0166667	0.832288
49 	46    	0.440506	0.264381	-0.0171428	0.834769
50 	46    	0.359438	0.267427	-0.0177778	0.834769
51 	50    	0.336502	0.245675	-0.0171428	0.832711
52 	42    	0.42184 	0.288023	-0.0200001	0.832711
53 	48    	0.370491	0.282636	-0.0175001	0.832711
54 	46    	0.348001	0.267251	-0.0177778	0.832711
55 	44    	0.437098	0.262282	0.0521081 	0.836133
56 	45    	0.455811	0.283323	-0.0175001	0.839424
57 	49    	0.45679 	0.24809 	0.07341   	0.898616
58 	48    	0.399147	0.280316	-0.0159999	0.898616
59 	46    	0.536976	0.311738	-0.0171428	1.02345 
60 	44    	0.417451	0.296264	0.0748797 	0.906601
61 	44    	0.534557	0.290843	0.0659079 	1.02345 
62 	48    	0.567545	0.288027	-0.0150001	0.912632
63 	46    	0.535002	0.315731	-0.0175   	0.959182
64 	47    	0.575992	0.357632	-1        	1.00696 
65 	46    	0.53899 	0.428032	-1        	1.00696 
66 	48    	0.40173 	0.483315	-1        	1.00696 
67 	47    	0.456222	0.3676  	-1        	1.00696 
68 	44    	0.540652	0.390795	-1        	1.00696 
69 	47    	0.383351	0.507572	-1        	1.00696 
70 	44    	0.43483 	0.513578	-1        	1.00696 
71 	50    	0.401137	0.412698	-1        	0.914408
72 	45    	0.415284	0.496579	-1        	0.914408
73 	43    	0.496923	0.423301	-1        	1.00696 
74 	44    	0.47735 	0.432607	-1        	1.00696 
75 	47    	0.515693	0.327542	0.0985067 	1.00696 
76 	45    	0.512267	0.39085 	-1        	0.980423
77 	49    	0.519238	0.308473	-0.0171429	1.00992 
78 	49    	0.55536 	0.333091	0.0738779 	1.00737 
79 	46    	0.433143	0.388623	-1        	0.980423
80 	45    	0.497817	0.487619	-1        	0.983091
81 	47    	0.470141	0.362689	-1        	0.983091
82 	46    	0.395271	0.414887	-1        	0.983091
83 	46    	0.522447	0.37641 	-1        	0.983091
84 	48    	0.425387	0.336181	-1        	0.929593
85 	45    	0.62905 	0.26817 	0.149077  	0.929593
86 	45    	0.526274	0.383606	-1        	1.00719 
87 	46    	0.380541	0.514975	-1        	1.02374 
88 	46    	0.412502	0.511846	-1        	0.966323
89 	46    	0.483434	0.491068	-1        	1.02374 
90 	45    	0.444701	0.486744	-1        	1.02742 
91 	45    	0.139896	0.700637	-1        	1.02742 
92 	41    	0.326525	0.64963 	-1        	1.07116 
93 	46    	0.110198	0.720245	-1        	1.07116 
94 	46    	0.050196	0.804264	-1        	1.08104 
95 	46    	0.0396491	0.766933	-1        	1.02087 
96 	49    	0.0927339	0.771471	-1        	1.08004 
97 	43    	0.282119 	0.604065	-1        	1.08004 
98 	45    	0.22595  	0.650466	-1        	1.08004 
99 	46    	0.285106 	0.7475  	-1        	1.07592 
100	46    	0.215709 	0.72068 	-1        	1.07624 
101	46    	-0.080125	0.765365	-1        	1.07624 
102	42    	0.24773  	0.653721	-1        	1.07624 
103	45    	0.252936 	0.727635	-1        	1.08412 
104	48    	0.0526532	0.744476	-1        	1.08412 
105	43    	0.0770441	0.826357	-1        	1.08412 
106	46    	-0.0125103	0.795074	-1        	1.08412 
107	46    	0.0617214 	0.751452	-1        	1.08412 
108	48    	-0.0840171	0.823535	-1        	1.0454  
109	45    	-0.0985585	0.809612	-1        	1.07618 
110	47    	-0.0308952	0.767337	-1        	1.07618 
111	47    	0.218726  	0.741314	-1        	1.07618 
112	46    	0.226107  	0.680607	-1        	1.02992 
113	49    	0.20506   	0.692111	-1        	1.01912 
114	48    	0.34252   	0.653625	-1        	1.02946 
115	48    	0.192395  	0.696648	-1        	1.01912 
116	48    	0.13626   	0.682967	-1        	0.976601
117	48    	-0.0575309	0.743148	-1        	0.991965
118	49    	0.194201  	0.681265	-1        	0.995738
119	49    	-0.137703 	0.795672	-1        	0.974805
120	46    	0.306066  	0.621868	-1        	0.974805
121	43    	0.331899  	0.634889	-1        	0.948071
122	46    	0.267246  	0.679461	-1        	0.950837
123	47    	0.137759  	0.716372	-1        	0.968309
124	48    	0.121332  	0.705185	-1        	0.990036
125	44    	0.374826  	0.529196	-1        	0.990036
126	45    	0.432775  	0.544957	-1        	0.990036
127	49    	0.213654  	0.658458	-1        	0.990036
128	43    	0.253044  	0.641904	-1        	0.990036
129	47    	0.0948602 	0.692602	-1        	0.990036
130	48    	0.0956823 	0.72167 	-1        	0.958998
131	50    	0.185696  	0.635431	-1        	0.957207
132	45    	0.34033   	0.568197	-1        	0.994489
133	44    	0.410374  	0.595673	-1        	1.03208 
134	49    	0.0209331 	0.677327	-1        	1.01052 
135	46    	0.179298  	0.59444 	-1        	1.01052 
136	47    	0.173739  	0.67511 	-1        	1.01052 
137	44    	0.163529  	0.705628	-1        	1.01052 
138	45    	0.260625  	0.648602	-1        	0.994489
139	42    	0.16854   	0.709536	-1        	0.994489
140	44    	0.0854833 	0.727918	-1        	0.994489
141	47    	0.254441  	0.605594	-1        	0.994489
142	48    	0.337491  	0.604216	-1        	0.973095
143	47    	0.318721  	0.554365	-1        	0.955559
144	47    	0.328034  	0.556427	-1        	0.977098
145	46    	0.268129  	0.615451	-1        	0.994489
146	48    	0.294788  	0.493227	-1        	0.957207
147	44    	0.0876698 	0.754538	-1        	0.961929
148	44    	0.34994   	0.609405	-1        	0.9577  
149	44    	0.485443  	0.412764	-1        	0.958998
150	44    	0.428685  	0.550844	-1        	0.976699
151	47    	0.329372  	0.509892	-1        	0.979947
152	45    	0.116056  	0.630177	-1        	0.971986
153	45    	0.143773  	0.572365	-1        	0.9577  
154	45    	0.356103  	0.517384	-1        	0.972685
155	47    	0.150388  	0.654366	-1        	0.944995
156	45    	0.533031  	0.403743	-1        	0.988632
157	43    	0.372902  	0.57213 	-1        	0.968679
158	44    	0.375229  	0.531859	-1        	0.978366
159	45    	0.312699  	0.51019 	-1        	0.978366
160	47    	0.340623  	0.457918	-1        	0.982028
161	44    	0.388837  	0.568561	-1        	0.986733
162	46    	0.288062  	0.627577	-1        	1.0091  
163	47    	0.305353  	0.457511	-1        	0.986634
164	45    	0.4512    	0.463447	-1        	1.00195 
165	45    	0.411804  	0.52201 	-1        	1.03373 
166	47    	0.393318  	0.452562	-1        	1.03373 
167	46    	0.459629  	0.301635	0.079103  	1.03587 
168	45    	0.339633  	0.490572	-1        	1.03678 
169	47    	0.240785  	0.573194	-1        	1.03587 
170	46    	0.25448   	0.610344	-1        	1.03587 
171	46    	0.292155  	0.66631 	-1        	1.03587 
172	49    	0.0696086 	0.725528	-1        	1.01259 
173	45    	0.158085  	0.746208	-1        	1.01259 
174	43    	0.244674  	0.663204	-1        	1.11152 
175	46    	0.253157  	0.638449	-1        	1.11152 
176	49    	0.283827  	0.525556	-1        	1.09772 
177	49    	0.219294  	0.559279	-1        	1.03017 
178	46    	0.282624  	0.593173	-1        	1.05349 
179	45    	0.24405   	0.618045	-1        	1.05349 
180	47    	0.172324  	0.653148	-1        	1.05349 
181	47    	0.271987  	0.539416	-1        	1.02605 
182	48    	0.335733  	0.563112	-1        	1.09772 
183	44    	0.147718  	0.705802	-1        	1.09772 
184	47    	0.320108  	0.527586	-1        	1.09772 
185	46    	0.291409  	0.589864	-1        	1.0229  
186	46    	0.328335  	0.602669	-1        	1.09772 
187	48    	0.397792  	0.501358	-1        	1.05529 
188	47    	0.461655  	0.473541	-1        	1.05288 
189	46    	0.373291  	0.578134	-1        	1.05288 
190	50    	0.263895  	0.606679	-1        	0.981661
191	45    	0.530143  	0.417792	-1        	0.981661
192	47    	0.37737   	0.573782	-1        	0.981661
193	47    	0.377229  	0.57376 	-1        	1.04069 
194	45    	0.496281  	0.569274	-1        	1.04069 
195	45    	0.437665  	0.565236	-1        	1.06782 
196	43    	0.571922  	0.518345	-1        	1.04069 
197	49    	0.360418  	0.640984	-1        	1.08413 
198	42    	0.359662  	0.637426	-1        	1.10721 
199	43    	0.519586  	0.458643	-1        	1.10721 
200	48    	0.254855  	0.623335	-1        	1.10721 
201	47    	0.332678  	0.623321	-1        	1.10721 
202	47    	0.270356  	0.545472	-1        	1.08413 
203	45    	0.446646  	0.519593	-1        	1.08521 
204	47    	0.382306  	0.502438	-1        	1.0928  
205	43    	0.401879  	0.564549	-1        	1.0928  
206	46    	0.375606  	0.593417	-1        	1.0928  
207	47    	0.384393  	0.547694	-1        	1.0928  
208	46    	0.374174  	0.594252	-1        	1.06851 
209	48    	0.32303   	0.649235	-1        	1.09485 
210	45    	0.595424  	0.414338	-1        	1.13206 
211	45    	0.199064  	0.732998	-1        	1.13206 
212	41    	0.375506  	0.646559	-1        	1.13206 
213	45    	0.434631  	0.614594	-1        	1.13206 
214	46    	0.374199  	0.598614	-1        	1.13206 
215	48    	0.465587  	0.476242	-1        	1.13206 
216	47    	0.431281  	0.510503	-1        	1.10728 
217	44    	0.520892  	0.491323	-1        	1.10728 
218	47    	0.245931  	0.56224 	-1        	1.10728 
219	47    	0.130973  	0.728169	-1        	1.10728 
220	48    	0.218823  	0.738516	-1        	1.10728 
221	45    	0.164536  	0.775789	-1        	1.10728 
222	46    	0.202466  	0.804169	-1        	1.13206 
223	48    	0.227939  	0.636561	-1        	1.10728 
224	48    	0.130233  	0.754175	-1        	1.10728 
225	46    	0.182483  	0.721426	-1        	1.10728 
226	45    	0.275749  	0.668676	-1        	1.14169 
227	47    	0.116188  	0.631987	-1        	1.07354 
228	49    	0.131989  	0.595592	-1        	1.01374 
229	46    	0.193647  	0.636332	-1        	1.07354 
230	48    	0.376683  	0.614232	-1        	1.02089 
231	45    	0.292759  	0.621194	-1        	1.02089 
232	46    	0.0582343 	0.856099	-1        	1.03633 
233	47    	0.256579  	0.718387	-1        	1.04004 
234	48    	-0.0468437	0.783323	-1        	1.08488 
235	46    	-0.0951702	0.808413	-1        	1.08488 
236	45    	0.0703117 	0.769344	-1        	0.972533
237	47    	0.121535  	0.838605	-1        	1.07198 
238	44    	-0.0351463	0.825026	-1        	1.07198 
239	43    	0.266335  	0.723685	-1        	1.07198 
240	45    	0.167379  	0.772029	-1        	1.07198 
241	47    	0.005447  	0.818204	-1        	0.974536
242	47    	0.0660015 	0.800148	-1        	1.00124 
243	48    	0.0486839 	0.753259	-1        	1.00441 
244	49    	-0.0268858	0.708388	-1        	1.02517 
245	43    	0.147103  	0.665528	-1        	1.00124 
246	49    	0.260071  	0.606649	-1        	1.02445 
247	47    	0.197489  	0.71385 	-1        	1.02445 
248	47    	0.0616347 	0.73776 	-1        	1.02445 
249	50    	0.103441  	0.730994	-1        	1.09494 
250	48    	0.0599688 	0.801516	-1        	1.09494 
251	49    	0.0970668 	0.681539	-1        	0.975533
252	46    	0.400321  	0.573264	-1        	0.920391
253	45    	0.342963  	0.602683	-1        	0.95629 
254	46    	0.315094  	0.626991	-1        	1.01083 
255	48    	0.0953425 	0.718932	-1        	0.970381
256	47    	0.219226  	0.730134	-1        	1.05294 
257	46    	0.197567  	0.650369	-1        	1.05294 
258	41    	0.304539  	0.592392	-1        	1.06431 
259	45    	0.207171  	0.629041	-1        	1.06431 
260	47    	0.26943   	0.66749 	-1        	1.0845  
261	47    	0.129426  	0.69627 	-1        	1.07217 
262	47    	0.226697  	0.715777	-1        	1.08253 
263	48    	0.23231   	0.684641	-1        	1.06801 
264	46    	0.220594  	0.674985	-1        	1.05292 
265	45    	0.286454  	0.711964	-1        	1.05845 
266	43    	0.412755  	0.600111	-1        	1.05916 
267	47    	0.463611  	0.658226	-1        	1.08883 
268	44    	0.343487  	0.73699 	-1        	1.08883 
269	47    	0.380217  	0.6327  	-1        	1.06266 
270	46    	0.18449   	0.78875 	-1        	1.0958  
271	46    	0.330452  	0.685639	-1        	1.0958  
272	49    	0.271114  	0.6252  	-1        	1.0958  
273	45    	0.32854   	0.644954	-1        	1.02877 
274	45    	0.386515  	0.74497 	-1        	1.06871 
275	47    	0.299009  	0.707439	-1        	1.07759 
276	46    	0.459113  	0.576812	-1        	1.07759 
277	43    	0.401487  	0.649845	-1        	1.09118 
278	46    	0.292745  	0.597114	-1        	1.07759 
279	47    	0.400729  	0.685378	-1        	1.06871 
280	41    	0.481262  	0.587988	-1        	1.08251 
281	49    	0.224504  	0.748999	-1        	1.04422 
282	48    	0.316802  	0.521098	-1        	1.0431  
283	46    	0.264638  	0.692325	-1        	1.04421 
284	46    	0.352877  	0.69331 	-1        	1.04421 
285	44    	0.15392   	0.738006	-1        	1.04421 
286	47    	0.219664  	0.711115	-1        	1.05395 
287	46    	0.332044  	0.727112	-1        	1.05395 
288	46    	0.119977  	0.850183	-1        	1.12127 
289	45    	0.0557726 	0.740943	-1        	1.12127 
290	46    	0.175479  	0.743597	-1        	1.04421 
291	46    	0.353655  	0.695183	-1        	1.09617 
292	48    	0.337096  	0.665645	-1        	1.1613  
293	48    	0.263805  	0.585941	-1        	1.12018 
294	49    	0.0942809 	0.69165 	-1        	1.02469 
295	46    	0.454478  	0.518852	-1        	1.06802 
296	44    	0.535317  	0.549412	-1        	1.09032 
297	47    	0.345032  	0.66748 	-1        	1.09032 
298	44    	0.383402  	0.682111	-1        	1.10913 
299	45    	0.415417  	0.623782	-1        	1.13936 
300	47    	0.251716  	0.706492	-1        	1.13342 
301	45    	0.405142  	0.541494	-1        	1.13342 
302	42    	0.411792  	0.625129	-1        	1.16014 
303	48    	0.187526  	0.742004	-1        	1.16014 
304	44    	0.245534  	0.625472	-1        	1.16014 
305	50    	0.35139   	0.498405	-1        	1.07225 
306	48    	0.354622  	0.579003	-1        	1.08928 
307	45    	0.441706  	0.613673	-1        	1.08928 
308	48    	0.232269  	0.720327	-1        	1.08928 
309	45    	0.297393  	0.606953	-1        	1.08928 
310	49    	0.333219  	0.523091	-1        	1.08928 
311	49    	0.353015  	0.571222	-1        	1.08011 
312	42    	0.560097  	0.491145	-1        	1.08011 
313	46    	0.288091  	0.598599	-1        	1.08011 
314	47    	0.300034  	0.461289	-1        	0.992612
315	45    	0.426503  	0.468521	-1        	0.992612
316	43    	0.396534  	0.511786	-1        	0.993194
317	48    	0.427845  	0.561452	-1        	1.00894 
318	47    	0.413326  	0.60937 	-1        	1.04923 
319	44    	0.454426  	0.481009	-1        	1.06467 
320	47    	0.31359   	0.557648	-1        	1.04923 
321	45    	0.460543  	0.57846 	-1        	1.04923 
322	47    	0.310223  	0.638399	-1        	1.06467 
323	44    	0.230867  	0.723791	-1        	1.06744 
324	47    	0.607161  	0.400118	-1        	1.09054 
325	41    	0.428912  	0.585651	-1        	1.09054 
326	45    	0.450972  	0.445529	-1        	1.09054 
327	49    	0.213233  	0.678008	-1        	1.09054 
328	47    	0.232881  	0.604324	-1        	1.06645 
329	45    	0.229012  	0.673442	-1        	1.06645 
330	45    	0.413277  	0.526893	-1        	1.06417 
331	47    	0.255966  	0.616674	-1        	1.06417 
332	50    	0.240842  	0.609165	-1        	1.09054 
333	43    	0.431819  	0.571796	-1        	1.09054 
334	46    	0.291653  	0.60585 	-1        	1.08064 
335	44    	0.390221  	0.521327	-1        	1.09016 
336	46    	0.346625  	0.549574	-1        	1.09016 
337	47    	0.286951  	0.509207	-1        	1.08064 
338	47    	0.357294  	0.545853	-1        	1.09225 
339	46    	0.399171  	0.562165	-1        	1.09616 
340	49    	0.318649  	0.64817 	-1        	1.09616 
341	45    	0.376611  	0.552716	-1        	1.12297 
342	49    	0.228304  	0.68617 	-1        	1.1683  
343	47    	0.448282  	0.449446	-1        	1.1683  
344	44    	0.393382  	0.54094 	-1        	1.1683  
345	49    	0.269629  	0.516119	-1        	1.1683  
346	46    	0.402244  	0.428737	-1        	1.1683  
347	46    	0.393916  	0.477152	-1        	1.1683  
348	48    	0.48814   	0.568483	-1        	1.1683  
349	47    	0.242236  	0.599058	-1        	1.2162  
350	46    	0.332682  	0.64508 	-1        	1.16944 
351	49    	0.219358  	0.650818	-1        	1.16944 
352	43    	0.410743  	0.537534	-1        	1.16944 
353	46    	0.406289  	0.591907	-1        	1.16944 
354	44    	0.476868  	0.489133	-1        	1.16944 
355	49    	0.108826  	0.614822	-1        	1.13305 
356	44    	0.349317  	0.60026 	-1        	1.13305 
357	47    	0.350579  	0.509287	-1        	1.10097 
358	45    	0.489642  	0.4572  	-1        	1.10097 
359	47    	0.348742  	0.631484	-1        	1.12535 
360	48    	0.309827  	0.642365	-1        	1.10097 
361	45    	0.487202  	0.590437	-1        	1.10097 
362	44    	0.426277  	0.662911	-1        	1.10097 
363	45    	0.487667  	0.502735	-1        	1.10097 
364	44    	0.464895  	0.590548	-1        	1.11441 
365	47    	0.395302  	0.60933 	-1        	1.12545 
366	44    	0.545678  	0.539145	-1        	1.12545 
367	46    	0.493733  	0.471287	-1        	1.12545 
368	49    	0.370832  	0.516241	-1        	1.11441 
369	42    	0.338374  	0.673002	-1        	1.11805 
370	46    	0.494835  	0.594143	-1        	1.11441 
371	46    	0.492867  	0.673559	-1        	1.11441 
372	47    	0.512594  	0.610333	-1        	1.11441 
373	48    	0.492877  	0.503026	-1        	1.09264 
374	44    	0.509376  	0.512917	-1        	1.11441 
375	46    	0.476185  	0.444862	-1        	1.11441 
376	48    	0.366971  	0.601648	-1        	1.14182 
377	46    	0.48183   	0.469285	-1        	1.14182 
378	47    	0.344629  	0.588506	-1        	1.14182 
379	48    	0.382783  	0.564254	-1        	1.11441 
380	46    	0.491328  	0.548393	-1        	1.12249 
381	45    	0.497987  	0.498515	-1        	1.12249 
382	46    	0.359729  	0.547584	-1        	1.0571  
383	43    	0.657473  	0.39566 	-1        	1.09115 
384	48    	0.440745  	0.571841	-1        	1.05352 
385	47    	0.585716  	0.509344	-1        	1.11829 
386	48    	0.397591  	0.596765	-1        	1.06867 
387	47    	0.549585  	0.445857	-1        	1.07586 
388	47    	0.514952  	0.449904	-1        	1.06419 
389	44    	0.577545  	0.461905	-1        	1.06419 
390	44    	0.416255  	0.572247	-1        	1.05352 
391	47    	0.601393  	0.461172	-1        	1.05445 
392	42    	0.529839  	0.554534	-1        	1.09339 
393	43    	0.493382  	0.50282 	-1        	1.09339 
394	44    	0.433003  	0.662696	-1        	1.09339 
395	44    	0.481363  	0.472399	-1        	1.09339 
396	49    	0.283462  	0.551479	-1        	1.08064 
397	43    	0.218506  	0.642129	-1        	1.06045 
398	46    	0.333172  	0.580624	-1        	1.06045 
399	47    	0.393051  	0.428874	-1        	1.06045 
400	42    	0.384212  	0.572317	-1        	1.10931 
401	46    	0.45245   	0.454643	-1        	1.13021 
402	47    	0.357469  	0.608058	-1        	1.06488 
403	48    	0.209303  	0.64321 	-1        	1.05012 
404	44    	0.187847  	0.662681	-1        	1.05012 
405	45    	0.230911  	0.655493	-1        	1.053   
406	44    	0.292052  	0.604622	-1        	1.05012 
407	43    	0.406408  	0.539379	-1        	1.05012 
408	46    	0.372523  	0.607502	-1        	1.06369 
409	47    	0.361855  	0.467895	-1        	1.05012 
410	44    	0.353289  	0.545928	-1        	1.06037 
411	44    	0.486989  	0.458631	-1        	1.0771  
412	49    	0.421329  	0.391492	-1        	1.06179 
413	46    	0.297719  	0.599988	-1        	1.06179 
414	46    	0.365268  	0.495517	-1        	1.06179 
415	46    	0.36383   	0.498026	-1        	1.06179 
416	45    	0.19181   	0.698868	-1        	1.07228 
417	45    	0.311479  	0.613589	-1        	1.061   
418	45    	0.340894  	0.541306	-1        	1.07228 
419	41    	0.386595  	0.560042	-1        	1.07228 
420	44    	0.308441  	0.683665	-1        	1.07228 
421	49    	0.277198  	0.678941	-1        	1.07534 
422	49    	0.431979  	0.539458	-1        	1.07534 
423	45    	0.285491  	0.631034	-1        	1.07228 
424	46    	0.464898  	0.42626 	-1        	1.07228 
425	47    	0.259156  	0.574947	-1        	1.05835 
426	41    	0.409181  	0.513514	-1        	1.05835 
427	43    	0.489657  	0.538846	-1        	1.06593 
428	45    	0.499191  	0.385208	-1        	1.06593 
429	48    	0.150992  	0.63336 	-1        	1.07137 
430	46    	0.310657  	0.565291	-1        	1.07137 
431	48    	0.210969  	0.70231 	-1        	1.0706  
432	45    	0.287481  	0.581997	-1        	1.00007 
433	50    	0.285453  	0.697871	-1        	1.05905 
434	47    	0.230779  	0.708593	-1        	1.07434 
435	45    	0.140207  	0.689635	-1        	1.037   
436	46    	0.116962  	0.717564	-1        	0.978589
437	47    	0.242152  	0.678986	-1        	0.989512
438	46    	0.245808  	0.67762 	-1        	0.989512
439	49    	0.219851  	0.730248	-1        	1.05905 
440	47    	0.23211   	0.681781	-1        	1.05905 
441	47    	0.149474  	0.698755	-1        	1.0057  
442	46    	0.436235  	0.552682	-1        	1.0057  
443	41    	0.477825  	0.526574	-1        	1.00771 
444	45    	0.420155  	0.646443	-1        	1.09234 
445	49    	0.114817  	0.716752	-1        	1.09234 
446	48    	0.00548018	0.657214	-1        	1.06497 
447	44    	0.183937  	0.642807	-1        	1.06497 
448	45    	0.477168  	0.488318	-1        	1.06497 
449	48    	0.414937  	0.459246	-1        	1.06106 
450	46    	0.447284  	0.417422	-1        	1.06106 
451	47    	0.381407  	0.586897	-1        	1.06497 
452	44    	0.325415  	0.568257	-1        	1.05333 
453	47    	0.345948  	0.578735	-1        	1.05333 
454	46    	0.398393  	0.551249	-1        	1.03679 
455	42    	0.378661  	0.635239	-1        	1.03679 
456	49    	0.48968   	0.429148	-1        	1.03679 
457	46    	0.450706  	0.559706	-1        	1.03679 
458	47    	0.244569  	0.720098	-1        	1.0315  
459	44    	0.51521   	0.443181	-1        	1.0315  
460	47    	0.337383  	0.56998 	-1        	1.02158 
461	46    	0.371811  	0.531092	-1        	1.02158 
462	44    	0.368398  	0.573997	-1        	1.02158 
463	43    	0.418212  	0.508968	-1        	1.02158 
464	48    	0.266825  	0.577223	-1        	1.02158 
465	49    	0.132008  	0.59636 	-1        	0.994664
466	46    	0.37196   	0.452688	-1        	0.994664
467	42    	0.352179  	0.559876	-1        	0.994664
468	46    	0.479063  	0.450394	-1        	1.05579 
469	43    	0.373205  	0.612504	-1        	1.05579 
470	46    	0.402973  	0.485958	-1        	1.05579 
471	45    	0.316054  	0.595365	-1        	1.05579 
472	46    	0.379122  	0.578656	-1        	1.05579 
473	47    	0.345797  	0.565547	-1        	1.03143 
474	44    	0.404805  	0.549817	-1        	1.03143 
475	47    	0.346096  	0.726139	-1        	1.03974 
476	44    	0.570691  	0.481254	-1        	1.03974 
477	44    	0.353927  	0.647421	-1        	1.03974 
478	43    	0.432293  	0.592446	-1        	1.02443 
479	45    	0.263683  	0.717453	-1        	1.02443 
480	45    	0.350399  	0.690164	-1        	1.02443 
481	47    	0.195054  	0.752048	-1        	1.05974 
482	40    	0.333022  	0.684539	-1        	1.05974 
483	47    	0.34163   	0.606706	-1        	1.01716 
484	45    	0.463556  	0.561745	-1        	1.03143 
485	48    	0.523102  	0.422838	-1        	1.03143 
486	42    	0.419075  	0.680329	-1        	1.06217 
487	48    	0.512253  	0.488962	-1        	1.06217 
488	48    	0.403534  	0.599186	-1        	1.03359 
489	47    	0.365614  	0.582641	-1        	1.06628 
490	45    	0.251799  	0.721595	-1        	1.06628 
491	47    	0.309804  	0.552351	-1        	1.06628 
492	44    	0.451969  	0.618362	-1        	1.06649 
493	46    	0.455036  	0.573207	-1        	1.08149 
494	41    	0.499556  	0.453375	-1        	1.06649 
495	45    	0.566541  	0.390467	-1        	1.08153 
496	47    	0.41058   	0.63672 	-1        	1.08153 
497	45    	0.539006  	0.490712	-1        	1.08153 
498	47    	0.442023  	0.596222	-1        	1.08153 
499	48    	0.554516  	0.543465	-1        	1.09664 
500	46    	0.525651  	0.489699	-1        	1.09664 
501	48    	0.400312  	0.550013	-1        	1.09664 
502	47    	0.455548  	0.611597	-1        	1.1023  
503	49    	0.0651702 	0.778947	-1        	1.0913  
504	47    	0.217738  	0.705888	-1        	1.06297 
505	44    	0.157569  	0.739266	-1        	1.0913  
506	46    	0.170283  	0.751835	-1        	1.10464 
507	45    	0.171966  	0.782416	-1        	1.06262 
508	43    	0.341262  	0.658179	-1        	1.06262 
509	44    	0.298746  	0.760287	-1        	1.06262 
510	43    	0.253411  	0.806151	-1        	1.10464 
511	46    	0.360061  	0.665831	-1        	1.10464 
512	46    	0.432042  	0.569382	-1        	1.06262 
513	45    	0.182502  	0.789652	-1        	1.06248 
514	45    	0.266464  	0.661267	-1        	1.10711 
515	48    	0.421908  	0.403956	-1        	1.06248 
516	47    	0.348853  	0.652709	-1        	1.05795 
517	47    	0.178183  	0.707174	-1        	1.03446 
518	46    	0.0815389 	0.747201	-1        	1.02058 
519	48    	0.215453  	0.660923	-1        	0.988729
520	47    	0.0721488 	0.770184	-1        	0.988729
521	47    	0.257893  	0.641145	-1        	0.988729
522	42    	0.28535   	0.652337	-1        	0.997664
523	45    	0.121151  	0.810335	-1        	1.02987 
524	45    	0.0370561 	0.813506	-1        	0.998288
525	45    	-0.00107631	0.849707	-1        	1.0041  
526	47    	0.0270856  	0.813828	-1        	1.08558 
527	44    	-0.15435   	0.847584	-1        	1.08558 
528	46    	-0.150514  	0.850367	-1        	1.08558 
529	46    	-0.0182916 	0.806516	-1        	1.03926 
530	44    	0.0899514  	0.792449	-1        	1.03926 
531	44    	0.130167   	0.756587	-1        	1.03926 
532	47    	-0.0932725 	0.745118	-1        	1.03926 
533	49    	0.0210809  	0.673827	-1        	1.02279 
534	46    	0.0517725  	0.693784	-1        	1.0384  
535	48    	0.128157   	0.66831 	-1        	1.0384  
536	47    	-0.127976  	0.738542	-1        	1.0384  
537	48    	0.164025   	0.556331	-1        	1.0384  
538	44    	0.161633   	0.683721	-1        	1.04349 
539	44    	0.308281   	0.609029	-1        	1.04349 
540	46    	0.213588   	0.672033	-1        	1.01791 
541	48    	0.280586   	0.627819	-1        	1.09417 
542	48    	0.349338   	0.588233	-1        	1.10809 
543	45    	0.393938   	0.45509 	-1        	1.09417 
544	45    	0.403188   	0.558051	-1        	1.09417 
545	44    	0.464297   	0.486299	-1        	1.09417 
546	47    	0.285501   	0.600042	-1        	1.09417 
547	43    	0.346012   	0.671451	-1        	1.09417 
548	48    	0.307503   	0.470993	-1        	1.10824 
549	42    	0.169651   	0.753048	-1        	1.10824 
550	48    	0.231648   	0.646215	-1        	1.06074 
551	48    	0.213022   	0.590594	-1        	1.06385 
552	42    	0.346545   	0.536342	-1        	1.06385 
553	50    	0.226234   	0.6999  	-1        	0.998299
554	49    	0.248505   	0.602621	-1        	1.02006 
555	47    	0.3395     	0.567232	-1        	1.02006 
556	48    	0.281563   	0.483175	-1        	0.979029
557	48    	0.516818   	0.393868	-1        	0.983567
558	50    	0.280406   	0.68658 	-1        	0.983143
559	45    	0.132736   	0.718888	-1        	0.983143
560	45    	0.157063   	0.668107	-1        	0.983143
561	43    	0.298671   	0.666607	-1        	0.980615
562	46    	0.44295    	0.601857	-1        	1.02434 
563	46    	0.337127   	0.562284	-1        	0.982462
564	44    	0.263019   	0.648539	-1        	0.982462
565	45    	0.348153   	0.568505	-1        	0.982462
566	49    	0.296388   	0.628623	-1        	1.00652 
567	43    	0.328032   	0.5256  	-1        	1.02662 
568	43    	0.444995   	0.464185	-1        	1.02662 
569	48    	0.287401   	0.58149 	-1        	1.02662 
570	47    	0.309345   	0.557678	-1        	1.02547 
571	49    	0.196941   	0.64795 	-1        	1.02547 
572	46    	0.269491   	0.613718	-1        	1.02547 
573	48    	0.353139   	0.574922	-1        	1.02547 
574	46    	0.248366   	0.564933	-1        	0.987445
575	48    	0.0123991  	0.684998	-1        	0.987445
576	45    	0.43649    	0.403291	-1        	0.987445
577	47    	0.261608   	0.612231	-1        	1.00603 
578	46    	0.244526   	0.65035 	-1        	1.00603 
579	48    	0.249619   	0.520509	-1        	1.00603 
580	44    	0.381947   	0.490049	-1        	0.987766
581	44    	0.269651   	0.537046	-1        	0.994794
582	46    	0.23171    	0.504224	-1        	0.994794
583	50    	0.141048   	0.575789	-1        	1.01279 
584	44    	0.180643   	0.600193	-1        	1.01279 
585	47    	0.24266    	0.558886	-1        	1.05194 
586	50    	0.23932    	0.597378	-1        	1.02498 
587	45    	0.454209   	0.409043	-1        	1.03312 
588	46    	0.418605   	0.517433	-1        	1.05194 
589	43    	0.375308   	0.500089	-1        	1.05194 
590	45    	0.226417   	0.511711	-1        	1.05194 
591	47    	0.242264   	0.457875	-1        	1.02248 
592	46    	0.336444   	0.335084	-1        	0.942014
593	50    	0.0231359  	0.603526	-1        	0.906867
594	48    	0.332717   	0.493613	-1        	0.905356
595	47    	0.227731   	0.540287	-1        	0.905356
596	45    	0.233999   	0.661864	-1        	0.893839
597	46    	0.206099   	0.67991 	-1        	0.880696
598	43    	0.247302   	0.630466	-1        	0.881941
599	43    	0.187182   	0.676193	-1        	0.933968
600	46    	-0.00286681	0.717926	-1        	0.897117
601	48    	0.175616   	0.70151 	-1        	0.90454 
602	47    	0.33444    	0.594331	-1        	0.974824
603	43    	0.413071   	0.460855	-1        	0.974824
604	46    	0.221317   	0.698539	-1        	0.966258
605	46    	0.297325   	0.631331	-1        	1.00075 
606	46    	0.209979   	0.62654 	-1        	1.00075 
607	43    	0.449252   	0.459799	-1        	0.974824
608	45    	0.346877   	0.53388 	-1        	0.993012
609	47    	0.350222   	0.488229	-1        	0.995016
610	48    	0.289341   	0.545695	-1        	1.02637 
611	49    	0.246859   	0.525719	-1        	0.974824
612	44    	0.346611   	0.531614	-1        	0.977257
613	44    	0.310734   	0.518541	-1        	0.992119
614	46    	0.275147   	0.49787 	-1        	0.992119
615	48    	0.393406   	0.449278	-1        	1.01196 
616	48    	0.143833   	0.583021	-1        	1.01196 
617	48    	0.208402   	0.542711	-1        	0.977261
618	49    	0.213856   	0.620019	-1        	0.974824
619	44    	0.245441   	0.63147 	-1        	0.94556 
620	46    	0.249767   	0.555861	-1        	0.94556 
621	47    	0.439834   	0.450983	-1        	1.002   
622	47    	0.158084   	0.621491	-1        	0.94556 
623	48    	0.229512   	0.583124	-1        	0.97205 
624	45    	0.287898   	0.571841	-1        	0.973287
625	44    	0.395857   	0.534577	-1        	0.970795
626	44    	0.456897   	0.349021	-1        	0.970795
627	46    	0.327167   	0.521948	-1        	0.999518
628	46    	0.408374   	0.396345	-1        	1.0494  
629	46    	0.336495   	0.514245	-1        	0.999518
630	44    	0.145739   	0.62413 	-1        	0.999518
631	47    	0.272897   	0.568948	-1        	0.98985 
632	48    	0.388542   	0.479565	-1        	0.968234
633	43    	0.546672   	0.41882 	-1        	0.979223
634	40    	0.453232   	0.510785	-1        	0.968234
635	46    	0.366675   	0.479401	-1        	0.968234
636	47    	0.41742    	0.489234	-1        	0.991739
637	42    	0.462913   	0.566221	-1        	1.00237 
638	46    	0.447423   	0.514835	-1        	1.00237 
639	46    	0.348901   	0.515385	-1        	1.00237 
640	48    	0.432989   	0.384687	-1        	1.00237 
641	44    	0.281823   	0.619095	-1        	1.00237 
642	44    	0.362761   	0.519248	-1        	1.00237 
643	47    	0.327189   	0.551058	-1        	0.970356
644	49    	0.356254   	0.464128	-1        	0.970356
645	50    	0.307689   	0.492858	-1        	0.959758
646	48    	0.420894   	0.442227	-1        	0.971534
647	47    	0.34597    	0.501794	-1        	0.954323
648	48    	0.424248   	0.442753	-1        	1.01753 
649	44    	0.482585   	0.454302	-1        	1.03191 
650	48    	0.324463   	0.554553	-1        	0.985968
651	47    	0.460667   	0.475149	-1        	1.0305  
652	46    	0.356083   	0.444762	-1        	1.0305  
653	48    	0.310022   	0.556546	-1        	1.04779 
654	46    	0.271243   	0.582064	-1        	1.04779 
655	45    	0.478767   	0.431263	-1        	1.04779 
656	46    	0.362357   	0.547379	-1        	1.04779 
657	47    	0.442289   	0.458937	-1        	1.06715 
658	48    	0.338479   	0.472763	-1        	1.04886 
659	45    	0.339789   	0.425312	-1        	1.06181 
660	47    	0.336309   	0.351746	-1        	1.07474 
661	47    	0.331072   	0.408568	-1        	1.05481 
662	48    	0.275258   	0.437582	-1        	1.05235 
663	45    	0.360718   	0.479267	-1        	1.05235 
664	47    	0.258053   	0.521571	-1        	1.05235 
665	43    	0.325545   	0.529755	-1        	1.05235 
666	46    	0.397218   	0.344766	-1        	1.05235 
667	45    	0.241714   	0.474119	-1        	1.05235 
668	46    	0.379642   	0.229187	0.138375  	1.05235 
669	45    	0.445062   	0.414379	-1        	1.05235 
670	44    	0.391179   	0.354066	-1        	1.05235 
671	46    	0.268358   	0.447768	-1        	1.05235 
672	46    	0.364916   	0.397094	-1        	1.05481 
673	46    	0.258542   	0.450525	-1        	1.05481 
674	45    	0.230436   	0.537552	-1        	1.05481 
675	44    	0.24676    	0.534911	-1        	1.05235 
676	46    	0.312423   	0.415134	-1        	1.05235 
677	45    	0.30877    	0.464304	-1        	1.09767 
678	46    	0.420881   	0.265831	0.189533  	1.05944 
679	47    	0.207614   	0.558999	-1        	1.05944 
680	47    	0.141822   	0.556854	-1        	1.05944 
681	47    	0.114064   	0.510378	-1        	1.03038 
682	44    	0.374219   	0.438459	-1        	1.03038 
683	45    	0.404982   	0.41033 	-1        	1.03271 
684	43    	0.441028   	0.304777	0.148767  	1.04604 
685	46    	0.250858   	0.529554	-1        	1.04604 
686	45    	0.330573   	0.362869	-1        	1.04604 
687	47    	0.352988   	0.364341	-1        	1.04604 
688	47    	0.295875   	0.494039	-1        	1.04604 
689	47    	0.353125   	0.361441	-1        	1.037   
690	47    	0.299644   	0.537444	-1        	1.036   
691	49    	0.313266   	0.505648	-1        	1.02606 
692	48    	0.388546   	0.439701	-1        	1.06065 
693	48    	0.309709   	0.42681 	-1        	1.06376 
694	44    	0.249477   	0.539823	-1        	1.06376 
695	46    	0.298496   	0.468521	-1        	1.06376 
696	44    	0.253344   	0.545675	-1        	1.06376 
697	43    	0.382583   	0.518325	-1        	1.06376 
698	50    	0.29124    	0.408572	-1        	1.06376 
699	48    	0.238783   	0.517015	-1        	1.0357  
700	49    	0.216712   	0.44441 	-1        	1.0357  
701	40    	0.466277   	0.293012	0.132403  	1.06376 
702	43    	0.280583   	0.518217	-1        	1.06461 
703	45    	0.297242   	0.525454	-1        	1.06461 
704	47    	0.312941   	0.298142	-1        	1.06461 
705	44    	0.192546   	0.487715	-1        	1.06461 
706	46    	0.285364   	0.463965	-1        	1.06461 
707	46    	0.211127   	0.504056	-1        	1.06461 
708	44    	0.387027   	0.440328	-1        	1.06461 
709	48    	0.23357    	0.433586	-1        	1.06756 
710	45    	0.318258   	0.47805 	-1        	1.07443 
711	47    	0.231806   	0.575016	-1        	1.07443 
712	48    	0.294792   	0.465363	-1        	1.0714  
713	45    	0.289496   	0.559568	-1        	1.06461 
714	46    	0.272911   	0.551333	-1        	1.0755  
715	48    	0.363489   	0.318434	-1        	1.0755  
716	47    	0.179976   	0.596252	-1        	0.976683
717	48    	0.154083   	0.487948	-1        	0.866115
718	49    	0.268221   	0.540721	-1        	0.866115
719	45    	0.38089    	0.453737	-1        	0.924121
720	44    	0.398932   	0.514046	-1        	0.93475 
721	47    	0.341586   	0.466673	-1        	0.978515
722	49    	0.378367   	0.28964 	-1        	0.937155
723	44    	0.392986   	0.577215	-1        	0.976917
724	47    	0.413175   	0.40182 	-1        	0.976917
725	47    	0.149327   	0.539511	-1        	0.976917
726	39    	0.390394   	0.377783	-1        	0.94359 
727	43    	0.41831    	0.405738	-1        	0.984904
728	42    	0.461663   	0.412281	-1        	0.975295
729	46    	0.398003   	0.501317	-1        	0.981626
730	48    	0.273959   	0.540023	-1        	1.01264 
731	43    	0.512592   	0.307918	0.14856   	1.01661 
732	48    	0.503933   	0.35008 	-1        	1.00198 
733	43    	0.415385   	0.390228	-1        	1.0151  
734	47    	0.355314   	0.525231	-1        	1.03058 
735	46    	0.262528   	0.526441	-1        	1.03058 
736	45    	0.376468   	0.432109	-1        	1.03058 
737	46    	0.402417   	0.451027	-1        	1.03058 
738	43    	0.451916   	0.422176	-1        	1.06228 
739	47    	0.382852   	0.385052	-1        	1.0319  
740	48    	0.304566   	0.454539	-1        	1.02113 
741	48    	0.385733   	0.438696	-1        	0.986738
742	45    	0.368034   	0.43196 	-1        	0.986738
743	45    	0.241213   	0.550076	-1        	0.986738
744	49    	0.255109   	0.521145	-1        	1.0319  
745	46    	0.303875   	0.502999	-1        	1.0319  
746	46    	0.374236   	0.431369	-1        	1.0319  
747	46    	0.336158   	0.526212	-1        	1.0319  
748	45    	0.246243   	0.56954 	-1        	1.0319  
749	48    	0.327192   	0.414282	-1        	1.0319  
750	45    	0.418338   	0.323642	-1        	1.0319  
751	44    	0.417083   	0.340598	-1        	1.0319  
752	49    	0.287314   	0.389589	-1        	1.0319  
753	46    	0.305295   	0.403634	-1        	1.0319  
754	47    	0.322685   	0.404193	-1        	1.0319  
755	44    	0.466723   	0.278423	0.139141  	1.0319  
756	46    	0.380453   	0.44018 	-1        	1.0319  
757	48    	0.385311   	0.321947	-1        	1.0319  
758	47    	0.427235   	0.324229	-1        	1.0319  
759	46    	0.462594   	0.425573	-1        	1.05538 
760	45    	0.284349   	0.578277	-1        	1.0319  
761	48    	0.352138   	0.358982	-1        	1.03111 
762	48    	0.434575   	0.324361	-1        	1.03009 
763	48    	0.21814    	0.491884	-1        	1.03009 
764	48    	0.354594   	0.354775	-1        	0.92479 
765	45    	0.306594   	0.446314	-1        	0.935138
766	45    	0.370983   	0.420722	-1        	0.935138
767	48    	0.318315   	0.405098	-1        	0.97153 
768	47    	0.318116   	0.394995	-1        	0.971183
769	45    	0.432653   	0.369875	-1        	0.971183
770	48    	0.387346   	0.419743	-1        	0.975311
771	48    	0.410573   	0.372803	-1        	0.977483
772	48    	0.407485   	0.365371	-1        	0.977483
773	42    	0.404736   	0.425117	-1        	1.01509 
774	43    	0.472865   	0.406835	-1        	1.00665 
775	47    	0.380131   	0.297548	-1        	1.00665 
776	45    	0.343217   	0.460563	-1        	1.00665 
777	47    	0.304434   	0.448018	-1        	1.00665 
778	47    	0.317141   	0.455879	-1        	1.00665 
779	49    	0.236456   	0.500674	-1        	1.01393 
780	47    	0.278436   	0.411057	-1        	1.01393 
781	48    	0.270749   	0.504156	-1        	0.975157
782	46    	0.377011   	0.455771	-1        	0.975157
783	44    	0.425767   	0.378792	-1        	0.975157
784	47    	0.380728   	0.473577	-1        	0.978198
785	45    	0.368925   	0.47874 	-1        	0.978198
786	49    	0.255128   	0.466804	-1        	0.990798
787	43    	0.251462   	0.59176 	-1        	1.00856 
788	46    	0.46812    	0.339264	-1        	1.01466 
789	46    	0.337199   	0.355169	-1        	1.00856 
790	48    	0.326723   	0.393641	-1        	0.990798
791	47    	0.167822   	0.541692	-1        	0.990798
792	47    	0.369272   	0.172705	0.135943  	1.00856 
793	49    	0.317126   	0.325807	-1        	1.01746 
794	43    	0.416515   	0.318459	-1        	1.01746 
795	48    	0.238698   	0.461518	-1        	1.01746 
796	47    	0.204622   	0.527415	-1        	1.01746 
797	45    	0.325949   	0.344723	-1        	1.01746 
798	46    	0.327497   	0.451179	-1        	1.01746 
799	46    	0.357197   	0.429524	-1        	1.01746 
800	45    	0.263461   	0.439794	-1        	1.01746 
801	46    	0.285167   	0.458142	-1        	1.01746 
802	47    	0.327033   	0.373245	-1        	1.01746 
803	46    	0.336169   	0.284705	-1        	1.00856 
804	48    	0.31982    	0.380956	-1        	1.00856 
805	47    	0.418884   	0.418121	-1        	1.01466 
806	46    	0.5001     	0.339972	-1        	1.01466 
807	46    	0.480681   	0.411167	-1        	1.02121 
808	44    	0.496311   	0.347689	-1        	1.01466 
809	47    	0.455797   	0.339408	-1        	1.00984 
810	47    	0.437287   	0.313478	-1        	1.00984 
811	46    	0.402941   	0.309367	-1        	1.01983 
812	46    	0.274656   	0.479569	-1        	1.00984 
813	42    	0.404713   	0.394313	-1        	1.00973 
814	48    	0.402746   	0.223974	0.189663  	1.00898 
815	47    	0.387998   	0.273604	-1        	1.00898 
816	45    	0.343116   	0.465026	-1        	1.01466 
817	49    	0.314579   	0.446916	-1        	1.01466 
818	44    	0.497464   	0.261688	0.178874  	1.01466 
819	43    	0.36905    	0.526573	-1        	1.01466 
820	44    	0.402284   	0.496406	-1        	1.00898 
821	46    	0.382566   	0.311338	-1        	1.01466 
822	47    	0.330299   	0.458917	-1        	1.01466 
823	48    	0.368945   	0.472914	-1        	1.01191 
824	48    	0.329204   	0.360745	-1        	1.01191 
825	46    	0.217537   	0.53724 	-1        	1.01191 
826	46    	0.408789   	0.499258	-1        	1.01191 
827	45    	0.404578   	0.391882	-1        	1.01228 
828	48    	0.280793   	0.474059	-1        	1.01729 
829	49    	0.290195   	0.354188	-1        	0.931061
830	46    	0.221118   	0.473388	-1        	0.931061
831	48    	0.167584   	0.529374	-1        	0.905773
832	48    	0.292657   	0.339718	-1        	0.652332
833	47    	0.360534   	0.304522	-1        	0.715787
834	46    	0.274797   	0.445267	-1        	0.715787
835	47    	0.387503   	0.322968	-1        	0.762966
836	47    	0.239843   	0.48199 	-1        	0.760136
837	47    	0.393615   	0.317498	-1        	0.760136
838	45    	0.354744   	0.374704	-1        	0.760136
839	45    	0.346499   	0.422667	-1        	0.766202
840	41    	0.359527   	0.442259	-1        	0.772648
841	46    	0.293503   	0.35009 	-1        	0.772648
842	46    	0.260828   	0.444593	-1        	0.772648
843	46    	0.295985   	0.407278	-1        	0.772648
844	46    	0.408483   	0.157918	-0.02     	0.824759
845	48    	0.301667   	0.354684	-1        	0.772648
846	44    	0.387443   	0.251184	-1        	0.772648
847	46    	0.370448   	0.250484	-1        	0.825362
848	41    	0.401386   	0.330462	-1        	0.846321
849	48    	0.216503   	0.513841	-1        	0.825362
850	47    	0.242796   	0.439154	-1        	0.846597
851	48    	0.407471   	0.266046	-1        	0.878671
852	43    	0.443721   	0.209016	-0.0171429	0.827269
853	49    	0.143548   	0.513056	-1        	0.790843
854	44    	0.177879   	0.530968	-1        	0.807937
855	50    	0.189847   	0.491298	-1        	0.772277
856	48    	0.340214   	0.354119	-1        	0.719897
857	45    	0.140171   	0.619492	-1        	0.735262
858	45    	0.399953   	0.389238	-1        	0.722655
859	48    	0.153372   	0.664751	-1        	0.727944
860	44    	0.142662   	0.660348	-1        	0.771175
861	45    	0.0188921  	0.685304	-1        	0.756234
862	47    	0.0701727  	0.719055	-1        	0.800343
863	49    	0.143396   	0.561989	-1        	0.78668 
864	48    	0.242252   	0.534855	-1        	0.819017
865	47    	0.37954    	0.403635	-1        	0.800621
866	46    	0.151716   	0.573897	-1        	0.803708
867	46    	0.313425   	0.388941	-1        	0.800621
868	50    	0.242905   	0.493908	-1        	0.804304
869	50    	0.250692   	0.498579	-1        	0.799134
870	45    	0.280528   	0.469299	-1        	0.819333
871	46    	0.283539   	0.551298	-1        	0.796227
872	46    	0.132151   	0.665609	-1        	0.808509
873	47    	0.219758   	0.566483	-1        	0.81405 
874	47    	0.322876   	0.437835	-1        	0.814027
875	47    	0.171938   	0.582975	-1        	0.846816
876	46    	0.443594   	0.235506	0.147394  	0.865463
877	48    	0.271879   	0.517241	-1        	0.865463
878	45    	0.408166   	0.366226	-1        	0.85178 
879	46    	0.493647   	0.304967	-1        	0.843768
880	44    	0.357152   	0.411003	-1        	0.826143
881	45    	0.284529   	0.474485	-1        	0.850885
882	49    	0.35073    	0.544941	-1        	0.841909
883	46    	0.371798   	0.413024	-1        	0.850885
884	48    	0.268375   	0.471966	-1        	0.874138
885	48    	0.315073   	0.385756	-1        	0.831695
886	49    	0.342139   	0.338381	-1        	0.846322
887	46    	0.338209   	0.394461	-1        	0.837981
888	46    	0.403491   	0.360622	-1        	0.846322
889	48    	0.416842   	0.373415	-1        	0.892455
890	47    	0.366376   	0.361239	-1        	0.856633
891	48    	0.193287   	0.471164	-1        	0.856633
892	46    	0.286787   	0.421011	-1        	0.854075
893	47    	0.264713   	0.415884	-1        	0.854075
894	46    	0.326237   	0.32137 	-1        	0.854075
895	45    	0.259958   	0.482037	-1        	0.773976
896	45    	0.163498   	0.602441	-1        	0.854794
897	49    	0.295101   	0.512279	-1        	0.83716 
898	46    	0.175662   	0.614114	-1        	0.83513 
899	49    	0.274436   	0.49499 	-1        	0.83513 
900	45    	0.33541    	0.476005	-1        	0.83513 
901	45    	0.342272   	0.527992	-1        	0.83513 
902	45    	0.263049   	0.580875	-1        	0.836166
903	44    	0.409305   	0.399002	-1        	0.836166
904	46    	0.342319   	0.444673	-1        	0.867976
905	50    	0.255029   	0.586236	-1        	0.840826
906	46    	0.31915    	0.524393	-1        	0.867976
907	46    	0.40283    	0.348783	-1        	0.873223
908	45    	0.178394   	0.658825	-1        	0.921407
909	42    	0.521691   	0.336948	-1        	0.921407
910	38    	0.558114   	0.342223	-1        	0.937174
911	50    	0.326086   	0.548279	-1        	0.939752
912	47    	0.238832   	0.588704	-1        	0.936528
913	48    	0.369016   	0.518475	-1        	0.946497
914	46    	0.0198954  	0.70012 	-1        	0.890725
915	48    	0.110096   	0.660682	-1        	0.939752
916	49    	0.22645    	0.531947	-1        	0.888992
917	46    	0.175405   	0.619239	-1        	0.888992
918	47    	0.195084   	0.588812	-1        	0.888992
919	45    	0.339919   	0.478489	-1        	0.888992
920	46    	0.0485704  	0.677533	-1        	0.826645
921	45    	0.226996   	0.529625	-1        	0.897366
922	48    	0.126262   	0.591427	-1        	0.85933 
923	44    	0.315096   	0.530181	-1        	0.859437
924	45    	0.396901   	0.415383	-1        	0.85933 
925	47    	0.256243   	0.547909	-1        	0.85933 
926	44    	0.313557   	0.528076	-1        	0.85933 
927	44    	0.42178    	0.416079	-1        	0.869065
928	45    	0.278316   	0.518611	-1        	0.85798 
929	43    	0.430987   	0.474773	-1        	0.889139
930	50    	0.253448   	0.588107	-1        	0.855262
931	48    	0.185453   	0.664995	-1        	0.89164 
932	48    	0.406096   	0.419523	-1        	0.908331
933	44    	0.312387   	0.570339	-1        	0.905474
934	49    	0.11814    	0.627192	-1        	0.881733
935	47    	0.455322   	0.306045	-1        	0.850709
936	48    	0.466383   	0.5326  	-1        	0.920216
937	44    	0.309202   	0.573581	-1        	0.912234
938	46    	0.426025   	0.372869	-1        	0.914531
939	45    	0.220584   	0.569152	-1        	0.914531
940	44    	0.299738   	0.575217	-1        	0.914531
941	45    	0.444773   	0.373695	-1        	0.914531
942	47    	0.40288    	0.35799 	-1        	0.876942
943	47    	0.394147   	0.469087	-1        	0.873324
944	46    	0.532037   	0.233545	0.222579  	0.900798
945	48    	0.349143   	0.451593	-1        	0.900798
946	45    	0.395571   	0.413503	-1        	0.922461
947	48    	0.322139   	0.565591	-1        	0.901955
948	45    	0.313532   	0.640562	-1        	0.863209
949	48    	0.376937   	0.49496 	-1        	0.867004
950	46    	0.34353    	0.570415	-1        	0.877107
951	48    	0.323785   	0.47716 	-1        	0.867255
952	46    	0.48904    	0.372474	-1        	0.884261
953	42    	0.585668   	0.324653	-1        	0.962997
954	43    	0.525587   	0.461624	-1        	0.962997
955	50    	0.401093   	0.42715 	-1        	0.9343  
956	42    	0.430161   	0.573065	-1        	0.9343  
957	46    	0.330017   	0.590728	-1        	0.960388
958	47    	0.252999   	0.634512	-1        	0.960388
959	47    	0.266371   	0.6164  	-1        	0.971826
960	43    	0.336675   	0.55696 	-1        	0.971826
961	47    	0.165121   	0.629497	-1        	0.972079
962	48    	0.308828   	0.482924	-1        	0.971826
963	44    	0.29948    	0.648551	-1        	1.00738 
964	44    	0.401032   	0.492161	-1        	1.00738 
965	47    	0.388626   	0.531261	-1        	1.00738 
966	45    	0.396111   	0.494477	-1        	1.00738 
967	44    	0.333248   	0.511763	-1        	1.00738 
968	46    	0.37535    	0.410941	-1        	1.00738 
969	43    	0.349293   	0.506383	-1        	0.950777
970	47    	0.270439   	0.641621	-1        	0.950777
971	47    	0.398197   	0.541892	-1        	1.00738 
972	48    	0.288637   	0.439156	-1        	1.01377 
973	47    	0.374922   	0.316086	-1        	1.03134 
974	44    	0.380008   	0.436425	-1        	1.03134 
975	48    	0.378984   	0.539891	-1        	1.03134 
976	45    	0.428533   	0.419241	-1        	1.01427 
977	47    	0.460803   	0.372556	-1        	1.01427 
978	49    	0.325255   	0.513001	-1        	0.992539
979	42    	0.357524   	0.529874	-1        	0.992539
980	46    	0.466293   	0.410737	-1        	0.992539
981	46    	0.40959    	0.406814	-1        	0.992539
982	47    	0.367373   	0.477045	-1        	0.992539
983	46    	0.405677   	0.390427	-1        	0.992539
984	47    	0.35242    	0.427265	-1        	0.95173 
985	44    	0.341865   	0.518132	-1        	0.996065
986	47    	0.319434   	0.495854	-1        	0.95173 
987	47    	0.401551   	0.430206	-1        	0.906555
988	49    	0.220268   	0.609768	-1        	0.919574
989	48    	0.355397   	0.403855	-1        	0.882639
990	47    	0.407952   	0.42009 	-1        	0.910979
991	44    	0.286995   	0.529734	-1        	0.882639
992	49    	0.245456   	0.544499	-1        	0.993573
993	48    	0.381661   	0.471659	-1        	0.993573
994	46    	0.343386   	0.414329	-1        	0.993573
995	46    	0.302461   	0.533695	-1        	0.973028
996	48    	0.340565   	0.455716	-1        	0.927609
997	46    	0.240886   	0.588266	-1        	0.883372
998	46    	0.276915   	0.525495	-1        	0.883372
999	46    	0.431574   	0.437383	-1        	0.879537
1000	47    	0.467539   	0.384312	-1        	0.916678
Best individuals:
(1.2161981743105665,) 	-->	 /*9*/LRLRUUUBFDDDFLBBRFLUUUFDDDBBLRUUUUUDDDDUD
VMNeuronManager.autoload: Neuro classes added: Delay Light Nn PIDP PIDV SeeLight SeeLight2 S0 S1 Thr 
UserScripts.autoload: 19 user scripts added.
Simulator.load: Loading from 'eval-allcriteria.sim'
Loader.load: Comments read from file follow:
Loader.load:  Sample settings for evaluating many criteria of performance of a Framsticks creature.
Loader.load:  See the "evalcount" parameter if you want to speed the evaluation up or have a more stable result.
Loader.load:  Other important parameters are "Energy0" and "perfperiod".
Loader.load:  Put this file in the "data" subdirectory within the Framsticks distribution.
Simulator.load: Settings loaded from 'eval-allcriteria.sim'
Simulator.load: Loading from 'deterministic.sim'
Loader.load: Comments read from file follow:
Loader.load:  Parameter values that make the evaluation of a Framsticks creature deterministic.
Loader.load:  The values turn off random noise, so evaluation of the same genotype will always yield the same performance.
Loader.load:  The advantage is that you do not need to evaluate a genotype many times, and performance values are reliable.
Loader.load:  The disadvantage is that evolved creatures are "overfitting", i.e. rely entirely on the specific environment,
Loader.load:  and their behavior may be different in any other environment or (even slightly) changed conditions or parameter values,
Loader.load:  so each creature evolved using these settings must be later inspected using exactly the same setup.
Loader.load: 
Loader.load:  Before loading this file, load base settings, e.g. "eval-allcriteria.sim".
Loader.load:  Put this file in the "data" subdirectory within the Framsticks distribution.
Simulator.load: Settings loaded from 'deterministic.sim'
Simulator.load: Loading from 'sample-period-2.sim'
Loader.load: Comments read from file follow:
Loader.load:  Very low "performance sampling period" in the first population to sample performance very often during lifespan
Loader.load:  and avoid overlooking some behavior. Averaged performance of sampled values is returned as the final value.
Loader.load:  See http://www.framsticks.com/a/al_params.html#exper-perfcalc
Loader.load: 
Loader.load:  Before loading this file, load base settings, e.g. "eval-allcriteria.sim".
Loader.load:  Put this file in the "data" subdirectory within the Framsticks distribution.
Simulator.load: Loading from 'f9-mut-0.sim'
Simulator.load: Settings loaded from 'f9-mut-0.sim'
