gen	nevals	avg     	stddev	min     	max     
0  	50    	0.218369	0     	0.218369	0.218369
1  	46    	0.046746	0.0945834	-0.016  	0.235269
2  	46    	0.0598052	0.103706 	-0.02   	0.341718
3  	47    	0.059023 	0.0990151	-0.02   	0.297863
4  	48    	0.141506 	0.117908 	-0.02   	0.401158
5  	44    	0.224096 	0.122479 	-0.02   	0.418299
6  	47    	0.20646  	0.139564 	-0.02   	0.654898
7  	46    	0.199688 	0.133429 	-0.0171429	0.507832
8  	46    	0.195224 	0.139628 	-0.0175   	0.560404
9  	49    	0.185023 	0.139422 	-0.02     	0.61491 
10 	49    	0.207117 	0.148933 	-0.0177778	0.693521
11 	47    	0.244975 	0.13033  	-0.018    	0.693521
12 	45    	0.24483  	0.13589  	-0.0159999	0.706046
13 	47    	0.230399 	0.151316 	-0.0166667	0.706046
14 	42    	0.216589 	0.181816 	-0.0179999	0.706046
15 	46    	0.191421 	0.144659 	-0.02     	0.706046
16 	47    	0.181792 	0.151227 	-0.02     	0.706046
17 	44    	0.237077 	0.13977  	-0.0174999	0.706046
18 	46    	0.169208 	0.166422 	-0.0171429	0.706046
19 	45    	0.189707 	0.177077 	-0.0166667	0.706046
20 	45    	0.197163 	0.182384 	-0.0171429	0.706046
21 	46    	0.251762 	0.17544  	-0.0171429	0.706046
22 	44    	0.225572 	0.199435 	-0.02     	0.702821
23 	48    	0.202021 	0.186807 	-0.0175   	0.693487
24 	46    	0.200778 	0.190872 	-0.02     	0.621232
25 	49    	0.183774 	0.169861 	-0.0166667	0.596795
26 	47    	0.194537 	0.144852 	-0.0171429	0.596795
27 	47    	0.184435 	0.149727 	-0.0171428	0.58318 
28 	48    	0.160603 	0.132847 	-0.0171429	0.540854
29 	50    	0.159611 	0.12083  	-0.02     	0.356664
30 	45    	0.202869 	0.123442 	-0.02     	0.471725
31 	44    	0.213523 	0.130488 	-0.02     	0.473834
32 	46    	0.249046 	0.102719 	-0.0171429	0.471725
33 	45    	0.262738 	0.109772 	-0.02     	0.47994 
34 	48    	0.273935 	0.0993281	-0.01     	0.557952
35 	45    	0.272219 	0.110971 	-0.0150001	0.536092
36 	44    	0.284483 	0.132526 	-0.0166667	0.615584
37 	46    	0.251413 	0.14599  	-0.02     	0.681783
38 	45    	0.285087 	0.154266 	-0.018    	0.681783
39 	48    	0.254174 	0.217484 	-1        	0.580373
40 	46    	0.24156  	0.218746 	-1        	0.536092
41 	40    	0.260917 	0.225959 	-1        	0.536092
42 	43    	0.266979 	0.165074 	-0.02     	0.619915
43 	43    	0.258193 	0.133118 	-0.0181818	0.592887
44 	47    	0.264368 	0.135052 	-0.02     	0.745358
45 	47    	0.261503 	0.136497 	-0.0171429	0.745358
46 	48    	0.257037 	0.133875 	-0.0166667	0.55927 
47 	47    	0.225151 	0.149855 	-0.02     	0.581425
48 	47    	0.285654 	0.133065 	-0.0171428	0.581425
49 	47    	0.264234 	0.121465 	0.0475064 	0.581425
50 	48    	0.267392 	0.154274 	-0.02     	0.69465 
51 	47    	0.257879 	0.136158 	-0.016    	0.69465 
52 	47    	0.273307 	0.144261 	-0.02     	0.69465 
53 	47    	0.313656 	0.14596  	-0.016    	0.69465 
54 	43    	0.313132 	0.15608  	-0.0133332	0.69465 
55 	47    	0.206866 	0.153287 	-0.02     	0.623674
56 	48    	0.242696 	0.12653  	-0.0181818	0.581188
57 	48    	0.202642 	0.128866 	-0.0175   	0.434475
58 	42    	0.287793 	0.102387 	-0.0177778	0.509567
59 	48    	0.262503 	0.095641 	-0.015    	0.469594
60 	46    	0.270195 	0.104199 	0.0642458 	0.469594
61 	46    	0.277863 	0.102605 	-0.02     	0.47805 
62 	42    	0.28803  	0.106667 	-0.0133334	0.49485 
63 	43    	0.273032 	0.209567 	-1        	0.481428
64 	46    	0.241968 	0.26709  	-1        	0.47805 
65 	47    	0.284107 	0.205894 	-1        	0.498204
66 	46    	0.255563 	0.199944 	-1        	0.498204
67 	44    	0.298285 	0.10147  	0.12036   	0.498204
68 	46    	0.294814 	0.0977084	0.049842  	0.498204
69 	45    	0.27496  	0.10792  	-0.015    	0.471349
70 	44    	0.300686 	0.0854021	0.142774  	0.471349
71 	48    	0.284083 	0.0895306	0.0542815 	0.471349
72 	48    	0.231963 	0.265893 	-1        	0.465819
73 	39    	0.271143 	0.275914 	-1        	0.58318 
74 	45    	0.234984 	0.275063 	-1        	0.58318 
75 	48    	0.247484 	0.123366 	-0.0200001	0.515876
76 	42    	0.17491  	0.365163 	-1        	0.456352
77 	49    	0.250726 	0.131632 	-0.0171427	0.576083
78 	46    	0.256008 	0.275252 	-1        	0.576083
79 	44    	0.195538 	0.326325 	-1        	0.576083
80 	47    	0.222254 	0.279372 	-1        	0.576083
81 	44    	0.246112 	0.225333 	-1        	0.576083
82 	48    	0.222089 	0.114382 	-0.02     	0.478101
83 	45    	0.211957 	0.275448 	-1        	0.478101
84 	46    	0.268666 	0.100996 	-0.0166647	0.447237
85 	47    	0.225598 	0.271082 	-1        	0.544605
86 	45    	0.253203 	0.199295 	-1        	0.453943
87 	46    	0.266163 	0.224921 	-1        	0.591435
88 	45    	0.246856 	0.12391  	-0.018    	0.51272 
89 	47    	0.274499 	0.096731 	-0.0181818	0.51272 
90 	45    	0.245537 	0.109986 	-0.02     	0.533675
91 	44    	0.257093 	0.129338 	-0.02     	0.604061
92 	46    	0.26145  	0.110651 	-0.016    	0.488064
93 	42    	0.324338 	0.0912284	0.138511  	0.488064
94 	46    	0.27762  	0.100173 	0.0596512 	0.482012
95 	45    	0.27767  	0.129628 	-0.0166667	0.581669
96 	46    	0.298533 	0.110002 	0.0370323 	0.557717
97 	44    	0.28003  	0.0985676	0.0595144 	0.49304 
98 	48    	0.231672 	0.272319 	-1        	0.586781
99 	45    	0.305975 	0.0860215	0.133645  	0.480643
100	46    	0.265318 	0.200566 	-1        	0.468013
101	43    	0.256436 	0.272701 	-1        	0.518959
102	42    	0.281385 	0.212985 	-1        	0.524441
103	43    	0.22808  	0.376625 	-1        	0.524441
104	46    	0.203721 	0.36961  	-1        	0.578485
105	46    	0.215933 	0.373239 	-1        	0.578485
106	44    	0.30401  	0.212603 	-1        	0.578485
107	47    	0.273861 	0.205792 	-1        	0.578485
108	46    	0.268942 	0.206821 	-1        	0.578485
109	47    	0.281795 	0.199573 	-1        	0.484653
110	45    	0.227413 	0.322927 	-1        	0.495706
111	45    	0.295451 	0.101048 	0.0519807 	0.495706
112	45    	0.285774 	0.201847 	-1        	0.495706
113	47    	0.165782 	0.394647 	-1        	0.430007
114	46    	0.118363 	0.455952 	-1        	0.430007
115	40    	0.220385 	0.316713 	-1        	0.430007
116	45    	0.163267 	0.396733 	-1        	0.430007
117	44    	0.189942 	0.406799 	-1        	0.519378
118	48    	0.0917555	0.483703 	-1        	0.478479
119	46    	0.185941 	0.363594 	-1        	0.478479
120	48    	0.228724 	0.320539 	-1        	0.504798
121	47    	0.237439 	0.3242   	-1        	0.46911 
122	47    	0.206634 	0.411194 	-1        	0.529521
123	45    	0.262428 	0.27211  	-1        	0.484899
124	45    	0.251101 	0.271453 	-1        	0.484899
125	47    	0.313793 	0.0765466	0.163125  	0.484899
126	46    	0.257128 	0.327075 	-1        	0.516924
127	47    	0.257687 	0.326069 	-1        	0.497028
128	46    	0.133999 	0.393433 	-1        	0.497028
129	47    	0.168883 	0.403418 	-1        	0.56566 
130	45    	0.22628  	0.32505  	-1        	0.56566 
131	45    	0.264326 	0.273643 	-1        	0.522735
132	46    	0.211926 	0.375023 	-1        	0.531675
133	49    	0.260582 	0.192755 	-1        	0.485956
134	45    	0.295317 	0.0910778	-0.0133333	0.492271
135	46    	0.267476 	0.098854 	-0.0133333	0.462166
136	48    	0.190133 	0.362083 	-1        	0.487141
137	46    	0.133078 	0.427825 	-1        	0.540659
138	47    	0.26867  	0.210967 	-1        	0.540659
139	46    	0.222231 	0.368624 	-1        	0.492225
140	48    	0.127727 	0.464035 	-1        	0.543064
141	47    	0.195657 	0.365902 	-1        	0.514126
142	43    	0.315999 	0.0993182	0.0689357 	0.49599 
143	47    	0.271105 	0.201874 	-1        	0.500373
144	43    	0.311287 	0.112425 	-0.0175   	0.59004 
145	50    	0.263105 	0.194149 	-1        	0.462695
146	47    	0.291767 	0.0710988	0.124178  	0.462695
147	47    	0.283572 	0.0907936	-0.0171429	0.462695
148	43    	0.227555 	0.267297 	-1        	0.51336 
149	46    	0.251935 	0.268715 	-1        	0.46031 
150	45    	0.2271   	0.323619 	-1        	0.475335
151	45    	0.250044 	0.270345 	-1        	0.525469
152	44    	0.249028 	0.32478  	-1        	0.525469
153	44    	0.236056 	0.322701 	-1        	0.525469
154	46    	0.250761 	0.325635 	-1        	0.565678
155	45    	0.202171 	0.369858 	-1        	0.47594 
156	47    	0.192438 	0.358962 	-1        	0.47594 
157	43    	0.29484  	0.207038 	-1        	0.624638
158	45    	0.257404 	0.27166  	-1        	0.47594 
159	48    	0.25741  	0.200325 	-1        	0.484061
160	47    	0.290416 	0.208445 	-1        	0.689695
161	47    	0.130493 	0.470411 	-1        	0.689695
162	49    	0.0363563	0.556436 	-1        	0.611825
163	42    	0.0769337	0.545222 	-1        	0.611825
164	45    	0.0797532	0.515929 	-1        	0.611825
165	45    	0.134898 	0.465587 	-1        	0.611825
166	46    	0.0783862	0.50975  	-1        	0.467701
167	44    	0.153839 	0.470146 	-1        	0.491432
168	47    	0.108809 	0.491201 	-1        	0.491432
169	47    	0.135874 	0.466    	-1        	0.581808
170	47    	0.210607 	0.36669  	-1        	0.491432
171	45    	0.184818 	0.403075 	-1        	0.491432
172	48    	0.0440456	0.529101 	-1        	0.491432
173	47    	0.102705 	0.488624 	-1        	0.507327
174	46    	0.122007 	0.494481 	-1        	0.492372
175	43    	0.116587 	0.496287 	-1        	0.492372
176	48    	0.2164   	0.365237 	-1        	0.492372
177	43    	0.240745 	0.330895 	-1        	0.497269
178	43    	0.161252 	0.478234 	-1        	0.529886
179	47    	0.188392 	0.405134 	-1        	0.497269
180	47    	0.11952  	0.455459 	-1        	0.429415
181	45    	0.20571  	0.317624 	-1        	0.508621
182	46    	0.260614 	0.201722 	-1        	0.508621
183	47    	0.246471 	0.267935 	-1        	0.456874
184	47    	0.0924534	0.481661 	-1        	0.456874
185	46    	0.143424 	0.467428 	-1        	0.49546 
186	46    	-0.00596676	0.594396 	-1        	0.518749
187	48    	0.0430658  	0.56238  	-1        	0.688635
188	46    	-0.0887659 	0.628942 	-1        	0.491045
189	47    	-0.251926  	0.665547 	-1        	0.463171
190	47    	-0.103468  	0.619251 	-1        	0.477171
191	46    	-0.0268139 	0.581507 	-1        	0.477171
192	44    	0.17148    	0.443963 	-1        	0.641299
193	41    	0.0514588  	0.566045 	-1        	0.641299
194	44    	-0.205169  	0.680163 	-1        	0.641299
195	50    	-0.138509  	0.622793 	-1        	0.454779
196	47    	-0.114662  	0.610169 	-1        	0.454779
197	42    	-0.0747321 	0.611017 	-1        	0.495794
198	47    	-0.152888  	0.638771 	-1        	0.495794
199	43    	0.0215222  	0.579055 	-1        	0.594245
200	45    	0.10947    	0.492459 	-1        	0.594245
201	47    	0.137195   	0.465924 	-1        	0.483967
202	45    	0.0739807  	0.54228  	-1        	0.53103 
203	47    	0.0073747  	0.569804 	-1        	0.53103 
204	49    	-0.0191766 	0.556175 	-1        	0.464888
205	48    	-0.0050612 	0.562924 	-1        	0.469083
206	45    	-0.183497  	0.642762 	-1        	0.469083
207	47    	-0.281957  	0.640098 	-1        	0.396133
208	47    	0.0467971  	0.527817 	-1        	0.486053
209	46    	0.129374   	0.464045 	-1        	0.514901
210	45    	0.190395   	0.408019 	-1        	0.670218
211	43    	0.277466   	0.282003 	-1        	0.698668
212	47    	0.224025   	0.327714 	-1        	0.698668
213	49    	0.213779   	0.317088 	-1        	0.484686
214	43    	0.201409   	0.364241 	-1        	0.50272 
215	45    	0.253802   	0.268116 	-1        	0.484686
216	48    	0.115948   	0.456163 	-1        	0.440312
217	47    	-0.233158  	0.655412 	-1        	0.490295
218	48    	-0.221515  	0.665004 	-1        	0.485643
219	47    	-0.169131  	0.652055 	-1        	0.434542
220	47    	-0.133079  	0.626129 	-1        	0.457811
221	48    	-0.0053261 	0.565498 	-1        	0.457811
222	47    	-0.0230861 	0.583682 	-1        	0.497905
223	45    	0.118872   	0.496937 	-1        	0.497905
224	41    	0.133256   	0.5027   	-1        	0.520731
225	45    	0.118361   	0.497384 	-1        	0.520731
226	48    	0.148267   	0.43123  	-1        	0.520731
227	46    	0.00202808 	0.569394 	-1        	0.520731
228	48    	0.0927201  	0.485137 	-1        	0.497905
229	47    	0.174074   	0.401545 	-1        	0.479688
230	44    	0.189685   	0.403493 	-1        	0.479688
231	47    	0.161929   	0.436731 	-1        	0.599465
232	45    	0.185517   	0.40488  	-1        	0.599465
233	48    	0.235588   	0.329099 	-1        	0.599465
234	49    	0.236673   	0.263305 	-1        	0.479379
235	47    	0.277196   	0.275459 	-1        	0.586101
236	48    	0.181812   	0.355957 	-1        	0.483617
237	44    	0.19799    	0.362079 	-1        	0.483617
238	48    	0.247617   	0.323327 	-1        	0.484879
239	47    	0.235692   	0.323936 	-1        	0.486522
240	44    	0.267592   	0.273009 	-1        	0.516365
241	42    	0.166205   	0.442811 	-1        	0.516365
242	48    	0.164      	0.437037 	-1        	0.518263
243	48    	0.198142   	0.363866 	-1        	0.494239
244	47    	0.245776   	0.326858 	-1        	0.575391
245	42    	0.16751    	0.441439 	-1        	0.575391
246	46    	0.18882    	0.366789 	-1        	0.575391
247	45    	0.287433   	0.216153 	-1        	0.575391
248	45    	0.285341   	0.211162 	-1        	0.575391
249	46    	0.276444   	0.0921714	0.0670922 	0.575391
250	39    	0.288453   	0.221266 	-1        	0.575391
251	49    	0.240973   	0.105932 	-0.0166667	0.464927
252	43    	0.251889   	0.12045  	-0.02     	0.464927
253	45    	0.237905   	0.105747 	-0.0149999	0.464927
254	45    	0.284215   	0.118817 	-0.0133333	0.537851
255	45    	0.290613   	0.133224 	-0.015    	0.594085
256	45    	0.281108   	0.106753 	0.0873964 	0.495373
257	46    	0.246042   	0.106137 	-0.0177778	0.495373
258	44    	0.269659   	0.117887 	-0.0175   	0.495373
259	46    	0.255213   	0.121816 	-0.02     	0.521138
260	45    	0.231721   	0.144129 	-0.02     	0.534907
261	49    	0.259328   	0.123983 	-0.0171429	0.560074
262	46    	0.263685   	0.129716 	-0.02     	0.556627
263	46    	0.251446   	0.211865 	-1        	0.565817
264	46    	0.273907   	0.107467 	0.053565  	0.556627
265	46    	0.319907   	0.121372 	-0.0150002	0.645807
266	47    	0.314758   	0.108613 	0.119286  	0.606242
267	45    	0.203232   	0.317246 	-1        	0.52847 
268	41    	0.295292   	0.213222 	-1        	0.52847 
269	47    	0.276698   	0.115672 	0.0416257 	0.551275
270	47    	0.302703   	0.117317 	-0.0166668	0.61411 
271	43    	0.279171   	0.214429 	-1        	0.551275
272	41    	0.315656   	0.129962 	0.0608282 	0.551275
273	45    	0.30955    	0.113289 	0.0635328 	0.551275
274	47    	0.298782   	0.102844 	0.0938178 	0.508312
275	44    	0.298817   	0.119742 	-0.0133333	0.526535
276	44    	0.309729   	0.10987  	-0.01     	0.526535
277	45    	0.291339   	0.101113 	0.0857074 	0.526535
278	47    	0.279107   	0.0972338	0.0730239 	0.526535
279	45    	0.28815    	0.0994729	-0.0171429	0.526535
280	47    	0.241856   	0.20639  	-1        	0.479409
281	47    	0.295613   	0.100214 	-0.016    	0.479409
282	46    	0.284704   	0.0896643	-0.0133333	0.479409
283	45    	0.262375   	0.274205 	-1        	0.514303
284	46    	0.256153   	0.266156 	-1        	0.479409
285	46    	0.223472   	0.322258 	-1        	0.506703
286	45    	0.168335   	0.402904 	-1        	0.506703
287	46    	0.196866   	0.361862 	-1        	0.506703
288	43    	0.253463   	0.276586 	-1        	0.58467 
289	42    	0.311709   	0.207988 	-1        	0.58467 
290	45    	0.303074   	0.207357 	-1        	0.58467 
291	47    	0.221408   	0.319585 	-1        	0.58467 
292	46    	0.254076   	0.269726 	-1        	0.472133
293	47    	0.244185   	0.266822 	-1        	0.508052
294	44    	0.26587    	0.198682 	-1        	0.508052
295	46    	0.146874   	0.432224 	-1        	0.508052
296	46    	0.226513   	0.321299 	-1        	0.508052
297	47    	0.311925   	0.104131 	-0.016    	0.508052
298	48    	0.121065   	0.460757 	-1        	0.565405
299	46    	0.149132   	0.431376 	-1        	0.565405
300	45    	0.104847   	0.45234  	-1        	0.461522
301	50    	-0.0367138 	0.547561 	-1        	0.431988
302	46    	0.193158   	0.404283 	-1        	0.555912
303	46    	0.192824   	0.358399 	-1        	0.461337
304	49    	0.163363   	0.39524  	-1        	0.456677
305	49    	0.262378   	0.194241 	-1        	0.473411
306	49    	0.15609    	0.395867 	-1        	0.490647
307	48    	0.00554736 	0.539577 	-1        	0.485237
308	50    	0.297056   	0.0953192	0.0821968 	0.567494
309	43    	0.274557   	0.207048 	-1        	0.567494
310	49    	0.211272   	0.319439 	-1        	0.541949
311	48    	0.246624   	0.211189 	-1        	0.46145 
312	47    	0.284751   	0.0883452	-0.0175   	0.46145 
313	45    	0.310664   	0.0678719	0.189865  	0.454104
314	47    	0.231005   	0.267707 	-1        	0.451075
315	45    	0.286525   	0.0925127	-0.0175   	0.451075
316	47    	0.264864   	0.2013   	-1        	0.454452
317	45    	0.268264   	0.123971 	-0.015    	0.709511
318	46    	0.277218   	0.109081 	0.060387  	0.709511
319	44    	0.302697   	0.109801 	0.0822286 	0.709511
320	47    	0.292285   	0.131807 	0.0613909 	0.709511
321	44    	0.313582   	0.116319 	-0.0171429	0.577184
322	49    	0.285068   	0.128334 	-0.0133333	0.57578 
323	48    	0.265465   	0.0956876	0.0624972 	0.57578 
324	47    	0.268014   	0.122401 	-0.0175   	0.626861
325	45    	0.303567   	0.123906 	-0.00588229	0.626861
326	47    	0.286372   	0.104857 	0.0389349  	0.542585
327	49    	0.256791   	0.200555 	-1         	0.542585
328	43    	0.286231   	0.115759 	-0.0185714 	0.542585
329	49    	0.27727    	0.111145 	-0.0166667 	0.575625
330	48    	0.271308   	0.0918703	0.0682214  	0.575625
331	47    	0.287416   	0.111361 	-0.0181819 	0.515639
332	45    	0.270071   	0.200787 	-1         	0.515639
333	47    	0.242174   	0.266646 	-1         	0.515639
334	45    	0.251157   	0.2688   	-1         	0.515639
335	49    	0.273458   	0.108802 	-0.0218182 	0.520977
336	49    	0.282072   	0.210329 	-1         	0.67635 
337	47    	0.248594   	0.270028 	-1         	0.515165
338	46    	0.253794   	0.2128   	-1         	0.515165
339	48    	0.18082    	0.404436 	-1         	0.515165
340	46    	0.245775   	0.269419 	-1         	0.515165
341	44    	0.256003   	0.266131 	-1         	0.515165
342	43    	0.147281   	0.434253 	-1         	0.515165
343	47    	0.229579   	0.319344 	-1         	0.483925
344	47    	0.272471   	0.277144 	-1         	0.506809
345	48    	0.241325   	0.277351 	-1         	0.61748 
346	48    	0.292659   	0.110162 	-0.0160001 	0.61748 
347	45    	0.147757   	0.435899 	-1         	0.61748 
348	45    	0.246789   	0.272624 	-1         	0.61748 
349	45    	0.278444   	0.101521 	0.0947131  	0.499793
350	45    	0.254413   	0.271966 	-1         	0.499793
351	49    	0.257776   	0.268783 	-1         	0.499536
352	46    	0.152905   	0.43384  	-1         	0.570767
353	47    	0.239655   	0.269188 	-1         	0.563333
354	47    	0.265492   	0.21014  	-1         	0.563333
355	46    	0.25025    	0.274121 	-1         	0.563333
356	50    	0.130281   	0.465579 	-1         	0.528106
357	45    	0.232252   	0.321117 	-1         	0.528106
358	48    	-0.1073    	0.615718 	-1         	0.51247 
359	45    	0.108291   	0.493845 	-1         	0.51247 
360	42    	0.228684   	0.374053 	-1         	0.521044
361	46    	0.188503   	0.404943 	-1         	0.51247 
362	48    	0.132006   	0.464175 	-1         	0.480076
363	48    	0.193091   	0.405601 	-1         	0.49164 
364	43    	0.028749   	0.552175 	-1         	0.49164 
365	46    	0.202386   	0.368488 	-1         	0.49164 
366	45    	0.157346   	0.434844 	-1         	0.485805
367	45    	0.217679   	0.372481 	-1         	0.531196
368	44    	0.298248   	0.20785  	-1         	0.531196
369	45    	0.236499   	0.323322 	-1         	0.531196
370	50    	0.199978   	0.313324 	-1         	0.471079
371	47    	0.216998   	0.368087 	-1         	0.47874 
372	46    	0.214032   	0.372922 	-1         	0.495967
373	46    	0.164003   	0.397569 	-1         	0.495967
374	41    	0.299091   	0.210364 	-1         	0.534164
375	46    	0.240745   	0.27447  	-1         	0.531371
376	44    	0.207499   	0.371859 	-1         	0.531371
377	43    	0.290652   	0.212615 	-1         	0.531371
378	47    	0.303766   	0.103807 	-0.016     	0.531371
379	49    	0.288832   	0.0919756	0.0642919  	0.47955 
380	45    	0.292126   	0.20142  	-1         	0.50351 
381	43    	0.27429    	0.203081 	-1         	0.50351 
382	47    	0.318026   	0.0862681	0.104509   	0.5076  
383	46    	0.28637    	0.100722 	-0.02      	0.50351 
384	45    	0.243778   	0.266417 	-1         	0.445299
385	47    	0.219784   	0.275284 	-1         	0.509926
386	44    	0.195552   	0.364519 	-1         	0.485556
387	44    	0.19837    	0.410073 	-1         	0.546881
388	45    	0.184473   	0.408409 	-1         	0.515114
389	46    	0.278426   	0.211948 	-1         	0.515114
390	45    	0.296436   	0.106516 	-0.0149999 	0.504424
391	42    	0.306762   	0.0950594	0.0704626  	0.504424
392	46    	0.280889   	0.209574 	-1         	0.504424
393	44    	0.282343   	0.208372 	-1         	0.551112
394	48    	0.292613   	0.0950111	0.0972327  	0.551112
395	46    	0.125806   	0.463282 	-1         	0.551112
396	45    	0.0949779  	0.485383 	-1         	0.475499
397	46    	0.145363   	0.431308 	-1         	0.505523
398	45    	0.188421   	0.405073 	-1         	0.520533
399	46    	0.106583   	0.492842 	-1         	0.556912
400	43    	0.222841   	0.378185 	-1         	0.556912
401	44    	0.0180518  	0.548712 	-1         	0.556912
402	45    	-0.198818  	0.65843  	-1         	0.556912
403	48    	0.137056   	0.430412 	-1         	0.556912
404	46    	0.149456   	0.435258 	-1         	0.556912
405	46    	0.00121714 	0.54264  	-1         	0.556912
406	46    	0.121594   	0.461479 	-1         	0.556912
407	45    	0.286412   	0.118943 	-0.0133334 	0.556912
408	48    	0.185957   	0.403564 	-1         	0.556912
409	48    	0.231635   	0.319878 	-1         	0.470585
410	47    	0.105739   	0.456565 	-1         	0.661483
411	45    	0.217736   	0.330769 	-1         	0.571992
412	48    	0.199673   	0.361274 	-1         	0.470585
413	44    	-0.00111965	0.565991 	-1         	0.445431
414	46    	0.033642   	0.553362 	-1         	0.493639
415	48    	-0.044195  	0.57145  	-1         	0.568078
416	43    	0.253508   	0.266882 	-1         	0.463886
417	49    	0.238506   	0.268564 	-1         	0.539011
418	46    	0.1723     	0.399603 	-1         	0.47323 
419	49    	0.148271   	0.431256 	-1         	0.47323 
420	45    	0.215716   	0.366696 	-1         	0.47323 
421	50    	0.114547   	0.455184 	-1         	0.455229
422	45    	0.226995   	0.321997 	-1         	0.449927
423	43    	0.291601   	0.0962397	-0.0175    	0.449927
424	46    	0.208309   	0.318632 	-1         	0.448031
425	48    	0.227567   	0.329632 	-1         	0.523906
426	44    	0.118124   	0.500465 	-1         	0.534446
427	43    	0.187545   	0.44715  	-1         	0.534446
428	42    	0.158358   	0.477014 	-1         	0.534446
429	49    	0.19834    	0.363075 	-1         	0.502436
430	47    	0.041032   	0.55863  	-1         	0.556984
431	46    	0.125006   	0.464845 	-1         	0.523464
432	47    	0.180084   	0.402597 	-1         	0.502992
433	45    	0.0813439  	0.511572 	-1         	0.502992
434	46    	0.125949   	0.461313 	-1         	0.502992
435	47    	0.030422   	0.552497 	-1         	0.502992
436	47    	0.0312883  	0.551048 	-1         	0.502992
437	50    	0.102018   	0.449859 	-1         	0.519867
438	48    	0.0819117  	0.480494 	-1         	0.51762 
439	46    	0.00547293 	0.57093  	-1         	0.51762 
440	48    	-0.00256407	0.566389 	-1         	0.526528
441	47    	-0.0359518 	0.576462 	-1         	0.51216 
442	47    	0.00241478 	0.566062 	-1         	0.425935
443	46    	0.10886    	0.487888 	-1         	0.430425
444	46    	0.101642   	0.487225 	-1         	0.496746
445	46    	0.204319   	0.363251 	-1         	0.452505
446	46    	0.186897   	0.404117 	-1         	0.494759
447	44    	0.235063   	0.322525 	-1         	0.459393
448	45    	0.255559   	0.32659  	-1         	0.527994
449	47    	0.254835   	0.269268 	-1         	0.449827
450	46    	0.247605   	0.32821  	-1         	0.535091
451	44    	0.299385   	0.201692 	-1         	0.512219
452	47    	0.080082   	0.511687 	-1         	0.512219
453	44    	0.0653758  	0.50495  	-1         	0.477205
454	43    	0.17627    	0.400684 	-1         	0.630355
455	45    	0.264718   	0.26856  	-1         	0.526205
456	43    	0.139302   	0.43509  	-1         	0.526205
457	44    	0.254402   	0.267444 	-1         	0.526205
458	45    	0.200075   	0.365514 	-1         	0.526205
459	48    	0.155023   	0.393712 	-1         	0.41293 
460	46    	0.209808   	0.36514  	-1         	0.433835
461	43    	0.221328   	0.371529 	-1         	0.508016
462	45    	0.217204   	0.369134 	-1         	0.508016
463	44    	0.267935   	0.282623 	-1         	0.597374
464	47    	0.293709   	0.200802 	-1         	0.549423
465	47    	0.270052   	0.205885 	-1         	0.544635
466	46    	0.245772   	0.274104 	-1         	0.527516
467	42    	0.29658    	0.214346 	-1         	0.535183
468	45    	0.279282   	0.2079   	-1         	0.535183
469	45    	0.264656   	0.202416 	-1         	0.535183
470	46    	0.276404   	0.19738  	-1         	0.41254 
471	45    	0.294084   	0.0973711	-0.02      	0.527905
472	49    	0.267383   	0.198005 	-1         	0.527905
473	43    	0.282477   	0.202812 	-1         	0.478258
474	47    	0.196864   	0.318304 	-1         	0.478258
475	45    	0.230687   	0.261443 	-1         	0.453149
476	44    	0.244273   	0.194336 	-1         	0.417657
477	46    	0.261757   	0.189088 	-1         	0.417657
478	47    	0.311883   	0.0873366	0.065577   	0.493282
479	46    	0.25041    	0.202869 	-1         	0.477877
480	42    	0.241867   	0.272526 	-1         	0.477877
481	45    	0.254636   	0.275895 	-1         	0.477877
482	44    	0.295085   	0.080659 	0.155761   	0.500367
483	47    	0.142537   	0.435318 	-1         	0.586529
484	47    	0.277648   	0.139014 	-0.0199999 	0.617839
485	45    	0.2675     	0.213831 	-1         	0.617839
486	47    	0.300387   	0.137018 	-0.02      	0.652109
487	44    	0.271412   	0.130665 	-0.0175    	0.519626
488	47    	0.245385   	0.131023 	-0.0166666 	0.519626
489	43    	0.280237   	0.108791 	-0.0171429 	0.502833
490	47    	0.286731   	0.123134 	-0.0177778 	0.502833
491	42    	0.298416   	0.208763 	-1         	0.502833
492	42    	0.324187   	0.100633 	0.115191   	0.530406
493	46    	0.28012    	0.204435 	-1         	0.505766
494	48    	0.280375   	0.199072 	-1         	0.466358
495	49    	0.229868   	0.26692  	-1         	0.569097
496	44    	0.275138   	0.27777  	-1         	0.57866 
497	44    	0.210726   	0.371362 	-1         	0.57866 
498	49    	0.242341   	0.26888  	-1         	0.516059
499	48    	0.283908   	0.0881505	0.114163   	0.5232  
500	46    	0.245855   	0.262262 	-1         	0.447895
501	42    	0.287443   	0.196723 	-1         	0.457987
502	49    	0.268663   	0.202656 	-1         	0.466297
503	48    	0.311989   	0.0833543	0.169045   	0.527743
504	46    	0.260201   	0.270853 	-1         	0.545155
505	47    	0.212573   	0.370671 	-1         	0.667876
506	44    	0.217934   	0.367679 	-1         	0.471133
507	48    	0.102927   	0.486502 	-1         	0.471133
508	47    	0.122927   	0.460095 	-1         	0.480093
509	50    	0.130545   	0.426462 	-1         	0.492612
510	44    	0.162295   	0.435933 	-1         	0.492612
511	47    	-0.012974  	0.589499 	-1         	0.492612
512	47    	-0.051954  	0.595366 	-1         	0.44211 
513	45    	-0.0682982 	0.613505 	-1         	0.44211 
514	46    	0.0368063  	0.556223 	-1         	0.527654
515	46    	0.0617378  	0.53672  	-1         	0.556971
516	45    	0.00376984 	0.571194 	-1         	0.556971
517	46    	-0.134801  	0.625114 	-1         	0.477858
518	46    	-0.0918592 	0.626983 	-1         	0.49562 
519	46    	-0.211361  	0.647981 	-1         	0.49562 
520	46    	-0.191409  	0.636505 	-1         	0.49562 
521	48    	-0.086716  	0.581933 	-1         	0.63583 
522	46    	0.150403   	0.400579 	-1         	0.63583 
523	46    	0.0607292  	0.472877 	-1         	0.484607
524	43    	0.269614   	0.202039 	-1         	0.484607
525	46    	0.294706   	0.0966775	0.0812362  	0.48521 
526	47    	0.242564   	0.212841 	-1         	0.484607
527	44    	0.262126   	0.209743 	-1         	0.492465
528	47    	0.2628     	0.124323 	-0.0200001 	0.560863
529	47    	0.259163   	0.123404 	-0.02      	0.560863
530	45    	0.296405   	0.1058   	0.114049   	0.560863
531	43    	0.318058   	0.108892 	0.122496   	0.560863
532	43    	0.298277   	0.108829 	-0.01      	0.560863
533	45    	0.29712    	0.10768  	0.112217   	0.552279
534	45    	0.29904    	0.11162  	0.0914356  	0.552279
535	46    	0.286411   	0.116806 	0.0780806  	0.552279
536	44    	0.289086   	0.214415 	-1         	0.598938
537	48    	0.253002   	0.104726 	-0.024     	0.598938
538	49    	0.205552   	0.266899 	-1         	0.516408
539	44    	0.281253   	0.0998211	-0.0166666 	0.473309
540	49    	0.275294   	0.103412 	-0.0133334 	0.434855
541	46    	0.30211    	0.0878475	-0.0175    	0.456466
542	44    	0.275421   	0.127728 	-0.0171429 	0.518284
543	48    	0.217081   	0.20804  	-1         	0.583807
544	44    	0.253299   	0.121415 	-0.02      	0.583807
545	46    	0.231139   	0.119731 	-0.02      	0.583807
546	45    	0.285749   	0.10723  	0.137256   	0.583807
547	46    	0.270161   	0.129616 	-0.02      	0.583807
548	42    	0.313596   	0.16691  	-0.0175001 	0.831703
549	48    	0.214211   	0.136047 	-0.0175    	0.583807
550	46    	0.252935   	0.125985 	-0.0174999 	0.505969
551	46    	0.256477   	0.133549 	-0.0175    	0.527875
552	44    	0.252962   	0.140078 	-0.0181818 	0.507095
553	46    	0.242897   	0.143576 	-0.0166667 	0.654723
554	45    	0.202758   	0.154722 	-0.02      	0.515766
555	49    	0.214794   	0.141525 	-0.0166667 	0.515996
556	50    	0.239979   	0.119916 	-0.0228571 	0.507901
557	48    	0.241804   	0.128124 	-0.02      	0.70255 
558	47    	0.250913   	0.110584 	-0.0175    	0.492948
559	47    	0.263257   	0.133276 	-0.0171429 	0.560445
560	47    	0.216115   	0.140818 	-0.0222223 	0.537887
561	48    	0.20281    	0.116339 	-0.0171429 	0.435984
562	45    	0.261656   	0.126431 	-0.0175    	0.54837 
563	44    	0.275013   	0.143081 	-0.02      	0.587162
564	44    	0.288009   	0.127672 	0.0814941  	0.587162
565	43    	0.26309    	0.141046 	-0.0225    	0.587162
566	45    	0.2734     	0.149394 	-0.02      	0.5961  
567	48    	0.24317    	0.139703 	-0.02      	0.652701
568	45    	0.253548   	0.156671 	-0.0159999 	0.652701
569	45    	0.255201   	0.145583 	-0.02      	0.652701
570	41    	0.30528    	0.146635 	-0.0175    	0.616841
571	47    	0.23266    	0.152391 	-0.018     	0.616841
572	43    	0.281353   	0.126268 	-0.0171428 	0.616841
573	43    	0.258053   	0.141716 	-0.0233333 	0.616841
574	45    	0.259346   	0.111296 	-0.0175    	0.536773
575	48    	0.270351   	0.0993261	-0.0171429 	0.490896
576	44    	0.265859   	0.0956917	0.0966903  	0.526662
577	50    	0.270875   	0.0914383	0.100859   	0.525341
578	45    	0.274584   	0.112685 	-0.0133333 	0.511294
579	45    	0.232597   	0.267957 	-1         	0.500461
580	46    	0.264407   	0.210765 	-1         	0.460346
581	45    	0.239292   	0.275966 	-1         	0.477449
582	47    	0.240818   	0.129493 	-0.0181818 	0.550202
583	48    	0.242718   	0.204106 	-1         	0.550202
584	45    	0.268982   	0.112705 	-0.02      	0.550202
585	47    	0.238611   	0.113782 	-0.016     	0.550202
586	42    	0.290872   	0.119653 	-0.016     	0.562807
587	46    	0.255034   	0.216735 	-1         	0.562807
588	47    	0.280742   	0.137448 	-0.018     	0.690742
589	44    	0.259825   	0.144193 	-0.0183333 	0.618368
590	48    	0.251879   	0.13385  	-0.0174999 	0.618368
591	46    	0.241796   	0.119509 	-0.02      	0.618368
592	46    	0.239087   	0.128277 	-0.0177777 	0.618368
593	46    	0.231529   	0.0795392	0.0765108  	0.408252
594	49    	0.252822   	0.200916 	-1         	0.537457
595	48    	0.282504   	0.204188 	-1         	0.568748
596	44    	-0.00544866	0.56783  	-1         	0.568748
597	46    	-0.0267008 	0.586137 	-1         	0.568748
598	49    	-0.115772  	0.610219 	-1         	0.537457
599	45    	-0.203971  	0.654163 	-1         	0.537457
600	47    	-0.267519  	0.680659 	-1         	0.549634
601	48    	-0.408724  	0.669943 	-1         	0.537457
602	46    	-0.25314   	0.664473 	-1         	0.537457
603	45    	-0.0678447 	0.614684 	-1         	0.537457
604	47    	-0.257895  	0.660065 	-1         	0.440488
605	47    	-0.260284  	0.658309 	-1         	0.539062
606	48    	-0.209335  	0.648153 	-1         	0.455412
607	47    	-0.0531123 	0.593938 	-1         	0.542513
608	46    	0.122785   	0.494824 	-1         	0.542513
609	48    	0.0675195  	0.507253 	-1         	0.542513
610	46    	0.0994821  	0.451988 	-1         	0.542513
611	49    	0.084716   	0.48157  	-1         	0.424988
612	45    	0.101632   	0.452556 	-1         	0.424988
613	47    	0.0705808  	0.507278 	-1         	0.54959 
614	48    	0.0851485  	0.514079 	-1         	0.54959 
615	49    	0.148155   	0.431304 	-1         	0.52417 
616	46    	0.200251   	0.408916 	-1         	0.535592
617	46    	0.19988    	0.40633  	-1         	0.52417 
618	44    	0.187834   	0.405793 	-1         	0.52417 
619	45    	0.181809   	0.40378  	-1         	0.52417 
620	48    	0.270872   	0.273578 	-1         	0.508786
621	49    	0.137239   	0.46346  	-1         	0.468983
622	44    	0.195128   	0.40618  	-1         	0.486686
623	48    	0.18745    	0.403642 	-1         	0.486686
624	45    	0.235941   	0.325256 	-1         	0.486686
625	47    	0.185261   	0.359775 	-1         	0.486686
626	45    	0.256193   	0.273191 	-1         	0.678387
627	43    	0.158582   	0.473775 	-1         	0.494346
628	45    	0.189867   	0.36521  	-1         	0.494346
629	42    	0.310042   	0.105283 	-0.0166667 	0.494346
630	43    	0.285518   	0.281954 	-1         	0.494555
631	46    	0.264008   	0.203359 	-1         	0.494346
632	47    	0.3215     	0.0961385	0.107636   	0.526152
633	48    	0.259564   	0.204128 	-1         	0.503045
634	46    	0.302867   	0.112766 	0.0665927  	0.618966
635	47    	0.279649   	0.124457 	-0.016     	0.618966
636	46    	0.250203   	0.204576 	-1         	0.532158
637	44    	0.256298   	0.272485 	-1         	0.532158
638	49    	0.247219   	0.202592 	-1         	0.541207
639	44    	0.236      	0.276476 	-1         	0.541207
640	47    	0.298677   	0.0936456	0.0592644  	0.541207
641	46    	0.277713   	0.110771 	0.0519122  	0.541207
642	49    	0.279052   	0.0729332	0.101577   	0.541207
643	45    	0.254875   	0.194808 	-1         	0.459034
644	48    	0.293263   	0.0698576	0.115198   	0.460621
645	48    	0.239615   	0.265866 	-1         	0.488278
646	48    	0.273441   	0.105629 	-0.018     	0.463914
647	48    	0.28887    	0.100254 	0.0915146  	0.517865
648	48    	0.28858    	0.0869068	0.0856713  	0.507264
649	46    	0.272527   	0.11405  	0.0407093  	0.507264
650	46    	0.300167   	0.0913755	0.137331   	0.499453
651	44    	0.286933   	0.102752 	0.0483008  	0.499453
652	43    	0.315054   	0.104917 	0.0666724  	0.499453
653	39    	0.330399   	0.112126 	0.0755854  	0.586543
654	46    	0.291294   	0.216373 	-1         	0.586543
655	47    	0.280918   	0.216122 	-1         	0.586543
656	45    	0.142577   	0.397795 	-1         	0.563814
657	46    	0.084136   	0.516148 	-1         	0.563814
658	50    	0.123167   	0.425968 	-1         	0.563814
659	47    	0.16635    	0.397031 	-1         	0.473245
660	44    	0.254531   	0.267627 	-1         	0.442389
661	45    	0.282855   	0.199156 	-1         	0.44624 
662	47    	0.285766   	0.0718656	0.148277   	0.44624 
663	47    	0.284041   	0.105737 	-0.0160001 	0.557276
664	50    	0.272551   	0.0728123	0.0999293  	0.458476
665	48    	0.246037   	0.196401 	-1         	0.399746
666	47    	0.269167   	0.0666329	0.125318   	0.388106
667	43    	0.248146   	0.265259 	-1         	0.424001
668	46    	0.238508   	0.264243 	-1         	0.484084
669	46    	0.229449   	0.270776 	-1         	0.484084
670	43    	0.262824   	0.271841 	-1         	0.49002 
671	48    	0.195411   	0.36783  	-1         	0.59005 
672	49    	0.248357   	0.268035 	-1         	0.521753
673	44    	0.216026   	0.329087 	-1         	0.521753
674	45    	0.224655   	0.321688 	-1         	0.521753
675	44    	0.232121   	0.326918 	-1         	0.521753
676	47    	0.216582   	0.367633 	-1         	0.528284
677	45    	0.239183   	0.333115 	-1         	0.528284
678	48    	0.231505   	0.326454 	-1         	0.531778
679	44    	0.320423   	0.0996864	0.124853   	0.531778
680	47    	0.300318   	0.0955985	0.107046   	0.555658
681	46    	0.106684   	0.491316 	-1         	0.555658
682	44    	0.124458   	0.501823 	-1         	0.555658
683	46    	-0.00604262	0.595438 	-1         	0.561318
684	46    	0.140398   	0.469586 	-1         	0.561318
685	44    	0.228042   	0.374091 	-1         	0.561318
686	46    	0.250012   	0.274853 	-1         	0.561318
687	46    	0.222951   	0.32477  	-1         	0.561318
688	46    	0.283188   	0.208108 	-1         	0.561318
689	46    	0.240596   	0.324219 	-1         	0.518348
690	43    	0.326226   	0.0954511	0.18992    	0.527453
691	47    	0.309335   	0.212487 	-1         	0.605083
692	43    	0.288319   	0.284582 	-1         	0.605083
693	46    	0.25167    	0.277998 	-1         	0.605083
694	45    	0.286847   	0.213412 	-1         	0.605083
695	45    	0.262008   	0.211015 	-1         	0.605083
696	43    	0.260476   	0.279681 	-1         	0.605083
697	48    	0.244874   	0.327901 	-1         	0.605083
698	45    	0.264839   	0.273685 	-1         	0.605083
699	46    	0.249986   	0.274821 	-1         	0.605083
700	48    	0.257541   	0.215237 	-1         	0.605083
701	43    	0.317289   	0.11496  	-0.0177778 	0.60702 
702	47    	0.30584    	0.121688 	-0.016     	0.605083
703	48    	0.305991   	0.104784 	-0.0177778 	0.553067
704	45    	0.294126   	0.0925349	0.0869715  	0.553067
705	42    	0.298422   	0.199898 	-1         	0.529705
706	45    	0.272235   	0.208745 	-1         	0.499158
707	49    	0.211524   	0.31762  	-1         	0.419631
708	49    	0.249186   	0.270788 	-1         	0.513483
709	44    	0.203514   	0.362594 	-1         	0.513483
710	44    	0.247274   	0.268604 	-1         	0.513483
711	46    	0.200599   	0.362908 	-1         	0.464337
712	46    	0.241418   	0.266579 	-1         	0.464337
713	45    	0.229999   	0.273997 	-1         	0.445843
714	49    	0.265616   	0.0817985	0.0721373  	0.408352
715	48    	0.208071   	0.311542 	-1         	0.419279
716	43    	0.116611   	0.455782 	-1         	0.449396
717	46    	0.268399   	0.270999 	-1         	0.485908
718	46    	0.233957   	0.266438 	-1         	0.485908
719	45    	0.292916   	0.203553 	-1         	0.519188
720	47    	0.263043   	0.270206 	-1         	0.462307
721	46    	0.182534   	0.356641 	-1         	0.462307
722	47    	0.229383   	0.26379  	-1         	0.460511
723	42    	0.178404   	0.402124 	-1         	0.461575
724	49    	0.21737    	0.366313 	-1         	0.490799
725	45    	0.265004   	0.270723 	-1         	0.461575
726	47    	0.249994   	0.211474 	-1         	0.458771
727	45    	0.2996     	0.0936841	-0.015     	0.571891
728	45    	0.318966   	0.0924347	-0.0150003 	0.458771
729	46    	0.298884   	0.0835689	0.114741   	0.458771
730	47    	0.311458   	0.0756046	0.1499     	0.489369
731	47    	0.287541   	0.20953  	-1         	0.528553
732	43    	0.242747   	0.326634 	-1         	0.577706
733	48    	0.230793   	0.268875 	-1         	0.443739
734	43    	0.29211    	0.0713371	0.0945411  	0.443739
735	47    	0.287893   	0.195352 	-1         	0.436973
736	46    	0.226893   	0.265202 	-1         	0.420625
737	46    	0.243698   	0.264255 	-1         	0.458239
738	49    	0.236929   	0.31951  	-1         	0.408012
739	46    	0.168057   	0.400508 	-1         	0.515056
740	45    	0.295341   	0.0938794	-0.015     	0.515056
741	47    	0.261143   	0.194293 	-1         	0.431435
742	46    	0.313627   	0.0901048	0.144261   	0.65114 
743	47    	0.264385   	0.202195 	-1         	0.533952
744	49    	0.128573   	0.463308 	-1         	0.533952
745	46    	0.220714   	0.321533 	-1         	0.51046 
746	48    	0.161967   	0.396208 	-1         	0.51046 
747	39    	0.263576   	0.27985  	-1         	0.596164
748	46    	0.21249    	0.325434 	-1         	0.51046 
749	42    	0.309404   	0.121254 	0.110391   	0.51046 
750	48    	0.295276   	0.214242 	-1         	0.609018
751	44    	0.325847   	0.112156 	0.0960352  	0.609018
752	45    	0.291124   	0.215794 	-1         	0.609018
753	48    	0.275155   	0.119429 	-0.0159999 	0.609018
754	48    	0.259271   	0.273942 	-1         	0.609018
755	45    	0.284873   	0.214491 	-1         	0.609018
756	46    	0.289314   	0.207904 	-1         	0.609018
757	42    	0.242696   	0.328016 	-1         	0.517001
758	47    	0.251191   	0.267049 	-1         	0.517001
759	44    	0.210574   	0.318722 	-1         	0.517001
760	45    	0.267261   	0.209501 	-1         	0.517001
761	43    	0.286997   	0.208694 	-1         	0.517001
762	47    	0.25915    	0.279205 	-1         	0.698151
763	45    	0.223703   	0.379038 	-1         	0.698151
764	42    	0.163034   	0.483775 	-1         	0.698151
765	48    	0.16338    	0.436    	-1         	0.517001
766	45    	0.290556   	0.281159 	-1         	0.584529
767	48    	0.177064   	0.362303 	-1         	0.556248
768	43    	0.282974   	0.281063 	-1         	0.556248
769	44    	0.269561   	0.207231 	-1         	0.515129
770	47    	0.248364   	0.206819 	-1         	0.506622
771	43    	0.26575    	0.208388 	-1         	0.506622
772	46    	0.295517   	0.0950683	-0.016     	0.450613
773	48    	0.280427   	0.0859666	0.124212   	0.495488
774	45    	0.311575   	0.0915602	0.115697   	0.496515
775	46    	0.267641   	0.271872 	-1         	0.533649
776	46    	0.30362    	0.0937918	0.0851505  	0.533649
777	44    	0.287313   	0.277507 	-1         	0.533649
778	42    	0.280296   	0.282736 	-1         	0.533649
779	48    	0.267296   	0.275421 	-1         	0.501494
780	48    	0.281445   	0.204706 	-1         	0.60392 
781	47    	0.283809   	0.208992 	-1         	0.64245 
782	45    	0.222261   	0.37352  	-1         	0.64245 
783	46    	0.205428   	0.412788 	-1         	0.64245 
784	47    	0.322901   	0.0986517	0.126601   	0.64245 
785	47    	0.248564   	0.273845 	-1         	0.558376
786	45    	0.316202   	0.0854361	0.179719   	0.54344 
787	44    	0.288426   	0.207037 	-1         	0.54344 
788	46    	0.236188   	0.324551 	-1         	0.54344 
789	49    	0.233625   	0.32463  	-1         	0.585254
790	45    	0.257343   	0.269605 	-1         	0.483564
791	44    	0.300094   	0.0933507	0.0812057  	0.483564
792	47    	0.292812   	0.0985424	0.129893   	0.665424
793	44    	0.277885   	0.218598 	-1         	0.665424
794	45    	0.216641   	0.332369 	-1         	0.665424
795	42    	0.330322   	0.130981 	0.0860417  	0.665424
796	46    	0.236347   	0.382969 	-1         	0.665424
797	46    	0.265341   	0.276094 	-1         	0.665424
798	44    	0.296112   	0.212671 	-1         	0.665424
799	45    	0.308136   	0.0980602	0.154362   	0.665424
800	48    	0.301315   	0.10284  	0.117205   	0.665424
801	43    	0.315604   	0.104979 	-0.0166667 	0.665424
802	48    	0.220139   	0.374396 	-1         	0.666048
803	48    	0.280926   	0.200153 	-1         	0.465999
804	48    	0.190352   	0.368983 	-1         	0.660299
805	45    	0.202772   	0.31873  	-1         	0.484059
806	45    	0.29667    	0.0922836	0.0766009  	0.491795
807	49    	0.269227   	0.0820021	0.04195    	0.510253
808	45    	0.29189    	0.0855484	0.0592312  	0.510253
809	47    	0.260148   	0.208402 	-1         	0.544385
810	47    	0.160104   	0.394661 	-1         	0.493572
811	46    	0.283822   	0.201725 	-1         	0.464775
812	45    	0.0241515  	0.550838 	-1         	0.606142
813	45    	0.137373   	0.467869 	-1         	0.606142
814	43    	0.196184   	0.411196 	-1         	0.606142
815	44    	0.0457231  	0.56156  	-1         	0.606142
816	45    	0.116371   	0.493865 	-1         	0.533813
817	49    	-0.0824675 	0.604049 	-1         	0.467007
818	44    	-0.0388097 	0.577423 	-1         	0.467007
819	46    	-0.0477343 	0.597392 	-1         	0.467007
820	47    	0.0151686  	0.545552 	-1         	0.472998
821	47    	-0.0233479 	0.582974 	-1         	0.472998
822	45    	-0.144252  	0.645633 	-1         	0.480821
823	47    	0.283317   	0.204377 	-1         	0.5319  
824	48    	-0.108021  	0.614493 	-1         	0.470209
825	47    	-0.0753018 	0.607525 	-1         	0.464094
826	43    	0.123717   	0.459732 	-1         	0.449661
827	46    	0.00217117 	0.566403 	-1         	0.472782
828	47    	-0.115296  	0.60952  	-1         	0.472782
829	45    	-0.308208  	0.666995 	-1         	0.465461
830	46    	-0.0771741 	0.610543 	-1         	0.613294
831	46    	0.161762   	0.435845 	-1         	0.613294
832	47    	-0.211748  	0.647266 	-1         	0.484763
833	47    	-0.0311967 	0.57701  	-1         	0.440808
834	46    	-0.204644  	0.627489 	-1         	0.440808
835	48    	-0.114911  	0.610305 	-1         	0.459639
836	47    	-0.0550465 	0.592106 	-1         	0.4819  
837	43    	0.0387906  	0.555841 	-1         	0.489006
838	45    	-0.0189312 	0.586257 	-1         	0.517074
839	48    	-0.10403   	0.617685 	-1         	0.48936 
840	46    	0.0895672  	0.515965 	-1         	0.622055
841	47    	0.220227   	0.374586 	-1         	0.538617
842	48    	0.148715   	0.430373 	-1         	0.476307
843	47    	0.147641   	0.428885 	-1         	0.476307
844	47    	0.236378   	0.266637 	-1         	0.469883
845	46    	0.297194   	0.076377 	0.123063   	0.504287
846	46    	0.292958   	0.10439  	0.0546643  	0.513287
847	47    	0.187825   	0.406109 	-1         	0.504287
848	46    	-0.0693314 	0.613936 	-1         	0.504287
849	49    	0.0464102  	0.530885 	-1         	0.565767
850	48    	-0.0936751 	0.598126 	-1         	0.505627
851	43    	0.215552   	0.318559 	-1         	0.505627
852	47    	0.219581   	0.318392 	-1         	0.505627
853	48    	0.247094   	0.268089 	-1         	0.46487 
854	47    	0.20399    	0.365437 	-1         	0.46487 
855	46    	0.10701    	0.490881 	-1         	0.467264
856	50    	0.128185   	0.425627 	-1         	0.485199
857	46    	0.122215   	0.460135 	-1         	0.485199
858	46    	0.302839   	0.0869911	0.0887713  	0.444868
859	45    	0.278155   	0.203289 	-1         	0.489305
860	49    	0.215032   	0.318517 	-1         	0.610736
861	48    	0.302314   	0.0988947	0.0709794  	0.610736
862	43    	0.289841   	0.207601 	-1         	0.610736
863	46    	0.30636    	0.114637 	0.128004   	0.603304
864	47    	0.259972   	0.275166 	-1         	0.603304
865	46    	0.286665   	0.123918 	-0.02      	0.603304
866	45    	0.227361   	0.328017 	-1         	0.603304
867	44    	0.19789    	0.416618 	-1         	0.658532
868	48    	0.307237   	0.101934 	0.0851358  	0.563198
869	44    	0.305985   	0.210185 	-1         	0.563198
870	46    	0.188423   	0.360789 	-1         	0.550789
871	46    	0.134926   	0.427055 	-1         	0.527507
872	46    	0.196112   	0.359902 	-1         	0.482497
873	47    	0.274707   	0.19808  	-1         	0.482497
874	48    	0.267359   	0.0997184	0.0755607  	0.482497
875	47    	0.301194   	0.0887158	0.0403255  	0.463745
876	49    	0.258561   	0.200627 	-1         	0.474838
877	44    	0.285511   	0.0924194	-0.0175    	0.474838
878	48    	0.251257   	0.267761 	-1         	0.537024
879	47    	0.20959    	0.363519 	-1         	0.451791
880	43    	0.170933   	0.438809 	-1         	0.466093
881	46    	0.280956   	0.20417  	-1         	0.491125
882	44    	0.267042   	0.271243 	-1         	0.491125
883	47    	0.175938   	0.401482 	-1         	0.527894
884	44    	0.11592    	0.495005 	-1         	0.527894
885	46    	0.157975   	0.442479 	-1         	0.527197
886	47    	0.156032   	0.433273 	-1         	0.491125
887	46    	0.00702415 	0.570389 	-1         	0.491125
888	48    	0.147069   	0.467502 	-1         	0.531872
889	47    	0.107511   	0.48944  	-1         	0.488065
890	45    	0.276095   	0.273544 	-1         	0.514274
891	44    	0.270396   	0.273092 	-1         	0.514274
892	47    	0.16814    	0.395622 	-1         	0.488065
893	45    	0.131012   	0.424896 	-1         	0.426446
894	44    	0.251569   	0.269153 	-1         	0.504505
895	45    	0.180675   	0.408233 	-1         	0.568599
896	41    	0.27267    	0.335698 	-1         	0.568599
897	42    	0.259925   	0.28333  	-1         	0.568599
898	47    	0.276724   	0.277078 	-1         	0.568599
899	46    	0.22089    	0.322072 	-1         	0.568599
900	44    	0.267962   	0.204841 	-1         	0.568599
901	45    	0.164557   	0.438148 	-1         	0.568599
902	46    	0.215336   	0.318328 	-1         	0.565069
903	45    	0.26258    	0.27108  	-1         	0.565069
904	46    	0.174674   	0.402541 	-1         	0.565069
905	46    	0.221558   	0.369013 	-1         	0.565069
906	44    	0.243316   	0.267725 	-1         	0.49213 
907	48    	0.256656   	0.267405 	-1         	0.49213 
908	42    	0.116375   	0.494007 	-1         	0.49213 
909	47    	0.181815   	0.359016 	-1         	0.49213 
910	48    	0.298961   	0.0768584	0.101245   	0.489774
911	44    	0.267202   	0.20033  	-1         	0.489774
912	46    	0.106931   	0.488148 	-1         	0.480925
913	47    	0.179727   	0.402315 	-1         	0.480925
914	47    	0.257441   	0.266669 	-1         	0.454972
915	46    	0.169651   	0.397267 	-1         	0.462791
916	42    	0.258835   	0.328894 	-1         	0.539815
917	48    	0.204594   	0.366025 	-1         	0.544489
918	47    	0.268236   	0.200949 	-1         	0.544489
919	48    	0.233524   	0.26654  	-1         	0.4624  
920	46    	0.277986   	0.194637 	-1         	0.4624  
921	49    	0.193894   	0.358545 	-1         	0.4624  
922	44    	0.255289   	0.268082 	-1         	0.461326
923	47    	0.170949   	0.39614  	-1         	0.449463
924	46    	-0.0493402 	0.596276 	-1         	0.481938
925	45    	0.0459488  	0.531153 	-1         	0.481938
926	48    	0.133905   	0.465614 	-1         	0.499845
927	48    	0.172646   	0.441089 	-1         	0.506796
928	45    	0.191684   	0.404218 	-1         	0.504286
929	49    	0.192498   	0.403442 	-1         	0.520715
930	46    	0.19254    	0.364327 	-1         	0.520715
931	46    	0.165905   	0.441699 	-1         	0.54782 
932	47    	0.206172   	0.370187 	-1         	0.54782 
933	45    	0.0918484  	0.481757 	-1         	0.444691
934	49    	0.0521943  	0.531336 	-1         	0.52519 
935	46    	0.00449408 	0.567904 	-1         	0.52519 
936	43    	0.096004   	0.521131 	-1         	0.52519 
937	42    	-0.00324531	0.597259 	-1         	0.52519 
938	43    	-0.000805218	0.598261 	-1         	0.52519 
939	46    	-0.0348564  	0.606776 	-1         	0.559376
940	46    	0.218405    	0.37273  	-1         	0.57449 
941	46    	0.0171222   	0.576893 	-1         	0.614594
942	46    	-0.0328769  	0.60712  	-1         	0.614594
943	48    	0.0824384   	0.513822 	-1         	0.52519 
944	47    	0.152591    	0.436545 	-1         	0.613749
945	47    	0.033794    	0.554927 	-1         	0.613749
946	43    	0.133151    	0.463248 	-1         	0.480585
947	46    	0.066463    	0.539954 	-1         	0.601985
948	46    	0.152384    	0.431939 	-1         	0.458994
949	44    	0.200423    	0.407999 	-1         	0.475455
950	48    	0.17299     	0.439942 	-1         	0.479729
951	46    	0.175834    	0.399703 	-1         	0.524743
952	46    	0.26755     	0.196022 	-1         	0.524743
953	47    	0.220198    	0.320419 	-1         	0.548785
954	47    	0.220463    	0.369514 	-1         	0.548785
955	49    	0.191233    	0.365122 	-1         	0.548785
956	47    	0.231066    	0.321646 	-1         	0.532311
957	45    	0.204954    	0.409628 	-1         	0.496392
958	49    	0.116774    	0.459371 	-1         	0.511672
959	45    	0.188167    	0.407814 	-1         	0.511672
960	45    	0.140922    	0.468608 	-1         	0.521153
961	46    	0.0632345   	0.538469 	-1         	0.535221
962	42    	0.0567575   	0.567471 	-1         	0.535221
963	48    	0.0805509   	0.509918 	-1         	0.477867
964	42    	0.122901    	0.463821 	-1         	0.477867
965	46    	0.182956    	0.403554 	-1         	0.512134
966	43    	0.156412    	0.47367  	-1         	0.471511
967	48    	0.0647915   	0.503428 	-1         	0.462386
968	45    	0.207199    	0.365075 	-1         	0.463077
969	47    	0.268264    	0.271583 	-1         	0.512359
970	44    	0.219268    	0.370162 	-1         	0.512359
971	45    	0.247147    	0.326775 	-1         	0.512359
972	46    	0.135314    	0.427977 	-1         	0.515523
973	44    	0.006426    	0.540375 	-1         	0.575617
974	48    	0.180564    	0.404168 	-1         	0.553185
975	44    	0.275112    	0.210903 	-1         	0.553185
976	44    	0.236419    	0.327801 	-1         	0.553185
977	46    	0.156983    	0.398642 	-1         	0.553185
978	46    	0.283727    	0.208142 	-1         	0.497014
979	45    	0.227503    	0.323759 	-1         	0.532322
980	45    	0.176323    	0.39962  	-1         	0.497014
981	49    	0.138903    	0.425611 	-1         	0.418796
982	46    	0.115728    	0.457594 	-1         	0.581024
983	45    	0.0663446   	0.505073 	-1         	0.487541
984	48    	0.234964    	0.268847 	-1         	0.455354
985	48    	0.176868    	0.401058 	-1         	0.455354
986	45    	0.306497    	0.0902676	0.0857727  	0.519674
987	48    	0.255143    	0.271516 	-1         	0.519674
988	46    	0.294945    	0.097862 	0.107844   	0.558149
989	48    	0.25624     	0.200027 	-1         	0.523741
990	46    	0.188903    	0.404732 	-1         	0.523741
991	46    	0.236642    	0.265985 	-1         	0.50602 
992	49    	0.249394    	0.19302  	-1         	0.444087
993	41    	0.296512    	0.202515 	-1         	0.51282 
994	46    	0.149152    	0.397317 	-1         	0.456775
995	43    	0.298426    	0.110026 	0.0920121  	0.592624
996	48    	0.26399     	0.129173 	-0.02      	0.592624
997	48    	0.276053    	0.109054 	-0.0166666 	0.575466
998	47    	0.289082    	0.0972791	0.0857288  	0.575466
999	49    	0.269021    	0.200844 	-1         	0.461537
1000	49    	0.273351    	0.204958 	-1         	0.499041
