gen	nevals	avg     	stddev	min     	max     
0  	50    	0.218369	0     	0.218369	0.218369
1  	46    	0.081614	0.122518	-0.0150001	0.514537
2  	46    	0.182954	0.169784	-0.0150001	0.514537
3  	41    	0.243589	0.21205 	-0.0166652	0.812825
4  	46    	0.191824	0.224073	-0.0166666	0.812977
5  	47    	0.235123	0.208144	-0.0166667	0.812977
6  	48    	0.354779	0.220171	-0.02     	0.812977
7  	45    	0.37017 	0.250096	-0.0175   	0.812977
8  	45    	0.35045 	0.279886	-0.0166667	0.812977
9  	46    	0.27122 	0.251832	-0.02     	0.812977
10 	44    	0.324016	0.260543	-0.0166667	0.812977
11 	46    	0.286059	0.25732 	-0.0166667	0.812977
12 	48    	0.26972 	0.250694	-0.0171429	0.812977
13 	46    	0.31751 	0.262235	-0.0171429	0.812825
14 	46    	0.337162	0.249354	-0.0166666	0.812977
15 	45    	0.292744	0.265692	-0.0166667	0.812977
16 	45    	0.26563 	0.261478	-0.0166667	0.812977
17 	47    	0.268192	0.232577	-0.0166667	0.812977
18 	42    	0.35521 	0.250726	-0.02     	0.819334
19 	48    	0.291795	0.280007	-0.0166667	0.819334
20 	49    	0.267723	0.26936 	-0.02     	0.813708
21 	45    	0.321239	0.266604	-0.0166667	0.813708
22 	45    	0.37126 	0.251812	-0.0166667	0.813708
23 	42    	0.398668	0.265843	-0.0160001	0.819334
24 	46    	0.292045	0.227591	-0.0166667	0.819334
25 	44    	0.277702	0.237829	-0.0174925	0.819334
26 	46    	0.354451	0.229883	-0.0166667	0.819334
27 	47    	0.325265	0.222109	-0.0166667	0.705984
28 	46    	0.400696	0.224481	-0.0133334	0.812977
29 	45    	0.311444	0.242361	-0.0171428	0.812977
30 	49    	0.292447	0.201617	-0.0166667	0.812977
31 	48    	0.304232	0.207536	-0.0175   	0.838461
32 	45    	0.379828	0.222071	-0.0171429	0.838461
33 	47    	0.387215	0.267008	-0.0177778	0.836975
34 	45    	0.347758	0.26726 	-0.0177778	0.833485
35 	46    	0.342084	0.247726	-0.0166667	0.813756
36 	46    	0.392639	0.264217	-0.0171429	0.835494
37 	44    	0.369984	0.273634	-0.0166652	0.835494
38 	45    	0.298696	0.279998	-0.02     	0.835494
39 	48    	0.3053  	0.243622	-0.0200001	0.729871
40 	47    	0.421302	0.214774	-0.0174998	0.728473
41 	42    	0.438702	0.228713	-0.016    	0.819458
42 	46    	0.364735	0.254398	-0.0177777	0.819458
43 	46    	0.272921	0.271364	-0.0175   	0.819403
44 	42    	0.485474	0.253361	-0.017143 	0.819403
45 	46    	0.398466	0.272479	-0.0166667	0.819403
46 	46    	0.319256	0.253956	-0.0166667	0.819403
47 	41    	0.397404	0.260295	-0.0166666	0.819403
48 	46    	0.379556	0.267842	-0.0166667	0.819403
49 	45    	0.378193	0.24994 	-0.0166666	0.819403
50 	44    	0.344167	0.273109	-0.0166667	0.819403
51 	46    	0.397074	0.276817	-0.0166667	0.813756
52 	48    	0.313981	0.250112	-0.0166667	0.813756
53 	46    	0.374813	0.237516	-0.0159976	0.813708
54 	47    	0.381838	0.253543	-0.0166666	0.813756
55 	48    	0.357574	0.262747	-0.0171429	0.813708
56 	45    	0.338384	0.276544	-0.0171429	0.833493
57 	47    	0.387497	0.265281	-0.0166667	0.812977
58 	48    	0.313258	0.265606	-0.02     	0.812977
59 	44    	0.343767	0.268937	-0.0166667	0.812977
60 	44    	0.37269 	0.279788	-0.0171428	0.812977
61 	49    	0.318681	0.265031	-0.0166667	0.812977
62 	48    	0.273408	0.261878	-0.0171428	0.812825
63 	45    	0.359645	0.289393	-0.0171429	0.812977
64 	47    	0.28054 	0.265787	-0.0175   	0.812825
65 	44    	0.349431	0.262006	-0.0166667	0.820462
66 	46    	0.340967	0.27491 	-0.0166667	0.846873
67 	46    	0.367059	0.285473	-0.0166667	0.978901
68 	44    	0.443884	0.267697	-0.0166667	0.978901
69 	45    	0.442199	0.250378	0.0748605 	0.978901
70 	46    	0.43136 	0.273882	0.058835  	0.978901
71 	47    	0.387835	0.291656	-0.0166652	0.978901
72 	46    	0.371023	0.266245	-0.0171429	0.978901
73 	48    	0.42001 	0.274757	-0.02     	0.983374
74 	49    	0.379827	0.270469	-0.016    	0.908184
75 	47    	0.429525	0.303195	-0.015    	0.987763
76 	47    	0.509694	0.295892	-0.0177778	0.98365 
77 	48    	0.463074	0.28534 	-0.0177778	0.987763
78 	44    	0.500862	0.297672	0.101719  	0.987763
79 	43    	0.617129	0.294432	0.064671  	0.98365 
80 	45    	0.549681	0.321398	-0.015    	1.05503 
81 	44    	0.497687	0.337673	-0.015    	1.05503 
82 	48    	0.476416	0.300075	-0.0166665	1.05503 
83 	48    	0.443975	0.300268	-0.016    	1.05503 
84 	45    	0.554986	0.303031	0.0796791 	0.98365 
85 	46    	0.559609	0.313118	-0.02     	0.98365 
86 	44    	0.521603	0.318041	0.0658902 	0.98365 
87 	44    	0.492292	0.310457	-0.02     	0.98365 
88 	46    	0.46624 	0.285532	-0.0177777	0.98365 
89 	49    	0.526935	0.271024	-0.016    	0.97106 
90 	46    	0.587353	0.274422	0.122613  	1.0552  
91 	47    	0.523772	0.332205	-0.0177778	1.15793 
92 	50    	0.52937 	0.298714	0.0851185 	1.03289 
93 	48    	0.596157	0.287159	0.0942835 	1.0552  
94 	45    	0.554835	0.309593	-0.015    	1.0552  
95 	45    	0.483081	0.306664	-0.0149999	1.0552  
96 	46    	0.563252	0.323536	-0.016    	1.0552  
97 	48    	0.48686 	0.263225	-0.016    	0.974494
98 	42    	0.533703	0.276076	-0.016    	1.0552  
99 	46    	0.577884	0.291013	0.107173  	1.0552  
100	45    	0.577098	0.280921	0.149516  	1.0552  
101	48    	0.538954	0.307634	-0.0133333	1.0552  
102	44    	0.497872	0.315563	-0.01     	1.0552  
103	44    	0.540658	0.31228 	-0.016    	1.0552  
104	48    	0.442376	0.290541	0.10574   	0.994759
105	43    	0.551834	0.304127	-0.0159957	0.994759
106	50    	0.542615	0.295988	-0.0133334	1.15793 
107	46    	0.556834	0.286008	-0.0175004	0.960947
108	49    	0.529011	0.299048	0.076073  	0.97961 
109	44    	0.517245	0.339537	-0.0200001	0.97961 
110	47    	0.425742	0.324664	-0.0177778	0.97961 
111	47    	0.41289 	0.302472	0.0820838 	0.97961 
112	48    	0.423805	0.296949	-0.0166667	0.978705
113	46    	0.531033	0.256448	-0.0175   	0.906711
114	44    	0.519557	0.277126	0.0735216 	0.982228
115	46    	0.422204	0.288623	0.0741948 	0.982228
116	45    	0.553831	0.306116	-0.0166592	0.982228
117	42    	0.584385	0.291437	0.120324  	0.982228
118	45    	0.484673	0.328388	0.0593016 	0.982228
119	47    	0.538276	0.316024	0.0773331 	1.06226 
120	48    	0.500126	0.333108	-0.0177779	1.06226 
121	48    	0.585129	0.312931	0.0574288 	1.07088 
122	48    	0.465001	0.344724	0.0662817 	1.07088 
123	48    	0.531162	0.322066	0.0612331 	0.985552
124	45    	0.522254	0.344502	-0.015    	0.985552
125	47    	0.556699	0.326339	0.0573272 	1.06712 
126	46    	0.584434	0.333759	-0.015    	1.07088 
127	44    	0.560533	0.323724	0.117381  	1.15693 
128	49    	0.498901	0.35699 	0.0556356 	1.06015 
129	45    	0.575568	0.340915	-0.0150001	1.15693 
130	46    	0.521036	0.354245	0.0626632 	1.15693 
131	48    	0.429645	0.382529	-0.0166666	1.07088 
132	48    	0.467061	0.345781	-0.0133333	1.07088 
133	43    	0.514252	0.37183 	0.0123699 	1.15693 
134	45    	0.420504	0.36195 	-0.0159999	1.15693 
135	43    	0.527662	0.385735	0.0529001 	1.15693 
136	47    	0.460299	0.380188	-0.016    	1.15693 
137	48    	0.412892	0.342201	0.0636274 	1.15693 
138	44    	0.527804	0.340063	-0.0149999	1.15693 
139	47    	0.494774	0.359552	-0.0181818	1.15693 
140	45    	0.513608	0.365252	-0.0133333	1.15693 
141	46    	0.535742	0.391267	-0.016    	1.15693 
142	43    	0.584762	0.361536	0.100178  	1.15693 
143	45    	0.560225	0.355667	0.0667685 	1.15693 
144	47    	0.430494	0.36187 	-0.0171428	1.15693 
145	46    	0.539914	0.341189	-0.0166637	1.15693 
146	47    	0.630545	0.325768	-0.0160001	1.15693 
147	47    	0.488059	0.33249 	-0.0166666	1.06015 
148	46    	0.55853 	0.332067	-0.0175   	1.06015 
149	46    	0.575506	0.330682	0.0747502 	1.1185  
150	47    	0.480691	0.308301	0.0744266 	0.994776
151	47    	0.561374	0.273777	-0.016    	0.994776
152	45    	0.551181	0.246783	0.150215  	0.938346
153	46    	0.501284	0.265923	-0.0171428	1.06015 
154	43    	0.5636  	0.298223	-0.015    	1.06015 
155	45    	0.500348	0.270555	0.136351  	1.06015 
156	47    	0.502689	0.284693	-0.015    	0.969836
157	48    	0.514821	0.301038	0.127539  	1.04479 
158	48    	0.526026	0.275753	0.0751956 	1.04479 
159	45    	0.603938	0.285113	0.123487  	1.04479 
160	45    	0.53304 	0.309386	-0.0150001	1.04479 
161	49    	0.483971	0.302568	0.120691  	1.03214 
162	45    	0.567183	0.310132	-0.0175   	1.04998 
163	47    	0.539779	0.28675 	0.153313  	1.04998 
164	45    	0.529136	0.303647	0.113263  	1.0376  
165	45    	0.562654	0.320208	0.0842334 	1.04919 
166	48    	0.520329	0.330558	0.136215  	1.04998 
167	49    	0.479686	0.3296  	-0.0181819	1.04998 
168	46    	0.46473 	0.302016	-0.0177749	0.976139
169	42    	0.571922	0.338109	0.141504  	1.04856 
170	45    	0.54619 	0.31877 	0.127193  	1.04812 
171	42    	0.635919	0.345357	0.144008  	1.11409 
172	45    	0.604523	0.35891 	0.102464  	1.11682 
173	46    	0.597754	0.335714	0.0917635 	1.11682 
174	45    	0.588114	0.355529	0.127884  	1.04884 
175	42    	0.564699	0.359086	-0.0181818	1.04884 
176	48    	0.630031	0.345609	0.0962783 	1.12053 
177	47    	0.507225	0.361233	0.082867  	1.11682 
178	43    	0.554353	0.341883	-0.0166666	1.04884 
179	45    	0.643672	0.325587	-0.0133332	1.04884 
180	49    	0.556298	0.343118	-0.0166667	1.11715 
181	46    	0.581285	0.36247 	-0.016    	1.11715 
182	46    	0.625256	0.328034	-0.015    	1.11715 
183	43    	0.673471	0.308935	0.124263  	1.11715 
184	48    	0.514003	0.353391	-0.0175   	1.11715 
185	41    	0.560025	0.370856	-0.02     	1.11715 
186	46    	0.599418	0.32956 	0.0991754 	1.11715 
187	44    	0.596662	0.362333	-0.0160002	1.11715 
188	46    	0.653661	0.358454	0.0820173 	1.11715 
189	44    	0.643663	0.371328	-0.0181818	1.11715 
190	48    	0.625602	0.364417	-0.0175   	1.11715 
191	47    	0.594672	0.347949	-0.0181818	1.11715 
192	46    	0.506622	0.349516	-0.018    	1.11715 
193	49    	0.55208 	0.30433 	-0.0171429	1.11301 
194	48    	0.55837 	0.34219 	-0.0166667	1.11715 
195	49    	0.618458	0.30827 	0.100341  	1.11715 
196	47    	0.54817 	0.346293	-0.0171428	1.11301 
197	44    	0.53069 	0.363938	-0.0171413	1.11715 
198	48    	0.490164	0.330235	0.109851  	1.11301 
199	45    	0.589618	0.318154	0.109473  	1.11301 
200	44    	0.629652	0.333621	-0.015    	1.11301 
201	48    	0.562728	0.34025 	0.119997  	1.04385 
202	46    	0.638504	0.332437	0.14097   	1.11572 
203	46    	0.513361	0.33339 	0.0764033 	1.11301 
204	45    	0.605582	0.342707	0.129827  	1.11301 
205	44    	0.594062	0.33172 	-0.015    	1.11301 
206	46    	0.508439	0.352301	-0.0199999	1.11715 
207	44    	0.533531	0.327246	-0.015    	1.11301 
208	44    	0.543908	0.350379	-0.0166652	1.11301 
209	45    	0.600543	0.333698	0.160632  	1.11301 
210	47    	0.530768	0.326592	-0.0160001	1.04769 
211	45    	0.634   	0.317102	0.129947  	1.11542 
212	49    	0.630147	0.302248	0.162835  	1.04552 
213	47    	0.538351	0.303014	-0.0150001	1.0469  
214	39    	0.636094	0.30843 	0.124875  	1.11831 
215	47    	0.598475	0.343299	-0.0171429	1.05093 
216	47    	0.533382	0.322115	-0.017143 	0.981356
217	45    	0.658372	0.271423	0.0741985 	0.982886
218	48    	0.571115	0.333478	-0.0159999	1.05935 
219	47    	0.655601	0.323806	0.114851  	1.11222 
220	43    	0.609617	0.366615	-0.00671136	1.11222 
221	47    	0.536476	0.350832	-0.0166584 	1.11222 
222	43    	0.730813	0.30341 	-0.0160001 	1.11222 
223	45    	0.68214 	0.336103	-0.0171428 	1.11658 
224	49    	0.503364	0.332544	0.121193   	1.04985 
225	49    	0.547008	0.325074	-0.0171428 	1.11725 
226	43    	0.689059	0.318128	0.186491   	1.12636 
227	46    	0.560644	0.381869	-0.016     	1.12636 
228	45    	0.560897	0.366728	0.116286   	1.12636 
229	46    	0.61287 	0.368375	0.141252   	1.12636 
230	46    	0.549743	0.395296	-0.0171427 	1.12636 
231	44    	0.581124	0.395024	-0.0166667 	1.12636 
232	46    	0.709373	0.359864	0.146223   	1.12636 
233	45    	0.617972	0.381943	-0.0171413 	1.12636 
234	49    	0.622266	0.339412	0.101744   	1.12636 
235	46    	0.600331	0.348314	0.0518127  	1.09843 
236	48    	0.547771	0.330848	-0.018     	1.09843 
237	47    	0.667377	0.292496	0.148138   	1.10485 
238	46    	0.543072	0.343401	-0.0177778 	1.09843 
239	46    	0.518761	0.35953 	-0.0183333 	1.12516 
240	45    	0.55881 	0.3579  	0.112769   	1.12516 
241	49    	0.509134	0.357039	-0.0166667 	1.11473 
242	48    	0.486408	0.319338	0.0850056  	1.03123 
243	44    	0.606307	0.318481	0.169449   	1.0649  
244	48    	0.515962	0.337989	-0.0133333 	1.03123 
245	45    	0.586816	0.346593	0.0996769  	1.11018 
246	45    	0.527403	0.362975	0.104459   	1.11018 
247	45    	0.500055	0.350186	-0.0177778 	1.06616 
248	47    	0.495546	0.35689 	0.0974813  	1.11018 
249	47    	0.508733	0.36618 	-0.0133333 	1.11018 
250	44    	0.66353 	0.352557	0.0664507  	1.12508 
251	45    	0.621839	0.3856  	-0.0175    	1.12508 
252	44    	0.712326	0.361265	0.039845   	1.12508 
253	44    	0.663074	0.37406 	0.0996769  	1.12508 
254	47    	0.519384	0.384828	-0.0133332 	1.12508 
255	48    	0.609657	0.377509	-0.0199999 	1.12508 
256	45    	0.609768	0.372969	0.0757216  	1.12508 
257	46    	0.632336	0.378592	-0.0177778 	1.12508 
258	48    	0.576968	0.359571	-0.0133337 	1.11855 
259	45    	0.608566	0.327993	0.139138   	1.11855 
260	43    	0.607277	0.347595	0.0965591  	1.03638 
261	45    	0.605095	0.368614	-0.0166666 	1.03311 
262	45    	0.583884	0.339174	-0.0150001 	1.03311 
263	46    	0.560331	0.325245	-0.0149999 	1.04601 
264	50    	0.559207	0.308936	0.0997967  	1.04477 
265	45    	0.564145	0.307455	0.183807   	1.04477 
266	47    	0.59959 	0.306821	0.123831   	1.03077 
267	47    	0.566397	0.331402	-0.0160001 	1.04629 
268	42    	0.638198	0.321801	-0.0171428 	1.04509 
269	48    	0.523513	0.346951	-0.0166666 	1.04011 
270	45    	0.630977	0.321217	-0.0171428 	1.02992 
271	46    	0.605553	0.304779	0.139761   	1.04509 
272	47    	0.614099	0.31969 	-0.015     	1.13746 
273	43    	0.607348	0.366325	0.165026   	1.17755 
274	46    	0.620676	0.353541	0.116829   	1.13746 
275	44    	0.660929	0.361667	-0.0175001 	1.13746 
276	48    	0.478937	0.369579	0.098017   	1.143   
277	46    	0.423163	0.354477	-0.0166666 	1.143   
278	46    	0.450255	0.356367	-0.0150001 	1.18384 
279	47    	0.577148	0.408121	-0.015     	1.143   
280	45    	0.484377	0.40877 	-0.0181818 	1.143   
281	44    	0.385806	0.33094 	-0.0133332 	1.13725 
282	46    	0.523068	0.355576	-0.0133334 	1.13725 
283	46    	0.528267	0.372899	-0.0133333 	1.15133 
284	46    	0.52828 	0.340445	0.105554   	1.15203 
285	45    	0.532384	0.346236	0.120416   	1.15203 
286	49    	0.446056	0.318074	-0.0150001 	0.996186
287	46    	0.54138 	0.30826 	-0.0171428 	1.00917 
288	45    	0.523782	0.314871	-0.0177778 	1.00917 
289	48    	0.491419	0.280043	0.1309     	0.997509
290	49    	0.508592	0.294219	-0.0160001 	1.02376 
291	45    	0.574798	0.313356	-0.0166667 	1.02666 
292	48    	0.511633	0.275155	0.0977818  	0.981321
293	46    	0.531457	0.274388	0.135921   	0.981321
294	47    	0.537381	0.300671	-0.0171429 	0.981321
295	43    	0.523912	0.296742	-0.0159977 	0.981321
296	49    	0.508025	0.268195	0.126306   	0.972179
297	47    	0.487765	0.260257	-0.016     	0.925793
298	46    	0.534428	0.222865	0.184092   	0.951567
299	47    	0.579024	0.272774	-0.0150001 	0.982487
300	45    	0.548016	0.268106	0.112162   	1.0088  
301	43    	0.602405	0.299638	0.0958694  	1.07364 
302	46    	0.51454 	0.261939	0.198014   	0.982487
303	42    	0.576029	0.299576	-0.0171429 	1.0663  
304	47    	0.563258	0.287533	0.198707   	0.989508
305	48    	0.513449	0.273983	-0.0166577 	0.99741 
306	47    	0.495014	0.317353	-0.015     	0.99741 
307	45    	0.583179	0.370054	-1         	0.99741 
308	44    	0.550318	0.32541 	-0.0174984 	1.04826 
309	45    	0.538875	0.316225	0.150078   	1.04826 
310	47    	0.431017	0.274593	-0.01      	1.04826 
311	44    	0.587123	0.302019	-0.0166667 	1.04826 
312	44    	0.603838	0.303038	-0.015     	1.0663  
313	47    	0.478887	0.30525 	0.157634   	1.0663  
314	46    	0.521924	0.302213	0.188064   	1.0663  
315	47    	0.599979	0.263972	0.206828   	1.0663  
316	46    	0.543437	0.297704	0.192152   	1.0663  
317	47    	0.441991	0.302333	-0.0175    	1.04351 
318	48    	0.488494	0.28624 	0.101132   	1.00008 
319	48    	0.546513	0.274018	-0.02      	1.04351 
320	45    	0.509484	0.299797	-0.0159955 	1.04351 
321	46    	0.525216	0.2925  	0.141634   	1.05667 
322	47    	0.523617	0.280581	-0.0171429 	1.11198 
323	45    	0.544259	0.306217	0.128891   	1.11198 
324	44    	0.51845 	0.347688	-0.0175    	1.11198 
325	46    	0.526214	0.348313	0.112353   	1.11198 
326	46    	0.502692	0.326798	-0.0160001 	1.05295 
327	44    	0.591159	0.326862	0.0865408  	1.05295 
328	43    	0.521105	0.351796	-0.0171413 	1.05295 
329	47    	0.503138	0.339722	-0.0166667 	1.05611 
330	47    	0.523561	0.290904	0.142594   	1.05295 
331	45    	0.574576	0.283928	0.143677   	1.03527 
332	47    	0.443321	0.292396	-0.0171429 	0.99473 
333	45    	0.577422	0.268143	0.0927433  	0.996776
334	46    	0.578556	0.255706	0.159302   	0.961952
335	44    	0.560614	0.269291	0.168885   	0.961952
336	45    	0.472512	0.271056	-0.0166667 	0.961952
337	45    	0.469164	0.263901	-0.0133332 	0.986183
338	47    	0.469002	0.283402	0.116266   	1.14732 
339	47    	0.47175 	0.371678	-1         	1.14732 
340	47    	0.477502	0.311855	0.0716558  	1.14732 
341	46    	0.506208	0.31157 	0.11714    	1.14732 
342	43    	0.539374	0.32123 	0.144074   	1.14732 
343	43    	0.553673	0.32039 	-0.015     	1.14732 
344	44    	0.507836	0.397127	-1         	1.14732 
345	48    	0.512115	0.319777	-0.0133333 	1.14732 
346	49    	0.485561	0.301243	-0.02      	1.08232 
347	44    	0.546048	0.377595	-1         	1.05295 
348	47    	0.476425	0.282736	-0.0183334 	1.0481  
349	47    	0.52321 	0.296747	0.0978857  	1.0481  
350	50    	0.5408  	0.320209	0.0658597  	1.1156  
351	48    	0.439297	0.292376	0.108877   	1.00372 
352	45    	0.512754	0.316075	-0.01      	1.0481  
353	41    	0.519286	0.327493	-0.018     	1.0481  
354	46    	0.54546 	0.321116	0.112246   	1.04388 
355	48    	0.434154	0.369267	-1         	1.04976 
356	42    	0.573863	0.334784	0.15387    	1.05274 
357	43    	0.521283	0.351069	-0.0171435 	1.05274 
358	46    	0.439595	0.460362	-1         	1.11252 
359	47    	0.439188	0.31636 	-0.01      	1.0552  
360	47    	0.515578	0.341621	0.0809699  	1.11252 
361	42    	0.494453	0.322616	0.1168     	1.11252 
362	47    	0.387592	0.371029	-1         	1.11252 
363	47    	0.470709	0.316744	-0.0171428 	1.15849 
364	46    	0.401705	0.439277	-1         	1.15849 
365	44    	0.506289	0.343035	0.121549   	1.15849 
366	47    	0.445232	0.312761	0.125152   	1.15849 
367	46    	0.422091	0.424141	-1         	1.15849 
368	46    	0.460254	0.362614	-1         	1.03325 
369	46    	0.598913	0.30087 	0.140634   	1.0356  
370	44    	0.534746	0.310717	0.163294   	1.03325 
371	45    	0.560342	0.323863	-0.016     	1.01987 
372	46    	0.539006	0.386228	-1         	1.01987 
373	49    	0.44952 	0.285163	0.105898   	1.07814 
374	42    	0.60509 	0.293953	-0.0175    	1.07814 
375	47    	0.495522	0.368463	-1         	1.07814 
376	45    	0.568776	0.31073 	0.15377    	1.14918 
377	49    	0.466421	0.311168	-0.0166667 	1.07814 
378	48    	0.432632	0.350735	-1         	1.11554 
379	49    	0.457588	0.319754	-1         	1.04235 
380	47    	0.45027 	0.356311	-1         	1.04235 
381	49    	0.491054	0.221893	0.118281   	1.04112 
382	45    	0.473005	0.381459	-1         	1.04112 
383	49    	0.451494	0.232351	-0.0171428 	0.946584
384	47    	0.490906	0.32061 	-1         	0.960307
385	44    	0.512398	0.243013	0.151066   	0.960307
386	43    	0.561284	0.417054	-1         	0.968274
387	48    	0.375527	0.482975	-1         	0.960307
388	49    	0.466973	0.322623	-1         	0.959364
389	47    	0.502786	0.266626	-0.0150001 	0.964351
390	46    	0.502079	0.28686 	-0.0166667 	0.968274
391	46    	0.542975	0.302146	0.0286281  	1.00868 
392	42    	0.580381	0.366603	-1         	1.02123 
393	44    	0.491943	0.394261	-1         	1.09562 
394	46    	0.540017	0.346619	-0.02      	1.13021 
395	43    	0.653107	0.357039	0.120547   	1.13021 
396	45    	0.529155	0.368095	0.118949   	1.13136 
397	48    	0.433111	0.449119	-1         	1.21937 
398	46    	0.438984	0.405595	-1         	1.21937 
399	48    	0.501169	0.412665	-1         	1.28393 
400	48    	0.474282	0.335279	-0.0177776 	1.19846 
401	48    	0.466131	0.378691	-1         	1.16489 
402	49    	0.445336	0.372091	-1         	1.14639 
403	47    	0.562938	0.340825	-0.0183333 	1.14639 
404	48    	0.481323	0.310286	0.139431   	1.11014 
405	47    	0.545023	0.301951	-0.0149998 	1.11014 
406	45    	0.536404	0.310707	0.127268   	1.11014 
407	44    	0.528643	0.366883	-1         	1.11014 
408	46    	0.511813	0.325896	0.142351   	1.12763 
409	46    	0.490867	0.302152	0.183755   	1.12763 
410	46    	0.498107	0.317717	0.0925689  	1.12763 
411	46    	0.527198	0.316506	-0.0174925 	1.12763 
412	45    	0.593898	0.323327	0.139241   	1.12763 
413	49    	0.476339	0.270257	0.163588   	1.10574 
414	47    	0.461426	0.292307	-0.015     	1.05125 
415	46    	0.475883	0.285425	-0.0166667 	1.10574 
416	43    	0.539971	0.317816	-0.016     	1.16011 
417	46    	0.434517	0.437059	-1         	1.10574 
418	46    	0.47772 	0.393324	-1         	1.10574 
419	45    	0.492117	0.335048	-0.0175    	1.10574 
420	43    	0.576069	0.435199	-1         	1.19846 
421	46    	0.631824	0.43469 	-1         	1.13889 
422	46    	0.632364	0.376445	-0.018     	1.21657 
423	45    	0.587914	0.356651	-0.015     	1.21657 
424	43    	0.511285	0.338799	-0.0160001 	1.12763 
425	48    	0.502878	0.333517	0.0593426  	1.14746 
426	50    	0.510151	0.262842	0.195695   	1.05776 
427	48    	0.491953	0.416281	-1         	1.12765 
428	45    	0.661157	0.28307 	0.181912   	1.10407 
429	44    	0.431842	0.481215	-1         	1.14224 
430	47    	0.576316	0.371914	-1         	1.10407 
431	44    	0.565744	0.321354	-0.0160001 	1.05134 
432	47    	0.491652	0.365791	-1         	1.05002 
433	48    	0.498624	0.429603	-1         	1.13716 
434	48    	0.575612	0.344104	-0.0175001 	1.13716 
435	45    	0.633839	0.330658	0.107575   	1.13533 
436	45    	0.521478	0.348003	-0.015     	1.13716 
437	44    	0.552907	0.335268	-0.0160001 	1.13716 
438	47    	0.563249	0.359398	-0.0133333 	1.08602 
439	46    	0.512669	0.32952 	-0.0149999 	1.0998  
440	46    	0.470115	0.291641	0.101746   	1.0998  
441	46    	0.507324	0.294908	0.127391   	1.13711 
442	49    	0.41051 	0.280467	-0.016     	1.13711 
443	43    	0.564045	0.306214	-0.016     	1.1242  
444	46    	0.507227	0.296616	-0.0174998 	1.13481 
445	48    	0.555313	0.282684	0.11903    	1.13481 
446	45    	0.599486	0.307194	-0.0133332 	1.13481 
447	46    	0.549288	0.317807	0.145636   	1.13481 
448	46    	0.523836	0.323529	0.111922   	1.13481 
449	45    	0.513934	0.325462	-0.016     	1.1242  
450	44    	0.492653	0.339582	-0.0133332 	1.13481 
451	49    	0.55659 	0.33356 	0.128221   	1.13716 
452	48    	0.527114	0.317197	0.0746195  	1.1242  
453	42    	0.609458	0.34363 	0.0936906  	1.13716 
454	44    	0.51649 	0.346637	-0.0177778 	1.13716 
455	46    	0.566586	0.345   	-0.0133334 	1.13716 
456	46    	0.596778	0.319924	0.0618684  	1.13716 
457	47    	0.568021	0.297149	-0.0171429 	1.13716 
458	46    	0.56977 	0.376146	-1         	1.13543 
459	45    	0.541056	0.315252	-0.024     	1.05234 
460	47    	0.591056	0.311125	0.0811883  	1.1353  
461	46    	0.593815	0.298173	0.0559891  	1.05234 
462	46    	0.603818	0.376991	-1         	1.0537  
463	45    	0.664023	0.430671	-1         	1.13212 
464	44    	0.724192	0.301922	0.0921813  	1.13212 
465	45    	0.656818	0.300347	0.182019   	1.13212 
466	46    	0.63498 	0.459918	-1         	1.13212 
467	45    	0.64177 	0.400991	-1         	1.13212 
468	45    	0.539309	0.30269 	-0.0133334 	1.13212 
469	48    	0.629704	0.336963	-0.016     	1.10173 
470	47    	0.554224	0.309808	0.0927733  	1.10173 
471	46    	0.566113	0.466652	-1         	1.12351 
472	42    	0.610726	0.342414	0.11469    	1.12351 
473	47    	0.635246	0.347771	0.0633005  	1.1319  
474	46    	0.650763	0.323827	-0.0180001 	1.12351 
475	48    	0.643293	0.310905	0.09324    	1.12351 
476	45    	0.413778	0.604245	-1         	1.12351 
477	47    	0.588076	0.294762	0.15475    	1.12351 
478	48    	0.583584	0.377543	-1         	1.0551  
479	46    	0.630099	0.38317 	-1         	1.1319  
480	47    	0.600446	0.299615	0.0990309  	1.13091 
481	46    	0.640936	0.331403	0.0916028  	1.13349 
482	48    	0.585059	0.331205	-0.015     	1.13737 
483	46    	0.574857	0.334785	0.157952   	1.13349 
484	46    	0.5592  	0.3818  	-1         	1.13737 
485	45    	0.599937	0.341862	0.057355   	1.13349 
486	47    	0.52632 	0.381425	-1         	1.08043 
487	45    	0.592774	0.383665	-1         	1.12805 
488	49    	0.629492	0.284523	0.22871    	1.13068 
489	44    	0.67547 	0.303393	0.200265   	1.09583 
490	47    	0.571834	0.348882	-1         	1.08043 
491	43    	0.626727	0.329346	0.0634679  	1.08043 
492	44    	0.589722	0.334962	-0.0149999 	1.08043 
493	46    	0.569273	0.415242	-1         	1.08043 
494	46    	0.619216	0.336418	0.127875   	1.07871 
495	43    	0.651336	0.323845	0.139177   	1.07871 
496	45    	0.529246	0.46002 	-1         	1.07871 
497	47    	0.510958	0.318204	0.141274   	1.07973 
498	43    	0.571161	0.33304 	-0.0177777 	1.07973 
499	44    	0.59731 	0.331221	-0.018     	1.06487 
500	49    	0.442099	0.482253	-1         	1.10349 
501	47    	0.474396	0.508559	-1         	1.10349 
502	46    	0.575366	0.402461	-1         	1.10349 
503	46    	0.533233	0.401604	-1         	1.1087  
504	44    	0.612736	0.337146	0.0860828  	1.1087  
505	48    	0.500398	0.326638	-0.0133333 	1.1087  
506	47    	0.626653	0.321471	0.139246   	1.14032 
507	48    	0.630609	0.333153	-0.0175    	1.14032 
508	48    	0.566839	0.383041	-1         	1.14032 
509	44    	0.623121	0.308969	0.141481   	1.10491 
510	47    	0.573067	0.378597	-1         	1.09911 
511	48    	0.5691  	0.352158	-1         	1.09753 
512	47    	0.602686	0.278109	-0.0133334 	1.05713 
513	45    	0.590172	0.302577	0.109321   	1.05713 
514	47    	0.491008	0.375648	-1         	1.13481 
515	47    	0.492307	0.41657 	-1         	1.00972 
516	45    	0.55097 	0.424062	-1         	1.00972 
517	45    	0.613982	0.369285	-1         	1.07955 
518	48    	0.40216 	0.50893 	-1         	1.07955 
519	44    	0.512392	0.364442	-1         	1.01839 
520	41    	0.570429	0.529394	-1         	1.01839 
521	46    	0.528923	0.527399	-1         	1.07955 
522	47    	0.446459	0.508575	-1         	1.07955 
523	47    	0.522287	0.414648	-1         	1.01542 
524	43    	0.636505	0.296122	-0.0171429 	1.09242 
525	44    	0.536795	0.378673	-1         	1.06089 
526	47    	0.599654	0.325287	-0.0166665 	1.11586 
527	49    	0.495229	0.426003	-1         	1.05304 
528	47    	0.449311	0.357852	-1         	1.03742 
529	45    	0.518786	0.429488	-1         	1.09329 
530	47    	0.52881 	0.48118 	-1         	1.07183 
531	45    	0.480743	0.477378	-1         	1.04087 
532	45    	0.46944 	0.494472	-1         	1.04087 
533	47    	0.658235	0.359832	-1         	1.03726 
534	49    	0.513118	0.464098	-1         	0.998952
535	45    	0.493284	0.504797	-1         	1.02018 
536	46    	0.517493	0.4068  	-1         	1.04087 
537	45    	0.522604	0.270613	0.14383    	1.04087 
538	50    	0.567317	0.412359	-1         	1.13801 
539	43    	0.664963	0.379781	-1         	1.13801 
540	43    	0.553781	0.50961 	-1         	1.13801 
541	43    	0.448531	0.553971	-1         	1.13801 
542	44    	0.548456	0.525049	-1         	1.13801 
543	44    	0.539044	0.40584 	-1         	1.09038 
544	46    	0.466399	0.284297	-0.01      	1.09038 
545	40    	0.567978	0.408676	-1         	1.11079 
546	45    	0.518027	0.495845	-1         	1.11079 
547	46    	0.614531	0.338155	0.146935   	1.11079 
548	40    	0.626557	0.36337 	0.0394364  	1.11079 
549	41    	0.533627	0.436171	-1         	1.11079 
550	49    	0.591443	0.429245	-1         	1.11079 
551	45    	0.35885 	0.523906	-1         	1.10949 
552	43    	0.529188	0.32532 	0.164615   	1.10949 
553	45    	0.574807	0.350423	0.146935   	1.13958 
554	47    	0.501108	0.392577	-1         	1.11871 
555	46    	0.612189	0.341191	-0.0171429 	1.12694 
556	44    	0.527521	0.314465	0.145973   	1.12694 
557	46    	0.504479	0.321206	-0.015     	1.10519 
558	43    	0.589347	0.331831	-0.0181818 	1.10519 
559	45    	0.582792	0.380449	-1         	1.05797 
560	43    	0.55611 	0.381144	-1         	1.07525 
561	44    	0.583568	0.313767	-0.0133333 	1.07525 
562	44    	0.489056	0.378115	-1         	1.07525 
563	46    	0.437184	0.361402	-1         	1.07525 
564	48    	0.363466	0.332783	-1         	1.05721 
565	41    	0.45108 	0.352835	-1         	1.05721 
566	48    	0.288532	0.489301	-1         	1.05721 
567	47    	0.483627	0.247373	0.172912   	1.05817 
568	46    	0.582578	0.269087	0.166169   	1.05721 
569	47    	0.562832	0.278015	0.117386   	1.05842 
570	43    	0.450011	0.346885	-1         	1.05842 
571	47    	0.471566	0.280513	0.127424   	1.05837 
572	47    	0.495305	0.351917	-1         	1.03299 
573	43    	0.474531	0.34528 	-1         	0.992344
574	48    	0.49972 	0.277117	-0.0171413 	1.05842 
575	46    	0.521902	0.310821	-0.0166667 	1.05899 
576	46    	0.531053	0.270531	0.190613   	1.05899 
577	47    	0.439801	0.410242	-1         	1.05899 
578	42    	0.590834	0.301138	0.172834   	1.05899 
579	47    	0.469866	0.267013	0.136053   	1.06416 
580	47    	0.480014	0.264593	0.114828   	1.05899 
581	47    	0.512441	0.241673	0.100853   	1.05533 
582	47    	0.535886	0.284426	-0.0171429 	1.06102 
583	49    	0.554088	0.357913	-1         	1.04427 
584	49    	0.568085	0.312012	0.14703    	1.06291 
585	49    	0.536137	0.33407 	-0.015     	1.0446  
586	44    	0.567643	0.315296	0.169344   	1.0446  
587	43    	0.569167	0.410696	-1         	1.06102 
588	44    	0.535165	0.396029	-1         	1.06102 
589	43    	0.568218	0.401191	-1         	1.06102 
590	45    	0.567706	0.361773	0.0530339  	1.09546 
591	44    	0.619118	0.344661	0.153094   	1.11261 
592	46    	0.602965	0.361377	-0.018     	1.11225 
593	48    	0.570685	0.342205	-0.0199998 	1.06758 
594	47    	0.614176	0.340176	-0.0175    	1.06758 
595	50    	0.391131	0.365058	-1         	0.995544
596	46    	0.506908	0.295595	0.124026   	1.05676 
597	46    	0.539543	0.372298	-1         	1.05676 
598	45    	0.541127	0.385226	-1         	0.997648
599	45    	0.574795	0.381628	-1         	1.12925 
600	44    	0.659981	0.316904	0.129902   	1.12925 
601	48    	0.584108	0.306894	-0.0175    	1.04448 
602	46    	0.601266	0.34473 	-0.0171429 	1.11591 
603	48    	0.4992  	0.545994	-1         	1.16689 
604	48    	0.499529	0.502735	-1         	1.11609 
605	47    	0.356948	0.668378	-1         	1.11609 
606	45    	0.506528	0.519722	-1         	1.18432 
607	47    	0.613365	0.47861 	-1         	1.18432 
608	42    	0.600214	0.454479	-1         	1.18432 
609	45    	0.479706	0.534477	-1         	1.18432 
610	44    	0.552275	0.382726	0.0751597  	1.18432 
611	44    	0.612162	0.450788	-1         	1.19134 
612	49    	0.5879  	0.369518	-0.016     	1.18432 
613	43    	0.651821	0.419813	-1         	1.19132 
614	48    	0.63683 	0.375761	0.0946871  	1.17163 
615	46    	0.608838	0.422327	-1         	1.17163 
616	49    	0.508043	0.406993	-1         	1.17163 
617	49    	0.399696	0.581199	-1         	1.1753  
618	47    	0.53024 	0.405658	-1         	1.1753  
619	46    	0.51545 	0.454548	-1         	1.15906 
620	44    	0.577885	0.393622	-1         	1.15906 
621	43    	0.582774	0.438332	-1         	1.10397 
622	46    	0.650529	0.378642	-1         	1.1002  
623	48    	0.571655	0.390222	-1         	1.14682 
624	47    	0.522969	0.448275	-1         	1.05025 
625	45    	0.681485	0.383613	-1         	1.05025 
626	47    	0.464276	0.620951	-1         	1.14682 
627	44    	0.707418	0.323654	0.13125    	1.14682 
628	46    	0.523616	0.465648	-1         	1.14682 
629	50    	0.442607	0.569452	-1         	1.0583  
630	46    	0.517042	0.581259	-1         	1.1162  
631	47    	0.513341	0.556906	-1         	1.1162  
632	46    	0.523344	0.518432	-1         	1.17431 
633	44    	0.443682	0.525757	-1         	1.17431 
634	45    	0.525898	0.48255 	-1         	1.17431 
635	48    	0.411723	0.44305 	-1         	1.11674 
636	48    	0.505847	0.450424	-1         	1.1162  
637	48    	0.351788	0.537234	-1         	1.1162  
638	48    	0.43484 	0.470779	-1         	1.0529  
639	48    	0.480749	0.442609	-1         	1.1188  
640	44    	0.550502	0.404526	-1         	1.1188  
641	47    	0.438488	0.519049	-1         	1.1188  
642	46    	0.463857	0.507947	-1         	1.10886 
643	49    	0.534547	0.45696 	-1         	1.11796 
644	42    	0.713908	0.321204	0.146652   	1.12143 
645	46    	0.511856	0.426463	-1         	1.12143 
646	45    	0.433604	0.552848	-1         	1.12143 
647	41    	0.529504	0.49017 	-1         	1.12143 
648	47    	0.542878	0.453694	-1         	1.17634 
649	47    	0.487627	0.530245	-1         	1.12143 
650	47    	0.650086	0.36977 	0.05954    	1.12143 
651	48    	0.424438	0.511261	-1         	1.17634 
652	46    	0.60635 	0.43292 	-1         	1.17634 
653	47    	0.475251	0.525432	-1         	1.17634 
654	42    	0.558498	0.483125	-1         	1.17634 
655	48    	0.520197	0.353021	-0.0166592 	1.17634 
656	48    	0.510552	0.352333	0.143508   	1.17634 
657	44    	0.397265	0.482707	-1         	1.17634 
658	45    	0.492625	0.452967	-1         	1.17634 
659	48    	0.44547 	0.503696	-1         	1.11442 
660	45    	0.540245	0.429023	-1         	1.11132 
661	45    	0.591436	0.425136	-1         	1.18454 
662	47    	0.564719	0.444124	-1         	1.18454 
663	48    	0.567841	0.473028	-1         	1.11522 
664	43    	0.465485	0.52522 	-1         	1.19183 
665	45    	0.597939	0.392223	-0.0177778 	1.19183 
666	48    	0.444605	0.59676 	-1         	1.19183 
667	48    	0.638815	0.34313 	0.0464695  	1.11534 
668	42    	0.686726	0.462902	-1         	1.11534 
669	43    	0.574007	0.577294	-1         	1.119   
670	48    	0.590967	0.491376	-1         	1.19183 
671	44    	0.710777	0.501161	-1         	1.19183 
672	45    	0.700523	0.445098	-1         	1.19183 
673	44    	0.520045	0.578035	-1         	1.18573 
674	45    	0.651243	0.443099	-1         	1.11981 
675	47    	0.536026	0.524179	-1         	1.17944 
676	46    	0.608754	0.485898	-1         	1.17944 
677	43    	0.610459	0.484743	-1         	1.17944 
678	47    	0.546128	0.460013	-1         	1.17944 
679	47    	0.612119	0.387289	-1         	1.18258 
680	45    	0.568194	0.463302	-1         	1.11958 
681	46    	0.707244	0.322027	0.107283   	1.18339 
682	45    	0.608819	0.33747 	-0.0184615 	1.18339 
683	45    	0.544536	0.471458	-1         	1.11862 
684	44    	0.484049	0.49912 	-1         	1.11639 
685	47    	0.551284	0.469296	-1         	1.18339 
686	46    	0.531322	0.52457 	-1         	1.18339 
687	48    	0.641993	0.475691	-1         	1.18339 
688	50    	0.507006	0.547585	-1         	1.11331 
689	48    	0.621274	0.403773	-1         	1.12035 
690	42    	0.645891	0.357267	0.0705014  	1.17559 
691	46    	0.635881	0.432745	-1         	1.17559 
692	46    	0.524962	0.437384	-1         	1.17559 
693	44    	0.487192	0.534094	-1         	1.1171  
694	44    	0.49832 	0.483714	-1         	1.1199  
695	47    	0.56687 	0.48812 	-1         	1.1199  
696	40    	0.623407	0.534064	-1         	1.1199  
697	47    	0.550658	0.524109	-1         	1.12096 
698	44    	0.558108	0.440658	-1         	1.12096 
699	47    	0.573989	0.352065	0.150931   	1.12096 
700	44    	0.559714	0.529114	-1         	1.11297 
701	45    	0.687415	0.349656	0.148264   	1.1199  
702	48    	0.530492	0.419892	-1         	1.11156 
703	48    	0.602816	0.303088	0.143647   	1.11156 
704	46    	0.481273	0.534989	-1         	1.10886 
705	47    	0.636448	0.365945	-1         	1.05484 
706	46    	0.49935 	0.595665	-1         	1.05569 
707	46    	0.575039	0.501456	-1         	1.11921 
708	45    	0.58518 	0.464603	-1         	1.19052 
709	44    	0.676715	0.374074	-0.0166667 	1.19052 
710	45    	0.506412	0.482492	-1         	1.11967 
711	45    	0.47643 	0.519155	-1         	1.16374 
712	48    	0.483382	0.466457	-1         	1.18167 
713	45    	0.538998	0.457117	-1         	1.10863 
714	47    	0.509408	0.32314 	-0.0177778 	1.10863 
715	41    	0.54301 	0.489724	-1         	1.10863 
716	47    	0.600329	0.47564 	-1         	1.10863 
717	48    	0.56032 	0.499038	-1         	1.05786 
718	47    	0.405   	0.471959	-1         	1.05786 
719	45    	0.598331	0.402718	-1         	1.05786 
720	45    	0.654349	0.319057	0.126123   	1.11644 
721	46    	0.582214	0.336396	0.152687   	1.11644 
722	48    	0.424031	0.497941	-1         	1.11926 
723	49    	0.59032 	0.330071	-0.0150001 	1.11644 
724	48    	0.409965	0.509641	-1         	1.05663 
725	43    	0.455528	0.521105	-1         	1.05301 
726	47    	0.530981	0.441922	-1         	1.12256 
727	46    	0.496119	0.426296	-1         	1.12256 
728	46    	0.578607	0.324941	-0.0177778 	1.10967 
729	48    	0.507969	0.311693	-0.015     	1.05778 
730	43    	0.544295	0.428594	-1         	1.05445 
731	47    	0.425593	0.477774	-1         	1.08098 
732	48    	0.540571	0.389179	-1         	1.08098 
733	49    	0.382881	0.543758	-1         	0.988887
734	46    	0.591679	0.476763	-1         	1.11149 
735	46    	0.396688	0.627221	-1         	1.08098 
736	43    	0.591477	0.386351	-1         	1.08098 
737	44    	0.548405	0.351832	-1         	1.00173 
738	46    	0.416817	0.596525	-1         	1.05632 
739	48    	0.491744	0.473187	-1         	1.05632 
740	45    	0.556224	0.465171	-1         	1.05488 
741	43    	0.505347	0.521005	-1         	1.02675 
742	45    	0.542868	0.576662	-1         	1.05025 
743	46    	0.515369	0.586611	-1         	1.05015 
744	43    	0.611779	0.403707	-1         	1.04914 
745	43    	0.529378	0.55287 	-1         	1.05068 
746	49    	0.565635	0.316433	0.153795   	1.05068 
747	48    	0.51086 	0.444217	-1         	1.06779 
748	48    	0.49313 	0.471532	-1         	1.08841 
749	47    	0.426385	0.527442	-1         	1.08841 
750	43    	0.532574	0.386534	-1         	1.17311 
751	48    	0.440383	0.475194	-1         	1.09404 
752	47    	0.484691	0.431983	-1         	1.08843 
753	46    	0.470362	0.492943	-1         	1.07694 
754	46    	0.577455	0.386412	-1         	1.05262 
755	41    	0.61501 	0.399383	-1         	1.05262 
756	45    	0.559361	0.505608	-1         	1.05262 
757	47    	0.645263	0.466591	-1         	1.05326 
758	46    	0.488184	0.500015	-1         	1.18853 
759	47    	0.723321	0.380751	-1         	1.09792 
760	48    	0.569056	0.459287	-1         	1.18853 
761	47    	0.498858	0.601458	-1         	1.18853 
762	45    	0.693613	0.398019	-1         	1.18853 
763	45    	0.651806	0.406017	-1         	1.11117 
764	48    	0.540088	0.527199	-1         	1.18853 
765	48    	0.613295	0.42552 	-1         	1.17834 
766	50    	0.499294	0.401576	-1         	1.04051 
767	47    	0.601695	0.301084	-0.0175    	1.03683 
768	44    	0.614442	0.313075	0.132218   	1.17834 
769	46    	0.529302	0.492612	-1         	1.03864 
770	45    	0.547739	0.361782	-1         	1.0474  
771	47    	0.526299	0.422908	-1         	1.0474  
772	45    	0.500641	0.381274	-1         	1.10696 
773	42    	0.615163	0.378659	-1         	1.0474  
774	48    	0.466245	0.516473	-1         	1.0474  
775	46    	0.726115	0.299072	-0.0171428 	1.16246 
776	44    	0.654364	0.417652	-1         	1.16246 
777	45    	0.490179	0.465161	-1         	1.16246 
778	47    	0.376177	0.61826 	-1         	1.17848 
779	46    	0.451899	0.467994	-1         	1.17848 
780	45    	0.651021	0.383202	-1         	1.09065 
781	44    	0.542114	0.544502	-1         	1.09594 
782	47    	0.643059	0.498472	-1         	1.11776 
783	46    	0.567975	0.404366	-1         	1.11776 
784	44    	0.617029	0.462358	-1         	1.11776 
785	48    	0.570089	0.302254	0.208211   	1.12295 
786	45    	0.654224	0.388033	-1         	1.12295 
787	45    	0.603198	0.468165	-1         	1.12295 
788	42    	0.697079	0.337699	-0.0166667 	1.06914 
789	46    	0.625975	0.334674	0.128703   	1.06914 
790	44    	0.540987	0.470554	-1         	1.06946 
791	47    	0.525062	0.414348	-1         	1.13629 
792	46    	0.585684	0.40312 	-1         	1.13935 
793	46    	0.465033	0.407625	-1         	1.13935 
794	46    	0.567698	0.411841	-1         	1.13935 
795	47    	0.599657	0.336199	0.116714   	1.11515 
796	48    	0.559732	0.393921	-1         	1.06761 
797	46    	0.547594	0.335681	-0.01      	1.06761 
798	47    	0.506374	0.303007	0.106239   	1.06761 
799	43    	0.522881	0.317369	-0.0160001 	1.06761 
800	47    	0.48683 	0.375738	-1         	1.07455 
801	46    	0.518595	0.327371	-0.0159892 	1.06789 
802	42    	0.599744	0.363023	-0.02      	1.07414 
803	48    	0.552977	0.358542	-0.0177777 	1.06857 
804	46    	0.473129	0.334029	-0.0175    	1.1144  
805	46    	0.532393	0.309479	0.141655   	1.1144  
806	49    	0.425981	0.303955	-0.0166667 	1.06761 
807	42    	0.603883	0.288608	0.160154   	1.06761 
808	44    	0.515804	0.32362 	-0.0171427 	1.06761 
809	46    	0.547354	0.324079	0.141614   	1.06761 
810	46    	0.558656	0.357507	0.0531666  	1.07456 
811	47    	0.504518	0.342704	0.105926   	1.07456 
812	46    	0.561921	0.335675	-0.0199999 	1.07456 
813	42    	0.60873 	0.345888	-0.018     	1.07456 
814	45    	0.524939	0.349039	-0.0166667 	1.07456 
815	44    	0.497104	0.351151	-0.0166665 	1.07304 
816	49    	0.575349	0.356332	0.0985525  	1.07456 
817	47    	0.531568	0.372851	-0.0166667 	1.13807 
818	45    	0.51516 	0.361532	0.053625   	1.13807 
819	44    	0.595917	0.364074	-0.0175    	1.13807 
820	45    	0.523916	0.364502	0.0582976  	1.13736 
821	48    	0.420691	0.324984	-0.0166665 	1.13736 
822	44    	0.463064	0.324642	-0.01      	1.13736 
823	44    	0.500561	0.345688	0.113451   	1.13736 
824	48    	0.394055	0.325567	-0.0133338 	1.13736 
825	45    	0.509891	0.353026	-0.0171429 	1.13736 
826	47    	0.434963	0.344454	0.0976601  	1.08697 
827	46    	0.436123	0.39442 	-1         	1.08697 
828	46    	0.341612	0.454254	-1         	1.08697 
829	47    	0.463803	0.526001	-1         	1.09387 
830	48    	0.318641	0.680388	-1         	1.09387 
831	44    	0.47159 	0.531105	-1         	1.10816 
832	47    	0.564413	0.513854	-1         	1.10603 
833	49    	0.487292	0.46057 	-1         	1.21333 
834	43    	0.474261	0.615224	-1         	1.21333 
835	46    	0.69621 	0.493507	-1         	1.21188 
836	46    	0.440298	0.67306 	-1         	1.2065  
837	48    	0.267771	0.643501	-1         	1.2065  
838	45    	0.412757	0.713365	-1         	1.21562 
839	43    	0.322847	0.789533	-1         	1.24046 
840	44    	0.496912	0.564599	-1         	1.22076 
841	45    	0.347113	0.576835	-1         	1.21333 
842	46    	0.156242	0.737202	-1         	1.21333 
843	45    	0.42121 	0.535515	-1         	1.21333 
844	45    	0.535836	0.547917	-1         	1.21411 
845	42    	0.48246 	0.573356	-1         	1.21411 
846	46    	0.394781	0.622923	-1         	1.21303 
847	47    	0.164408	0.726831	-1         	1.18102 
848	46    	0.384648	0.611116	-1         	1.18102 
849	48    	0.331964	0.489978	-1         	1.18102 
850	46    	0.437311	0.671127	-1         	1.21303 
851	50    	0.319574	0.630868	-1         	1.1633  
852	47    	0.413258	0.52817 	-1         	1.18399 
853	47    	0.193113	0.617927	-1         	1.18399 
854	46    	0.429817	0.410039	-1         	1.18399 
855	46    	0.30063 	0.560244	-1         	1.09909 
856	46    	0.358249	0.601227	-1         	1.09909 
857	46    	0.376779	0.650513	-1         	1.10046 
858	46    	0.487096	0.556568	-1         	1.1399  
859	45    	0.496103	0.457102	-1         	1.1399  
860	46    	0.35047 	0.634883	-1         	1.10838 
861	47    	0.425507	0.588955	-1         	1.10316 
862	47    	0.4791  	0.444789	-1         	1.13044 
863	47    	0.496215	0.409454	-1         	1.10838 
864	47    	0.441431	0.442653	-1         	1.10805 
865	47    	0.461475	0.488252	-1         	1.08847 
866	49    	0.33497 	0.534267	-1         	1.07868 
867	45    	0.492986	0.449034	-1         	1.08218 
868	46    	0.314145	0.58656 	-1         	1.16457 
869	49    	0.29923 	0.682127	-1         	1.09554 
870	42    	0.545118	0.570072	-1         	1.113   
871	48    	0.554705	0.57117 	-1         	1.16457 
872	46    	0.466609	0.611404	-1         	1.169   
873	48    	0.469416	0.56365 	-1         	1.15708 
874	44    	0.581861	0.501631	-1         	1.21964 
875	46    	0.394445	0.508239	-1         	1.15708 
876	45    	0.49604 	0.539628	-1         	1.17851 
877	47    	0.321447	0.562513	-1         	1.17851 
878	42    	0.459381	0.577582	-1         	1.17851 
879	44    	0.485971	0.440566	-1         	1.17851 
880	44    	0.477231	0.533233	-1         	1.17829 
881	44    	0.381064	0.544922	-1         	1.17829 
882	46    	0.43436 	0.473069	-1         	1.15708 
883	47    	0.425704	0.446921	-1         	1.17827 
884	49    	0.378875	0.474445	-1         	1.13737 
885	49    	0.376329	0.622659	-1         	1.1253  
886	44    	0.42097 	0.711709	-1         	1.17448 
887	46    	0.356495	0.665357	-1         	1.27798 
888	46    	0.486825	0.5462  	-1         	1.27798 
889	46    	0.485973	0.643676	-1         	1.27798 
890	47    	0.428855	0.693419	-1         	1.27798 
891	46    	0.480813	0.589459	-1         	1.27798 
892	46    	0.573141	0.610768	-1         	1.27798 
893	49    	0.636204	0.536382	-1         	1.27798 
894	44    	0.71728 	0.476394	-1         	1.27798 
895	43    	0.605419	0.616876	-1         	1.27798 
896	47    	0.551883	0.648471	-1         	1.19705 
897	46    	0.503591	0.484831	-1         	1.18179 
898	43    	0.711504	0.44841 	-1         	1.2286  
899	49    	0.544415	0.507307	-1         	1.22763 
900	46    	0.587643	0.493047	-1         	1.22763 
901	45    	0.557188	0.594112	-1         	1.22405 
902	45    	0.385482	0.585186	-1         	1.22405 
903	47    	0.34107 	0.681726	-1         	1.22405 
904	47    	0.579116	0.513145	-1         	1.22405 
905	45    	0.456007	0.616049	-1         	1.22405 
906	49    	0.587262	0.509052	-1         	1.17912 
907	46    	0.360394	0.664109	-1         	1.18476 
908	46    	0.520631	0.456994	-1         	1.20424 
909	48    	0.487449	0.437037	-1         	1.17598 
910	45    	0.408925	0.635681	-1         	1.16751 
911	49    	0.324379	0.631829	-1         	1.13625 
912	40    	0.553359	0.630617	-1         	1.13625 
913	42    	0.486557	0.567599	-1         	1.18428 
914	49    	0.159649	0.560854	-1         	1.18428 
915	48    	0.427634	0.556591	-1         	1.18509 
916	45    	0.521108	0.469598	-1         	1.18509 
917	47    	0.463968	0.431914	-1         	1.18509 
918	48    	0.555404	0.44773 	-1         	1.19735 
919	46    	0.544626	0.400982	0.0553418  	1.19735 
920	48    	0.449473	0.469815	-1         	1.17129 
921	49    	0.395514	0.306153	0.0436624  	1.16504 
922	47    	0.499608	0.505961	-1         	1.10023 
923	49    	0.398045	0.432363	-1         	1.18373 
924	43    	0.458523	0.415343	-1         	1.18373 
925	46    	0.368863	0.625053	-1         	1.18497 
926	45    	0.409183	0.486594	-1         	1.18497 
927	44    	0.446204	0.481241	-1         	1.15454 
928	49    	0.361556	0.599593	-1         	1.16676 
929	46    	0.445091	0.580068	-1         	1.16676 
930	46    	0.310995	0.556532	-1         	1.1651  
931	47    	0.492491	0.531967	-1         	1.20473 
932	44    	0.560447	0.53393 	-1         	1.20473 
933	48    	0.414736	0.439113	-1         	1.20473 
934	46    	0.551115	0.484732	-1         	1.20473 
935	44    	0.634589	0.361523	0.162149   	1.18291 
936	43    	0.66393 	0.378121	0.127585   	1.18291 
937	47    	0.466359	0.354062	0.143968   	1.18291 
938	46    	0.448539	0.512371	-1         	1.20011 
939	43    	0.480315	0.585597	-1         	1.20011 
940	44    	0.403054	0.579358	-1         	1.20011 
941	48    	0.290424	0.527391	-1         	1.20011 
942	46    	0.473078	0.470553	-1         	1.20011 
943	46    	0.493102	0.547771	-1         	1.20437 
944	45    	0.524153	0.435461	-1         	1.20011 
945	46    	0.477561	0.519769	-1         	1.20011 
946	46    	0.570821	0.443725	-1         	1.20011 
947	49    	0.369802	0.518644	-1         	1.1425  
948	47    	0.287793	0.538773	-1         	1.12576 
949	44    	0.419658	0.388412	-1         	1.11532 
950	42    	0.34803 	0.562342	-1         	1.17978 
951	47    	0.33357 	0.528028	-1         	1.17978 
952	45    	0.44143 	0.643003	-1         	1.17978 
953	48    	0.35061 	0.540853	-1         	1.21623 
954	47    	0.385929	0.621395	-1         	1.2224  
955	44    	0.572894	0.520635	-1         	1.2224  
956	44    	0.482213	0.405595	-0.0218182 	1.2224  
957	45    	0.245234	0.610216	-1         	1.2224  
958	46    	0.483533	0.438585	-1         	1.23015 
959	48    	0.428093	0.496689	-1         	1.22055 
960	45    	0.451649	0.458162	-1         	1.1611  
961	47    	0.482867	0.398656	-1         	1.1441  
962	48    	0.414409	0.441345	-1         	1.1441  
963	47    	0.350184	0.459092	-1         	1.1441  
964	44    	0.457938	0.522267	-1         	1.17384 
965	47    	0.458975	0.433549	-1         	1.17384 
966	47    	0.373797	0.456375	-1         	1.18195 
967	49    	0.366937	0.533999	-1         	1.16766 
968	49    	0.280567	0.550351	-1         	1.19904 
969	42    	0.357094	0.646222	-1         	1.14061 
970	46    	0.448851	0.504547	-1         	1.14061 
971	46    	0.400792	0.547131	-1         	1.19904 
972	49    	0.413744	0.531313	-1         	1.19904 
973	43    	0.518604	0.546216	-1         	1.19904 
974	47    	0.533015	0.473918	-1         	1.19904 
975	44    	0.542706	0.432014	-1         	1.19904 
976	46    	0.446555	0.510814	-1         	1.17804 
977	49    	0.551423	0.42747 	-1         	1.21783 
978	49    	0.497226	0.514976	-1         	1.18456 
979	44    	0.351595	0.645838	-1         	1.18456 
980	47    	0.429512	0.510166	-1         	1.18456 
981	42    	0.588299	0.458568	-1         	1.18456 
982	46    	0.551507	0.541033	-1         	1.20893 
983	45    	0.49584 	0.588293	-1         	1.19475 
984	44    	0.586627	0.473117	-1         	1.20105 
985	44    	0.429105	0.550974	-1         	1.19475 
986	46    	0.404524	0.551535	-1         	1.20063 
987	48    	0.5663  	0.443262	-1         	1.20063 
988	45    	0.480666	0.525254	-1         	1.20063 
989	47    	0.435768	0.562337	-1         	1.20717 
990	47    	0.528741	0.472347	-1         	1.20666 
991	47    	0.454782	0.409298	-1         	1.20257 
992	44    	0.562239	0.553673	-1         	1.21473 
993	48    	0.475902	0.484203	-1         	1.20297 
994	42    	0.607398	0.568729	-1         	1.20297 
995	50    	0.398654	0.434773	-1         	1.18089 
996	49    	0.433169	0.408986	-1         	1.03322 
997	48    	0.411842	0.416839	-1         	1.09437 
998	42    	0.598146	0.308728	0.137196   	1.09437 
999	43    	0.442756	0.494241	-1         	1.14175 
1000	46    	0.477756	0.50372 	-1         	1.09437 
