gen	nevals	avg     	stddev	min     	max     
0  	50    	0.218369	0     	0.218369	0.218369
1  	48    	0.0404738	0.0916517	-0.0160001	0.218369
2  	44    	0.10116  	0.132379 	-0.0160001	0.514537
3  	48    	0.0962251	0.112278 	-0.0160003	0.355631
4  	47    	0.132444 	0.15293  	-0.02     	0.514579
5  	45    	0.142704 	0.159297 	-0.0166666	0.514203
6  	44    	0.183901 	0.172353 	-0.0171429	0.514329
7  	43    	0.233386 	0.16528  	-0.016    	0.51442 
8  	46    	0.16335  	0.160184 	-0.02     	0.51442 
9  	43    	0.201598 	0.1856   	-0.02     	0.514537
10 	49    	0.0858519	0.14832  	-0.0166667	0.51442 
11 	47    	0.192903 	0.177488 	-0.02     	0.693461
12 	48    	0.161979 	0.167745 	-0.0199999	0.514579
13 	42    	0.200035 	0.178602 	-0.0200001	0.514611
14 	42    	0.219231 	0.182335 	-0.0166666	0.514329
15 	43    	0.244256 	0.150734 	-0.0166666	0.568465
16 	46    	0.210697 	0.165812 	-0.0171429	0.568465
17 	50    	0.227435 	0.139758 	-0.0171428	0.695373
18 	45    	0.256745 	0.164926 	-0.0166668	0.695373
19 	47    	0.250916 	0.192213 	-0.0171428	0.706026
20 	49    	0.235138 	0.21282  	-0.0175   	0.813708
21 	48    	0.213324 	0.182335 	-0.02     	0.811247
22 	48    	0.218642 	0.196651 	-0.02     	0.703946
23 	48    	0.216803 	0.165804 	-0.0171429	0.687394
24 	44    	0.216622 	0.152875 	-0.0175   	0.51442 
25 	45    	0.186967 	0.148247 	-0.02     	0.5195  
26 	46    	0.256196 	0.150247 	-0.02     	0.694751
27 	46    	0.262661 	0.168078 	-0.0171429	0.694751
28 	48    	0.258897 	0.188989 	-0.0200001	0.812083
29 	48    	0.178155 	0.151524 	-0.02     	0.643479
30 	43    	0.220412 	0.180285 	-0.02     	0.643479
31 	44    	0.285344 	0.161526 	-0.02     	0.647722
32 	47    	0.25908  	0.178527 	-0.0174999	0.644792
33 	49    	0.285069 	0.182215 	-0.0175   	0.816446
34 	49    	0.234417 	0.162151 	-0.02     	0.646632
35 	46    	0.247069 	0.16862  	-0.02     	0.646632
36 	45    	0.243268 	0.146387 	-0.0171429	0.635224
37 	49    	0.260356 	0.124811 	-0.015    	0.635224
38 	42    	0.293528 	0.161886 	-0.0175   	0.635224
39 	45    	0.249812 	0.147494 	-0.02     	0.635224
40 	49    	0.245653 	0.127001 	-0.0177779	0.581124
41 	43    	0.251265 	0.123384 	-0.0166666	0.581124
42 	48    	0.21557  	0.123445 	-0.0171429	0.49855 
43 	47    	0.246966 	0.122934 	-0.0166607	0.598645
44 	48    	0.25586  	0.145022 	-0.02     	0.704127
45 	42    	0.299297 	0.160116 	-0.016    	0.704127
46 	45    	0.220277 	0.170581 	-0.02     	0.674245
47 	47    	0.293865 	0.138251 	-0.02     	0.582791
48 	46    	0.258927 	0.127195 	-0.0175   	0.586277
49 	43    	0.25342  	0.14389  	-0.0166666	0.500243
50 	45    	0.267754 	0.106679 	-0.02     	0.482876
51 	46    	0.264691 	0.110407 	-0.02     	0.494818
52 	44    	0.278833 	0.128287 	-0.02     	0.521452
53 	46    	0.30068  	0.137346 	-0.02     	0.716577
54 	44    	0.266517 	0.141952 	-0.02     	0.533186
55 	45    	0.279173 	0.151855 	-0.02     	0.627127
56 	44    	0.271403 	0.138249 	-0.0181818	0.57148 
57 	43    	0.265473 	0.148965 	-0.0199999	0.576282
58 	46    	0.284948 	0.150578 	-0.0171429	0.649254
59 	48    	0.249372 	0.178649 	-0.02     	0.812977
60 	47    	0.2412   	0.154193 	-0.0171429	0.812977
61 	46    	0.268572 	0.166223 	-0.0181818	0.812977
62 	46    	0.258081 	0.18899  	-0.02     	0.805075
63 	46    	0.266344 	0.208764 	-0.02     	0.805075
64 	46    	0.225278 	0.189794 	-0.02     	0.729862
65 	43    	0.263049 	0.201371 	-0.0200001	0.800245
66 	47    	0.284881 	0.182305 	-0.02     	0.735398
67 	47    	0.267144 	0.194574 	-0.0177778	0.812825
68 	46    	0.240573 	0.178394 	-0.02     	0.706012
69 	46    	0.231015 	0.203985 	-0.02     	0.706012
70 	47    	0.211679 	0.186251 	-0.02     	0.706012
71 	49    	0.238348 	0.179808 	-0.0175   	0.702687
72 	48    	0.225651 	0.173306 	-0.02     	0.575677
73 	47    	0.258778 	0.151554 	-0.0177778	0.575677
74 	45    	0.262203 	0.151138 	-0.0177778	0.641019
75 	47    	0.272501 	0.131404 	-0.0177777	0.605013
76 	46    	0.278636 	0.12129  	-0.016    	0.575677
77 	48    	0.303856 	0.129977 	0.111442  	0.847377
78 	48    	0.261307 	0.12481  	-0.0150001	0.555778
79 	49    	0.23021  	0.120821 	-0.02     	0.514444
80 	47    	0.256602 	0.113667 	-0.015    	0.581238
81 	46    	0.258136 	0.136978 	-0.0199999	0.525556
82 	43    	0.249182 	0.138898 	-0.016    	0.525556
83 	47    	0.259584 	0.137589 	-0.0166667	0.525556
84 	45    	0.266315 	0.12365  	-0.0150001	0.525556
85 	48    	0.23106  	0.140237 	-0.0171428	0.514281
86 	46    	0.273286 	0.126357 	-0.0133337	0.514889
87 	46    	0.240508 	0.152793 	-0.02     	0.575794
88 	45    	0.255911 	0.131933 	-0.0171429	0.575794
89 	47    	0.233239 	0.229683 	-1        	0.559705
90 	48    	0.249481 	0.143383 	-0.015    	0.595028
91 	46    	0.274588 	0.200252 	-1        	0.516488
92 	48    	0.246561 	0.270551 	-1        	0.516488
93 	44    	0.291112 	0.102618 	0.0871494 	0.522262
94 	45    	0.271426 	0.208164 	-1        	0.516488
95 	45    	0.263114 	0.273022 	-1        	0.516488
96 	47    	0.182624 	0.362912 	-1        	0.516488
97 	45    	0.300649 	0.101529 	0.122746  	0.600871
98 	46    	0.215586 	0.372716 	-1        	0.600871
99 	46    	0.213745 	0.37143  	-1        	0.600871
100	42    	0.227198 	0.381592 	-1        	0.600871
101	43    	0.245126 	0.381399 	-1        	0.600871
102	47    	0.0641369	0.539412 	-1        	0.600871
103	43    	0.117203 	0.499967 	-1        	0.600871
104	46    	-0.00649243	0.596016 	-1        	0.600871
105	47    	0.0128783  	0.574061 	-1        	0.493745
106	48    	0.0304734  	0.553331 	-1        	0.496119
107	43    	0.195544   	0.408651 	-1        	0.557693
108	46    	0.29383    	0.211026 	-1        	0.557693
109	47    	0.225739   	0.369463 	-1        	0.557693
110	46    	0.25517    	0.27093  	-1        	0.557693
111	48    	0.256025   	0.275017 	-1        	0.574427
112	46    	0.330817   	0.100842 	0.11614   	0.574427
113	47    	0.280698   	0.20808  	-1        	0.574427
114	46    	0.234863   	0.322857 	-1        	0.50345 
115	44    	0.32584    	0.0942984	0.157227  	0.576647
116	48    	0.285753   	0.112319 	-0.018    	0.515503
117	47    	0.248348   	0.2168   	-1        	0.518106
118	46    	0.291002   	0.137778 	-0.016    	0.812083
119	44    	0.275031   	0.258691 	-1        	0.812083
120	48    	0.203097   	0.174062 	-0.02     	0.812083
121	44    	0.265689   	0.212314 	-0.02     	0.812083
122	47    	0.256115   	0.190497 	-0.0171429	0.812083
123	47    	0.272472   	0.193818 	-0.0166667	0.812083
124	47    	0.258913   	0.178931 	-0.0175   	0.812308
125	46    	0.244692   	0.172972 	-0.0166667	0.812308
126	44    	0.258091   	0.143639 	-0.0175   	0.514611
127	44    	0.255516   	0.183346 	-0.02     	0.703019
128	44    	0.250448   	0.178485 	-0.0171428	0.703019
129	49    	0.208495   	0.15425  	-0.0171429	0.581188
130	48    	0.249902   	0.11995  	-0.02     	0.581188
131	47    	0.233023   	0.139712 	-0.0175   	0.581352
132	45    	0.283149   	0.151787 	-0.0166667	0.583865
133	46    	0.22412    	0.171763 	-0.02     	0.59187 
134	46    	0.220961   	0.168507 	-0.02     	0.59187 
135	46    	0.227607   	0.183484 	-0.02     	0.592077
136	49    	0.182521   	0.160217 	-0.02     	0.595769
137	46    	0.208052   	0.198307 	-0.0171429	0.693461
138	47    	0.201494   	0.16725  	-0.02     	0.59187 
139	48    	0.174372   	0.167459 	-0.02     	0.515996
140	45    	0.187591   	0.16614  	-0.0166668	0.515996
141	46    	0.181145   	0.18043  	-0.0199999	0.515996
142	45    	0.185149   	0.174623 	-0.0166667	0.515996
143	45    	0.194433   	0.184365 	-0.0171429	0.58128 
144	47    	0.155892   	0.152105 	-0.02     	0.515996
145	45    	0.138257   	0.156928 	-0.02     	0.515996
146	48    	0.19216    	0.156431 	-0.02     	0.515996
147	43    	0.198795   	0.139692 	-0.02     	0.442219
148	45    	0.232967   	0.152819 	-0.02     	0.533317
149	45    	0.209985   	0.186496 	-0.0166667	0.515749
150	47    	0.152163   	0.167217 	-0.0175   	0.515503
151	47    	0.210991   	0.192385 	-0.02     	0.522973
152	47    	0.187655   	0.175115 	-0.0166667	0.698452
153	47    	0.211116   	0.156394 	-0.0171429	0.515996
154	44    	0.171329   	0.173256 	-0.02     	0.576104
155	48    	0.203176   	0.161619 	-0.0171428	0.576104
156	49    	0.185383   	0.164216 	-0.02     	0.515996
157	48    	0.190304   	0.152698 	-0.02     	0.516016
158	44    	0.26739    	0.179641 	-0.0166666	0.702382
159	47    	0.197564   	0.170033 	-0.0199999	0.702382
160	47    	0.209633   	0.149917 	-0.02     	0.706501
161	45    	0.215329   	0.166271 	-0.02     	0.706501
162	47    	0.252891   	0.162546 	-0.0166667	0.706501
163	47    	0.223138   	0.179976 	-0.02     	0.706501
164	47    	0.238545   	0.195376 	-0.0171429	0.706501
165	44    	0.258727   	0.191876 	-0.0175001	0.706575
166	44    	0.2755     	0.213981 	-0.0175001	0.797563
167	46    	0.231558   	0.220591 	-0.0200001	0.797563
168	43    	0.236994   	0.207958 	-0.02     	0.706501
169	46    	0.252342   	0.19643  	-0.0200001	0.706575
170	45    	0.249816   	0.205537 	-0.0171429	0.706575
171	48    	0.209653   	0.179273 	-0.0233333	0.706575
172	45    	0.240824   	0.187511 	-0.0171429	0.79999 
173	47    	0.239636   	0.171464 	-0.0171429	0.79999 
174	48    	0.223775   	0.168519 	-0.0175001	0.79999 
175	46    	0.232817   	0.150772 	-0.02     	0.79999 
176	47    	0.237558   	0.154489 	-0.02     	0.79999 
177	46    	0.238294   	0.158315 	-0.02     	0.693426
178	48    	0.233023   	0.158601 	-0.0171429	0.582913
179	48    	0.238587   	0.186644 	-0.02     	0.696506
180	46    	0.208027   	0.160377 	-0.02     	0.593813
181	49    	0.228613   	0.175461 	-0.02     	0.693521
182	46    	0.255361   	0.21338  	-0.0200001	0.702954
183	45    	0.281653   	0.207001 	-0.02     	0.698663
184	45    	0.293461   	0.185807 	-0.02     	0.706539
185	47    	0.281511   	0.174799 	-0.0177778	0.706637
186	47    	0.262332   	0.184729 	-0.02     	0.706637
187	46    	0.261311   	0.165814 	-0.02     	0.61511 
188	48    	0.24892    	0.140724 	-0.0171429	0.574461
189	44    	0.25167    	0.166434 	-0.02     	0.59508 
190	48    	0.236238   	0.159246 	-0.0171429	0.654488
191	47    	0.255188   	0.155071 	-0.02     	0.727929
192	46    	0.254818   	0.157308 	-0.0200001	0.727929
193	42    	0.323925   	0.191778 	-0.0171429	0.727929
194	46    	0.282297   	0.211461 	-0.0200001	0.72965 
195	47    	0.210364   	0.185354 	-0.02     	0.727929
196	46    	0.254      	0.19137  	-0.0166668	0.727929
197	47    	0.227643   	0.169947 	-0.0171429	0.727929
198	48    	0.248053   	0.14418  	-0.0166667	0.727929
199	47    	0.245293   	0.125214 	-0.02     	0.54937 
200	46    	0.280922   	0.139214 	-0.015    	0.61885 
201	48    	0.225974   	0.133871 	-0.02     	0.495394
202	47    	0.240316   	0.116685 	-0.02     	0.495394
203	48    	0.276125   	0.102588 	-0.02     	0.519837
204	47    	0.198674   	0.119539 	-0.02     	0.477414
205	46    	0.249716   	0.11875  	-0.0175   	0.609633
206	44    	0.280252   	0.0990792	0.0866725 	0.596311
207	47    	0.244219   	0.103802 	0.0759554 	0.495414
208	43    	0.275936   	0.127623 	-0.02     	0.526782
209	47    	0.264852   	0.107609 	-0.01     	0.511407
210	46    	0.291823   	0.0941512	0.0944375 	0.495414
211	49    	0.273614   	0.103711 	0.0856451 	0.634087
212	49    	0.290418   	0.100725 	0.0676586 	0.634087
213	46    	0.23966    	0.136874 	-0.02     	0.634087
214	48    	0.269421   	0.0936869	-0.0160002	0.527146
215	47    	0.278848   	0.108814 	-0.0133333	0.607149
216	45    	0.268945   	0.13395  	-0.0218182	0.607149
217	47    	0.300575   	0.114191 	-0.0133332	0.561853
218	46    	0.30244    	0.138203 	-0.0171428	0.833485
219	43    	0.271351   	0.184973 	-0.02     	0.833485
220	46    	0.313838   	0.174747 	-0.0183333	0.833485
221	46    	0.271166   	0.205334 	-0.0166666	0.833485
222	47    	0.27103    	0.16777  	-0.0166667	0.733716
223	46    	0.246471   	0.203186 	-0.02     	0.834818
224	46    	0.247965   	0.207822 	-0.018    	0.834818
225	49    	0.262568   	0.178814 	-0.0175   	0.736577
226	44    	0.25312    	0.181926 	-0.0166667	0.736577
227	46    	0.262407   	0.180514 	-0.0177778	0.736577
228	44    	0.238435   	0.198791 	-0.02     	0.736577
229	48    	0.266009   	0.167233 	-0.0175   	0.760965
230	45    	0.270288   	0.156363 	-0.0233333	0.760965
231	45    	0.258477   	0.197092 	-0.0233333	0.760965
232	43    	0.265204   	0.208705 	-0.02     	0.760965
233	46    	0.253458   	0.173853 	-0.02     	0.760965
234	46    	0.245395   	0.192671 	-0.0175   	0.837751
235	45    	0.27392    	0.15738  	-0.02     	0.837751
236	44    	0.261281   	0.158493 	-0.02     	0.601279
237	48    	0.280366   	0.123991 	-0.0177777	0.601279
238	46    	0.284288   	0.13393  	-0.0166667	0.601279
239	47    	0.306927   	0.0985905	0.113928  	0.572357
240	47    	0.278423   	0.128135 	-0.0149999	0.572357
241	42    	0.287355   	0.103817 	0.0999686 	0.572357
242	49    	0.308765   	0.103402 	-0.0171429	0.572357
243	42    	0.335354   	0.110226 	0.143823  	0.572357
244	46    	0.326591   	0.103703 	0.0970517 	0.572357
245	48    	0.179043   	0.404863 	-1        	0.572357
246	48    	0.24897    	0.326302 	-1        	0.587472
247	45    	-0.0272137 	0.610705 	-1        	0.587472
248	42    	0.200098   	0.408108 	-1        	0.475534
249	47    	0.147065   	0.432585 	-1        	0.476986
250	46    	0.145357   	0.43146  	-1        	0.476986
251	46    	0.251082   	0.273258 	-1        	0.503483
252	45    	0.216622   	0.325079 	-1        	0.503483
253	46    	0.219129   	0.369981 	-1        	0.538947
254	47    	0.199935   	0.363815 	-1        	0.538947
255	49    	0.271438   	0.202249 	-1        	0.538947
256	43    	0.168963   	0.439134 	-1        	0.538947
257	48    	0.307833   	0.0866376	-0.0175   	0.478296
258	47    	0.165277   	0.400969 	-1        	0.558056
259	45    	0.102799   	0.486548 	-1        	0.558056
260	49    	0.0961956  	0.484455 	-1        	0.444134
261	47    	0.0364882  	0.55488  	-1        	0.496287
262	43    	0.140983   	0.468894 	-1        	0.496287
263	45    	0.25898    	0.329303 	-1        	0.552356
264	47    	0.0645935  	0.506737 	-1        	0.548081
265	47    	0.280036   	0.283409 	-1        	0.548081
266	37    	0.256786   	0.386491 	-1        	0.548081
267	47    	0.276507   	0.2129   	-1        	0.53157 
268	48    	0.167088   	0.395832 	-1        	0.53157 
269	42    	0.297321   	0.207314 	-1        	0.53157 
270	44    	0.303521   	0.209051 	-1        	0.53157 
271	47    	0.308396   	0.0958649	-0.015    	0.53157 
272	47    	0.283247   	0.110023 	-0.02     	0.53157 
273	46    	0.253088   	0.273726 	-1        	0.53157 
274	48    	0.322577   	0.0945905	0.0986602 	0.525973
275	49    	0.308513   	0.0803331	0.17853   	0.525973
276	47    	0.335166   	0.105171 	0.157737  	0.558036
277	44    	0.332984   	0.13075  	-0.0160001	0.558036
278	46    	0.283199   	0.217265 	-1        	0.616972
279	48    	0.31605    	0.0895863	0.0975402 	0.555742
280	45    	0.309914   	0.0944357	0.160296  	0.503451
281	48    	0.285847   	0.202441 	-1        	0.536824
282	46    	0.276649   	0.209466 	-1        	0.536824
283	49    	0.276756   	0.20341  	-1        	0.505744
284	46    	0.248417   	0.269946 	-1        	0.505744
285	46    	0.238335   	0.328431 	-1        	0.524499
286	43    	0.189927   	0.407029 	-1        	0.524499
287	49    	0.216497   	0.366651 	-1        	0.524499
288	45    	0.194519   	0.409007 	-1        	0.642524
289	42    	0.288332   	0.280513 	-1        	0.642524
290	49    	0.231995   	0.329444 	-1        	0.705666
291	47    	0.277507   	0.212696 	-1        	0.705666
292	48    	0.306154   	0.0876275	0.161178  	0.615992
293	46    	0.197922   	0.361032 	-1        	0.457194
294	44    	0.276181   	0.277293 	-1        	0.669712
295	46    	0.309902   	0.094457 	0.117727  	0.669712
296	46    	0.17764    	0.402871 	-1        	0.482301
297	47    	0.179926   	0.401015 	-1        	0.491946
298	47    	0.298825   	0.199936 	-1        	0.457107
299	43    	0.282529   	0.275534 	-1        	0.484873
300	44    	0.0656158  	0.538631 	-1        	0.484873
301	47    	-0.0783835 	0.609561 	-1        	0.506253
302	44    	0.0280746  	0.552592 	-1        	0.506253
303	46    	0.133511   	0.464292 	-1        	0.506253
304	48    	0.116982   	0.492516 	-1        	0.506253
305	44    	0.114664   	0.491821 	-1        	0.506253
306	47    	0.0518447  	0.53143  	-1        	0.506253
307	43    	0.0959983  	0.55346  	-1        	0.652661
308	47    	-0.0748516 	0.61224  	-1        	0.652661
309	47    	0.138883   	0.4681   	-1        	0.652661
310	45    	0.137377   	0.505393 	-1        	0.652661
311	44    	0.314144   	0.203519 	-1        	0.486533
312	46    	0.324677   	0.076409 	0.138538  	0.465404
313	49    	0.217452   	0.314361 	-1        	0.421157
314	49    	0.203523   	0.362456 	-1        	0.48524 
315	44    	0.177638   	0.441912 	-1        	0.52873 
316	48    	0.160031   	0.438903 	-1        	0.581815
317	47    	0.111627   	0.458556 	-1        	0.52873 
318	43    	0.166052   	0.443642 	-1        	0.621585
319	40    	0.274623   	0.336771 	-1        	0.621585
320	45    	0.254203   	0.335003 	-1        	0.621585
321	44    	0.117614   	0.501528 	-1        	0.621585
322	47    	0.208647   	0.370679 	-1        	0.621585
323	48    	0.254627   	0.27518  	-1        	0.621585
324	45    	0.315633   	0.0923132	0.0648291 	0.598233
325	47    	0.196391   	0.364186 	-1        	0.492355
326	46    	0.24542    	0.268804 	-1        	0.492355
327	47    	0.306454   	0.0907164	0.0850192 	0.542228
328	44    	0.235083   	0.329538 	-1        	0.542228
329	46    	0.181533   	0.366546 	-1        	0.580975
330	46    	0.201067   	0.316478 	-1        	0.497618
331	46    	0.19397    	0.362431 	-1        	0.508178
332	45    	0.0887858  	0.517111 	-1        	0.585015
333	48    	0.154735   	0.439286 	-1        	0.574201
334	48    	0.179666   	0.361322 	-1        	0.498786
335	45    	0.253803   	0.268978 	-1        	0.439891
336	46    	0.274955   	0.204201 	-1        	0.477401
337	47    	0.232731   	0.321132 	-1        	0.477401
338	46    	0.234909   	0.325291 	-1        	0.467003
339	48    	0.183409   	0.400304 	-1        	0.456395
340	42    	0.178564   	0.402224 	-1        	0.482357
341	49    	0.105414   	0.487928 	-1        	0.563852
342	47    	0.169096   	0.403854 	-1        	0.524822
343	47    	0.2597     	0.279335 	-1        	0.689575
344	43    	0.277856   	0.21444  	-1        	0.55357 
345	45    	0.290096   	0.123422 	-0.0166667	0.55357 
346	44    	0.299744   	0.10444  	0.0756278 	0.590675
347	46    	0.312545   	0.109754 	0.0852757 	0.590675
348	47    	0.281954   	0.101611 	0.0609783 	0.590675
349	45    	0.291059   	0.0822413	0.122174  	0.48237 
350	47    	0.260234   	0.196175 	-1        	0.434637
351	50    	0.188954   	0.313875 	-1        	0.395927
352	49    	0.236257   	0.261279 	-1        	0.422113
353	42    	0.225858   	0.368864 	-1        	0.541337
354	48    	0.297402   	0.211469 	-1        	0.541337
355	46    	0.32608    	0.0967976	0.126188  	0.541337
356	48    	0.236898   	0.272518 	-1        	0.55827 
357	47    	0.22561    	0.319805 	-1        	0.475567
358	42    	0.258471   	0.32774  	-1        	0.503131
359	48    	0.240707   	0.321182 	-1        	0.556089
360	47    	0.0789184  	0.51156  	-1        	0.572726
361	48    	0.11062    	0.492285 	-1        	0.572726
362	49    	0.209074   	0.366527 	-1        	0.529169
363	47    	0.283847   	0.20152  	-1        	0.507834
364	42    	0.260483   	0.271709 	-1        	0.507834
365	47    	0.0955962  	0.482746 	-1        	0.462678
366	48    	0.226283   	0.371156 	-1        	0.568535
367	45    	0.286912   	0.208255 	-1        	0.49548 
368	43    	0.263094   	0.331686 	-1        	0.532737
369	46    	0.332571   	0.0958   	0.155873  	0.522073
370	43    	0.311381   	0.115047 	-0.0166667	0.581067
371	49    	0.141197   	0.429275 	-1        	0.491299
372	49    	0.297678   	0.0686017	0.144593  	0.459314
373	44    	0.167556   	0.43736  	-1        	0.587534
374	48    	0.0609838  	0.537824 	-1        	0.506247
375	48    	0.167084   	0.438169 	-1        	0.551256
376	49    	0.151375   	0.436097 	-1        	0.529503
377	50    	0.19007    	0.403631 	-1        	0.533658
378	48    	0.162779   	0.436455 	-1        	0.510624
379	47    	0.247847   	0.330707 	-1        	0.516083
380	47    	0.241255   	0.327409 	-1        	0.581827
381	45    	0.118751   	0.494958 	-1        	0.516083
382	47    	0.240079   	0.333128 	-1        	0.516083
383	47    	0.288606   	0.111823 	0.0624172 	0.54464 
384	45    	0.270238   	0.211614 	-1        	0.552177
385	47    	0.298564   	0.209997 	-1        	0.552177
386	44    	0.305851   	0.103596 	-0.015    	0.552177
387	45    	0.295283   	0.126164 	-0.0183333	0.59498 
388	49    	0.309605   	0.082936 	0.11355   	0.549818
389	49    	0.298567   	0.097778 	0.0818803 	0.549818
390	49    	0.307191   	0.201704 	-1        	0.483694
391	46    	0.316981   	0.10364  	0.0708677 	0.483694
392	45    	0.291019   	0.106889 	0.0522221 	0.571356
393	39    	0.306826   	0.117961 	-0.02     	0.571356
394	47    	0.24633    	0.273632 	-1        	0.571356
395	46    	0.2291     	0.324353 	-1        	0.604033
396	47    	0.209268   	0.319593 	-1        	0.571356
397	42    	0.284823   	0.207548 	-1        	0.571356
398	48    	0.243066   	0.26482  	-1        	0.477648
399	47    	0.146428   	0.392746 	-1        	0.477648
400	46    	0.244687   	0.27165  	-1        	0.580442
401	43    	0.220637   	0.37507  	-1        	0.580442
402	46    	0.281533   	0.10978  	-0.0171429	0.517153
403	46    	0.207783   	0.317718 	-1        	0.517153
404	49    	0.133917   	0.468211 	-1        	0.631252
405	47    	0.189801   	0.409487 	-1        	0.510523
406	48    	0.0688804  	0.507463 	-1        	0.510523
407	43    	0.217344   	0.37103  	-1        	0.510523
408	46    	0.149696   	0.469393 	-1        	0.510523
409	45    	0.0566149  	0.535658 	-1        	0.524628
410	48    	0.0763942  	0.512028 	-1        	0.510523
411	48    	-0.120141  	0.606618 	-1        	0.510523
412	47    	0.0298656  	0.518374 	-1        	0.445902
413	47    	0.148246   	0.429773 	-1        	0.48323 
414	46    	0.0228279  	0.548189 	-1        	0.48323 
415	44    	0.26574    	0.270849 	-1        	0.581855
416	49    	0.0566614  	0.533773 	-1        	0.466982
417	45    	0.0788497  	0.512453 	-1        	0.555831
418	47    	0.14224    	0.465634 	-1        	0.464706
419	45    	0.0925152  	0.515929 	-1        	0.459629
420	48    	0.0987614  	0.486002 	-1        	0.516413
421	47    	0.30913    	0.200257 	-1        	0.496227
422	48    	0.210997   	0.365672 	-1        	0.504715
423	47    	0.156532   	0.433836 	-1        	0.504715
424	44    	-0.0681687 	0.615729 	-1        	0.504715
425	46    	0.0801512  	0.481013 	-1        	0.504715
426	47    	0.229451   	0.32562  	-1        	0.504715
427	49    	0.176126   	0.359584 	-1        	0.493062
428	45    	0.0616024  	0.512858 	-1        	0.606292
429	48    	0.160198   	0.438783 	-1        	0.606292
430	48    	0.265923   	0.274435 	-1        	0.507636
431	44    	0.289237   	0.207377 	-1        	0.498971
432	47    	0.109246   	0.455574 	-1        	0.484117
433	48    	0.191449   	0.357898 	-1        	0.43955 
434	45    	0.201816   	0.363309 	-1        	0.471602
435	48    	0.259835   	0.209518 	-1        	0.471602
436	48    	0.249754   	0.268702 	-1        	0.518896
437	46    	0.208141   	0.316618 	-1        	0.484231
438	47    	0.310109   	0.103047 	0.0271283 	0.515666
439	47    	0.310138   	0.0727281	0.204313  	0.46966 
440	48    	0.292876   	0.208544 	-1        	0.515362
441	46    	0.180273   	0.405338 	-1        	0.550736
442	46    	0.297709   	0.113281 	-0.02     	0.550736
443	45    	0.294427   	0.0965108	0.0398142 	0.550736
444	49    	0.326898   	0.0901965	0.109518  	0.578428
445	44    	0.303176   	0.111266 	0.0719197 	0.578428
446	46    	0.271845   	0.226784 	-1        	0.578428
447	46    	0.313551   	0.114605 	-0.016    	0.578428
448	44    	0.309733   	0.121895 	-0.02     	0.578428
449	44    	0.297153   	0.204751 	-1        	0.578428
450	45    	0.2916     	0.0903444	0.12847   	0.54143 
451	40    	0.303143   	0.13655  	-0.01     	0.54143 
452	45    	0.289442   	0.138579 	-0.016    	0.668343
453	47    	0.288717   	0.124689 	0.073763  	0.54143 
454	47    	0.283564   	0.106559 	-0.018    	0.54143 
455	46    	0.261237   	0.121567 	-0.02     	0.54143 
456	41    	0.26546    	0.229731 	-1        	0.582668
457	48    	0.296471   	0.122782 	-0.015    	0.582668
458	46    	0.284812   	0.11169  	-0.016    	0.563324
459	46    	0.272847   	0.135617 	-0.0177778	0.609483
460	48    	0.213602   	0.211374 	-1        	0.474288
461	49    	0.274742   	0.11613  	-0.0177778	0.579316
462	47    	0.278564   	0.124471 	-0.0181818	0.557622
463	44    	0.253645   	0.141863 	-0.0166667	0.604111
464	44    	0.264696   	0.15876  	-0.0175   	0.696138
465	45    	0.286388   	0.183458 	-0.02     	0.706107
466	46    	0.259517   	0.173108 	-0.0175   	0.706335
467	45    	0.235335   	0.162759 	-0.0166666	0.693054
468	46    	0.218181   	0.159054 	-0.0175   	0.693054
469	43    	0.264231   	0.162236 	-0.0171429	0.693054
470	44    	0.248942   	0.172025 	-0.02     	0.693054
471	49    	0.248349   	0.137051 	-0.016    	0.693054
472	46    	0.20033    	0.177695 	-0.02     	0.693054
473	43    	0.269844   	0.185301 	-0.0171428	0.693054
474	44    	0.25338    	0.176684 	-0.0171429	0.693551
475	48    	0.197206   	0.162729 	-0.0171429	0.693054
476	46    	0.244913   	0.137793 	-0.0171429	0.693054
477	47    	0.204903   	0.17976  	-0.018    	0.693054
478	46    	0.221229   	0.149642 	-0.02     	0.693054
479	47    	0.223363   	0.156993 	-0.0171429	0.693054
480	46    	0.241563   	0.173529 	-0.02     	0.728673
481	48    	0.218075   	0.161774 	-0.02     	0.702687
482	46    	0.269189   	0.192187 	-0.02     	0.812083
483	46    	0.235247   	0.193429 	-0.0175   	0.695417
484	45    	0.292026   	0.207736 	-0.016    	0.812825
485	42    	0.266642   	0.230576 	-0.0166667	0.812825
486	43    	0.292505   	0.242173 	-0.0171429	0.812825
487	50    	0.221645   	0.206942 	-0.0175   	0.812825
488	46    	0.218864   	0.219678 	-0.0199999	0.812825
489	44    	0.303679   	0.232632 	-0.0166667	0.812825
490	43    	0.223739   	0.233196 	-0.0171429	0.812825
491	45    	0.212495   	0.216824 	-0.0175   	0.812825
492	46    	0.250259   	0.234159 	-0.02     	0.812825
493	42    	0.256242   	0.240817 	-0.0166667	0.812825
494	48    	0.212341   	0.188308 	-0.0175   	0.812825
495	48    	0.171442   	0.146321 	-0.02     	0.617257
496	44    	0.194269   	0.167041 	-0.0199999	0.617257
497	47    	0.217596   	0.162567 	-0.0177778	0.617257
498	47    	0.199564   	0.173604 	-0.0175   	0.616981
499	46    	0.234888   	0.168355 	-0.0177778	0.616981
500	47    	0.247666   	0.186311 	-0.0175   	0.706372
501	47    	0.253366   	0.191937 	-0.016    	0.813708
502	47    	0.272302   	0.174268 	-0.0160001	0.813756
503	46    	0.180314   	0.208218 	-0.02     	0.813756
504	45    	0.227044   	0.228434 	-0.0166667	0.813756
505	45    	0.243914   	0.226601 	-0.0166667	0.813756
506	44    	0.257547   	0.23366  	-0.0166667	0.813756
507	46    	0.162432   	0.21394  	-0.02     	0.813756
508	47    	0.175607   	0.185157 	-0.0166667	0.583187
509	45    	0.187208   	0.2079   	-0.0166667	0.813756
510	48    	0.187655   	0.172587 	-0.02     	0.693234
511	46    	0.193711   	0.166813 	-0.0171429	0.583225
512	46    	0.183174   	0.175862 	-0.02     	0.583225
513	48    	0.171256   	0.141054 	-0.0177778	0.515996
514	46    	0.156082   	0.142642 	-0.0171429	0.504255
515	47    	0.186727   	0.158465 	-0.0171429	0.56005 
516	46    	0.177402   	0.133014 	-0.02     	0.56005 
517	45    	0.24157    	0.160682 	-0.0171429	0.703208
518	48    	0.215529   	0.151324 	-0.02     	0.583187
519	44    	0.224399   	0.173778 	-0.02     	0.600892
520	48    	0.212868   	0.185047 	-0.02     	0.70665 
521	43    	0.244107   	0.193438 	-0.0175   	0.70665 
522	43    	0.262103   	0.189799 	-0.0166667	0.70665 
523	47    	0.201177   	0.179456 	-0.02     	0.705972
524	47    	0.183055   	0.170558 	-0.0166667	0.705972
525	46    	0.231782   	0.191561 	-0.018    	0.70379 
526	49    	0.200785   	0.152071 	-0.0171428	0.593081
527	44    	0.233911   	0.15807  	-0.0233333	0.593081
528	45    	0.284511   	0.12361  	-0.0159999	0.593081
529	46    	0.265144   	0.129962 	-0.02     	0.593081
530	46    	0.25842    	0.161384 	-0.02     	0.593081
531	46    	0.232737   	0.136398 	-0.0177778	0.521293
532	43    	0.255339   	0.154918 	-0.0171429	0.65468 
533	46    	0.208506   	0.150875 	-0.02     	0.65468 
534	45    	0.217258   	0.14211  	-0.02     	0.654898
535	46    	0.238576   	0.10635  	-0.0177778	0.646118
536	48    	0.235662   	0.135842 	-0.0175   	0.646118
537	47    	0.265076   	0.0966519	0.0751153 	0.521325
538	45    	0.276648   	0.15021  	-0.0160001	0.701832
539	46    	0.279649   	0.180664 	-0.02     	0.705197
540	46    	0.23075    	0.144409 	-0.02     	0.54439 
541	47    	0.170009   	0.154729 	-0.0166667	0.583102
542	45    	0.243221   	0.151711 	-0.0171429	0.583102
543	47    	0.21575    	0.139922 	-0.0175   	0.562639
544	46    	0.193677   	0.140867 	-0.02     	0.514252
545	47    	0.221092   	0.15692  	-0.0177778	0.559037
546	49    	0.185292   	0.162982 	-0.0171429	0.581205
547	47    	0.179919   	0.179407 	-0.02     	0.705169
548	48    	0.25212    	0.180557 	-0.0171429	0.703725
549	49    	0.183929   	0.171677 	-0.02     	0.703725
550	45    	0.209764   	0.168028 	-0.02     	0.616347
551	47    	0.194742   	0.182784 	-0.0171429	0.687579
552	47    	0.201699   	0.145273 	-0.0171429	0.58128 
553	44    	0.204732   	0.173454 	-0.02     	0.581352
554	47    	0.171314   	0.177028 	-0.0199999	0.581321
555	41    	0.24886    	0.194203 	-0.02     	0.581321
556	45    	0.195173   	0.186771 	-0.02     	0.581321
557	46    	0.140553   	0.183703 	-0.02     	0.581321
558	46    	0.182093   	0.173752 	-0.0171429	0.64835 
559	47    	0.239963   	0.157017 	-0.0166666	0.64835 
560	39    	0.288305   	0.194221 	-0.0177778	0.812977
561	48    	0.235121   	0.178178 	-0.02     	0.64835 
562	48    	0.225839   	0.16619  	-0.02     	0.576475
563	45    	0.255617   	0.129461 	-0.02     	0.576475
564	46    	0.261529   	0.178604 	-0.0175   	0.734755
565	46    	0.248491   	0.192094 	-0.0166667	0.734755
566	46    	0.231737   	0.179685 	-0.02     	0.734755
567	46    	0.255261   	0.158682 	-0.02     	0.734755
568	46    	0.283898   	0.189422 	-0.02     	0.827809
569	48    	0.222392   	0.149189 	-0.0175   	0.734755
570	45    	0.263773   	0.132762 	-0.0175   	0.583036
571	47    	0.291122   	0.140246 	-0.018    	0.527403
572	48    	0.263917   	0.135751 	-0.0175   	0.527403
573	48    	0.228873   	0.123088 	-0.0166667	0.528403
574	46    	0.255565   	0.121528 	-0.0166666	0.528403
575	45    	0.229145   	0.166382 	-0.02     	0.655393
576	47    	0.261693   	0.143609 	-0.0175   	0.558546
577	47    	0.260633   	0.129227 	-0.0166667	0.558546
578	48    	0.239806   	0.111821 	-0.0166666	0.549153
579	48    	0.224529   	0.10186  	-0.0171429	0.402313
580	47    	0.227455   	0.118582 	-0.0200001	0.431254
581	45    	0.252112   	0.108134 	-0.0175   	0.450523
582	44    	0.274628   	0.0958644	-0.0133334	0.476138
583	48    	0.2481     	0.102621 	-0.0166667	0.433078
584	45    	0.254263   	0.145711 	-0.018    	0.693559
585	46    	0.267402   	0.186528 	-0.02     	0.725831
586	45    	0.263004   	0.155854 	-0.0174999	0.725831
587	48    	0.220788   	0.147039 	-0.0166667	0.725831
588	42    	0.254459   	0.201918 	-0.02     	0.725831
589	45    	0.259892   	0.181867 	-0.0175001	0.725831
590	48    	0.273855   	0.191365 	-0.0177778	0.749649
591	45    	0.276699   	0.167418 	-0.02     	0.725741
592	46    	0.280257   	0.147051 	-0.0181818	0.730303
593	47    	0.259014   	0.150563 	-0.02     	0.730303
594	44    	0.272415   	0.136404 	-0.02     	0.605256
595	48    	0.236799   	0.164459 	-0.02     	0.56141 
596	45    	0.240098   	0.140921 	-0.0171428	0.548653
597	42    	0.250326   	0.158619 	-0.02     	0.548653
598	44    	0.260125   	0.171617 	-0.02     	0.559088
599	45    	0.242224   	0.130541 	-0.0177778	0.548653
600	49    	0.213413   	0.10491  	-0.0133334	0.422155
601	46    	0.229442   	0.114235 	-0.015    	0.476644
602	50    	0.233176   	0.110687 	-0.0175   	0.421667
603	40    	0.295985   	0.128246 	-0.0225   	0.541598
604	44    	0.271652   	0.108827 	0.0903378 	0.541598
605	47    	0.260444   	0.113178 	0.0733775 	0.556411
606	45    	0.280453   	0.113264 	-0.02     	0.53412 
607	48    	0.302612   	0.103618 	-0.0200001	0.524139
608	46    	0.253597   	0.134576 	-0.0228571	0.610489
609	46    	0.226455   	0.268701 	-1        	0.603321
610	48    	0.268659   	0.203804 	-1        	0.480265
611	47    	0.286987   	0.207778 	-1        	0.491483
612	47    	0.230457   	0.271895 	-1        	0.491483
613	47    	0.250369   	0.271062 	-1        	0.48572 
614	47    	0.226012   	0.317397 	-1        	0.48572 
615	40    	0.252349   	0.326585 	-1        	0.48572 
616	45    	0.265399   	0.277665 	-1        	0.48572 
617	47    	0.265791   	0.209346 	-1        	0.499701
618	48    	-0.0328491 	0.576421 	-1        	0.508142
619	48    	0.0413106  	0.528859 	-1        	0.527013
620	47    	0.0693672  	0.50905  	-1        	0.513483
621	48    	0.0448705  	0.563502 	-1        	0.585634
622	46    	0.189934   	0.403432 	-1        	0.519551
623	48    	0.083507   	0.513479 	-1        	0.514263
624	48    	-0.0976432 	0.621591 	-1        	0.514263
625	46    	0.0669208  	0.508543 	-1        	0.480859
626	48    	0.0392027  	0.524358 	-1        	0.43761 
627	45    	0.260787   	0.328703 	-1        	0.540631
628	45    	0.18054    	0.442905 	-1        	0.540631
629	45    	-0.00571476	0.593637 	-1        	0.540631
630	46    	0.0942874  	0.517972 	-1        	0.540631
631	47    	0.0179509  	0.577174 	-1        	0.530885
632	46    	0.241547   	0.373972 	-1        	0.595211
633	50    	0.0630591  	0.535215 	-1        	0.492148
634	43    	-0.0408173 	0.575936 	-1        	0.457227
635	46    	-0.0489957 	0.597777 	-1        	0.518559
636	46    	0.0497515  	0.530318 	-1        	0.518559
637	44    	0.0296875  	0.553158 	-1        	0.518559
638	46    	0.27269    	0.283694 	-1        	0.529965
639	43    	0.305084   	0.106096 	0.101726  	0.529965
640	50    	0.242957   	0.271875 	-1        	0.629924
641	42    	0.332642   	0.130424 	-0.0133333	0.629924
642	44    	0.300078   	0.120105 	0.0593258 	0.570061
643	45    	0.295856   	0.12033  	-0.0133337	0.511095
644	48    	0.265129   	0.119944 	-0.016    	0.512873
645	48    	0.272794   	0.107736 	-0.02     	0.54963 
646	47    	0.281941   	0.100084 	0.0931129 	0.54963 
647	45    	0.296307   	0.137001 	-0.0181818	0.557893
648	47    	0.29952    	0.140635 	-0.0160001	0.561483
649	48    	0.281443   	0.157103 	-0.0199999	0.54035 
650	43    	0.262626   	0.150809 	-0.0171429	0.54035 
651	43    	0.268353   	0.174745 	-0.0171429	0.760448
652	47    	0.269838   	0.150887 	-0.0171428	0.760448
653	45    	0.295747   	0.152503 	-0.02     	0.760448
654	45    	0.315972   	0.17128  	-0.0180001	0.760448
655	48    	0.309117   	0.152181 	0.0742683 	0.760448
656	48    	0.288785   	0.138375 	-0.02     	0.760448
657	42    	0.323272   	0.166667 	0.0439942 	0.760448
658	49    	0.269731   	0.133701 	0.0682513 	0.760448
659	46    	0.270824   	0.151579 	0.0477653 	0.760448
660	42    	0.302953   	0.175762 	-0.0199999	0.760448
661	48    	0.240168   	0.13289  	-0.02     	0.760448
662	47    	0.299787   	0.106159 	0.0764025 	0.760448
663	47    	0.294091   	0.111729 	0.0985051 	0.760448
664	49    	0.306877   	0.154872 	-0.0181818	0.667382
665	46    	0.264114   	0.135819 	-0.0171429	0.667382
666	47    	0.280841   	0.0907842	-0.016    	0.480603
667	45    	0.277397   	0.205211 	-1        	0.480603
668	44    	0.235152   	0.32665  	-1        	0.498307
669	48    	0.292107   	0.0984375	-0.02     	0.528454
670	50    	0.225038   	0.329111 	-1        	0.738549
671	47    	0.152661   	0.438387 	-1        	0.738549
672	48    	0.242514   	0.33941  	-1        	0.738549
673	41    	0.190983   	0.45498  	-1        	0.633957
674	44    	0.24183    	0.343442 	-1        	0.633957
675	46    	0.268927   	0.123033 	0.0592114 	0.633957
676	47    	0.232375   	0.212533 	-1        	0.532653
677	45    	0.304337   	0.101593 	-0.015    	0.532653
678	46    	0.260052   	0.199527 	-1        	0.484529
679	48    	0.29342    	0.092731 	-0.0199999	0.483058
680	44    	0.302928   	0.217636 	-1        	0.70647 
681	48    	0.147071   	0.434745 	-1        	0.483058
682	46    	0.0592736  	0.535572 	-1        	0.477478
683	46    	0.0293141  	0.552415 	-1        	0.507902
684	48    	0.120899   	0.497883 	-1        	0.53347 
685	47    	0.221622   	0.370097 	-1        	0.53347 
686	48    	0.256412   	0.274517 	-1        	0.53347 
687	49    	0.177576   	0.40363  	-1        	0.506609
688	47    	0.248749   	0.270951 	-1        	0.49403 
689	48    	0.215326   	0.319684 	-1        	0.495524
690	49    	0.254104   	0.271773 	-1        	0.589008
691	48    	0.284677   	0.20642  	-1        	0.589008
692	47    	0.289764   	0.217212 	-1        	0.589008
693	46    	0.273329   	0.221592 	-1        	0.589008
694	46    	0.251158   	0.277344 	-1        	0.573852
695	50    	0.299646   	0.0856001	0.113819  	0.479923
696	45    	0.289628   	0.210697 	-1        	0.525192
697	45    	0.260848   	0.203248 	-1        	0.560699
698	47    	0.257056   	0.196508 	-1        	0.433039
699	47    	0.283394   	0.203801 	-1        	0.479041
700	46    	0.237085   	0.269851 	-1        	0.460924
701	46    	0.259937   	0.269501 	-1        	0.51013 
702	45    	0.24247    	0.328015 	-1        	0.528923
703	43    	0.271167   	0.275422 	-1        	0.528923
704	50    	0.288795   	0.19817  	-1        	0.543523
705	47    	0.18476    	0.40319  	-1        	0.543523
706	44    	0.150559   	0.436663 	-1        	0.4819  
707	47    	0.1969     	0.407036 	-1        	0.524124
708	47    	0.220496   	0.372329 	-1        	0.53385 
709	50    	0.205365   	0.359048 	-1        	0.430459
710	48    	0.124002   	0.459819 	-1        	0.496375
711	48    	0.149508   	0.43386  	-1        	0.612552
712	47    	0.12373    	0.498968 	-1        	0.621955
713	44    	0.211032   	0.367699 	-1        	0.621955
714	45    	0.192505   	0.410588 	-1        	0.621955
715	46    	0.229834   	0.327174 	-1        	0.621955
716	46    	0.289304   	0.107891 	-0.0222222	0.528794
717	49    	0.220978   	0.322034 	-1        	0.479359
718	46    	0.287251   	0.20269  	-1        	0.567018
719	44    	0.304396   	0.112891 	0.0635902 	0.567018
720	48    	0.242499   	0.276064 	-1        	0.608749
721	47    	0.275254   	0.211017 	-1        	0.608749
722	49    	0.289306   	0.216913 	-1        	0.703946
723	49    	0.254548   	0.134378 	-0.0166667	0.730315
724	44    	0.278158   	0.125157 	-0.02     	0.570954
725	46    	0.269832   	0.110843 	-0.016    	0.570954
726	45    	0.239886   	0.268528 	-1        	0.455048
727	48    	0.253803   	0.270965 	-1        	0.468885
728	50    	0.234831   	0.269329 	-1        	0.467483
729	47    	0.251092   	0.26971  	-1        	0.487085
730	48    	0.219803   	0.317512 	-1        	0.487085
731	47    	0.282235   	0.0997411	-0.018    	0.487085
732	50    	0.232941   	0.270553 	-1        	0.475514
733	47    	0.215135   	0.319961 	-1        	0.546989
734	45    	0.278824   	0.204635 	-1        	0.546989
735	46    	0.263251   	0.210967 	-1        	0.499077
736	44    	0.303243   	0.107457 	0.129322  	0.530413
737	47    	0.314885   	0.219271 	-1        	0.654077
738	43    	0.299133   	0.141863 	-0.0166668	0.57187 
739	49    	0.279432   	0.201477 	-1        	0.49861 
740	45    	0.179919   	0.404448 	-1        	0.576571
741	48    	0.170071   	0.397654 	-1        	0.552841
742	44    	0.252102   	0.325689 	-1        	0.544447
743	44    	0.141941   	0.468336 	-1        	0.521486
744	45    	0.278559   	0.274099 	-1        	0.521486
745	47    	0.307501   	0.205796 	-1        	0.592956
746	42    	0.287715   	0.279565 	-1        	0.592956
747	48    	0.238943   	0.277193 	-1        	0.592956
748	49    	0.179426   	0.403024 	-1        	0.520818
749	43    	0.337589   	0.0935808	0.124913  	0.588371
750	46    	0.263596   	0.274776 	-1        	0.588371
751	48    	0.255039   	0.268491 	-1        	0.55367 
752	42    	0.286936   	0.274414 	-1        	0.534836
753	48    	0.228977   	0.322129 	-1        	0.49376 
754	47    	0.241956   	0.277254 	-1        	0.586098
755	46    	0.273986   	0.285857 	-1        	0.633779
756	48    	0.218143   	0.371826 	-1        	0.586098
757	48    	0.111032   	0.490507 	-1        	0.586098
758	42    	0.243898   	0.325938 	-1        	0.586098
759	50    	0.314684   	0.0797192	0.123859  	0.470011
760	44    	0.160716   	0.434463 	-1        	0.470011
761	46    	-0.0750685 	0.611549 	-1        	0.470011
762	42    	0.00200517 	0.567698 	-1        	0.470011
763	43    	-0.29559   	0.679812 	-1        	0.534698
764	46    	-0.506346  	0.659912 	-1        	0.534698
765	48    	-0.539309  	0.643864 	-1        	0.534698
766	47    	-0.282755  	0.665797 	-1        	0.534698
767	47    	-0.271252  	0.651398 	-1        	0.5093  
768	47    	-0.204492  	0.654453 	-1        	0.467668
769	44    	-0.414008  	0.66291  	-1        	0.454531
770	43    	-0.480681  	0.664383 	-1        	0.467817
771	43    	-0.317188  	0.687532 	-1        	0.77014 
772	47    	-0.306371  	0.672067 	-1        	0.77014 
773	46    	-0.0289403 	0.586082 	-1        	0.77014 
774	47    	0.128379   	0.429047 	-1        	0.620059
775	45    	0.329371   	0.106091 	0.0483966 	0.620059
776	47    	0.301111   	0.132481 	-0.0177778	0.620059
777	45    	0.267976   	0.350392 	-1        	0.65888 
778	47    	0.220292   	0.377723 	-1        	0.655783
779	49    	0.0672928  	0.506149 	-1        	0.46728 
780	46    	0.246523   	0.266381 	-1        	0.490713
781	46    	0.150249   	0.433897 	-1        	0.537266
782	47    	0.0699681  	0.506168 	-1        	0.490713
783	47    	-0.0273629 	0.579743 	-1        	0.462877
784	44    	0.151122   	0.432153 	-1        	0.501296
785	48    	0.231509   	0.322309 	-1        	0.528197
786	45    	0.241009   	0.32476  	-1        	0.53422 
787	45    	0.0985756  	0.523435 	-1        	0.604116
788	47    	0.208854   	0.370076 	-1        	0.528197
789	46    	0.270989   	0.204547 	-1        	0.528197
790	49    	0.205889   	0.362216 	-1        	0.486061
791	44    	0.127318   	0.462008 	-1        	0.486061
792	49    	0.0774718  	0.50877  	-1        	0.457155
793	48    	0.206243   	0.362949 	-1        	0.455093
794	46    	0.161573   	0.443421 	-1        	0.689457
795	44    	0.255425   	0.329813 	-1        	0.689457
796	48    	0.24888    	0.266794 	-1        	0.463661
797	48    	0.287182   	0.0845861	-0.0150002	0.452976
798	46    	0.249523   	0.266053 	-1        	0.452976
799	47    	0.20392    	0.361957 	-1        	0.452976
800	42    	0.230103   	0.322227 	-1        	0.452976
801	47    	0.266297   	0.268192 	-1        	0.474166
802	47    	0.27559    	0.2034   	-1        	0.537788
803	49    	0.17737    	0.356918 	-1        	0.436202
804	45    	0.239125   	0.270897 	-1        	0.481335
805	48    	0.229523   	0.265261 	-1        	0.46582 
806	47    	0.174325   	0.358198 	-1        	0.481446
807	47    	0.291331   	0.0931913	0.0754111 	0.481446
808	47    	0.291662   	0.198495 	-1        	0.473636
809	44    	0.314174   	0.0959817	0.111907  	0.473636
810	47    	0.309333   	0.0899501	0.105302  	0.473636
811	49    	0.230314   	0.206544 	-1        	0.501531
812	45    	0.316158   	0.0984316	0.113053  	0.501531
813	42    	0.295698   	0.104838 	0.1459    	0.501531
814	42    	0.294591   	0.122683 	0.0771513 	0.593071
815	43    	0.305721   	0.146485 	-0.02     	0.654763
816	42    	0.315256   	0.139441 	0.0659236 	0.628666
817	41    	0.335099   	0.145119 	0.0668397 	0.628666
818	47    	0.24344    	0.162315 	-0.02     	0.628666
819	48    	0.26047    	0.0953042	-0.0171429	0.467916
820	49    	0.282306   	0.0922288	0.0996996 	0.598268
821	45    	0.292605   	0.135835 	-0.00866202	0.619305
822	44    	0.2918     	0.152862 	-0.017143  	0.619305
823	46    	0.29142    	0.138481 	-0.0171428 	0.625542
824	48    	0.245543   	0.142749 	-0.0222222 	0.625542
825	50    	0.288971   	0.105023 	0.0737233  	0.544667
826	46    	0.26094    	0.119664 	-0.016     	0.544667
827	46    	0.286743   	0.117103 	-0.0171428 	0.544667
828	46    	0.268665   	0.122473 	-0.0177777 	0.544667
829	46    	0.258323   	0.116625 	-0.0183333 	0.544667
830	46    	0.289249   	0.12915  	-0.02      	0.544667
831	48    	0.20158    	0.269163 	-1         	0.544641
832	45    	0.283831   	0.152642 	-0.0166667 	0.544641
833	49    	0.267621   	0.112045 	-0.0199999 	0.544641
834	45    	0.290709   	0.124784 	-0.0150002 	0.598646
835	49    	0.259927   	0.0933317	0.109011   	0.542302
836	46    	0.298596   	0.0951422	0.134675   	0.516016
837	45    	0.286416   	0.101775 	0.0573343  	0.54354 
838	49    	0.307671   	0.0975828	0.0987636  	0.505269
839	47    	0.302628   	0.103504 	0.0791791  	0.574552
840	49    	0.267319   	0.116537 	0.0877031  	0.544941
841	47    	0.290801   	0.114699 	-0.0177778 	0.500028
842	44    	0.28903    	0.106439 	-0.015     	0.504469
843	46    	0.291853   	0.126637 	-0.0171429 	0.617476
844	46    	0.327422   	0.119987 	0.0798744  	0.617476
845	45    	0.337361   	0.133479 	0.0523404  	0.640322
846	44    	0.336397   	0.116359 	0.0978716  	0.640322
847	49    	0.283457   	0.21169  	-1         	0.640322
848	47    	0.279537   	0.215421 	-1         	0.692785
849	47    	0.313382   	0.110398 	0.0628061  	0.640322
850	48    	0.250369   	0.211273 	-1         	0.528477
851	44    	0.269543   	0.201496 	-1         	0.500714
852	47    	0.215497   	0.321164 	-1         	0.581934
853	46    	0.207426   	0.367867 	-1         	0.581934
854	45    	0.164756   	0.445749 	-1         	0.581934
855	47    	0.203296   	0.411432 	-1         	0.581934
856	47    	0.213071   	0.369666 	-1         	0.581934
857	48    	0.12952    	0.465266 	-1         	0.581934
858	45    	0.0752548  	0.547149 	-1         	0.581934
859	46    	0.153208   	0.473979 	-1         	0.581934
860	46    	0.085054   	0.517584 	-1         	0.581934
861	45    	0.0913732  	0.520358 	-1         	0.581934
862	44    	0.13662    	0.502574 	-1         	0.581934
863	45    	0.0239618  	0.58234  	-1         	0.581934
864	45    	-0.0866161 	0.629909 	-1         	0.547617
865	45    	-0.0910967 	0.62834  	-1         	0.547617
866	47    	0.00754562 	0.572125 	-1         	0.467574
867	47    	-0.0327426 	0.608503 	-1         	0.559973
868	49    	0.0666927  	0.508335 	-1         	0.56162 
869	49    	-0.0196211 	0.585323 	-1         	0.559973
870	46    	0.136661   	0.47282  	-1         	0.867878
871	45    	0.281854   	0.299501 	-1         	0.867878
872	47    	0.320714   	0.0898031	0.114687   	0.582627
873	49    	0.285059   	0.0863126	0.112256   	0.489189
874	47    	0.319271   	0.0989746	0.147312   	0.64913 
875	47    	0.227853   	0.273263 	-1         	0.653918
876	46    	0.272814   	0.208036 	-1         	0.571847
877	47    	0.237063   	0.321816 	-1         	0.495346
878	50    	0.319934   	0.0870351	0.150339   	0.661127
879	49    	0.296313   	0.0967523	0.0971272  	0.573275
880	48    	0.236525   	0.373689 	-1         	0.542023
881	44    	0.21048    	0.414302 	-1         	0.552191
882	44    	0.111115   	0.493681 	-1         	0.506155
883	46    	0.199205   	0.412188 	-1         	0.556576
884	45    	0.0592806  	0.537322 	-1         	0.556576
885	43    	0.230411   	0.373676 	-1         	0.593768
886	46    	0.254019   	0.274492 	-1         	0.556576
887	44    	0.180561   	0.403047 	-1         	0.556576
888	42    	0.261269   	0.332517 	-1         	0.556576
889	48    	0.213369   	0.37116  	-1         	0.579318
890	47    	0.290611   	0.209555 	-1         	0.579318
891	49    	0.253475   	0.270017 	-1         	0.579318
892	47    	0.315844   	0.127345 	-0.016     	0.703902
893	45    	0.286249   	0.232492 	-1         	0.703902
894	44    	0.340609   	0.150804 	0.0861732  	0.702998
895	45    	0.295906   	0.142769 	0.0664144  	0.696232
896	44    	0.262657   	0.1498   	-0.02      	0.643907
897	46    	0.296633   	0.124039 	0.0672484  	0.643907
898	43    	0.272813   	0.146804 	-0.0177777 	0.707385
899	45    	0.300318   	0.142083 	0.0759348  	0.706012
900	50    	0.229873   	0.237109 	-1         	0.813756
901	46    	0.233027   	0.141644 	-0.02      	0.427739
902	43    	0.228924   	0.217529 	-1         	0.591768
903	43    	0.242492   	0.153049 	-0.02      	0.581279
904	44    	0.214969   	0.185566 	-0.0199999 	0.581279
905	44    	0.24952    	0.192375 	-0.0160001 	0.583103
906	48    	0.142222   	0.181274 	-0.02      	0.581279
907	47    	0.165851   	0.209289 	-0.0171429 	0.811247
908	49    	0.161809   	0.159921 	-0.02      	0.583947
909	47    	0.176443   	0.164636 	-0.0166667 	0.811396
910	47    	0.195693   	0.197103 	-0.0166667 	0.811396
911	45    	0.200405   	0.189295 	-0.0171429 	0.811396
912	45    	0.217194   	0.211218 	-0.0166667 	0.812825
913	49    	0.188261   	0.222461 	-0.0166667 	0.811396
914	49    	0.15439    	0.18114  	-0.02      	0.813708
915	46    	0.207451   	0.199668 	-0.02      	0.65468 
916	45    	0.173936   	0.205047 	-0.02      	0.65468 
917	48    	0.173129   	0.16379  	-0.02      	0.703466
918	48    	0.182102   	0.146212 	-0.0166667 	0.516322
919	45    	0.215521   	0.162411 	-0.0174999 	0.650992
920	45    	0.201577   	0.186206 	-0.0199999 	0.650992
921	44    	0.257241   	0.17788  	-0.018     	0.650992
922	43    	0.245069   	0.198178 	-0.02      	0.650992
923	46    	0.267238   	0.167753 	-0.0175001 	0.650992
924	45    	0.277918   	0.170644 	-0.0171429 	0.745544
925	44    	0.28407    	0.188701 	-0.0171429 	0.745544
926	49    	0.217776   	0.128575 	-0.02      	0.559707
927	45    	0.238398   	0.116692 	-0.0177778 	0.706637
928	45    	0.240829   	0.185578 	-0.02      	0.830079
929	48    	0.224236   	0.14379  	-0.02      	0.706637
930	46    	0.241999   	0.138867 	-0.0171428 	0.610054
931	47    	0.279675   	0.13139  	-0.02      	0.610223
932	46    	0.235995   	0.129335 	-0.0166666 	0.544204
933	48    	0.2644     	0.149287 	-0.02      	0.730902
934	48    	0.241613   	0.134618 	-0.0175    	0.565532
935	45    	0.269748   	0.138363 	-0.0171428 	0.565532
936	48    	0.253465   	0.12536  	-0.018     	0.601174
937	46    	0.265417   	0.137179 	-0.018     	0.601174
938	47    	0.269891   	0.136909 	-0.0199999 	0.654077
939	45    	0.295733   	0.168907 	-0.02      	0.813756
940	46    	0.267877   	0.213568 	-0.0177778 	0.813756
941	45    	0.231504   	0.203248 	-0.0171429 	0.813756
942	45    	0.231527   	0.198578 	-0.0171429 	0.813756
943	44    	0.259232   	0.169966 	-0.02      	0.813756
944	44    	0.286806   	0.185638 	-0.02      	0.813954
945	45    	0.239772   	0.194795 	-0.0171429 	0.813708
946	44    	0.279024   	0.196527 	-0.0177778 	0.813708
947	46    	0.26655    	0.184912 	-0.0166667 	0.813756
948	45    	0.297383   	0.196234 	-0.0200001 	0.813756
949	48    	0.223089   	0.213734 	-0.0166668 	0.811396
950	48    	0.28655    	0.187663 	-0.0174999 	0.811396
951	49    	0.255418   	0.175977 	-0.02      	0.721643
952	45    	0.270623   	0.157957 	-0.02      	0.637883
953	49    	0.262127   	0.129419 	-0.0166667 	0.587173
954	46    	0.275571   	0.14196  	-0.02      	0.731963
955	48    	0.281976   	0.132953 	-0.016     	0.698271
956	48    	0.258513   	0.135626 	-0.0177778 	0.538409
957	45    	0.234504   	0.148486 	-0.0200001 	0.484154
958	47    	0.277939   	0.140645 	-0.0166667 	0.705745
959	44    	0.289457   	0.157685 	-0.0175    	0.705745
960	46    	0.286406   	0.21035  	-0.0171428 	0.705745
961	49    	0.246451   	0.165799 	-0.02      	0.806782
962	42    	0.281948   	0.148233 	-0.02      	0.628803
963	46    	0.237179   	0.164375 	-0.02      	0.624637
964	46    	0.250735   	0.184299 	-0.018     	0.624637
965	47    	0.225316   	0.157684 	-0.02      	0.574759
966	44    	0.231906   	0.163455 	-0.0175    	0.574759
967	43    	0.295334   	0.141005 	-0.0166667 	0.574759
968	47    	0.248943   	0.160457 	-0.0171429 	0.574759
969	48    	0.239318   	0.145727 	-0.02      	0.574759
970	44    	0.254517   	0.174193 	-0.0177779 	0.706014
971	44    	0.270962   	0.186741 	-0.0171429 	0.706014
972	45    	0.254744   	0.19763  	-0.0175    	0.812083
973	47    	0.282892   	0.204699 	-0.0171429 	0.812825
974	44    	0.285962   	0.191844 	-0.0181818 	0.812825
975	46    	0.281513   	0.197862 	-0.02      	0.812825
976	46    	0.274682   	0.205307 	-0.0177778 	0.812825
977	43    	0.271299   	0.212156 	-0.0175    	0.706012
978	47    	0.235498   	0.160513 	-0.02      	0.706012
979	48    	0.235527   	0.151458 	-0.0199999 	0.54722 
980	48    	0.250706   	0.147059 	-0.02      	0.593573
981	47    	0.226638   	0.154566 	-0.02      	0.872462
982	48    	0.236704   	0.116416 	-0.0225    	0.698043
983	45    	0.266252   	0.12442  	-0.02      	0.548222
984	48    	0.277522   	0.108874 	-0.0175    	0.502067
985	45    	0.282515   	0.147006 	-0.0166667 	0.580625
986	44    	0.312036   	0.15856  	-0.0106866 	0.678949
987	47    	0.239046   	0.166104 	-0.02      	0.596201
988	46    	0.303206   	0.111694 	-0.02      	0.596201
989	50    	0.294701   	0.0961378	-0.0166667 	0.495346
990	48    	0.279722   	0.0981387	-0.0171429 	0.473025
991	48    	0.282645   	0.121631 	-0.02      	0.545855
992	45    	0.248337   	0.21426  	-1         	0.545855
993	47    	0.245037   	0.220763 	-1         	0.545855
994	45    	0.260327   	0.125106 	-0.0200001 	0.613415
995	47    	0.268384   	0.143891 	-0.0166667 	0.61513 
996	44    	0.261146   	0.118391 	-0.02      	0.545749
997	43    	0.280397   	0.110158 	0.0898917  	0.545749
998	43    	0.275683   	0.14818  	-0.0171429 	0.545749
999	50    	0.225791   	0.130571 	-0.0199999 	0.487761
1000	46    	0.232315   	0.111195 	-0.02      	0.487761
