gen	nevals	avg     	stddev	min     	max     
0  	50    	0.218369	0     	0.218369	0.218369
1  	42    	0.0774461	0.108444	-0.0159999	0.235956
2  	43    	0.110756 	0.117916	-0.016    	0.356517
3  	47    	0.0868115	0.108587	-0.02     	0.283359
4  	47    	0.144276 	0.151445	-0.0166667	0.583036
5  	47    	0.20452  	0.157403	-0.02     	0.632073
6  	46    	0.237839 	0.159045	-0.0171429	0.632073
7  	48    	0.231048 	0.140453	-0.0174999	0.705591
8  	44    	0.27913  	0.139867	-0.0166666	0.705591
9  	45    	0.251842 	0.153467	-0.0175   	0.705591
10 	45    	0.282144 	0.165623	-0.02     	0.705591
11 	45    	0.257639 	0.187222	-0.02     	0.705591
12 	48    	0.265257 	0.169378	-0.02     	0.705591
13 	45    	0.313422 	0.170035	-0.0183334	0.705591
14 	49    	0.292864 	0.127122	0.0930383 	0.717296
15 	48    	0.27691  	0.127057	-0.018    	0.563984
16 	43    	0.315871 	0.133415	0.0769805 	0.651599
17 	48    	0.323991 	0.149367	0.0591921 	0.719484
18 	48    	0.308723 	0.14126 	0.0756391 	0.735597
19 	42    	0.332149 	0.136585	-0.018    	0.719484
20 	46    	0.292367 	0.13428 	-0.0133333	0.664214
21 	50    	0.276186 	0.103334	-0.0177777	0.550064
22 	48    	0.290129 	0.112511	0.0748686 	0.561061
23 	47    	0.288019 	0.107765	-0.02     	0.561061
24 	45    	0.315046 	0.115276	0.0644846 	0.561061
25 	46    	0.318051 	0.134244	0.0648174 	0.677373
26 	42    	0.347238 	0.170144	0.0659984 	0.682677
27 	48    	0.316466 	0.165106	-0.0175   	0.740608
28 	44    	0.341317 	0.171793	-0.0171429	0.753468
29 	44    	0.358696 	0.179566	0.0854387 	0.809217
30 	45    	0.348532 	0.203127	-0.0166667	0.83894 
31 	47    	0.38505  	0.21025 	0.0728605 	0.925911
32 	48    	0.293781 	0.18004 	0.0536097 	0.795469
33 	45    	0.324536 	0.160816	0.0891222 	0.795469
34 	50    	0.339491 	0.173843	-0.0160001	0.804175
35 	48    	0.336232 	0.158418	0.0562214 	0.764439
36 	44    	0.321743 	0.190557	-0.0159999	0.692974
37 	45    	0.298539 	0.176203	-0.0160001	0.767793
38 	49    	0.32158  	0.157453	-0.0222222	0.676069
39 	45    	0.3228   	0.134563	-0.02     	0.65142 
40 	48    	0.344425 	0.111505	0.140593  	0.624514
41 	49    	0.3067   	0.103221	0.124132  	0.615842
42 	42    	0.333174 	0.129591	0.0589947 	0.615842
43 	45    	0.284005 	0.148459	-0.0166667	0.615842
44 	46    	0.295474 	0.124795	0.0874694 	0.615842
45 	48    	0.270412 	0.136902	-0.0183333	0.615842
46 	47    	0.319408 	0.146071	-0.0177779	0.757867
47 	48    	0.315077 	0.0893673	0.113006  	0.615842
48 	48    	0.300086 	0.0876798	0.1148    	0.495615
49 	44    	0.320687 	0.10634  	-0.0160003	0.534065
50 	43    	0.31538  	0.105779 	0.0874948 	0.534065
51 	45    	0.297364 	0.0938818	0.0735617 	0.534065
52 	48    	0.297446 	0.113604 	-0.0181818	0.605757
53 	47    	0.311006 	0.117086 	-0.0166666	0.532844
54 	42    	0.307808 	0.122511 	0.0850184 	0.608217
55 	45    	0.314827 	0.100442 	0.0718309 	0.528884
56 	46    	0.329658 	0.119654 	0.121531  	0.676978
57 	48    	0.286358 	0.0982244	0.0992135 	0.506889
58 	46    	0.311037 	0.124411 	-0.0133332	0.578889
59 	46    	0.290791 	0.15905  	-0.0177778	0.682195
60 	49    	0.276561 	0.116929 	-0.0166667	0.528571
61 	42    	0.290352 	0.116834 	0.0523723 	0.528571
62 	45    	0.28291  	0.132234 	-0.016    	0.541622
63 	45    	0.309362 	0.120606 	-0.016    	0.55405 
64 	46    	0.283111 	0.126245 	-0.0175   	0.589639
65 	46    	0.29507  	0.135685 	-0.0183333	0.587101
66 	43    	0.321188 	0.141016 	0.0840803 	0.630569
67 	45    	0.306115 	0.143577 	-0.016    	0.618171
68 	45    	0.343258 	0.13896  	0.0594992 	0.623216
69 	46    	0.267893 	0.278339 	-1        	0.618171
70 	48    	0.234873 	0.265734 	-1        	0.440438
71 	46    	0.244244 	0.324222 	-1        	0.513826
72 	46    	0.204324 	0.368539 	-1        	0.548104
73 	49    	0.214202 	0.371224 	-1        	0.629964
74 	47    	0.298717 	0.20064  	-1        	0.465901
75 	45    	0.297459 	0.206208 	-1        	0.555006
76 	45    	0.237648 	0.324509 	-1        	0.555006
77 	46    	0.236085 	0.278887 	-1        	0.555006
78 	47    	0.2625   	0.2096   	-1        	0.555006
79 	46    	0.29514  	0.208298 	-1        	0.562159
80 	48    	0.272939 	0.211025 	-1        	0.570336
81 	43    	0.302761 	0.230353 	-1        	0.599618
82 	46    	0.306315 	0.121604 	-0.016    	0.570336
83 	47    	0.309663 	0.0868272	0.109042  	0.570336
84 	47    	0.293434 	0.0801673	0.10901   	0.570336
85 	48    	0.289095 	0.110964 	0.0998027 	0.692392
86 	45    	0.301238 	0.119422 	-0.0183333	0.692392
87 	47    	0.28214  	0.123748 	-0.016    	0.578572
88 	46    	0.255859 	0.212997 	-1        	0.515766
89 	47    	0.257948 	0.122149 	-0.0160001	0.515766
90 	47    	0.286779 	0.121877 	-0.016    	0.515766
91 	48    	0.261371 	0.147758 	-0.016    	0.516696
92 	46    	0.189259 	0.282497 	-1        	0.515856
93 	47    	0.274195 	0.132189 	-0.016    	0.512995
94 	47    	0.320714 	0.120189 	-0.015    	0.554345
95 	48    	0.274493 	0.128935 	-0.016    	0.766213
96 	46    	0.275536 	0.287604 	-1        	0.766213
97 	47    	0.292891 	0.211388 	-1        	0.766213
98 	49    	0.293623 	0.113798 	0.0738866 	0.766213
99 	46    	0.303115 	0.137144 	-0.0133332	0.766213
100	45    	0.310769 	0.135753 	0.0696837 	0.766213
101	44    	0.325051 	0.170756 	0.101676  	0.766213
102	47    	0.25015  	0.282565 	-1        	0.766213
103	50    	0.280826 	0.1041   	0.0780488 	0.505632
104	46    	0.31502  	0.115939 	-0.018    	0.513341
105	45    	0.320053 	0.117887 	-0.0133333	0.730211
106	46    	0.324724 	0.142701 	0.0889669 	0.730211
107	48    	0.275348 	0.119842 	-0.015    	0.682382
108	43    	0.304763 	0.124109 	0.0765455 	0.682382
109	47    	0.271682 	0.114548 	-0.0171429	0.682382
110	47    	0.278879 	0.115842 	-0.0171428	0.491474
111	45    	0.286298 	0.102428 	-0.016    	0.491474
112	47    	0.281307 	0.121379 	-0.0133333	0.491474
113	46    	0.290648 	0.114746 	-0.02     	0.491474
114	44    	0.329722 	0.109408 	0.0446322 	0.526342
115	45    	0.302824 	0.123617 	0.0643529 	0.526342
116	47    	0.288225 	0.109861 	0.0608205 	0.521407
117	47    	0.29227  	0.104541 	0.0645915 	0.522366
118	48    	0.310169 	0.099036 	0.152228  	0.596806
119	46    	0.323675 	0.130331 	-0.01     	0.666208
120	43    	0.320743 	0.1388   	0.0856712 	0.666208
121	45    	0.301588 	0.168325 	-0.016    	0.666208
122	47    	0.289602 	0.153991 	-0.0133333	0.666208
123	46    	0.297623 	0.159241 	-0.018    	0.69821 
124	49    	0.300031 	0.153079 	-0.0175   	0.69821 
125	46    	0.256135 	0.14288  	-0.02     	0.69821 
126	47    	0.337053 	0.147788 	-0.0133333	0.83112 
127	45    	0.284252 	0.171473 	-0.0171429	0.83112 
128	47    	0.266914 	0.160162 	-0.0171429	0.70379 
129	45    	0.314453 	0.183911 	-0.0171429	0.70379 
130	43    	0.245239 	0.217949 	-0.0222222	0.70379 
131	48    	0.28603  	0.193837 	-0.02     	0.768043
132	46    	0.336171 	0.194603 	-0.0181818	0.705921
133	42    	0.334308 	0.225746 	-0.0171428	0.722794
134	44    	0.322177 	0.226674 	-0.0171429	0.722794
135	49    	0.219912 	0.159114 	-0.0175001	0.690626
136	45    	0.276658 	0.153951 	-0.02     	0.593839
137	46    	0.289591 	0.196049 	-0.02     	0.65033 
138	45    	0.294935 	0.195731 	-0.0199999	0.703233
139	46    	0.298158 	0.182074 	-0.02     	0.692791
140	47    	0.2681   	0.166523 	-0.02     	0.614508
141	46    	0.283059 	0.144143 	-0.0166665	0.614508
142	45    	0.261072 	0.17162  	-0.02     	0.648591
143	46    	0.282387 	0.1923   	-0.0175001	0.832784
144	47    	0.306596 	0.214668 	-0.02     	0.832784
145	46    	0.328184 	0.226505 	-0.0177778	0.832784
146	43    	0.308569 	0.258394 	-0.0177778	0.831427
147	46    	0.3005   	0.209095 	-0.0174999	0.785238
148	47    	0.26103  	0.198413 	-0.02     	0.785036
149	47    	0.253035 	0.18733  	-0.02     	0.652481
150	44    	0.306268 	0.185735 	-0.02     	0.726095
151	44    	0.319413 	0.186182 	-0.0177777	0.730153
152	46    	0.306702 	0.198597 	-0.02     	0.730153
153	48    	0.266261 	0.196401 	-0.0175   	0.730153
154	46    	0.344297 	0.181835 	-0.0166667	0.703054
155	42    	0.280763 	0.23014  	-0.02     	0.703054
156	49    	0.269556 	0.167298 	-0.0181818	0.674519
157	47    	0.306246 	0.181498 	-0.0175002	0.6764  
158	46    	0.270607 	0.176567 	-0.0183333	0.650516
159	44    	0.315432 	0.192368 	-0.015    	0.73028 
160	48    	0.298962 	0.220346 	-0.0175   	0.805021
161	47    	0.2854   	0.240318 	-0.02     	0.805021
162	48    	0.281907 	0.24683  	-0.0175   	0.812083
163	44    	0.278254 	0.239648 	-0.02     	0.812083
164	47    	0.220728 	0.227371 	-0.0200001	0.806602
165	48    	0.206428 	0.197212 	-0.02     	0.805021
166	47    	0.249632 	0.184192 	-0.02     	0.805021
167	45    	0.305527 	0.19522  	-0.015    	0.704658
168	49    	0.240798 	0.199529 	-0.02     	0.819458
169	46    	0.285284 	0.178326 	-0.02     	0.729582
170	48    	0.265823 	0.186147 	-0.02     	0.797884
171	47    	0.275079 	0.176261 	-0.0166668	0.755015
172	46    	0.246538 	0.18313  	-0.02     	0.718693
173	42    	0.316646 	0.207411 	-0.0175   	0.718693
174	47    	0.306885 	0.19273  	-0.0166667	0.706539
175	43    	0.306083 	0.226368 	-0.02     	0.706539
176	44    	0.282261 	0.23282  	-0.0177778	0.70647 
177	46    	0.273967 	0.220017 	-0.02     	0.826961
178	46    	0.275209 	0.18913  	-0.0171429	0.70647 
179	44    	0.30219  	0.205168 	-0.02     	0.706539
180	45    	0.27842  	0.213447 	-0.02     	0.70647 
181	41    	0.290728 	0.233314 	-0.0171429	0.70647 
182	46    	0.259618 	0.244561 	-0.0171429	0.706539
183	45    	0.264205 	0.22293  	-0.0200001	0.706539
184	42    	0.279629 	0.222145 	-0.02     	0.706539
185	46    	0.26854  	0.209217 	-0.02     	0.706539
186	46    	0.246715 	0.211555 	-0.02     	0.706539
187	45    	0.254075 	0.22278  	-0.0171429	0.706539
188	45    	0.221506 	0.205387 	-0.0175   	0.706539
189	48    	0.25901  	0.221013 	-0.0171428	0.790832
190	45    	0.27758  	0.239789 	-0.02     	0.790832
191	48    	0.222948 	0.163887 	-0.0199999	0.702954
192	46    	0.292745 	0.173329 	-0.0199999	0.731238
193	47    	0.273566 	0.214511 	-0.0171429	0.731238
194	45    	0.317554 	0.200137 	-0.02     	0.731238
195	48    	0.307032 	0.212838 	-0.02     	0.720229
196	46    	0.279414 	0.183575 	-0.0174999	0.70635 
197	46    	0.266319 	0.178878 	-0.02     	0.702821
198	48    	0.238674 	0.164013 	-0.02     	0.650992
199	47    	0.254215 	0.147902 	-0.0177777	0.649746
200	45    	0.256713 	0.150482 	-0.02     	0.649746
201	46    	0.240799 	0.160748 	-0.017143 	0.554975
202	47    	0.296608 	0.150992 	-0.0166667	0.596019
203	42    	0.26301  	0.181302 	-0.0171429	0.634405
204	44    	0.265096 	0.185588 	-0.0175   	0.748452
205	42    	0.304553 	0.190695 	-0.02     	0.748452
206	45    	0.286785 	0.179466 	-0.0171428	0.634405
207	43    	0.320559 	0.17131  	-0.0225   	0.634405
208	46    	0.309779 	0.194058 	-0.018    	0.748121
209	46    	0.261864 	0.189454 	-0.0174994	0.696498
210	44    	0.276926 	0.202627 	-0.02     	0.696498
211	45    	0.329869 	0.206767 	-0.02     	0.706234
212	44    	0.32805  	0.239823 	-0.0171429	0.706234
213	48    	0.303627 	0.203218 	-0.0171429	0.706234
214	48    	0.261735 	0.198869 	-0.017143 	0.706234
215	44    	0.291994 	0.180067 	-0.0166652	0.706234
216	47    	0.255632 	0.188898 	-0.0171429	0.693441
217	47    	0.260677 	0.166189 	-0.0199999	0.645829
218	46    	0.299541 	0.163891 	-0.02     	0.645829
219	44    	0.297901 	0.198629 	-0.017143 	0.706234
220	45    	0.319283 	0.194122 	-0.0166667	0.834764
221	47    	0.262258 	0.209202 	-0.0200002	0.834764
222	44    	0.324423 	0.229371 	-0.02     	0.834764
223	42    	0.312645 	0.224837 	-0.02     	0.834764
224	44    	0.270296 	0.223272 	-0.02     	0.834764
225	44    	0.30312  	0.217278 	-0.02     	0.834764
226	47    	0.272217 	0.197394 	-0.0171428	0.834764
227	48    	0.286855 	0.19022  	-0.02     	0.754978
228	42    	0.333915 	0.186073 	-0.0177778	0.646901
229	42    	0.396756 	0.173098 	-0.02     	0.722705
230	49    	0.315268 	0.155908 	-0.02     	0.585241
231	46    	0.322311 	0.152779 	-0.0171429	0.665687
232	44    	0.33552  	0.132822 	0.0939305 	0.61708 
233	46    	0.33406  	0.142735 	-0.02     	0.629859
234	46    	0.310222 	0.148146 	-0.0159999	0.630097
235	46    	0.297018 	0.136245 	-0.0171428	0.629859
236	46    	0.291153 	0.159317 	-0.02     	0.673217
237	44    	0.286026 	0.164568 	-0.0166668	0.673217
238	45    	0.30536  	0.145478 	-0.0133333	0.673217
239	47    	0.319627 	0.140715 	0.0985559 	0.612511
240	47    	0.292186 	0.16985  	-0.0166667	0.693809
241	47    	0.269638 	0.148932 	-0.0181818	0.666094
242	41    	0.293343 	0.146441 	-0.0177777	0.666094
243	44    	0.378545 	0.173418 	0.0815986 	0.812977
244	47    	0.353994 	0.178544 	-0.0133333	0.812977
245	46    	0.306336 	0.195123 	-0.015    	0.662032
246	45    	0.346918 	0.174675 	-0.0150001	0.70644 
247	44    	0.340319 	0.163924 	-0.0150003	0.617286
248	46    	0.301643 	0.180372 	-0.0166667	0.617286
249	46    	0.275275 	0.183445 	-0.02     	0.819458
250	46    	0.283687 	0.179049 	-0.0177778	0.819458
251	47    	0.31469  	0.169097 	-0.0166666	0.723343
252	45    	0.322804 	0.178785 	-0.0175   	0.723343
253	46    	0.294494 	0.172412 	-0.02     	0.695058
254	47    	0.276142 	0.182378 	-0.0171428	0.71774 
255	47    	0.313067 	0.172383 	-0.0177778	0.687912
256	47    	0.284198 	0.178127 	-0.0175   	0.664566
257	43    	0.36231  	0.189782 	-0.0200001	0.726857
258	48    	0.304177 	0.194423 	-0.0171428	0.698558
259	45    	0.335526 	0.21143  	-0.02     	0.723613
260	46    	0.318902 	0.23743  	-0.0171428	0.815374
261	45    	0.28669  	0.217603 	-0.0228572	0.815374
262	46    	0.325602 	0.202021 	-0.0181818	0.815374
263	46    	0.293805 	0.224097 	-0.02     	0.818806
264	42    	0.369786 	0.24271  	-0.0183333	0.818806
265	48    	0.281504 	0.208855 	-0.02     	0.815374
266	45    	0.265058 	0.192338 	-0.02     	0.814929
267	47    	0.280628 	0.174506 	-0.02     	0.814929
268	48    	0.247519 	0.182764 	-0.02     	0.814929
269	46    	0.302662 	0.204429 	-0.0175   	0.814929
270	45    	0.289982 	0.207572 	-0.0199999	0.814929
271	44    	0.286751 	0.204652 	-0.016    	0.814929
272	47    	0.280563 	0.212298 	-0.0177776	0.812977
273	45    	0.254268 	0.217844 	-0.0199999	0.812825
274	44    	0.325138 	0.234168 	-0.0171429	0.812825
275	43    	0.310593 	0.251067 	-0.02     	0.812825
276	44    	0.292152 	0.24522  	-0.0175   	0.812825
277	46    	0.281369 	0.239379 	-0.0175001	0.812825
278	45    	0.280323 	0.189531 	-0.017143 	0.812825
279	44    	0.293873 	0.188456 	-0.0166667	0.812825
280	42    	0.336297 	0.186289 	-0.02     	0.812977
281	44    	0.322822 	0.223751 	-0.0166667	0.812825
282	43    	0.27991  	0.213281 	-0.0166667	0.812825
283	43    	0.268985 	0.242348 	-0.02     	0.812825
284	46    	0.223136 	0.227287 	-0.02     	0.812825
285	43    	0.305716 	0.204746 	-0.02     	0.812825
286	47    	0.337868 	0.245222 	-0.02     	0.812825
287	50    	0.241213 	0.178659 	-0.0184615	0.812977
288	47    	0.254991 	0.157909 	-0.02     	0.831251
289	48    	0.209013 	0.161119 	-0.02     	0.616898
290	44    	0.246431 	0.159493 	-0.018    	0.616898
291	45    	0.280363 	0.176175 	-0.02     	0.616898
292	40    	0.345803 	0.180712 	-0.0166666	0.687912
293	49    	0.283563 	0.222253 	-0.0171431	0.698558
294	44    	0.25703  	0.22442  	-0.0171429	0.7262  
295	48    	0.258204 	0.199501 	-0.02     	0.815809
296	45    	0.269129 	0.193972 	-0.0171429	0.815809
297	46    	0.26652  	0.222501 	-0.02     	0.815809
298	45    	0.270178 	0.214664 	-0.02     	0.815809
299	45    	0.281188 	0.199094 	-0.02     	0.815809
300	48    	0.277794 	0.203109 	-0.0177778	0.819334
301	48    	0.302147 	0.2038   	-0.0199999	0.819334
302	48    	0.256768 	0.193868 	-0.02     	0.697396
303	44    	0.284707 	0.203148 	-0.0171428	0.697396
304	47    	0.267054 	0.237181 	-0.0177778	0.705022
305	47    	0.254389 	0.233604 	-0.0171429	0.705104
306	45    	0.29468  	0.219353 	-0.0177778	0.705104
307	47    	0.291921 	0.208156 	-0.0175   	0.705022
308	44    	0.343012 	0.221006 	-0.018    	0.813756
309	47    	0.313728 	0.207515 	-0.0171429	0.813756
310	48    	0.256184 	0.245728 	-0.0177778	0.813756
311	46    	0.281425 	0.249856 	-0.0166667	0.813756
312	46    	0.253257 	0.25554  	-0.02     	0.812439
313	47    	0.283341 	0.203827 	-0.0175   	0.722056
314	45    	0.290916 	0.187775 	-0.02     	0.805742
315	44    	0.316533 	0.215172 	-0.0175   	0.811396
316	45    	0.330578 	0.221968 	-0.0171429	0.80147 
317	48    	0.262893 	0.194284 	-0.02     	0.730095
318	43    	0.310741 	0.199378 	-0.0171428	0.732138
319	45    	0.365105 	0.177747 	-0.0200001	0.732138
320	46    	0.290311 	0.237914 	-0.0215385	0.732138
321	42    	0.342871 	0.257738 	-0.0199999	0.732138
322	49    	0.271851 	0.185867 	-0.0177778	0.811396
323	46    	0.275737 	0.217674 	-0.02     	0.811396
324	46    	0.207736 	0.204164 	-0.02     	0.811396
325	47    	0.221835 	0.188437 	-0.02     	0.811396
326	42    	0.303266 	0.236918 	-0.02     	0.811396
327	46    	0.196504 	0.2121   	-0.02     	0.811396
328	45    	0.237617 	0.208559 	-0.02     	0.813756
329	47    	0.239875 	0.209669 	-0.0166667	0.812977
330	45    	0.248711 	0.194722 	-0.0171429	0.811396
331	45    	0.186275 	0.19633  	-0.0166667	0.811396
332	46    	0.233069 	0.207751 	-0.0166666	0.811396
333	43    	0.287203 	0.223274 	-0.0160001	0.812977
334	49    	0.175833 	0.152493 	-0.02     	0.616089
335	44    	0.211484 	0.126496 	-0.0171429	0.485872
336	45    	0.256627 	0.122354 	-0.016    	0.550669
337	47    	0.22605  	0.150592 	-0.017778 	0.581238
338	46    	0.238259 	0.124959 	-0.02     	0.555253
339	43    	0.234545 	0.155355 	-0.0199999	0.63457 
340	47    	0.264454 	0.133951 	-0.0133337	0.666792
341	45    	0.232886 	0.134363 	-0.0175   	0.666792
342	47    	0.21497  	0.183657 	-0.02     	0.732619
343	47    	0.25275  	0.146058 	-0.0166667	0.664279
344	45    	0.264106 	0.150615 	-0.0181818	0.664279
345	47    	0.29301  	0.18684  	-0.0177777	0.730832
346	46    	0.306972 	0.205824 	-0.02     	0.752878
347	46    	0.370028 	0.215028 	-0.0177778	0.759865
348	47    	0.273052 	0.201294 	-0.0177778	0.759865
349	48    	0.264539 	0.17388  	-0.0171428	0.759865
350	46    	0.325069 	0.194363 	-0.016    	0.787246
351	45    	0.35259  	0.184184 	-0.01     	0.781637
352	46    	0.326197 	0.180688 	-0.02     	0.755057
353	47    	0.276606 	0.153849 	-0.0166666	0.635606
354	46    	0.301036 	0.161486 	-0.016    	0.646249
355	49    	0.234914 	0.133976 	-0.0175001	0.635606
356	44    	0.266559 	0.12782  	-0.0175   	0.549319
357	46    	0.267087 	0.132366 	-0.02     	0.600737
358	47    	0.261894 	0.122702 	-0.016    	0.600737
359	45    	0.29346  	0.158999 	-0.0171428	0.600737
360	48    	0.321494 	0.140589 	-0.0160002	0.64809 
361	49    	0.278947 	0.130837 	-0.0175001	0.646716
362	48    	0.269653 	0.124883 	-0.02     	0.61531 
363	46    	0.287378 	0.154823 	-0.0175   	0.692686
364	44    	0.321414 	0.196619 	-0.0166667	0.706539
365	46    	0.242562 	0.212483 	-0.0175   	0.706539
366	43    	0.302273 	0.194113 	-0.02     	0.706539
367	48    	0.269009 	0.216061 	-0.02     	0.706539
368	43    	0.295827 	0.230455 	-0.017143 	0.706539
369	49    	0.251797 	0.174325 	-0.0171428	0.706539
370	46    	0.244556 	0.170275 	-0.0175   	0.706539
371	43    	0.242522 	0.205775 	-0.0175   	0.706539
372	49    	0.189859 	0.178387 	-0.02     	0.706539
373	46    	0.262842 	0.167546 	-0.02     	0.706539
374	44    	0.301697 	0.180106 	-0.0175   	0.706539
375	44    	0.256633 	0.213029 	-0.0171429	0.706539
376	48    	0.254918 	0.196268 	-0.0175001	0.703179
377	47    	0.268499 	0.201204 	-0.0174999	0.706539
378	47    	0.249056 	0.196877 	-0.02     	0.706539
379	48    	0.273395 	0.176336 	-0.0200001	0.706419
380	46    	0.275831 	0.190755 	-0.02     	0.73021 
381	44    	0.26087  	0.185406 	-0.0175   	0.702821
382	45    	0.275794 	0.196839 	-0.02     	0.702821
383	46    	0.254691 	0.174341 	-0.0200001	0.616321
384	45    	0.264181 	0.170595 	-0.02     	0.616327
385	47    	0.259749 	0.185295 	-0.02     	0.630977
386	47    	0.307222 	0.183976 	-0.0166667	0.702821
387	47    	0.26763  	0.187464 	-0.0177778	0.750949
388	48    	0.261997 	0.210632 	-0.0177778	0.858764
389	47    	0.281759 	0.212871 	-0.0150001	0.858764
390	47    	0.274113 	0.166913 	-0.02     	0.730613
391	44    	0.300957 	0.201391 	-0.0171429	0.730613
392	48    	0.278225 	0.196538 	-0.0175   	0.730613
393	48    	0.295763 	0.178947 	-0.0175   	0.731273
394	43    	0.308832 	0.222706 	-0.0175   	0.731273
395	45    	0.301513 	0.223296 	-0.0175   	0.731273
396	46    	0.345654 	0.225896 	-0.02     	0.835049
397	45    	0.322016 	0.232949 	-0.018    	0.835049
398	47    	0.297472 	0.23485  	-0.02     	0.835049
399	46    	0.312014 	0.246545 	-0.0175   	0.835049
400	46    	0.277281 	0.218172 	-0.02     	0.832826
401	46    	0.23335  	0.199931 	-0.02     	0.73019 
402	48    	0.270945 	0.191377 	-0.02     	0.725421
403	47    	0.272852 	0.198535 	-0.02     	0.725421
404	47    	0.271654 	0.19445  	-0.02     	0.717675
405	43    	0.326531 	0.196866 	-0.02     	0.717675
406	46    	0.287729 	0.20102  	-0.0199999	0.717675
407	47    	0.298424 	0.195236 	-0.0175   	0.717675
408	46    	0.263899 	0.187046 	-0.02     	0.717675
409	47    	0.268828 	0.196783 	-0.0177778	0.730613
410	47    	0.262778 	0.168646 	-0.0175   	0.717675
411	46    	0.284524 	0.19795  	-0.018    	0.717675
412	43    	0.289234 	0.218922 	-0.02     	0.812825
413	46    	0.314994 	0.212951 	-0.0171429	0.812825
414	46    	0.233622 	0.202073 	-0.02     	0.692801
415	45    	0.271254 	0.18109  	-0.0166667	0.692801
416	47    	0.270152 	0.16301  	-0.02     	0.572699
417	46    	0.24017  	0.14485  	-0.0171429	0.522902
418	48    	0.281076 	0.144121 	-0.018    	0.695038
419	47    	0.31634  	0.152868 	0.108718  	0.69821 
420	48    	0.303514 	0.188024 	-0.0166667	0.756314
421	46    	0.270558 	0.180295 	-0.02     	0.774507
422	48    	0.289591 	0.181467 	-0.0199999	0.734625
423	47    	0.287184 	0.171144 	-0.0181818	0.734625
424	45    	0.258908 	0.190377 	-0.02     	0.734625
425	49    	0.251323 	0.150696 	-0.0177778	0.586483
426	45    	0.315994 	0.157927 	-0.0166667	0.689503
427	40    	0.284788 	0.191032 	-0.02     	0.689503
428	46    	0.259234 	0.18386  	-0.0175   	0.732138
429	45    	0.289265 	0.189877 	-0.0171429	0.732138
430	45    	0.294568 	0.233047 	-0.0175001	0.812308
431	44    	0.289203 	0.234972 	-0.0175   	0.813756
432	46    	0.296311 	0.202757 	-0.0159966	0.813756
433	44    	0.268491 	0.232814 	-0.0175   	0.813756
434	47    	0.277539 	0.227337 	-0.0166667	0.813756
435	48    	0.256633 	0.220456 	-0.0175   	0.813756
436	46    	0.258608 	0.20972  	-0.0166667	0.813756
437	46    	0.198231 	0.240019 	-0.0171429	0.813756
438	44    	0.25289  	0.254177 	-0.0166667	0.813756
439	47    	0.222513 	0.235846 	-0.0166667	0.813756
440	44    	0.263615 	0.285012 	-0.0175   	0.813756
441	46    	0.182325 	0.2123   	-0.0171428	0.813756
442	46    	0.242305 	0.214601 	-0.02     	0.813756
443	47    	0.231265 	0.241072 	-0.0177778	0.813756
444	47    	0.206668 	0.200946 	-0.0166667	0.813756
445	44    	0.24098  	0.221066 	-0.02     	0.813756
446	46    	0.264581 	0.220184 	-0.0166667	0.813756
447	46    	0.19559  	0.203132 	-0.0171429	0.813708
448	47    	0.259279 	0.217974 	-0.0171429	0.813756
449	44    	0.196159 	0.225094 	-0.02     	0.813756
450	46    	0.238118 	0.229029 	-0.0177778	0.813708
451	46    	0.199722 	0.194429 	-0.0199999	0.811396
452	47    	0.162926 	0.194873 	-0.02     	0.811396
453	48    	0.225051 	0.216937 	-0.02     	0.812308
454	44    	0.219094 	0.189106 	-0.0166667	0.812308
455	46    	0.275043 	0.21154  	-0.0175   	0.812308
456	46    	0.241839 	0.229315 	-0.02     	0.812308
457	46    	0.265723 	0.199794 	-0.02     	0.812308
458	49    	0.224601 	0.17347  	-0.02     	0.723708
459	45    	0.288482 	0.196563 	-0.02     	0.723708
460	46    	0.284207 	0.205747 	-0.02     	0.819458
461	47    	0.24645  	0.200515 	-0.0171429	0.819458
462	45    	0.315986 	0.210797 	-0.02     	0.819458
463	43    	0.333211 	0.239721 	-0.02     	0.819458
464	45    	0.284021 	0.246408 	-0.02     	0.838461
465	44    	0.31751  	0.214971 	-0.0177778	0.739541
466	49    	0.245689 	0.169977 	-0.02     	0.694815
467	45    	0.273056 	0.192288 	-0.02     	0.734188
468	45    	0.280271 	0.208807 	-0.0175   	0.734188
469	49    	0.261135 	0.174693 	-0.02     	0.734188
470	47    	0.267811 	0.147744 	-0.0175   	0.648444
471	42    	0.330582 	0.13422  	0.0748179 	0.648444
472	48    	0.303023 	0.166445 	-0.02     	0.648444
473	47    	0.318405 	0.159801 	-0.016    	0.695726
474	45    	0.345226 	0.180673 	-0.0171429	0.706312
475	45    	0.315373 	0.193047 	-0.0133334	0.695726
476	44    	0.320946 	0.184237 	-0.02     	0.705984
477	46    	0.319894 	0.210026 	-0.0171429	0.813708
478	44    	0.331326 	0.193273 	-0.0166666	0.729582
479	46    	0.335233 	0.204197 	-0.0150003	0.729582
480	45    	0.323207 	0.212177 	-0.0183333	0.729582
481	45    	0.284015 	0.198634 	-0.02     	0.729582
482	47    	0.275147 	0.208384 	-0.02     	0.812977
483	47    	0.28697  	0.199435 	-0.0166666	0.812977
484	48    	0.215602 	0.2043   	-0.0171428	0.812977
485	47    	0.250807 	0.208065 	-0.0166667	0.724258
486	48    	0.244249 	0.183275 	-0.02     	0.695373
487	46    	0.262358 	0.159718 	-0.02     	0.643171
488	46    	0.333219 	0.160366 	-0.0171429	0.702732
489	46    	0.340484 	0.207396 	-0.0175   	0.831654
490	47    	0.315976 	0.190962 	-0.015    	0.841249
491	45    	0.342647 	0.21694  	-0.0175001	0.841249
492	47    	0.305413 	0.233128 	-0.02     	0.812977
493	44    	0.326771 	0.238708 	-0.02     	0.81369 
494	49    	0.272747 	0.184475 	-0.0180001	0.647952
495	48    	0.324269 	0.147145 	-0.02     	0.733539
496	47    	0.287336 	0.205262 	-0.0200004	0.755548
497	45    	0.31519  	0.197968 	-0.0177778	0.755548
498	45    	0.269696 	0.196026 	-0.0177777	0.755548
499	45    	0.319075 	0.184824 	-0.02     	0.755548
500	47    	0.272945 	0.201439 	-0.02     	0.73408 
501	46    	0.281536 	0.202702 	-0.02     	0.73408 
502	45    	0.32948  	0.205658 	-0.02     	0.821817
503	44    	0.358633 	0.209637 	-0.02     	0.821817
504	47    	0.26831  	0.181347 	-0.0166667	0.821817
505	47    	0.325133 	0.207878 	-0.02     	0.805729
506	48    	0.302209 	0.182404 	-0.0175   	0.64881 
507	46    	0.300302 	0.209368 	-0.018    	0.72772 
508	43    	0.351722 	0.192194 	-0.0171429	0.823756
509	48    	0.242244 	0.177283 	-0.018    	0.720767
510	47    	0.330133 	0.169907 	-0.02     	0.735782
511	43    	0.352438 	0.18808  	-0.02     	0.735782
512	47    	0.323924 	0.173247 	0.0924387 	0.735782
513	50    	0.276201 	0.160682 	-0.02     	0.826625
514	46    	0.326019 	0.173471 	0.0826558 	0.826625
515	49    	0.29189  	0.160002 	-0.02     	0.647198
516	45    	0.295001 	0.181121 	-0.0175   	0.734431
517	48    	0.317415 	0.195956 	-0.02     	0.734431
518	49    	0.302162 	0.204827 	-0.02     	0.809525
519	48    	0.322794 	0.188674 	-0.0199999	0.809525
520	46    	0.311645 	0.178869 	-0.01     	0.809525
521	44    	0.318634 	0.188774 	-0.0171428	0.809525
522	46    	0.264362 	0.19471  	-0.02     	0.809525
523	47    	0.316982 	0.197199 	-0.0175   	0.809525
524	50    	0.228643 	0.178139 	-0.02     	0.615499
525	47    	0.287429 	0.178915 	-0.0171429	0.68968 
526	44    	0.331642 	0.198877 	-0.02     	0.806701
527	46    	0.28976  	0.186686 	-0.02     	0.806701
528	46    	0.279356 	0.237012 	-0.0228572	0.861674
529	47    	0.329337 	0.212773 	-0.0171429	0.819317
530	47    	0.273448 	0.223159 	-0.02     	0.806701
531	48    	0.329613 	0.230651 	-0.0171429	0.832878
532	44    	0.308218 	0.220566 	-0.02     	0.832878
533	47    	0.291667 	0.179737 	-0.02     	0.832878
534	47    	0.288996 	0.190865 	-0.0171429	0.832878
535	45    	0.289323 	0.203525 	-0.0175   	0.832878
536	46    	0.287436 	0.203159 	-0.0200001	0.832878
537	43    	0.276732 	0.189351 	-0.02     	0.832878
538	45    	0.278432 	0.148363 	-0.02     	0.703827
539	46    	0.271923 	0.168937 	-0.02     	0.703827
540	47    	0.247828 	0.1518   	-0.0166667	0.703827
541	46    	0.288818 	0.162717 	-0.0180001	0.721133
542	44    	0.278096 	0.191761 	-0.0177777	0.721133
543	46    	0.28684  	0.192889 	-0.0199999	0.721133
544	47    	0.322504 	0.192339 	-0.0175   	0.721133
545	46    	0.340699 	0.21351  	-0.018    	0.756654
546	44    	0.322569 	0.216257 	-0.02     	0.755881
547	44    	0.292224 	0.215541 	-0.02     	0.755881
548	50    	0.277378 	0.18945  	-0.02     	0.840468
549	45    	0.314139 	0.209181 	-0.0181818	0.840468
550	46    	0.30031  	0.209806 	-0.0171429	0.840468
551	46    	0.358919 	0.228602 	-0.02     	0.840468
552	42    	0.326723 	0.236262 	-0.02     	0.840468
553	42    	0.339607 	0.220302 	-0.0171429	0.840468
554	48    	0.284775 	0.200418 	-0.0171428	0.840468
555	45    	0.275406 	0.197162 	-0.02     	0.840468
556	46    	0.309233 	0.181064 	0.0750942 	0.721792
557	44    	0.281835 	0.230948 	-0.016    	0.790427
558	45    	0.342281 	0.217674 	-0.0199999	0.790427
559	47    	0.262924 	0.214991 	-0.0175   	0.726745
560	47    	0.299305 	0.218567 	-0.02     	0.726745
561	42    	0.347036 	0.237122 	-0.0171428	0.836468
562	49    	0.298207 	0.196143 	-0.02     	0.836468
563	48    	0.258548 	0.219874 	-0.02     	0.836468
564	48    	0.239201 	0.16121  	-0.02     	0.756763
565	46    	0.25551  	0.158381 	-0.018    	0.698663
566	46    	0.293205 	0.159188 	-0.02     	0.691147
567	48    	0.285787 	0.175457 	-0.0166667	0.698689
568	47    	0.300689 	0.214481 	-0.0166666	0.782628
569	46    	0.301073 	0.21634  	-0.02     	0.725015
570	44    	0.265234 	0.209781 	-0.0166667	0.725015
571	44    	0.251377 	0.193302 	-0.02     	0.706234
572	48    	0.204146 	0.174926 	-0.0183335	0.698689
573	45    	0.268042 	0.186066 	-0.0199998	0.706637
574	47    	0.242943 	0.205033 	-0.0175   	0.706637
575	45    	0.230904 	0.216023 	-0.0171429	0.706637
576	46    	0.243164 	0.190716 	-0.02     	0.706637
577	43    	0.259477 	0.191042 	-0.02     	0.706637
578	45    	0.228044 	0.20186  	-0.02     	0.706637
579	44    	0.270553 	0.231555 	-0.0228571	0.790244
580	45    	0.294141 	0.206631 	-0.0175   	0.790244
581	48    	0.231452 	0.192702 	-0.02     	0.790244
582	47    	0.262943 	0.188681 	-0.02     	0.790244
583	47    	0.293114 	0.199944 	-0.0171429	0.790244
584	49    	0.253687 	0.14813  	-0.02     	0.757513
585	46    	0.283581 	0.191854 	-0.02     	0.757513
586	48    	0.266428 	0.162161 	-0.0183333	0.706046
587	48    	0.273785 	0.151942 	-0.0171429	0.706046
588	47    	0.327946 	0.182939 	-0.0133333	0.706046
589	47    	0.267278 	0.16439  	-0.0200001	0.703531
590	45    	0.293526 	0.189829 	-0.0166667	0.70293 
591	48    	0.265271 	0.163698 	-0.0166666	0.70328 
592	49    	0.254454 	0.175357 	-0.0166668	0.808747
593	42    	0.25085  	0.216893 	-0.0175   	0.808747
594	49    	0.214546 	0.196497 	-0.0200001	0.715349
595	48    	0.218341 	0.163244 	-0.0166667	0.702709
596	47    	0.228108 	0.208159 	-0.0177778	0.705972
597	48    	0.202751 	0.159347 	-0.02     	0.614633
598	46    	0.216345 	0.149589 	-0.0175001	0.669292
599	46    	0.243036 	0.153343 	-0.0171428	0.669292
600	46    	0.264052 	0.150958 	-0.02     	0.669292
601	48    	0.291042 	0.191586 	-0.0175   	0.770769
602	47    	0.289966 	0.166265 	-0.02     	0.770769
603	48    	0.278904 	0.139173 	-0.0149999	0.677289
604	46    	0.284409 	0.114611 	-0.02     	0.54212 
605	43    	0.309795 	0.124157 	0.113293  	0.587893
606	47    	0.279374 	0.119293 	0.0708851 	0.575671
607	48    	0.261678 	0.14075  	-0.0171429	0.715125
608	48    	0.26486  	0.175603 	-0.02     	0.646599
609	47    	0.306766 	0.160665 	0.0654403 	0.720847
610	47    	0.314897 	0.145661 	-0.0177778	0.755705
611	42    	0.29984  	0.157265 	-0.016    	0.64995 
612	50    	0.286548 	0.151604 	-0.0228571	0.654661
613	47    	0.33982  	0.184749 	-0.0177776	0.721858
614	49    	0.275869 	0.18204  	-0.02     	0.722866
615	48    	0.281643 	0.162267 	-0.0175   	0.72539 
616	46    	0.284089 	0.159872 	-0.02     	0.65042 
617	44    	0.267927 	0.166116 	-0.0166667	0.729577
618	48    	0.272172 	0.182026 	-0.0225   	0.736126
619	47    	0.285253 	0.186291 	-0.017143 	0.727287
620	45    	0.280391 	0.182017 	-0.0175   	0.727287
621	47    	0.28171  	0.167408 	-0.0177779	0.727287
622	44    	0.264184 	0.199888 	-0.02     	0.817612
623	44    	0.330218 	0.198085 	-0.018    	0.808747
624	46    	0.308659 	0.199414 	-0.02     	0.809681
625	48    	0.328907 	0.183608 	-0.016    	0.808747
626	48    	0.266927 	0.170368 	-0.02     	0.762664
627	46    	0.276518 	0.184969 	-0.02     	0.647886
628	46    	0.280475 	0.157106 	-0.0166667	0.636645
629	45    	0.276421 	0.16425  	-0.02     	0.613218
630	43    	0.306522 	0.166248 	-0.016    	0.613218
631	43    	0.264712 	0.162544 	-0.0166667	0.613218
632	45    	0.27688  	0.165039 	-0.0174999	0.613218
633	48    	0.280497 	0.153737 	-0.016    	0.613218
634	44    	0.281983 	0.191726 	-0.02     	0.702474
635	42    	0.298907 	0.210593 	-0.0166666	0.702474
636	46    	0.298563 	0.214806 	-0.0171429	0.808747
637	47    	0.292945 	0.207556 	-0.0200001	0.715349
638	45    	0.293563 	0.179077 	-0.02     	0.622759
639	45    	0.285926 	0.167949 	-0.02     	0.622759
640	48    	0.251799 	0.168204 	-0.0175   	0.702474
641	47    	0.258738 	0.180556 	-0.018    	0.587067
642	47    	0.262928 	0.171793 	-0.0175   	0.587441
643	48    	0.283841 	0.122188 	-0.016    	0.587067
644	47    	0.22892  	0.14382  	-0.0177778	0.583225
645	45    	0.23322  	0.18055  	-0.0177778	0.583187
646	44    	0.238864 	0.184826 	-0.02     	0.583187
647	46    	0.23912  	0.182913 	-0.02     	0.602326
648	49    	0.181146 	0.177188 	-0.0171429	0.606112
649	49    	0.231274 	0.170764 	-0.0166667	0.582913
650	43    	0.213095 	0.186208 	-0.0175   	0.583187
651	48    	0.227697 	0.204997 	-0.0171429	0.615564
652	48    	0.224365 	0.172852 	-0.02     	0.595139
653	46    	0.235282 	0.186785 	-0.02     	0.696511
654	48    	0.245102 	0.155319 	-0.0200001	0.594251
655	47    	0.241303 	0.1748   	-0.02     	0.595139
656	48    	0.217794 	0.189387 	-0.0171429	0.800245
657	47    	0.214642 	0.185796 	-0.02     	0.800245
658	45    	0.313382 	0.190102 	-0.0200001	0.800245
659	46    	0.25561  	0.195908 	-0.0166666	0.800245
660	44    	0.281288 	0.197818 	-0.02     	0.800245
661	45    	0.271626 	0.205502 	-0.0177778	0.800245
662	48    	0.328545 	0.21717  	-0.0171429	0.810192
663	43    	0.328897 	0.254782 	-0.02     	0.810192
664	47    	0.250472 	0.213956 	-0.0175   	0.789847
665	49    	0.266272 	0.174107 	-0.02     	0.789847
666	47    	0.264103 	0.181086 	-0.02     	0.690741
667	42    	0.32072  	0.195221 	-0.0171428	0.730031
668	50    	0.229248 	0.162237 	-0.02     	0.757806
669	47    	0.267857 	0.174421 	-0.0175001	0.756587
670	49    	0.223669 	0.15374  	-0.0175   	0.583684
671	45    	0.24094  	0.140453 	-0.02     	0.583684
672	45    	0.279661 	0.171803 	-0.0177778	0.833462
673	45    	0.291803 	0.193042 	-0.02     	0.689158
674	45    	0.25819  	0.192119 	-0.02     	0.689158
675	46    	0.252875 	0.153685 	-0.02     	0.676951
676	50    	0.224066 	0.141801 	-0.0175   	0.676951
677	46    	0.256184 	0.15097  	-0.02     	0.588357
678	45    	0.286043 	0.141819 	-0.0175   	0.56172 
679	46    	0.263239 	0.156779 	-0.0166667	0.56172 
680	44    	0.314283 	0.161157 	0.0874338 	0.751336
681	47    	0.327977 	0.133043 	0.0992624 	0.751958
682	45    	0.286022 	0.173292 	-0.022    	0.751958
683	48    	0.313889 	0.134123 	0.0860868 	0.729844
684	45    	0.334428 	0.188172 	-0.0177778	0.729844
685	50    	0.231528 	0.154514 	-0.0233333	0.649096
686	44    	0.329424 	0.162073 	-0.02     	0.654012
687	45    	0.320269 	0.165878 	-0.0200001	0.654012
688	47    	0.297623 	0.145002 	-0.0175   	0.628252
689	47    	0.313963 	0.118821 	0.14187   	0.628252
690	43    	0.337844 	0.153503 	-0.0133333	0.740954
691	45    	0.315645 	0.177959 	-0.0166667	0.705711
692	44    	0.368169 	0.173541 	0.130948  	0.858852
693	46    	0.324468 	0.180824 	-0.0177778	0.858852
694	49    	0.356575 	0.164541 	-0.018    	0.689477
695	47    	0.339749 	0.164093 	-0.0133337	0.738229
696	46    	0.340522 	0.194823 	-0.0175   	0.815032
697	47    	0.330533 	0.187071 	-0.01     	0.803806
698	48    	0.309423 	0.171202 	-0.0213333	0.776641
699	44    	0.342906 	0.199704 	-0.0175   	0.776641
700	44    	0.353867 	0.180131 	-0.0150002	0.776641
701	43    	0.318365 	0.188109 	-0.02     	0.776641
702	50    	0.284737 	0.127491 	-0.015    	0.570768
703	46    	0.301152 	0.145922 	-0.0160001	0.582608
704	48    	0.30725  	0.161056 	-0.0177777	0.800064
705	44    	0.312545 	0.198384 	-0.0183333	0.800064
706	42    	0.366299 	0.220975 	-0.0149999	0.800064
707	50    	0.376734 	0.202895 	-0.018    	0.805452
708	47    	0.306624 	0.197539 	-0.02     	0.798365
709	46    	0.338097 	0.213359 	-0.0175   	0.798365
710	48    	0.312589 	0.186914 	-0.0177778	0.975348
711	45    	0.307631 	0.168859 	-0.018    	0.696421
712	43    	0.306737 	0.183669 	-0.0175   	0.696421
713	46    	0.318838 	0.150186 	0.0979162 	0.696421
714	46    	0.285869 	0.158581 	-0.0133333	0.696421
715	46    	0.303562 	0.118628 	-0.0133332	0.559449
716	46    	0.30404  	0.118246 	0.0595079 	0.542196
717	41    	0.309679 	0.165524 	-0.02     	0.696327
718	49    	0.284742 	0.140657 	-0.0150001	0.614499
719	45    	0.313921 	0.111847 	-0.02     	0.525833
720	47    	0.326356 	0.115737 	0.0709166 	0.667114
721	45    	0.329644 	0.153995 	-0.016    	0.670222
722	46    	0.33675  	0.175094 	-0.0177777	0.773167
723	46    	0.331593 	0.196137 	0.0779433 	0.779946
724	43    	0.362578 	0.223489 	0.0834633 	0.779946
725	47    	0.329809 	0.191896 	0.0744054 	0.773167
726	43    	0.312114 	0.190977 	-0.016    	0.773167
727	47    	0.300456 	0.198831 	-0.0174999	0.773167
728	42    	0.349904 	0.244557 	-0.02     	0.853367
729	43    	0.341136 	0.227184 	-0.0166667	0.812825
730	43    	0.356799 	0.238974 	-0.0179999	0.812825
731	43    	0.309463 	0.236684 	-0.0166667	0.812825
732	39    	0.341426 	0.278574 	-0.0175   	0.812825
733	45    	0.222492 	0.253854 	-0.0166667	0.812825
734	45    	0.255052 	0.217473 	-0.0166667	0.812825
735	44    	0.22209  	0.206099 	-0.0171428	0.819969
736	49    	0.234984 	0.195076 	-0.0171429	0.705352
737	45    	0.250813 	0.205359 	-0.0174999	0.705352
738	48    	0.257149 	0.164364 	-0.02     	0.705352
739	47    	0.234277 	0.157458 	-0.02     	0.705352
740	46    	0.252773 	0.162743 	-0.0175   	0.705352
741	46    	0.286927 	0.176015 	-0.0166667	0.729862
742	45    	0.269533 	0.198389 	-0.0175   	0.819969
743	47    	0.266112 	0.222342 	-0.0200001	0.729862
744	48    	0.314235 	0.226545 	-0.0171429	0.813756
745	47    	0.270736 	0.214372 	-0.0171428	0.812308
746	47    	0.303218 	0.221589 	-0.0199999	0.812977
747	45    	0.323891 	0.243878 	-0.0177778	0.812977
748	46    	0.293139 	0.214322 	-0.0175   	0.812308
749	47    	0.234758 	0.218586 	-0.02     	0.812977
750	44    	0.251731 	0.240432 	-0.02     	0.812977
751	47    	0.251596 	0.246037 	-0.0166667	0.812825
752	46    	0.233448 	0.232412 	-0.0177778	0.812825
753	45    	0.256481 	0.246085 	-0.02     	0.812825
754	46    	0.285461 	0.235754 	-0.0166668	0.812825
755	43    	0.310632 	0.265956 	-0.0166667	0.812825
756	44    	0.285871 	0.256927 	-0.0200001	0.812825
757	45    	0.267253 	0.265838 	-0.02     	0.812825
758	47    	0.22057  	0.232324 	-0.0166667	0.812825
759	44    	0.197537 	0.239928 	-0.0166667	0.812825
760	47    	0.20105  	0.214171 	-0.0166667	0.812825
761	47    	0.208859 	0.22194  	-0.0171429	0.812977
762	48    	0.216845 	0.216875 	-0.02     	0.812977
763	46    	0.229592 	0.225264 	-0.02     	0.812977
764	45    	0.220333 	0.222264 	-0.02     	0.812977
765	43    	0.25498  	0.269499 	-0.0171429	0.812977
766	49    	0.139933 	0.194209 	-0.0200001	0.812977
767	48    	0.221874 	0.238221 	-0.0200001	0.812977
768	47    	0.22771  	0.197616 	-0.0166667	0.812977
769	45    	0.194053 	0.214276 	-0.0171428	0.812977
770	48    	0.228436 	0.232215 	-0.0175   	0.812825
771	49    	0.221057 	0.240342 	-0.0175   	0.813708
772	47    	0.186908 	0.217834 	-0.0166667	0.813708
773	48    	0.189186 	0.188605 	-0.02     	0.811247
774	44    	0.236852 	0.215572 	-0.0166667	0.811396
775	46    	0.240046 	0.231114 	-0.02     	0.811247
776	48    	0.186959 	0.19888  	-0.0166667	0.811247
777	49    	0.187179 	0.196665 	-0.0171428	0.811247
778	49    	0.21844  	0.192735 	-0.0171429	0.812825
779	47    	0.191226 	0.173535 	-0.0171429	0.536157
780	45    	0.240623 	0.173014 	-0.02     	0.646394
781	48    	0.23032  	0.231446 	-0.0171429	0.812308
782	47    	0.252556 	0.221897 	-0.02     	0.812308
783	47    	0.239049 	0.203597 	-0.02     	0.812308
784	45    	0.2794   	0.201178 	-0.02     	0.812308
785	45    	0.259627 	0.259023 	-0.0166667	0.813708
786	46    	0.217778 	0.216849 	-0.0166667	0.813708
787	47    	0.231323 	0.200076 	-0.0166667	0.813708
788	44    	0.263481 	0.205999 	-0.02     	0.812308
789	44    	0.264004 	0.246395 	-0.02     	0.812977
790	44    	0.28312  	0.243207 	-0.0166667	0.812977
791	47    	0.224069 	0.217691 	-0.0166667	0.812308
792	47    	0.245634 	0.227886 	-0.0166667	0.812825
793	50    	0.226389 	0.198666 	-0.0175   	0.812977
794	47    	0.229195 	0.188857 	-0.0166668	0.812083
795	46    	0.250852 	0.20432  	-0.0171428	0.812083
796	44    	0.222008 	0.21722  	-0.0171429	0.812083
797	43    	0.24924  	0.237944 	-0.0175   	0.703659
798	46    	0.297487 	0.239646 	-0.0175   	0.831924
799	46    	0.295377 	0.188732 	-0.0171428	0.703659
800	45    	0.281034 	0.206796 	-0.0166667	0.703852
801	45    	0.298703 	0.223365 	-0.02     	0.813708
802	45    	0.266651 	0.217898 	-0.0199999	0.813708
803	43    	0.319022 	0.230553 	-0.0171428	0.813708
804	46    	0.25676  	0.221719 	-0.02     	0.811247
805	46    	0.288134 	0.225672 	-0.0171429	0.813708
806	47    	0.230924 	0.181986 	-0.0171429	0.70365 
807	44    	0.286831 	0.184388 	-0.0171428	0.703852
808	47    	0.292241 	0.198219 	-0.0166667	0.812308
809	46    	0.310193 	0.201942 	-0.0171429	0.812308
810	46    	0.27311  	0.214775 	-0.0200001	0.703659
811	48    	0.275882 	0.170212 	-0.0166667	0.706261
812	47    	0.262107 	0.203615 	-0.0166667	0.697132
813	46    	0.297853 	0.169997 	-0.0166667	0.697132
814	44    	0.289102 	0.213918 	-0.02     	0.703659
815	49    	0.314139 	0.227014 	-0.0171429	0.717184
816	46    	0.307112 	0.215674 	-0.0166667	0.717184
817	48    	0.246344 	0.21198  	-0.02     	0.811396
818	47    	0.270734 	0.183822 	-0.0179999	0.717184
819	49    	0.199703 	0.1788   	-0.02     	0.703725
820	47    	0.256847 	0.185087 	-0.02     	0.813708
821	45    	0.26504  	0.225571 	-0.02     	0.813708
822	45    	0.306434 	0.217529 	-0.0171429	0.813708
823	43    	0.26817  	0.246924 	-0.0177717	0.813708
824	48    	0.282463 	0.172003 	-0.016    	0.813708
825	47    	0.278112 	0.146776 	0.0983081 	0.729862
826	48    	0.288781 	0.177532 	-0.0174999	0.729862
827	47    	0.307505 	0.163629 	-0.0175   	0.615684
828	44    	0.294898 	0.165431 	-0.0177777	0.647256
829	47    	0.323048 	0.203448 	-0.0177779	0.866178
830	44    	0.342    	0.198198 	-0.0166667	0.694751
831	47    	0.287053 	0.199793 	-0.02     	0.751968
832	48    	0.316221 	0.188592 	-0.02     	0.751968
833	43    	0.297324 	0.212098 	-0.02     	0.812083
834	49    	0.26757  	0.185012 	-0.0177778	0.743546
835	46    	0.285594 	0.167998 	-0.02     	0.62356 
836	46    	0.295542 	0.168794 	-0.0171429	0.669378
837	47    	0.310105 	0.16716  	-0.016    	0.718693
838	47    	0.289579 	0.187327 	-0.018    	0.718693
839	46    	0.268404 	0.195215 	-0.0177778	0.718693
840	47    	0.283551 	0.182415 	-0.0175   	0.70176 
841	45    	0.278492 	0.177556 	-0.0175   	0.686964
842	48    	0.327239 	0.20636  	-0.0171429	0.834818
843	46    	0.273886 	0.187058 	-0.02     	0.688273
844	44    	0.275684 	0.2045   	-0.02     	0.834818
845	47    	0.301084 	0.232711 	-0.0177778	0.888541
846	43    	0.352361 	0.232948 	-0.016    	0.888541
847	43    	0.35218  	0.202323 	-0.0175001	0.727676
848	47    	0.308252 	0.203633 	-0.0175   	0.811443
849	49    	0.285388 	0.150785 	-0.02     	0.647479
850	46    	0.30489  	0.161268 	-0.0177778	0.647479
851	47    	0.267264 	0.161557 	-0.02     	0.647479
852	42    	0.3182   	0.158957 	-0.02     	0.647479
853	47    	0.346065 	0.185304 	-0.017143 	0.823755
854	46    	0.299073 	0.207644 	-0.02     	0.728181
855	46    	0.262795 	0.169775 	-0.0175001	0.728343
856	44    	0.319149 	0.186742 	0.0883475 	0.728343
857	48    	0.277675 	0.185945 	-0.0166667	0.728343
858	48    	0.312906 	0.200446 	-0.02     	0.728894
859	48    	0.24251  	0.16679  	-0.02     	0.728894
860	46    	0.31501  	0.184858 	-0.0159999	0.730774
861	48    	0.303915 	0.19885  	-0.0177777	0.728894
862	50    	0.268625 	0.151857 	-0.015    	0.646108
863	48    	0.269818 	0.147875 	-0.0177779	0.617286
864	46    	0.264251 	0.162265 	-0.019985 	0.644525
865	45    	0.282365 	0.148185 	-0.0133333	0.644525
866	45    	0.286595 	0.18145  	-0.02     	0.644525
867	47    	0.283416 	0.169737 	-0.0159999	0.655063
868	45    	0.318557 	0.19546  	-0.0166666	0.705169
869	44    	0.317409 	0.21394  	-0.0166666	0.718292
870	47    	0.242296 	0.190462 	-0.02     	0.718292
871	47    	0.28787  	0.20245  	-0.02     	0.718292
872	44    	0.331034 	0.22183  	-0.02     	0.811396
873	45    	0.310252 	0.243099 	-0.0174999	0.811396
874	48    	0.234114 	0.21515  	-0.02     	0.748854
875	48    	0.295164 	0.178531 	-0.0199999	0.698953
876	46    	0.294025 	0.188015 	-0.0171429	0.813708
877	49    	0.305802 	0.187578 	-0.0171427	0.698271
878	47    	0.256709 	0.179958 	-0.0171428	0.702711
879	49    	0.295704 	0.183829 	-0.0166667	0.706026
880	45    	0.270921 	0.221221 	-0.02     	0.811396
881	48    	0.247721 	0.232443 	-0.02     	0.706012
882	45    	0.338636 	0.210887 	-0.0166667	0.813756
883	43    	0.262764 	0.259477 	-0.02     	0.813756
884	47    	0.249498 	0.230059 	-0.0166667	0.813756
885	45    	0.239027 	0.237991 	-0.0166667	0.813756
886	45    	0.234675 	0.22764  	-0.02     	0.705842
887	44    	0.250917 	0.222847 	-0.02     	0.705842
888	47    	0.21186  	0.197719 	-0.02     	0.704779
889	47    	0.258536 	0.206501 	-0.02     	0.811396
890	44    	0.265658 	0.201748 	-0.02     	0.811396
891	47    	0.241126 	0.189913 	-0.0171429	0.695392
892	50    	0.182087 	0.16207  	-0.02     	0.703019
893	45    	0.269679 	0.174454 	-0.0175   	0.703019
894	45    	0.28742  	0.210784 	-0.0171432	0.812083
895	47    	0.219219 	0.208195 	-0.0166667	0.706014
896	47    	0.260661 	0.178475 	-0.02     	0.705984
897	45    	0.264081 	0.195632 	-0.02     	0.812308
898	49    	0.270259 	0.21031  	-0.02     	0.819317
899	50    	0.251001 	0.206676 	-0.02     	0.812083
900	45    	0.271867 	0.208522 	-0.0171429	0.812308
901	48    	0.28296  	0.21796  	-0.0174999	0.813708
902	45    	0.284755 	0.214857 	-0.0177778	0.813708
903	48    	0.252311 	0.193854 	-0.0166667	0.813708
904	48    	0.242882 	0.191903 	-0.0175   	0.705169
905	47    	0.251955 	0.179367 	-0.02     	0.719205
906	46    	0.294744 	0.200506 	-0.0175   	0.812825
907	49    	0.27308  	0.23307  	-0.0171429	0.812977
908	46    	0.2803   	0.252992 	-0.02     	0.812977
909	47    	0.292833 	0.216939 	-0.02     	0.812977
910	48    	0.207534 	0.18692  	-0.0171429	0.812308
911	45    	0.245672 	0.158955 	-0.02     	0.812308
912	48    	0.276045 	0.172971 	-0.016    	0.705828
913	45    	0.264221 	0.185548 	-0.0166667	0.703019
914	48    	0.228006 	0.168863 	-0.0175   	0.611245
915	46    	0.301184 	0.188217 	-0.0171429	0.702711
916	47    	0.296663 	0.145627 	-0.02     	0.614288
917	46    	0.28352  	0.157015 	-0.0171428	0.617105
918	46    	0.29419  	0.172723 	-0.0166652	0.706014
919	42    	0.326323 	0.215422 	-0.0171429	0.81028 
920	48    	0.249707 	0.195471 	-0.0177778	0.705726
921	48    	0.337633 	0.213389 	-0.0171429	0.732661
922	47    	0.290297 	0.182255 	-0.02     	0.706014
923	44    	0.308065 	0.212366 	-0.0174998	0.732729
924	43    	0.29528  	0.205168 	-0.02     	0.819317
925	46    	0.312432 	0.198924 	-0.0133334	0.819317
926	44    	0.320882 	0.232757 	-0.0175001	0.819317
927	45    	0.316993 	0.216375 	-0.0166667	0.819317
928	47    	0.310387 	0.240198 	-0.02     	0.819317
929	45    	0.31071  	0.25159  	-0.0175   	0.819317
930	45    	0.28182  	0.231706 	-0.0175   	0.819317
931	47    	0.269893 	0.245219 	-0.0171429	0.819317
932	44    	0.293701 	0.241481 	-0.02     	0.819317
933	42    	0.322114 	0.236227 	-0.02     	0.819317
934	44    	0.284359 	0.257161 	-0.0175   	0.819317
935	44    	0.335099 	0.222874 	-0.0171429	0.819317
936	47    	0.266006 	0.25118  	-0.02     	0.819317
937	47    	0.283815 	0.22441  	-0.02     	0.812083
938	45    	0.301562 	0.187978 	-0.0171429	0.812083
939	47    	0.246301 	0.206493 	-0.02     	0.812083
940	48    	0.269827 	0.216694 	-0.0166667	0.812083
941	48    	0.248835 	0.204802 	-0.017143 	0.702382
942	45    	0.294824 	0.208662 	-0.0171429	0.703946
943	44    	0.325509 	0.178454 	-0.0166666	0.705837
944	47    	0.277984 	0.184647 	-0.0199999	0.732214
945	47    	0.220815 	0.205305 	-0.02     	0.732214
946	49    	0.258806 	0.196747 	-0.0175   	0.705141
947	44    	0.261752 	0.197097 	-0.02     	0.705141
948	46    	0.274186 	0.194389 	-0.0175001	0.705141
949	49    	0.226315 	0.160397 	-0.018    	0.61717 
950	47    	0.278881 	0.185809 	-0.0175   	0.702033
951	44    	0.310448 	0.22307  	-0.02     	0.756949
952	45    	0.270782 	0.222143 	-0.0199999	0.756949
953	48    	0.250513 	0.159238 	-0.0171429	0.756949
954	49    	0.220811 	0.161498 	-0.02     	0.697396
955	49    	0.257903 	0.158212 	-0.02     	0.581306
956	47    	0.255312 	0.14813  	-0.0177778	0.581306
957	46    	0.263381 	0.126592 	-0.0177777	0.652409
958	44    	0.288111 	0.162156 	-0.0166667	0.656883
959	44    	0.269294 	0.156839 	-0.02     	0.652409
960	42    	0.315501 	0.151251 	-0.016    	0.652409
961	48    	0.269997 	0.146789 	-0.0166667	0.605092
962	46    	0.305841 	0.140282 	-0.0175   	0.616902
963	49    	0.297881 	0.175585 	-0.0171429	0.739734
964	48    	0.275148 	0.146618 	-0.0166667	0.622396
965	47    	0.269922 	0.142013 	-0.0177778	0.690449
966	47    	0.253247 	0.121667 	-0.018    	0.624173
967	47    	0.248905 	0.165451 	-0.0171429	0.740162
968	46    	0.286506 	0.190466 	-0.0228572	0.624173
969	43    	0.288273 	0.189238 	-0.02     	0.828612
970	48    	0.25514  	0.184907 	-0.02     	0.616909
971	47    	0.282083 	0.183859 	-0.02     	0.818826
972	45    	0.299031 	0.208839 	-0.0175   	0.818826
973	45    	0.270082 	0.202336 	-0.0175   	0.818826
974	47    	0.263227 	0.174935 	-0.0175   	0.818826
975	49    	0.271275 	0.159715 	-0.016    	0.697132
976	45    	0.319866 	0.180529 	-0.0175   	0.777778
977	47    	0.270134 	0.144132 	-0.02     	0.777778
978	48    	0.256918 	0.149374 	-0.0171429	0.629544
979	43    	0.291018 	0.165051 	-0.0175   	0.819969
980	47    	0.316622 	0.194166 	-0.0166667	0.819969
981	47    	0.261504 	0.192992 	-0.0171429	0.697561
982	47    	0.285724 	0.225281 	-0.02     	0.733152
983	48    	0.233295 	0.199977 	-0.02     	0.733152
984	43    	0.307893 	0.218447 	-0.0177779	0.704835
985	46    	0.32027  	0.226965 	-0.02     	0.818806
986	48    	0.237022 	0.209465 	-0.02     	0.818806
987	44    	0.263938 	0.155765 	-0.0133333	0.646228
988	45    	0.262941 	0.163473 	-0.0175   	0.646228
989	47    	0.300303 	0.190644 	-0.0175   	0.809777
990	46    	0.276148 	0.193401 	-0.02     	0.809777
991	47    	0.29661  	0.215549 	-0.0175   	0.809777
992	44    	0.296734 	0.206452 	-0.0177778	0.809777
993	45    	0.328791 	0.219004 	-0.0171429	0.809777
994	46    	0.304835 	0.236355 	-0.02     	0.812977
995	46    	0.257376 	0.218567 	-0.02     	0.81995 
996	45    	0.329217 	0.207978 	-0.0166666	0.813756
997	48    	0.256457 	0.184657 	-0.0171428	0.813756
998	46    	0.286903 	0.21885  	-0.02     	0.818826
999	45    	0.297102 	0.237518 	-0.0199999	0.818806
1000	41    	0.29939  	0.24612  	-0.0171428	0.818806
