Argument values: path=C:\Users\1625203\Downloads\Framsticks50rc22\Framsticks50rc22, lib=None, sim=eval-allcriteria.sim;deterministic.sim;sample-period-2.sim;f9-mut-020.sim, genformat=None, initialgenotype=/*9*/BLU, opt=vertpos, popsize=50, generations=1000, tournament=10, pmut=0.9, pxov=0.2, hof_size=1, hof_savefile=None, max_numparts=30, max_numjoints=None, max_numneurons=None, max_numconnections=None, max_numgenochars=50
Using Framsticks version: 5.0rc22
Home (writable) dir     : C:\Users\1625203\Downloads\Framsticks50rc22\Framsticks50rc22\data
Resources dir           : C:\Users\1625203\Downloads\Framsticks50rc22\Framsticks50rc22\data

Available objects: ['CheckpointEvent', 'Collision', 'CrCollision', 'Creature', 'CreatureSettings', 'CreatureSignals', 'CreatureSnapshot', 'Dictionary', 'ExpProperties', 'ExpState', 'ExtValue', 'File', 'FunctionReference', 'GenMan', 'GenManStats', 'GenePool', 'GenePools', 'Geno', 'Genotype', 'Interface', 'Joint', 'Loader', 'Math', 'MechJoint', 'MechPart', 'MessageCatcher', 'Model', 'ModelGeometry', 'ModelSymmetry', 'Neuro', 'NeuroClass', 'NeuroClassLibrary', 'NeuroDef', 'NeuroSignals', 'NeuronsSimEnabled', 'ODE', 'Orient', 'Part', 'Population', 'Populations', 'Ref', 'Signal', 'SignalView', 'SimilMeasure', 'SimilMeasureDistribution', 'SimilMeasureGreedy', 'SimilMeasureHungarian', 'Simulator', 'SlaveSimulators', 'StopEvent', 'String', 'UserScripts', 'Vector', 'WireframeAppearance', 'World', 'WorldMap', 'WorldSignals', 'XYZ', '__builtins__', '__cached__', '__doc__', '__file__', '__loader__', '__name__', '__package__', '__spec__', 'c_api', 'ctypes', 'home_dir', 'init', 'os', 're', 'res_dir', 'sim_params', 'stats', 'sys']

Performing a basic test 1/2... OK.
Performing a basic test 2/2... OK.
Using settings: ['eval-allcriteria.sim', 'deterministic.sim', 'sample-period-2.sim', 'f9-mut-020.sim']
gen	nevals	avg     	stddev	min     	max     
0  	50    	0.218369	0     	0.218369	0.218369
1  	48    	0.0709642	0.106829	-0.016  	0.281771
2  	46    	0.0962675	0.116706	-0.0166667	0.306831
3  	48    	0.13898  	0.133396	-0.0171427	0.583036
4  	48    	0.198484 	0.192056	-0.02     	0.70665 
5  	47    	0.213868 	0.200411	-0.0171429	0.70665 
6  	45    	0.304426 	0.220195	-0.02     	0.70665 
7  	45    	0.29588  	0.258562	-0.02     	0.70665 
8  	42    	0.280493 	0.248372	-0.0171429	0.70665 
9  	49    	0.22546  	0.177683	-0.02     	0.70665 
10 	48    	0.2535   	0.178868	-0.0166667	0.70665 
11 	48    	0.214847 	0.190842	-0.02     	0.70633 
12 	47    	0.203916 	0.170825	-0.0171428	0.614516
13 	40    	0.275858 	0.182485	-0.02     	0.690742
14 	45    	0.274826 	0.200785	-0.017143 	0.70665 
15 	44    	0.286854 	0.214158	-0.0166667	0.70665 
16 	42    	0.338018 	0.237427	-0.0171429	0.70665 
17 	47    	0.293881 	0.219746	-0.0171429	0.70665 
18 	48    	0.328008 	0.241132	-0.018    	0.70665 
19 	46    	0.243975 	0.223462	-0.0171429	0.70665 
20 	42    	0.274019 	0.218776	-0.0171429	0.70665 
21 	43    	0.330705 	0.242405	-0.0166667	0.70665 
22 	46    	0.3135   	0.229504	-0.0171429	0.70665 
23 	44    	0.352333 	0.219394	-0.0133334	0.730197
24 	47    	0.278188 	0.246118	-0.02     	0.797563
25 	45    	0.322585 	0.25706 	-0.0171429	0.797563
26 	45    	0.281894 	0.234421	-0.02     	0.797563
27 	47    	0.290589 	0.213119	-0.02     	0.731322
28 	48    	0.292714 	0.212124	-0.0175   	0.731322
29 	47    	0.355579 	0.216528	-0.0200001	0.836827
30 	48    	0.346049 	0.245178	-0.02     	0.835619
31 	44    	0.29311  	0.235824	-0.0177778	0.835619
32 	48    	0.310918 	0.210913	-0.0171429	0.73021 
33 	48    	0.350856 	0.224788	-0.02     	0.855743
34 	45    	0.320073 	0.215056	-0.0160001	0.855743
35 	48    	0.303145 	0.221995	-0.02     	0.752574
36 	50    	0.283046 	0.167415	-0.018    	0.706419
37 	46    	0.341687 	0.201451	-0.02     	0.856799
38 	46    	0.328418 	0.219426	-0.0166667	0.856799
39 	44    	0.349096 	0.236176	-0.016    	0.856799
40 	41    	0.420253 	0.250049	-0.015    	0.856799
41 	49    	0.316878 	0.190688	-0.017143 	0.852721
42 	42    	0.410417 	0.187864	0.0819742 	0.852721
43 	48    	0.400316 	0.191464	0.11904   	0.852721
44 	49    	0.325343 	0.161712	0.0916016 	0.939636
45 	41    	0.398376 	0.176738	0.116255  	0.939636
46 	43    	0.41259  	0.188369	0.15631   	0.939636
47 	49    	0.351974 	0.148114	0.111135  	0.671148
48 	45    	0.365699 	0.169958	-0.0160001	0.836896
49 	47    	0.364356 	0.197808	0.0292559 	0.928747
50 	45    	0.343387 	0.181205	0.0639866 	0.836896
51 	47    	0.337767 	0.169184	0.062653  	0.836896
52 	47    	0.347643 	0.168187	0.16904   	0.836896
53 	47    	0.305961 	0.24028 	-1        	0.836896
54 	48    	0.268511 	0.221442	-1        	0.836896
55 	46    	0.337391 	0.13966 	-0.022    	0.836896
56 	45    	0.372378 	0.154996	-0.00670266	0.836896
57 	41    	0.40006  	0.17366 	0.126235   	0.836896
58 	44    	0.329207 	0.181434	-0.0175    	0.736283
59 	47    	0.311726 	0.136343	0.0989896  	0.736283
60 	48    	0.220872 	0.279227	-1         	0.686371
61 	47    	0.305149 	0.121001	-0.0133334 	0.686371
62 	45    	0.316171 	0.150916	-0.0171428 	0.686371
63 	49    	0.319673 	0.126303	0.074907   	0.686371
64 	48    	0.313805 	0.108978	0.10109    	0.683937
65 	49    	0.278019 	0.106038	-0.015     	0.499104
66 	48    	0.306658 	0.109937	0.115291   	0.591333
67 	40    	0.351078 	0.139979	-0.0166666 	0.636975
68 	47    	0.344141 	0.139723	0.0749384  	0.619421
69 	43    	0.365829 	0.140415	0.0954408  	0.648195
70 	47    	0.306571 	0.171125	-0.0166667 	0.648348
71 	46    	0.310931 	0.169525	-0.016     	0.827014
72 	49    	0.308515 	0.167107	-0.0149999 	0.758301
73 	46    	0.325443 	0.198997	-0.016     	0.758301
74 	47    	0.312046 	0.240879	-0.0181818 	0.835976
75 	43    	0.350947 	0.225787	-0.0175001 	0.835953
76 	49    	0.359647 	0.197458	-0.0171428 	0.825781
77 	48    	0.325738 	0.208922	-0.0177778 	0.832823
78 	44    	0.314929 	0.186411	-0.0149999 	0.752183
79 	44    	0.358706 	0.220074	-0.0171428 	0.754003
80 	48    	0.315851 	0.19925 	-0.0166667 	0.835976
81 	46    	0.355085 	0.209114	-0.0175001 	0.834833
82 	45    	0.304809 	0.220423	-0.015     	0.756575
83 	48    	0.321677 	0.219948	-0.02      	0.818133
84 	44    	0.395842 	0.198525	-0.0133334 	0.818133
85 	45    	0.333889 	0.188263	0.0726689  	0.818133
86 	42    	0.368249 	0.22831 	-0.02      	0.835976
87 	46    	0.282806 	0.220868	-0.0200001 	0.835976
88 	43    	0.373076 	0.217619	-0.0171429 	0.835976
89 	45    	0.368842 	0.227387	-0.0175    	0.835364
90 	48    	0.334162 	0.211164	-0.0175    	0.835364
91 	50    	0.284861 	0.174653	-0.0174999 	0.729969
92 	47    	0.306922 	0.197624	-0.02      	0.7287  
93 	45    	0.292978 	0.205214	-0.02      	0.731186
94 	48    	0.283033 	0.185752	-0.02      	0.724024
95 	47    	0.324443 	0.185958	-0.0133333 	0.724024
96 	47    	0.325016 	0.185671	-0.02      	0.777705
97 	48    	0.325314 	0.201044	-0.0171428 	0.813955
98 	48    	0.293239 	0.195047	-0.01      	0.83538 
99 	44    	0.377398 	0.246729	-0.018     	0.83538 
100	43    	0.387315 	0.254085	-0.0177776 	0.83538 
101	49    	0.324356 	0.217837	-0.0199999 	0.83538 
102	48    	0.308585 	0.218153	-0.0171429 	0.83538 
103	47    	0.300211 	0.217609	-0.0177778 	0.83538 
104	46    	0.374075 	0.226696	-0.0175    	0.83538 
105	45    	0.357932 	0.243354	-0.0200001 	0.83538 
106	44    	0.382596 	0.266977	-0.0175    	0.83538 
107	43    	0.386258 	0.242494	-0.0171429 	0.83538 
108	45    	0.390973 	0.269771	-0.018     	0.83538 
109	47    	0.40931  	0.24727 	-0.02      	0.83538 
110	47    	0.349964 	0.258384	-0.0175    	0.945258
111	46    	0.343053 	0.211426	-0.016     	0.83538 
112	48    	0.35347  	0.217433	-0.02      	0.945114
113	46    	0.303384 	0.203182	-0.0171429 	0.945114
114	49    	0.30465  	0.154096	0.0871041  	0.685634
115	47    	0.378512 	0.155561	0.0464744  	0.725094
116	47    	0.364232 	0.199403	-0.0149999 	0.756131
117	44    	0.388681 	0.245469	-0.02      	0.756131
118	47    	0.340775 	0.237852	-0.0175    	0.756131
119	44    	0.382981 	0.208874	-0.016     	0.730613
120	47    	0.302928 	0.186481	-0.016     	0.726215
121	47    	0.322228 	0.187212	-0.0175001 	0.726215
122	45    	0.341749 	0.179778	-0.0150001 	0.724023
123	47    	0.306799 	0.1962  	-0.01      	0.726281
124	46    	0.322496 	0.181773	-0.0133338 	0.726281
125	45    	0.288201 	0.217664	-0.02      	0.674505
126	46    	0.31305  	0.184614	-0.02      	0.717362
127	45    	0.337574 	0.214912	-0.016     	0.802228
128	47    	0.408356 	0.193715	0.0916136  	0.727981
129	46    	0.31643  	0.192012	-0.0181818 	0.715247
130	44    	0.373116 	0.184668	0.0823899  	0.715247
131	47    	0.363117 	0.191459	-0.016     	0.721318
132	45    	0.407215 	0.175189	0.0709608  	0.740319
133	48    	0.389549 	0.167614	0.081197   	0.742132
134	46    	0.419105 	0.230448	0.0408935  	0.88352 
135	48    	0.339713 	0.22548 	-0.0225    	0.888428
136	46    	0.408694 	0.204273	-0.0133334 	0.888428
137	46    	0.361053 	0.217178	-0.0149938 	0.88352 
138	38    	0.420812 	0.246116	-0.0175    	0.88352 
139	46    	0.406785 	0.222593	-0.0171429 	0.76584 
140	44    	0.36826  	0.191038	0.106181   	0.76584 
141	47    	0.414911 	0.177269	0.136923   	0.769175
142	47    	0.401415 	0.185487	-0.016     	0.76584 
143	48    	0.362123 	0.189451	-0.0150001 	0.775099
144	44    	0.381566 	0.198619	-0.0150001 	0.76584 
145	47    	0.358824 	0.180525	-0.0171428 	0.76584 
146	47    	0.375011 	0.208597	-0.016     	0.879552
147	48    	0.359197 	0.267995	-1         	0.879552
148	47    	0.343243 	0.182069	-0.0171429 	0.786503
149	47    	0.357624 	0.155896	-0.02      	0.644837
150	46    	0.369002 	0.203384	-0.02      	0.876694
151	46    	0.365914 	0.179569	-0.0133333 	0.801399
152	39    	0.399694 	0.226935	-0.0181818 	0.842759
153	46    	0.366555 	0.239681	-0.0166667 	0.90587 
154	48    	0.294503 	0.154907	-0.0166666 	0.704531
155	45    	0.36752  	0.162406	0.126132   	0.71367 
156	46    	0.375752 	0.188128	0.108954   	0.779201
157	48    	0.33824  	0.177637	-0.0200002 	0.72689 
158	48    	0.318493 	0.253333	-1         	0.822465
159	45    	0.347332 	0.150546	0.138478   	0.720252
160	47    	0.364244 	0.186613	-0.0166639 	0.744694
161	44    	0.379476 	0.174199	0.116327   	0.744694
162	46    	0.360609 	0.176037	0.0844989  	0.752985
163	48    	0.356169 	0.18334 	-0.01      	0.782227
164	46    	0.395454 	0.196551	0.059576   	0.799157
165	48    	0.363846 	0.187168	-0.0199999 	0.782227
166	44    	0.37528  	0.202899	-0.02      	0.782848
167	48    	0.408832 	0.216878	-0.0160001 	0.857173
168	47    	0.383019 	0.226718	-0.01      	0.913079
169	46    	0.33151  	0.168281	-0.0133333 	0.750551
170	48    	0.371301 	0.172373	-0.0166607 	0.708471
171	48    	0.331483 	0.154846	0.0783203  	0.708471
172	46    	0.333086 	0.125528	-0.015     	0.557857
173	47    	0.320843 	0.110613	0.0677166  	0.649364
174	45    	0.332203 	0.134085	-0.0133332 	0.649364
175	47    	0.344243 	0.157513	-0.0150003 	0.744352
176	47    	0.321085 	0.239584	-1         	0.698935
177	44    	0.35558  	0.170154	-0.0133334 	0.698935
178	47    	0.313483 	0.165619	0.0592105  	0.698935
179	44    	0.305468 	0.151495	-0.0166666 	0.698935
180	47    	0.318715 	0.164727	-0.0171429 	0.790117
181	48    	0.316794 	0.181361	-0.02      	0.794174
182	44    	0.327645 	0.21028 	-0.02      	0.794174
183	46    	0.346503 	0.208285	-0.02      	0.794174
184	46    	0.335977 	0.195429	-0.0133333 	0.794174
185	45    	0.343626 	0.239439	-0.0175    	0.795749
186	45    	0.397237 	0.213469	-0.02      	0.795749
187	45    	0.338443 	0.232624	-0.0199999 	0.794174
188	44    	0.364229 	0.227083	-0.02      	0.794174
189	47    	0.314579 	0.226159	-0.02      	0.849186
190	45    	0.324647 	0.229716	-0.0175    	0.849186
191	45    	0.359453 	0.241066	-0.015     	0.861222
192	48    	0.385482 	0.212694	0.0650263  	0.873501
193	46    	0.319728 	0.250332	-0.02      	0.864368
194	43    	0.404277 	0.251518	-0.0171429 	0.861222
195	46    	0.340983 	0.224478	-0.0175    	0.861222
196	47    	0.381256 	0.241049	-0.018     	0.861222
197	46    	0.34047  	0.251201	-0.0171428 	0.96022 
198	44    	0.348125 	0.294508	-0.0175    	0.96022 
199	44    	0.333608 	0.304114	-0.0181818 	0.96022 
200	45    	0.377444 	0.266692	-0.015     	0.96022 
201	42    	0.340227 	0.274851	-0.0177778 	0.96022 
202	46    	0.322543 	0.248861	-0.0133333 	0.96022 
203	47    	0.307298 	0.225356	-0.0171428 	0.96022 
204	49    	0.333994 	0.208194	-0.0133333 	0.835939
205	49    	0.266178 	0.193884	-0.0171429 	0.717914
206	48    	0.318148 	0.201552	-0.0171429 	0.859793
207	45    	0.339886 	0.228214	-0.02      	0.859793
208	45    	0.311507 	0.221846	-0.016     	0.859793
209	48    	0.321103 	0.188074	-0.02      	0.859793
210	43    	0.375458 	0.200105	-0.0177778 	0.859793
211	46    	0.326264 	0.229624	-0.0183333 	0.859793
212	46    	0.264459 	0.215438	-0.02      	0.859793
213	46    	0.303156 	0.202163	-0.0171339 	0.859793
214	43    	0.351735 	0.206262	0.0752311  	0.859793
215	47    	0.331964 	0.191657	-0.0177778 	0.859793
216	45    	0.310453 	0.166554	-0.02      	0.705984
217	47    	0.259202 	0.166331	-0.02      	0.673176
218	44    	0.322946 	0.14878 	-0.0133334 	0.673176
219	47    	0.292946 	0.155698	-0.016     	0.673176
220	45    	0.292948 	0.174421	-0.02      	0.673176
221	45    	0.365587 	0.172765	0.0838633  	0.792502
222	44    	0.33407  	0.175521	0.0650217  	0.697391
223	43    	0.335241 	0.177165	0.051179   	0.697391
224	45    	0.351907 	0.18197 	0.0715715  	0.703933
225	44    	0.342999 	0.177104	-0.0159893 	0.703933
226	49    	0.298652 	0.185155	-0.0150001 	0.761715
227	42    	0.367105 	0.173736	0.067809   	0.761715
228	47    	0.358518 	0.166942	-0.015     	0.813756
229	47    	0.330692 	0.226767	-0.0200001 	0.813756
230	48    	0.360723 	0.240115	-0.02      	0.813756
231	44    	0.313345 	0.285455	-0.0171428 	0.813756
232	47    	0.229491 	0.225778	-0.02      	0.813756
233	46    	0.256407 	0.2225  	-0.0166667 	0.813756
234	47    	0.252872 	0.260939	-0.0171429 	0.813756
235	47    	0.276904 	0.266595	-0.0171429 	0.813756
236	44    	0.294514 	0.251313	-0.0166667 	0.813708
237	46    	0.312439 	0.263614	-0.02      	0.813756
238	49    	0.241973 	0.237426	-0.0166667 	0.813756
239	48    	0.237035 	0.237158	-0.0177777 	0.813708
240	46    	0.322679 	0.210134	-0.0171429 	0.813708
241	47    	0.229799 	0.224673	-0.0166667 	0.811396
242	47    	0.282949 	0.193715	-0.016     	0.811396
243	45    	0.328775 	0.188376	-0.0160001 	0.81995 
244	44    	0.344815 	0.195214	-0.0177778 	0.721862
245	45    	0.348863 	0.204748	-0.0150001 	0.727819
246	45    	0.333381 	0.187013	0.0844719  	0.721862
247	44    	0.356158 	0.184314	-0.0133332 	0.721862
248	49    	0.336688 	0.16462 	0.0851861  	0.699445
249	45    	0.338808 	0.158116	0.0671527  	0.699445
250	46    	0.378169 	0.172899	-0.0160001 	0.699445
251	45    	0.387568 	0.166702	-0.0171429 	0.742777
252	46    	0.358254 	0.178558	-0.01      	0.753446
253	47    	0.340478 	0.198634	-0.0171429 	0.726865
254	45    	0.393609 	0.162234	0.127934   	0.706365
255	47    	0.327125 	0.140067	0.115534   	0.662332
256	47    	0.340962 	0.151327	-0.0175    	0.663782
257	46    	0.324232 	0.152486	-0.02      	0.662424
258	46    	0.320023 	0.190015	-0.0159892 	0.854624
259	46    	0.348111 	0.1816  	-0.0177778 	0.727523
260	45    	0.324096 	0.193023	-0.02      	0.727523
261	47    	0.362009 	0.234574	-0.0175001 	0.804176
262	46    	0.353337 	0.207109	-0.0171429 	0.804176
263	44    	0.33356  	0.229093	-0.0175    	0.804176
264	47    	0.347381 	0.23039 	-0.0171428 	0.859791
265	47    	0.357727 	0.218168	-0.02      	0.866848
266	47    	0.356559 	0.21887 	-0.0133333 	0.778631
267	43    	0.330944 	0.196547	0.0922157  	0.783636
268	47    	0.35559  	0.210524	-0.0171428 	0.859791
269	48    	0.376536 	0.214833	-0.0133337 	0.871588
270	42    	0.385179 	0.231366	-0.015     	0.87171 
271	46    	0.368174 	0.22047 	-0.0166666 	0.87171 
272	45    	0.404821 	0.214239	0.0753208  	0.867188
273	43    	0.420147 	0.237344	0.0812037  	0.867188
274	46    	0.345529 	0.203863	0.0756987  	0.867188
275	47    	0.35377  	0.199833	-0.0166667 	0.876326
276	47    	0.333582 	0.221977	-0.02      	0.859949
277	42    	0.432614 	0.254877	-0.0133333 	0.865432
278	46    	0.289982 	0.216484	-0.0171429 	0.865432
279	43    	0.331936 	0.200616	0.0666685  	0.865432
280	48    	0.334034 	0.201503	-0.0171429 	0.865432
281	44    	0.354202 	0.225949	-0.016     	0.865432
282	48    	0.274977 	0.176114	-0.018     	0.730883
283	46    	0.312772 	0.173496	-0.0133333 	0.730883
284	45    	0.330814 	0.171896	0.0638036  	0.730883
285	46    	0.294268 	0.227371	-0.0175002 	0.730883
286	44    	0.3313   	0.222991	-0.018     	0.730883
287	46    	0.338444 	0.166491	-0.02      	0.718916
288	49    	0.345668 	0.171211	0.128427   	0.771406
289	42    	0.381482 	0.212675	-0.015     	0.774569
290	47    	0.289776 	0.176284	0.0495328  	0.774569
291	48    	0.312819 	0.164182	-0.0160001 	0.776177
292	44    	0.321429 	0.13331 	0.0925811  	0.698558
293	46    	0.353415 	0.136911	0.118807   	0.698558
294	38    	0.36621  	0.163025	0.129811   	0.698558
295	43    	0.373072 	0.183881	-0.0149992 	0.743331
296	47    	0.340712 	0.156827	0.0754743  	0.743331
297	46    	0.345103 	0.162284	-0.01      	0.695581
298	46    	0.348011 	0.207809	-0.0160002 	0.86149 
299	48    	0.32624  	0.147575	0.114102   	0.783494
300	46    	0.315297 	0.170632	-0.016     	0.794097
301	45    	0.334488 	0.167912	0.0748087  	0.794097
302	46    	0.331739 	0.203731	-0.016     	0.795746
303	49    	0.326767 	0.187553	-0.018     	0.750683
304	44    	0.345732 	0.170205	0.0822872  	0.750683
305	41    	0.404314 	0.218784	-0.02      	0.764044
306	47    	0.338523 	0.195255	-0.0171428 	0.764044
307	47    	0.318426 	0.177959	0.0657936  	0.743062
308	45    	0.352091 	0.220212	-0.0166667 	0.831251
309	47    	0.327979 	0.198671	-0.0171429 	0.831251
310	45    	0.304674 	0.183453	-0.0133333 	0.831251
311	49    	0.304803 	0.176174	-0.0171429 	0.756475
312	44    	0.321418 	0.197481	-0.0166667 	0.756475
313	47    	0.266295 	0.146202	-0.0175    	0.756475
314	44    	0.302348 	0.121602	-0.0166667 	0.567082
315	47    	0.277585 	0.13088 	-0.0175    	0.664665
316	47    	0.282915 	0.12383 	-0.0171428 	0.664665
317	46    	0.348782 	0.0971292	0.112967   	0.53089 
318	46    	0.319165 	0.12205  	-0.0166666 	0.539983
319	44    	0.321725 	0.120445 	0.0711101  	0.539983
320	46    	0.318834 	0.222875 	-1         	0.624477
321	44    	0.32755  	0.136326 	-0.02      	0.624477
322	47    	0.284765 	0.218231 	-1         	0.58945 
323	48    	0.29534  	0.114644 	-0.0166666 	0.621304
324	45    	0.30148  	0.224185 	-1         	0.621304
325	46    	0.307396 	0.245985 	-1         	0.855115
326	47    	0.29044  	0.191685 	-0.0200001 	0.855115
327	48    	0.335443 	0.157389 	-0.02      	0.855115
328	50    	0.338352 	0.132184 	0.121847   	0.666583
329	45    	0.340689 	0.162355 	0.0671955  	0.804722
330	46    	0.334254 	0.157442 	0.0989272  	0.804722
331	46    	0.318181 	0.17947  	0.0956592  	0.804722
332	47    	0.357503 	0.177734 	0.0480942  	0.804722
333	48    	0.278237 	0.13816  	-0.0181818 	0.689888
334	46    	0.332327 	0.160339 	-0.016     	0.758138
335	47    	0.348802 	0.1456   	-0.0171429 	0.633675
336	45    	0.38054  	0.148108 	0.161731   	0.655327
337	47    	0.405913 	0.164643 	0.168204   	0.742286
338	49    	0.334406 	0.153195 	-0.02      	0.684949
339	44    	0.374884 	0.158017 	-0.016     	0.65209 
340	47    	0.322946 	0.16034  	-0.0159963 	0.65209 
341	46    	0.342915 	0.164208 	0.0842522  	0.65209 
342	48    	0.369255 	0.18939  	-0.0159983 	0.888519
343	44    	0.383695 	0.203416 	0.13698    	0.888519
344	49    	0.312807 	0.15735  	0.113099   	0.888519
345	47    	0.345259 	0.156374 	0.142554   	0.888519
346	45    	0.341067 	0.186152 	0.0982674  	0.888519
347	47    	0.348754 	0.199167 	-0.0149998 	0.888519
348	45    	0.349131 	0.178325 	-0.0150002 	0.806465
349	45    	0.325831 	0.1763   	0.0353011  	0.806465
350	45    	0.367812 	0.172877 	0.152314   	0.806465
351	46    	0.312421 	0.315329 	-1         	0.806465
352	44    	0.356356 	0.159221 	0.0741001  	0.806465
353	47    	0.333123 	0.22605  	-1         	0.646717
354	44    	0.353517 	0.155021 	-0.02      	0.688633
355	47    	0.246286 	0.339675 	-1         	0.688633
356	47    	0.307586 	0.229585 	-1         	0.768087
357	45    	0.301165 	0.231208 	-1         	0.768087
358	47    	0.342012 	0.162855 	0.0829982  	0.768087
359	47    	0.271216 	0.285645 	-1         	0.683582
360	47    	0.319912 	0.11633  	0.106502   	0.620715
361	44    	0.313073 	0.30567  	-1         	0.784325
362	44    	0.328138 	0.252905 	-1         	0.784325
363	49    	0.285762 	0.215724 	-1         	0.613769
364	47    	0.271932 	0.210355 	-1         	0.599208
365	48    	0.305077 	0.11764  	-0.0181818 	0.521031
366	46    	0.317099 	0.113494 	-0.0171429 	0.597589
367	45    	0.339954 	0.10732  	0.100323   	0.597589
368	47    	0.256289 	0.275918 	-1         	0.560327
369	46    	0.241242 	0.324913 	-1         	0.519951
370	47    	0.281968 	0.213219 	-1         	0.529638
371	42    	0.138358 	0.510311 	-1         	0.545298
372	46    	-0.112829	0.671152 	-1         	0.554865
373	46    	-0.274277	0.674087 	-1         	0.554865
374	46    	0.103556 	0.524629 	-1         	0.554865
375	47    	0.110432 	0.49173  	-1         	0.554865
376	45    	0.100332 	0.522149 	-1         	0.554865
377	44    	-0.160868	0.659543 	-1         	0.485677
378	48    	-0.0330221	0.60515  	-1         	0.553623
379	44    	0.0809344 	0.546891 	-1         	0.553623
380	47    	0.336745  	0.10658  	0.144025   	0.590625
381	46    	0.32179   	0.0887949	0.0961974  	0.527147
382	46    	0.326828  	0.0946701	0.169107   	0.583541
383	45    	0.263543  	0.281908 	-1         	0.583541
384	47    	0.326725  	0.129722 	0.129597   	0.730422
385	48    	0.346356  	0.163165 	-0.015     	0.831232
386	44    	0.321617  	0.171533 	-0.0166666 	0.831232
387	47    	0.321112  	0.184146 	-0.02      	0.831232
388	46    	0.29403   	0.204732 	-0.0171428 	0.831232
389	46    	0.313084  	0.222181 	-0.018     	0.831232
390	49    	0.31932   	0.190194 	-0.0177777 	0.722187
391	49    	0.336842  	0.214538 	-0.0177778 	0.73602 
392	48    	0.312578  	0.204857 	-0.0200001 	0.76894 
393	46    	0.312169  	0.207018 	-0.0175001 	0.754295
394	47    	0.358349  	0.202708 	0.0631812  	0.812896
395	41    	0.363934  	0.260161 	-0.02      	0.812896
396	45    	0.380026  	0.250526 	-0.0228572 	0.829655
397	46    	0.381941  	0.227541 	-0.01      	0.754295
398	45    	0.453247  	0.225979 	-0.0174999 	0.829655
399	47    	0.409954  	0.202704 	-0.01      	0.829655
400	44    	0.379951  	0.169149 	0.0754029  	0.752425
401	45    	0.406857  	0.208425 	-0.0166666 	0.791118
402	46    	0.346322  	0.199673 	-0.0166666 	0.867887
403	46    	0.345435  	0.238192 	-0.0166667 	0.867887
404	49    	0.359115  	0.208409 	-0.0177779 	0.843295
405	46    	0.385984  	0.206415 	0.0739948  	0.75156 
406	46    	0.395656  	0.206151 	0.0758347  	0.833289
407	49    	0.380285  	0.222074 	-0.0177779 	0.797413
408	43    	0.436148  	0.262162 	-0.016     	0.833289
409	46    	0.302421  	0.226655 	-0.0199999 	0.833289
410	42    	0.390432  	0.21682  	0.0622113  	0.833289
411	48    	0.319902  	0.237664 	-0.0183334 	0.847655
412	46    	0.315215  	0.213532 	-0.0175    	0.717732
413	48    	0.291473  	0.210497 	-0.0199999 	0.822353
414	43    	0.367708  	0.221098 	-0.0175    	0.828388
415	45    	0.382673  	0.235083 	-0.02      	0.835124
416	45    	0.451992  	0.242322 	0.0529892  	0.835124
417	43    	0.367129  	0.265564 	-0.0183333 	0.835124
418	45    	0.389339  	0.226783 	-0.0177778 	0.835124
419	48    	0.335166  	0.173988 	0.067586   	0.769677
420	46    	0.380179  	0.197821 	-0.02      	0.771186
421	46    	0.375121  	0.193903 	0.0521057  	0.771186
422	46    	0.347916  	0.210847 	0.0483871  	0.898339
423	43    	0.3674    	0.244005 	-0.0171428 	0.898339
424	49    	0.316471  	0.199589 	-0.0177778 	0.772696
425	48    	0.346193  	0.175567 	-0.018     	0.720767
426	45    	0.306174  	0.192353 	-0.0166667 	0.686755
427	42    	0.348809  	0.169757 	0.0970546  	0.686162
428	46    	0.420293  	0.167913 	-0.0150001 	0.701765
429	47    	0.346073  	0.181856 	-0.016     	0.727743
430	46    	0.341527  	0.22297  	-0.016     	0.827399
431	45    	0.31842   	0.251354 	-0.02      	0.819969
432	44    	0.338321  	0.206899 	0.0668328  	0.747774
433	47    	0.30977   	0.198062 	-0.0171428 	0.755216
434	47    	0.307225  	0.173167 	-0.0171428 	0.755216
435	47    	0.323574  	0.215485 	-0.02      	0.852938
436	50    	0.291781  	0.153587 	-0.0166667 	0.773426
437	43    	0.29815   	0.177237 	-0.0166667 	0.773426
438	46    	0.341159  	0.168349 	-0.0177778 	0.785432
439	47    	0.3258    	0.173294 	-0.0174999 	0.773426
440	43    	0.352684  	0.195955 	-0.016     	0.773426
441	46    	0.353393  	0.198877 	-0.0166666 	0.773426
442	47    	0.330941  	0.189824 	-0.0149999 	0.773426
443	46    	0.351412  	0.161632 	-0.01      	0.773426
444	48    	0.382456  	0.180095 	-0.0159966 	0.773426
445	44    	0.361104  	0.175543 	0.0747611  	0.773426
446	47    	0.296921  	0.154693 	-0.0199999 	0.769092
447	44    	0.327213  	0.189927 	-0.0171428 	0.769092
448	49    	0.318832  	0.170084 	-0.02      	0.769092
449	46    	0.382416  	0.175348 	0.156563   	0.769092
450	41    	0.426505  	0.213042 	0.0852053  	0.81969 
451	48    	0.317255  	0.194187 	-0.0175    	0.696472
452	44    	0.354334  	0.166186 	0.131183   	0.696472
453	46    	0.318642  	0.194715 	-0.016     	0.721409
454	49    	0.353318  	0.195536 	-0.0177778 	0.824483
455	48    	0.293238  	0.1819   	-0.0175    	0.824483
456	44    	0.326579  	0.188682 	-0.0159999 	0.824483
457	41    	0.389614  	0.24376  	-0.016     	0.824483
458	48    	0.345281  	0.187875 	0.0793417  	0.824483
459	46    	0.406918  	0.194587 	0.0860224  	0.850604
460	48    	0.430116  	0.198363 	0.0756841  	0.824483
461	49    	0.29823   	0.203603 	-0.016     	0.824483
462	44    	0.375735  	0.23726  	-0.0171429 	0.824483
463	47    	0.359902  	0.242939 	-0.016     	0.824483
464	45    	0.327583  	0.185434 	0.0659147  	0.824483
465	46    	0.348632  	0.194633 	-0.02      	0.824483
466	47    	0.385283  	0.209559 	0.085894   	0.824483
467	43    	0.422505  	0.212262 	0.0694957  	0.824483
468	45    	0.377905  	0.227311 	-0.02      	0.824483
469	50    	0.309778  	0.189637 	-0.0166667 	0.759279
470	46    	0.361444  	0.179013 	-0.01      	0.759279
471	45    	0.364745  	0.193718 	0.0656602  	0.728343
472	47    	0.357019  	0.212863 	-0.0181819 	0.743036
473	48    	0.351407  	0.213784 	-0.02      	0.819655
474	47    	0.347913  	0.226377 	-0.0175    	0.819655
475	47    	0.386812  	0.173859 	0.108278   	0.759233
476	44    	0.42193   	0.200455 	-0.0149998 	0.823506
477	42    	0.423567  	0.212171 	-0.0133333 	0.823506
478	45    	0.427076  	0.22029  	0.085775   	0.841249
479	48    	0.381715  	0.214433 	-0.0171429 	0.995382
480	46    	0.369079  	0.191973 	0.0750461  	0.995382
481	47    	0.349853  	0.191499 	-0.0133334 	0.995382
482	46    	0.421462  	0.197914 	0.068985   	0.88475 
483	46    	0.417881  	0.206976 	0.0770846  	0.88475 
484	44    	0.388609  	0.224723 	-0.0150002 	0.88475 
485	45    	0.387108  	0.214904 	-0.0133333 	0.88475 
486	46    	0.440872  	0.22442  	-0.016     	0.942602
487	46    	0.401932  	0.227981 	0.0386376  	0.942602
488	48    	0.397675  	0.19883  	0.0651296  	0.942602
489	46    	0.407427  	0.22092  	0.0864473  	0.942602
490	43    	0.420122  	0.279948 	-0.0166579 	0.942602
491	48    	0.355427  	0.21635  	-0.0160001 	0.942602
492	43    	0.393947  	0.234183 	-0.018     	0.942602
493	48    	0.308523  	0.212141 	-0.0177778 	1.05001 
494	47    	0.347539  	0.171241 	-0.018     	0.880726
495	44    	0.374579  	0.222604 	-0.02      	0.880726
496	45    	0.376515  	0.219183 	0.102418   	1.05001 
497	49    	0.344674  	0.203806 	0.102481   	1.05001 
498	46    	0.358087  	0.172061 	0.105209   	0.784175
499	43    	0.391041  	0.202348 	0.0891051  	0.784175
500	44    	0.409739  	0.212181 	-0.0133334 	0.865362
501	48    	0.373843  	0.211001 	-0.0150001 	0.937433
502	42    	0.448446  	0.234861 	0.0898938  	0.93831 
503	45    	0.387756  	0.23492  	0.141228   	0.93831 
504	49    	0.347124  	0.160379 	0.112499   	0.852588
505	47    	0.358624  	0.212406 	-0.0166666 	0.852588
506	45    	0.345822  	0.221303 	-0.0166667 	0.852588
507	48    	0.349822  	0.189184 	-0.0174999 	0.775919
508	43    	0.377225  	0.226839 	-0.01      	0.840703
509	48    	0.398144  	0.203658 	0.0874308  	0.895307
510	48    	0.373745  	0.226324 	-0.018     	0.895307
511	43    	0.423574  	0.200553 	0.0973147  	0.895307
512	45    	0.400141  	0.22056  	-0.0149999 	0.895307
513	45    	0.420443  	0.23402  	-0.016     	0.900493
514	48    	0.345494  	0.194651 	-0.02      	0.895307
515	48    	0.331647  	0.189672 	-0.0175001 	0.839935
516	47    	0.406719  	0.182633 	0.0908288  	0.794432
517	45    	0.356948  	0.219639 	-0.02      	0.794432
518	47    	0.386954  	0.210037 	0.0749222  	0.794432
519	46    	0.449947  	0.237488 	-0.0200001 	0.839024
520	43    	0.410155  	0.259013 	0.0700846  	0.857407
521	46    	0.396786  	0.217843 	0.0973798  	0.859915
522	44    	0.349856  	0.224823 	-0.0175    	0.859915
523	48    	0.340532  	0.23034  	-0.0177778 	0.859915
524	44    	0.398903  	0.212015 	0.137061   	0.859915
525	45    	0.364825  	0.194785 	-0.0200001 	0.822459
526	43    	0.396538  	0.176444 	0.147137   	0.822459
527	48    	0.354554  	0.159063 	-0.0133333 	0.822459
528	49    	0.327992  	0.134972 	0.117239   	0.729565
529	46    	0.29573   	0.159143 	-0.0171429 	0.729565
530	45    	0.31507   	0.159438 	-0.0150001 	0.729565
531	47    	0.334601  	0.133447 	-0.0166666 	0.610558
532	46    	0.292887  	0.229332 	-1         	0.587339
533	45    	0.316105  	0.160634 	-0.02      	0.635723
534	46    	0.31228   	0.170649 	-0.0166665 	0.700182
535	45    	0.32051   	0.167352 	-0.02      	0.700182
536	46    	0.28525   	0.165173 	-0.0200001 	0.662683
537	48    	0.325072  	0.155908 	-0.0171428 	0.654297
538	46    	0.350884  	0.158826 	0.0749998  	0.654297
539	46    	0.390596  	0.185126 	0.0883737  	0.83706 
540	48    	0.301684  	0.180586 	-0.0171428 	0.83706 
541	46    	0.323977  	0.155769 	0.07237    	0.730023
542	42    	0.400203  	0.202003 	-0.0175    	0.756509
543	47    	0.318092  	0.191359 	0.0749353  	0.732846
544	47    	0.279573  	0.155479 	0.0855921  	0.732846
545	47    	0.278005  	0.187027 	-0.0175    	0.750363
546	47    	0.311461  	0.2058   	-0.018     	0.832507
547	44    	0.338582  	0.213138 	-0.0175    	0.832507
548	47    	0.290534  	0.204056 	-0.0171427 	0.832507
549	47    	0.3123    	0.229291 	-0.0171428 	0.832507
550	43    	0.352286  	0.247318 	-0.0174999 	0.832507
551	44    	0.295421  	0.234668 	-0.02      	0.832507
552	50    	0.216672  	0.174811 	-0.0175    	0.730482
553	44    	0.313434  	0.188565 	-0.02      	0.730482
554	47    	0.321631  	0.161834 	-0.0175    	0.832507
555	48    	0.290254  	0.162587 	0.0581938  	0.832507
556	46    	0.262575  	0.195865 	-0.0233333 	0.834794
557	45    	0.323746  	0.180238 	-0.0175    	0.834794
558	49    	0.247575  	0.159678 	-0.0177778 	0.751013
559	44    	0.317807  	0.177542 	-0.0177778 	0.641102
560	47    	0.283545  	0.186255 	-0.0175001 	0.751876
561	40    	0.330425  	0.196712 	-0.0174998 	0.751013
562	44    	0.390651  	0.206941 	-0.0171429 	0.751013
563	48    	0.288621  	0.206016 	-0.018     	0.751013
564	44    	0.348435  	0.226994 	-0.0175    	0.751876
565	45    	0.325168  	0.259405 	-0.0177778 	0.836837
566	47    	0.282012  	0.2387   	-0.02      	0.836837
567	44    	0.305914  	0.221534 	-0.0184615 	0.751013
568	47    	0.257798  	0.198979 	-0.02      	0.837857
569	47    	0.243125  	0.212611 	-0.018     	0.837857
570	42    	0.320325  	0.21857  	-0.0171429 	0.837857
571	45    	0.275095  	0.249408 	-0.02      	0.837857
572	46    	0.305937  	0.255959 	-0.02      	0.837857
573	44    	0.304613  	0.240918 	-0.0177778 	0.836827
574	49    	0.239653  	0.199654 	-0.0177778 	0.837751
575	45    	0.306071  	0.214297 	-0.02      	0.837751
576	47    	0.271931  	0.228373 	-0.02      	0.837751
577	46    	0.288994  	0.232223 	-0.02      	0.837751
578	46    	0.294936  	0.219872 	-0.02      	0.837751
579	47    	0.296989  	0.212768 	-0.02      	0.853856
580	45    	0.312702  	0.197067 	-0.02      	0.678698
581	43    	0.302944  	0.203412 	-0.0171429 	0.727329
582	44    	0.335743  	0.207303 	-0.02      	0.692801
583	49    	0.330201  	0.225582 	-0.0175    	0.745244
584	47    	0.278891  	0.20861  	-0.02      	0.726223
585	48    	0.302945  	0.180465 	-0.0177779 	0.735956
586	45    	0.302276  	0.199389 	-0.0175    	0.761704
587	48    	0.301444  	0.184886 	-0.02      	0.787833
588	44    	0.310431  	0.225806 	-0.02      	0.787833
589	44    	0.289133  	0.239364 	-0.0175    	0.812083
590	48    	0.27386   	0.18509  	-0.02      	0.787833
591	46    	0.290095  	0.219686 	-0.02      	0.790085
592	48    	0.320401  	0.217128 	-0.0228571 	0.783573
593	46    	0.286401  	0.177324 	0.0722078  	0.783573
594	49    	0.249575  	0.175784 	-0.02      	0.698722
595	44    	0.317473  	0.19939  	-0.02      	0.698722
596	48    	0.292529  	0.217547 	-0.0181818 	0.745287
597	46    	0.31505   	0.189869 	-0.02      	0.745287
598	46    	0.316004  	0.177055 	-0.02      	0.740053
599	42    	0.335762  	0.197025 	-0.02      	0.740053
600	46    	0.2902    	0.236635 	-0.02      	0.867253
601	48    	0.294814  	0.237572 	-0.0228572 	0.867253
602	47    	0.272192  	0.205301 	-0.022     	0.71523 
603	47    	0.257924  	0.165119 	-0.0225    	0.668281
604	46    	0.329505  	0.138647 	-0.0149999 	0.593912
605	41    	0.306924  	0.177699 	-0.02      	0.67616 
606	47    	0.27715   	0.165036 	-0.02      	0.605256
607	45    	0.350006  	0.170511 	-0.015     	0.725658
608	45    	0.352198  	0.18962  	0.0940524  	0.725658
609	50    	0.312111  	0.185017 	-0.0181819 	0.765627
610	49    	0.314039  	0.172121 	-0.02      	0.669938
611	48    	0.279323  	0.195057 	-0.0166668 	0.766483
612	50    	0.294714  	0.139508 	0.0699081  	0.670448
613	45    	0.337929  	0.16563  	-0.0175    	0.766483
614	44    	0.343829  	0.207757 	-0.0177777 	0.807359
615	45    	0.331349  	0.187518 	-0.0166667 	0.807359
616	44    	0.351758  	0.195367 	-0.02      	0.807359
617	42    	0.348562  	0.210589 	-0.0166667 	0.807359
618	49    	0.276822  	0.159733 	-0.0175    	0.807359
619	42    	0.343923  	0.169905 	-0.0166666 	0.807359
620	48    	0.325883  	0.129083 	0.13301    	0.81439 
621	44    	0.31702   	0.170786 	-0.0171429 	0.81439 
622	48    	0.256568  	0.145934 	-0.0175    	0.708416
623	45    	0.31355   	0.134079 	0.0580753  	0.703861
624	46    	0.332536  	0.144555 	0.0971294  	0.762591
625	43    	0.389706  	0.166837 	0.059117   	0.762591
626	47    	0.365467  	0.199506 	0.0740515  	0.762591
627	47    	0.344701  	0.163689 	0.120411   	0.762591
628	48    	0.345017  	0.188259 	-0.0171429 	0.71291 
629	45    	0.384311  	0.176138 	-0.0150002 	0.71291 
630	45    	0.405332  	0.206539 	-0.0150001 	0.898339
631	43    	0.364022  	0.218341 	-0.02      	0.732935
632	46    	0.331679  	0.17216  	0.0857187  	0.732935
633	45    	0.353548  	0.195573 	-0.015     	0.72032 
634	47    	0.388187  	0.212096 	-0.0166666 	0.863941
635	48    	0.356555  	0.227484 	-0.018     	0.752526
636	43    	0.377118  	0.217879 	-0.0181819 	0.848891
637	48    	0.310423  	0.20085  	-0.0175    	0.840104
638	48    	0.355642  	0.195709 	-0.0166668 	0.728053
639	45    	0.356184  	0.18867  	-0.0175    	0.721301
640	46    	0.370848  	0.179463 	0.106755   	0.743782
641	48    	0.36836   	0.20135  	-0.016     	0.832264
642	46    	0.365915  	0.189101 	-0.0166667 	0.743782
643	43    	0.39233   	0.206312 	-0.0150001 	0.832264
644	45    	0.333304  	0.231046 	-0.02      	0.832264
645	45    	0.371006  	0.252956 	-0.018     	0.832264
646	48    	0.301935  	0.239749 	-0.0180002 	0.827724
647	49    	0.264129  	0.197386 	-0.018     	0.755031
648	47    	0.307983  	0.194036 	-0.0171429 	0.756826
649	47    	0.350726  	0.185436 	-0.0175    	0.734625
650	48    	0.335066  	0.198606 	-0.0166667 	0.734625
651	47    	0.371436  	0.199247 	-0.018     	0.734625
652	48    	0.338382  	0.192853 	-0.0166666 	0.734625
653	49    	0.314562  	0.188169 	-0.0171429 	0.734937
654	42    	0.398203  	0.241645 	-0.0175    	0.863769
655	49    	0.295753  	0.216254 	-0.02      	0.863769
656	46    	0.383096  	0.222761 	-0.0150001 	0.863769
657	48    	0.378513  	0.204887 	0.13882    	0.863769
658	45    	0.387533  	0.214784 	0.0754068  	0.863769
659	47    	0.34626   	0.205577 	-0.0159892 	0.863769
660	43    	0.352298  	0.202286 	0.0829378  	0.832068
661	42    	0.387397  	0.218065 	-0.0160001 	0.805401
662	50    	0.34849   	0.195094 	-0.02      	0.805401
663	45    	0.354892  	0.19029  	0.0830813  	0.805401
664	47    	0.369694  	0.207528 	-0.0150001 	0.805401
665	44    	0.388644  	0.212276 	0.0461769  	0.805401
666	45    	0.381636  	0.237271 	-0.01      	0.813771
667	48    	0.281703  	0.192292 	-0.02      	0.74849 
668	48    	0.343406  	0.17098  	-0.015     	0.712903
669	46    	0.369814  	0.166724 	0.0773527  	0.820062
670	46    	0.365648  	0.190185 	-0.02      	0.820062
671	47    	0.331203  	0.178993 	-0.0150003 	0.832288
672	43    	0.380742  	0.161254 	-0.0199999 	0.832288
673	45    	0.34511   	0.186894 	-0.00506809	0.756827
674	47    	0.277117  	0.242895 	-0.0200001 	0.823945
675	49    	0.301993  	0.176168 	-0.018     	0.652698
676	44    	0.314573  	0.181362 	-0.0177778 	0.652698
677	47    	0.336102  	0.193235 	-0.0177778 	0.652698
678	47    	0.336626  	0.203992 	-0.018     	0.749309
679	48    	0.312183  	0.205886 	-0.0199999 	0.819724
680	46    	0.338754  	0.207289 	-0.0175    	0.818096
681	47    	0.3248    	0.199487 	-0.0174999 	0.818096
682	46    	0.32602   	0.211645 	-0.02      	0.818096
683	48    	0.344355  	0.213352 	-0.0177778 	0.811396
684	43    	0.352499  	0.206929 	-0.0166667 	0.81114 
685	44    	0.379963  	0.207612 	-0.02      	0.81114 
686	44    	0.358769  	0.206201 	-0.018     	0.81114 
687	44    	0.315285  	0.189959 	-0.015     	0.64923 
688	47    	0.303677  	0.184    	-0.0166667 	0.663831
689	48    	0.292578  	0.186905 	-0.0177778 	0.755336
690	45    	0.348367  	0.186389 	-0.0181818 	0.8118  
691	44    	0.379352  	0.236208 	-0.0181818 	0.888136
692	49    	0.341211  	0.214168 	-0.0166666 	0.903457
693	44    	0.3757    	0.256812 	-0.0181818 	0.903457
694	45    	0.378065  	0.268752 	-0.0177778 	0.903457
695	44    	0.360902  	0.226988 	-0.02      	0.804616
696	47    	0.33758   	0.228584 	-0.02      	0.804616
697	43    	0.411217  	0.241119 	-0.015     	0.818083
698	46    	0.356013  	0.22344  	-0.018     	0.810714
699	48    	0.291809  	0.197978 	-0.018     	0.804616
700	45    	0.309117  	0.227167 	-0.0177778 	0.805172
701	46    	0.335404  	0.201608 	-0.0175    	0.805172
702	45    	0.352751  	0.225019 	-0.0166652 	0.903457
703	45    	0.358135  	0.226841 	-0.0171429 	0.906492
704	48    	0.446082  	0.232266 	0.0746493  	0.889068
705	49    	0.328375  	0.223708 	-0.0159976 	0.906459
706	41    	0.398322  	0.231639 	-0.015     	0.906459
707	44    	0.390013  	0.239976 	-0.0177778 	0.805036
708	46    	0.33099   	0.228994 	-0.0171428 	0.756937
709	46    	0.377447  	0.206774 	-0.0181818 	0.748426
710	48    	0.31516   	0.192067 	0.0716089  	0.748426
711	47    	0.352151  	0.191912 	-0.0166666 	0.880644
712	49    	0.397229  	0.231638 	-0.02      	0.886159
713	46    	0.402786  	0.244167 	-0.02      	0.880644
714	45    	0.345546  	0.242306 	-0.015     	0.880644
715	48    	0.368375  	0.247698 	-0.0171428 	1.06035 
716	44    	0.392041  	0.235396 	-0.0222223 	0.880644
717	47    	0.397502  	0.237275 	-0.01      	0.884718
718	45    	0.442687  	0.231599 	-0.0181818 	0.888402
719	48    	0.450535  	0.210288 	0.0808428  	0.884718
720	46    	0.361035  	0.209659 	-0.015     	0.756271
721	44    	0.382034  	0.225708 	-0.0181818 	0.756509
722	45    	0.342243  	0.210742 	-0.0171429 	0.756271
723	46    	0.314977  	0.232815 	-0.0175001 	0.815917
724	46    	0.312766  	0.227427 	-0.02      	0.815917
725	47    	0.324349  	0.223868 	-0.0166665 	0.816446
726	47    	0.29251   	0.233571 	-0.02      	0.816446
727	49    	0.230938  	0.223569 	-0.0200001 	0.832264
728	48    	0.291896  	0.208441 	-0.02      	0.728673
729	46    	0.312558  	0.2149   	-0.02      	0.832264
730	46    	0.306179  	0.237926 	-0.02      	0.832264
731	46    	0.32453   	0.239477 	-0.02      	0.840468
732	45    	0.309968  	0.245131 	-0.0166666 	0.832264
733	47    	0.258981  	0.255492 	-0.02      	0.840104
734	44    	0.340927  	0.272966 	-0.02      	0.832264
735	41    	0.433566  	0.302392 	-0.0199999 	0.840468
736	47    	0.30027   	0.270588 	-0.0200001 	0.840468
737	47    	0.258315  	0.227099 	-0.02      	0.832435
738	48    	0.331282  	0.202736 	-0.0175    	0.840468
739	46    	0.340836  	0.213718 	-0.0199999 	0.840468
740	45    	0.322383  	0.216385 	-0.0171429 	0.840468
741	47    	0.327608  	0.209694 	-0.0181818 	0.840468
742	44    	0.351385  	0.228051 	-0.0175    	0.840468
743	46    	0.312244  	0.242825 	-0.02      	0.832435
744	45    	0.294867  	0.25421  	-0.02      	0.814356
745	45    	0.303748  	0.266249 	-0.02      	0.814356
746	45    	0.285856  	0.26793  	-0.0199999 	0.814356
747	47    	0.289781  	0.229184 	-0.02      	0.814356
748	46    	0.34401   	0.20108  	-0.02      	0.814356
749	45    	0.300788  	0.216552 	-0.02      	0.813708
750	50    	0.248342  	0.15636  	-0.0166667 	0.612809
751	47    	0.231867  	0.174392 	-0.0166667 	0.612809
752	46    	0.240722  	0.186815 	-0.02      	0.627732
753	46    	0.248029  	0.156039 	-0.0171429 	0.614823
754	46    	0.25968   	0.179056 	-0.016     	0.628544
755	44    	0.289973  	0.195783 	-0.02      	0.628544
756	45    	0.277415  	0.205804 	-0.0200001 	0.693195
757	45    	0.274655  	0.189406 	-0.02      	0.653363
758	48    	0.258151  	0.195103 	-0.02      	0.727286
759	49    	0.264685  	0.179284 	-0.02      	0.693195
760	46    	0.249917  	0.205973 	-0.02      	0.693195
761	45    	0.255406  	0.19557  	-0.0175    	0.693195
762	42    	0.345425  	0.19761  	-0.02      	0.693195
763	46    	0.339802  	0.228887 	-0.0171428 	0.706515
764	47    	0.251683  	0.203851 	-0.0171428 	0.706515
765	47    	0.263992  	0.189567 	-0.0171429 	0.706046
766	47    	0.269319  	0.212664 	-0.0175    	0.706046
767	44    	0.312171  	0.216916 	-0.02      	0.706046
768	45    	0.287354  	0.232775 	-0.0177777 	0.706046
769	48    	0.329052  	0.227749 	-0.0175    	0.720058
770	46    	0.309632  	0.239038 	-0.0174998 	0.720058
771	42    	0.365111  	0.223741 	-0.015     	0.720058
772	42    	0.370872  	0.239546 	-0.0175    	0.720058
773	49    	0.278338  	0.202231 	-0.0171428 	0.70647 
774	44    	0.349217  	0.254482 	-0.0166667 	0.731524
775	46    	0.307614  	0.246967 	-0.0175    	0.730832
776	43    	0.303826  	0.222035 	-0.0166667 	0.722135
777	49    	0.338476  	0.215204 	-0.0175    	0.766909
778	46    	0.372105  	0.22112  	-0.0175    	0.833353
779	44    	0.36423   	0.226122 	-0.0166667 	0.833353
780	49    	0.299166  	0.150289 	-0.0166667 	0.713466
781	48    	0.293585  	0.180471 	-0.0171428 	0.77492 
782	46    	0.325509  	0.20633  	-0.0171429 	0.856181
783	41    	0.344633  	0.254879 	-0.02      	0.856181
784	47    	0.292376  	0.208732 	-0.016     	0.856181
785	45    	0.309029  	0.218893 	-0.0199999 	0.856181
786	47    	0.343738  	0.214541 	-0.0177779 	0.856181
787	45    	0.315567  	0.236123 	-0.0177778 	0.856181
788	47    	0.286056  	0.218452 	-0.0175    	0.856303
789	46    	0.321645  	0.220576 	-0.0166667 	0.856303
790	45    	0.340032  	0.208799 	0.0987318  	0.856303
791	46    	0.318118  	0.198733 	-0.0166666 	0.742027
792	46    	0.30385   	0.185232 	-0.0166667 	0.827955
793	47    	0.316699  	0.209409 	-0.0133337 	0.827955
794	43    	0.322076  	0.1708   	-0.0171429 	0.701078
795	47    	0.310211  	0.161666 	-0.0175    	0.701078
796	46    	0.332199  	0.183619 	-0.0166667 	0.781554
797	46    	0.36334   	0.170661 	-0.02      	0.781554
798	48    	0.317183  	0.186881 	-0.0175001 	0.781554
799	44    	0.347141  	0.171255 	-0.016     	0.781554
800	45    	0.307681  	0.157232 	0.0658886  	0.701606
801	48    	0.2555    	0.159073 	-0.0171429 	0.701606
802	44    	0.348129  	0.133319 	0.142568   	0.701606
803	49    	0.334193  	0.183396 	-0.0133334 	0.853548
804	48    	0.334894  	0.170267 	0.0897022  	0.707201
805	47    	0.327446  	0.188185 	0.0507383  	0.771214
806	44    	0.363915  	0.203612 	0.0586935  	0.771214
807	47    	0.3002    	0.189278 	-0.016     	0.771214
808	47    	0.303413  	0.183454 	-0.02      	0.771214
809	45    	0.378961  	0.199943 	0.128627   	0.862122
810	47    	0.34266   	0.165819 	0.129258   	0.859614
811	45    	0.302485  	0.167668 	0.0792625  	0.762832
812	43    	0.352164  	0.170359 	-0.0175    	0.762832
813	46    	0.338231  	0.185967 	-0.0166667 	0.774831
814	47    	0.350295  	0.200105 	-0.0171428 	0.762832
815	47    	0.342603  	0.210973 	-0.016     	0.948955
816	43    	0.410885  	0.222885 	-0.02      	0.867555
817	44    	0.385661  	0.259149 	-0.016     	0.948955
818	45    	0.33805   	0.236621 	-0.0171429 	0.867555
819	45    	0.378114  	0.214178 	-0.0160001 	0.867555
820	47    	0.387442  	0.246773 	-0.0200001 	0.867555
821	46    	0.362638  	0.250565 	-0.015     	0.867555
822	46    	0.322053  	0.21246  	-0.018     	0.867555
823	43    	0.387144  	0.244704 	-0.0171428 	0.867555
824	46    	0.394659  	0.201653 	0.0996848  	0.889473
825	42    	0.438958  	0.230569 	-0.0159976 	0.867555
826	45    	0.376054  	0.258117 	-0.016     	0.867555
827	45    	0.409254  	0.232992 	0.0600121  	0.948955
828	45    	0.405234  	0.238323 	-0.0175    	0.948955
829	48    	0.343375  	0.224071 	-0.0166666 	0.948955
830	44    	0.40106   	0.22466  	-0.016     	0.948955
831	47    	0.347413  	0.213663 	-0.018     	0.833094
832	46    	0.312147  	0.195643 	-0.0177778 	0.835619
833	46    	0.293396  	0.170052 	-0.02      	0.676047
834	46    	0.329422  	0.179607 	-0.02      	0.675011
835	50    	0.259132  	0.134568 	-0.018     	0.696278
836	47    	0.302881  	0.150279 	-0.015     	0.637565
837	45    	0.335595  	0.161798 	-0.0166667 	0.702254
838	46    	0.315356  	0.196322 	-0.0171429 	0.789682
839	47    	0.357895  	0.195139 	-0.0133333 	0.789682
840	46    	0.347745  	0.193623 	-0.0175    	0.789682
841	44    	0.337107  	0.201101 	-0.0166667 	0.789682
842	44    	0.348379  	0.209344 	-0.02      	0.877299
843	44    	0.375809  	0.222633 	0.0633668  	0.789682
844	48    	0.310297  	0.188859 	-0.01      	0.849029
845	46    	0.311614  	0.166973 	-0.0175    	0.706285
846	46    	0.276623  	0.163049 	-0.018     	0.652111
847	46    	0.344177  	0.156442 	0.0358261  	0.652111
848	48    	0.274066  	0.163272 	-0.0166667 	0.730647
849	45    	0.291591  	0.155569 	-0.02      	0.730647
850	47    	0.308295  	0.162964 	-0.015     	0.730647
851	46    	0.317699  	0.133269 	0.061298   	0.690626
852	46    	0.358003  	0.168373 	-0.0166667 	0.69597 
853	48    	0.295321  	0.176773 	-0.0166667 	0.692686
854	46    	0.318158  	0.185847 	-0.0177776 	0.706431
855	47    	0.292181  	0.171286 	-0.02      	0.692686
856	47    	0.280354  	0.184513 	-0.0171428 	0.656174
857	48    	0.308127  	0.161358 	-0.0171428 	0.634179
858	45    	0.339584  	0.154239 	-0.02      	0.730239
859	46    	0.325937  	0.15959  	-0.0171429 	0.730239
860	45    	0.338437  	0.162996 	-0.02      	0.730239
861	45    	0.292734  	0.205555 	-0.0225    	0.768217
862	48    	0.3028    	0.201269 	-0.0175    	0.812308
863	47    	0.301533  	0.215637 	-0.0171429 	0.828244
864	48    	0.254501  	0.198676 	-0.02      	0.705837
865	45    	0.313171  	0.225325 	-0.018     	0.819403
866	46    	0.330301  	0.246582 	-0.018     	0.819403
867	44    	0.33014   	0.231177 	-0.016     	0.819403
868	45    	0.284631  	0.229647 	-0.017143  	0.819403
869	45    	0.325779  	0.253315 	-0.0177778 	0.819403
870	45    	0.380829  	0.277443 	-0.0175    	0.819403
871	46    	0.345935  	0.249816 	-0.0171429 	0.819403
872	44    	0.354491  	0.262034 	-0.0171429 	0.819458
873	44    	0.374343  	0.256567 	-0.0159998 	0.819458
874	48    	0.305506  	0.279617 	-0.0171429 	0.819458
875	47    	0.278411  	0.207025 	-0.0171428 	0.819458
876	48    	0.364376  	0.236142 	-0.0166667 	0.812825
877	47    	0.265189  	0.195093 	-0.0171429 	0.811396
878	46    	0.330096  	0.240891 	-0.0171428 	0.811396
879	47    	0.280145  	0.220423 	-0.02      	0.811396
880	46    	0.304124  	0.20466  	-0.02      	0.811396
881	47    	0.30142   	0.25968  	-0.0175    	0.811396
882	47    	0.337983  	0.251884 	-0.0171429 	0.812083
883	45    	0.397924  	0.232815 	-0.016     	0.844377
884	47    	0.302755  	0.223187 	-0.0171428 	0.812308
885	47    	0.265111  	0.217837 	-0.0171429 	0.844377
886	46    	0.289099  	0.19782  	-0.02      	0.812083
887	50    	0.253192  	0.196466 	-0.0171429 	0.812825
888	48    	0.292125  	0.189486 	-0.016     	0.812825
889	42    	0.346136  	0.194772 	-0.0166667 	0.812825
890	45    	0.395514  	0.237223 	-0.0166666 	0.812825
891	46    	0.291191  	0.248738 	-0.0166667 	0.812825
892	48    	0.261063  	0.258513 	-0.017143  	0.819458
893	41    	0.337829  	0.28108  	-0.017143  	0.819969
894	46    	0.306552  	0.258525 	-0.0175    	0.819969
895	48    	0.391874  	0.24101  	-0.0160001 	0.819969
896	43    	0.330277  	0.266777 	-0.0174999 	0.818826
897	46    	0.389656  	0.245483 	-0.02      	0.818826
898	45    	0.347859  	0.264421 	-0.0166667 	0.818826
899	47    	0.374831  	0.2433   	-0.0166667 	0.818826
900	48    	0.343078  	0.265115 	-0.02      	0.819969
901	47    	0.32647   	0.224247 	-0.0175    	0.812825
902	48    	0.286715  	0.224119 	-0.0166667 	0.812825
903	47    	0.294662  	0.199821 	-0.0175    	0.815809
904	48    	0.287968  	0.208197 	-0.0184615 	0.815809
905	46    	0.265628  	0.218731 	-0.0175001 	0.815809
906	48    	0.310703  	0.226965 	-0.02      	0.81539 
907	46    	0.286379  	0.251359 	-0.02      	0.815809
908	44    	0.329482  	0.237385 	-0.02      	0.81539 
909	43    	0.366317  	0.237214 	-0.0171429 	0.81539 
910	44    	0.291098  	0.238641 	-0.0200001 	0.81539 
911	48    	0.31471   	0.222355 	-0.02      	0.726308
912	47    	0.31062   	0.237863 	-0.02      	0.81539 
913	44    	0.399813  	0.235256 	-0.0171429 	0.81539 
914	45    	0.303479  	0.266968 	-0.02      	0.81539 
915	46    	0.322486  	0.240047 	-0.0174999 	0.81539 
916	46    	0.374581  	0.247771 	-0.0171429 	0.81539 
917	47    	0.301607  	0.245639 	-0.0175001 	0.81539 
918	45    	0.315398  	0.223997 	-0.0160001 	0.850327
919	47    	0.3441    	0.229095 	-0.0171429 	0.833493
920	42    	0.321084  	0.233997 	-0.0174999 	0.732839
921	43    	0.310453  	0.238459 	-0.02      	0.732839
922	45    	0.343598  	0.216945 	-0.02      	0.833493
923	45    	0.361583  	0.236622 	-0.0200001 	0.833493
924	48    	0.303275  	0.257048 	-0.02      	0.801543
925	46    	0.328934  	0.258342 	-0.0175    	0.833493
926	49    	0.252718  	0.231977 	-0.0175    	0.833493
927	43    	0.314243  	0.249018 	-0.0199999 	0.833493
928	45    	0.328069  	0.246585 	-0.0200001 	0.833493
929	48    	0.288295  	0.219256 	-0.02      	0.833485
930	48    	0.296679  	0.184447 	-0.02      	0.832826
931	48    	0.290368  	0.221262 	-0.0171429 	0.834818
932	48    	0.298426  	0.204032 	-0.0171428 	0.831654
933	47    	0.258185  	0.234102 	-0.0200001 	0.831654
934	47    	0.263522  	0.243141 	-0.02      	0.832826
935	49    	0.29528   	0.21271  	-0.018     	0.808774
936	48    	0.28172   	0.182492 	-0.02      	0.646082
937	48    	0.314847  	0.202772 	-0.02      	0.703725
938	48    	0.387731  	0.213438 	-0.0150002 	0.832826
939	47    	0.382093  	0.208853 	-0.0199999 	0.732729
940	46    	0.317315  	0.213863 	-0.02      	0.732729
941	47    	0.263293  	0.242154 	-0.02      	0.832826
942	43    	0.343295  	0.213619 	-0.0174999 	0.832826
943	45    	0.363384  	0.244829 	-0.02      	0.832826
944	41    	0.335847  	0.303792 	-0.0177778 	0.832826
945	47    	0.345229  	0.274932 	-0.018     	0.832826
946	47    	0.330854  	0.249689 	-0.02      	0.832826
947	48    	0.332569  	0.245606 	-0.018     	0.834818
948	47    	0.273358  	0.244945 	-0.018     	0.831692
949	49    	0.330308  	0.252997 	-0.0175    	0.831692
950	46    	0.306689  	0.26584  	-0.02      	0.831692
951	44    	0.368793  	0.249226 	-0.02      	0.831692
952	45    	0.376849  	0.255082 	-0.02      	0.831692
953	49    	0.273447  	0.190416 	-0.0171429 	0.733051
954	49    	0.28256   	0.193662 	-0.0171428 	0.702675
955	47    	0.266557  	0.203624 	-0.0177778 	0.719896
956	47    	0.314931  	0.203851 	-0.0171428 	0.838461
957	42    	0.31242   	0.23186  	-0.0171429 	0.838461
958	47    	0.272751  	0.212221 	-0.02      	0.838461
959	48    	0.259846  	0.223584 	-0.0174999 	0.833493
960	47    	0.363671  	0.209453 	-0.0166667 	0.833493
961	46    	0.305785  	0.235474 	-0.02      	0.824212
962	44    	0.396075  	0.25461  	-0.02      	0.836975
963	45    	0.342285  	0.249503 	-0.0177778 	0.836975
964	46    	0.359508  	0.280823 	-0.02      	0.836975
965	47    	0.372301  	0.255559 	-0.02      	0.834818
966	43    	0.418881  	0.273257 	-0.0177779 	0.840473
967	49    	0.295375  	0.260165 	-0.0175001 	0.836975
968	48    	0.29991   	0.205097 	-0.0166667 	0.813756
969	43    	0.354525  	0.199565 	-0.02      	0.813756
970	48    	0.349269  	0.228556 	-0.02      	0.813756
971	47    	0.360861  	0.243505 	-0.0171427 	0.813756
972	47    	0.313114  	0.229281 	-0.02      	0.900491
973	45    	0.319448  	0.225138 	-0.0174999 	0.824212
974	48    	0.310004  	0.223738 	-0.02      	0.824212
975	47    	0.341345  	0.233665 	-0.018     	0.741726
976	45    	0.371064  	0.215967 	-0.0166668 	0.946138
977	45    	0.314328  	0.228031 	-0.0228571 	0.946138
978	47    	0.32032   	0.204355 	-0.0166667 	0.946138
979	47    	0.355598  	0.221553 	-0.02      	0.77671 
980	46    	0.353884  	0.194571 	-0.015     	0.776713
981	47    	0.378515  	0.192571 	-0.0149999 	0.776713
982	45    	0.374402  	0.18592  	-0.02      	0.776713
983	45    	0.376748  	0.278898 	-1         	0.784296
984	47    	0.378556  	0.184201 	0.157675   	0.865762
985	48    	0.412032  	0.173009 	0.192564   	0.830447
986	47    	0.383254  	0.196207 	0.0772791  	0.778117
987	48    	0.368468  	0.167034 	0.0917407  	0.778494
988	49    	0.366845  	0.123915 	0.131382   	0.719243
989	45    	0.318112  	0.243247 	-1         	0.719243
990	45    	0.373727  	0.151652 	0.0887398  	0.775099
991	44    	0.388795  	0.183139 	-0.015     	0.775099
992	45    	0.345945  	0.182009 	-0.0171428 	0.84217 
993	44    	0.372745  	0.162115 	0.0709966  	0.793924
994	47    	0.343781  	0.153848 	-0.0149999 	0.724592
995	43    	0.397798  	0.16425  	0.0955577  	0.724592
996	45    	0.405905  	0.168963 	-0.0150001 	0.741047
997	44    	0.408616  	0.184501 	0.126117   	0.741047
998	49    	0.325639  	0.145434 	0.122516   	0.78679 
999	48    	0.382965  	0.168083 	0.0817102  	0.78679 
1000	47    	0.348569  	0.142632 	0.085534   	0.687666
Best individuals:
(1.0603465949582884,) 	-->	 /*9*/DDDRBLFRBUUUL
VMNeuronManager.autoload: Neuro classes added: Delay Light Nn PIDP PIDV SeeLight SeeLight2 S0 S1 Thr 
UserScripts.autoload: 19 user scripts added.
Simulator.load: Loading from 'eval-allcriteria.sim'
Loader.load: Comments read from file follow:
Loader.load:  Sample settings for evaluating many criteria of performance of a Framsticks creature.
Loader.load:  See the "evalcount" parameter if you want to speed the evaluation up or have a more stable result.
Loader.load:  Other important parameters are "Energy0" and "perfperiod".
Loader.load:  Put this file in the "data" subdirectory within the Framsticks distribution.
Simulator.load: Settings loaded from 'eval-allcriteria.sim'
Simulator.load: Loading from 'deterministic.sim'
Loader.load: Comments read from file follow:
Loader.load:  Parameter values that make the evaluation of a Framsticks creature deterministic.
Loader.load:  The values turn off random noise, so evaluation of the same genotype will always yield the same performance.
Loader.load:  The advantage is that you do not need to evaluate a genotype many times, and performance values are reliable.
Loader.load:  The disadvantage is that evolved creatures are "overfitting", i.e. rely entirely on the specific environment,
Loader.load:  and their behavior may be different in any other environment or (even slightly) changed conditions or parameter values,
Loader.load:  so each creature evolved using these settings must be later inspected using exactly the same setup.
Loader.load: 
Loader.load:  Before loading this file, load base settings, e.g. "eval-allcriteria.sim".
Loader.load:  Put this file in the "data" subdirectory within the Framsticks distribution.
Simulator.load: Settings loaded from 'deterministic.sim'
Simulator.load: Loading from 'sample-period-2.sim'
Loader.load: Comments read from file follow:
Loader.load:  Very low "performance sampling period" in the first population to sample performance very often during lifespan
Loader.load:  and avoid overlooking some behavior. Averaged performance of sampled values is returned as the final value.
Loader.load:  See http://www.framsticks.com/a/al_params.html#exper-perfcalc
Loader.load: 
Loader.load:  Before loading this file, load base settings, e.g. "eval-allcriteria.sim".
Loader.load:  Put this file in the "data" subdirectory within the Framsticks distribution.
Simulator.load: Loading from 'f9-mut-020.sim'
Simulator.load: Settings loaded from 'f9-mut-020.sim'
