gen	nevals	avg     	stddev	min     	max     
0  	50    	0.218369	0     	0.218369	0.218369
1  	48    	0.0373827	0.106622	-0.016  	0.514537
2  	48    	0.0620024	0.127829	-0.0199999	0.514537
3  	45    	0.080067 	0.135998	-0.0171429	0.514537
4  	46    	0.11398  	0.139324	-0.0166667	0.514214
5  	44    	0.159239 	0.165572	-0.0171428	0.428395
6  	48    	0.176804 	0.154352	-0.02     	0.579981
7  	46    	0.176901 	0.166327	-0.0166667	0.579981
8  	48    	0.227617 	0.156612	-0.02     	0.579981
9  	47    	0.236137 	0.150517	-0.0177778	0.581279
10 	47    	0.200375 	0.18939 	-0.0171428	0.581279
11 	46    	0.227911 	0.169276	-0.0171429	0.581321
12 	48    	0.214035 	0.176802	-0.0166667	0.581321
13 	48    	0.194191 	0.171956	-0.0200001	0.581321
14 	46    	0.262856 	0.194266	-0.0174999	0.812825
15 	43    	0.271211 	0.211805	-0.0171429	0.705171
16 	47    	0.228427 	0.181998	-0.02     	0.705171
17 	46    	0.256667 	0.171372	-0.0171429	0.704883
18 	49    	0.229598 	0.187936	-0.0233333	0.705984
19 	48    	0.237552 	0.17746 	-0.0171429	0.703946
20 	42    	0.263669 	0.217089	-0.02     	0.760123
21 	47    	0.261199 	0.191491	-0.0199999	0.754419
22 	47    	0.245839 	0.177109	-0.0177778	0.754419
23 	46    	0.238665 	0.184992	-0.02     	0.754419
24 	45    	0.268791 	0.204244	-0.02     	0.754419
25 	46    	0.263731 	0.191106	-0.0166667	0.754419
26 	44    	0.274945 	0.193753	-0.02     	0.754419
27 	46    	0.253033 	0.153152	-0.0166666	0.754419
28 	46    	0.279079 	0.147793	-0.018    	0.754419
29 	45    	0.297647 	0.174152	-0.016    	0.811396
30 	45    	0.267907 	0.186364	-0.018    	0.811396
31 	49    	0.243928 	0.209397	-0.0171429	0.811396
32 	44    	0.264618 	0.214282	-0.0177778	0.811396
33 	45    	0.244825 	0.23848 	-0.02     	0.811396
34 	47    	0.238235 	0.196589	-0.0171429	0.811396
35 	45    	0.246955 	0.156324	-0.0174997	0.63008 
36 	47    	0.236076 	0.15028 	-0.02     	0.553538
37 	45    	0.244727 	0.154609	-0.0171429	0.547262
38 	43    	0.267931 	0.144394	-0.02     	0.547262
39 	49    	0.266593 	0.14953 	-0.0166666	0.616094
40 	46    	0.271514 	0.16297 	-0.0181819	0.616094
41 	49    	0.200258 	0.111977	-0.0175   	0.45073 
42 	46    	0.250872 	0.114072	-0.0175   	0.528583
43 	49    	0.235523 	0.121206	-0.02     	0.462041
44 	46    	0.241597 	0.107447	-0.018    	0.485807
45 	47    	0.254582 	0.139338	-0.02     	0.530631
46 	48    	0.24625  	0.136549	-0.0175   	0.550728
47 	45    	0.265065 	0.132629	-0.02     	0.550728
48 	48    	0.256804 	0.119935	-0.0200001	0.557528
49 	48    	0.254779 	0.140305	-0.0171429	0.557528
50 	47    	0.235303 	0.147007	-0.02     	0.693903
51 	47    	0.219849 	0.111549	-0.0171429	0.464892
52 	44    	0.252704 	0.102985	-0.02     	0.433207
53 	47    	0.228512 	0.146186	-0.02     	0.553441
54 	45    	0.251108 	0.146435	-0.0177778	0.571764
55 	49    	0.262582 	0.116311	-0.02     	0.576041
56 	47    	0.22925  	0.138528	-0.02     	0.576041
57 	48    	0.256126 	0.122917	-0.0166667	0.595119
58 	45    	0.248563 	0.160017	-0.0171428	0.595119
59 	46    	0.268793 	0.163045	-0.0166667	0.619463
60 	45    	0.296177 	0.156776	-0.02     	0.690725
61 	47    	0.279309 	0.163268	-0.02     	0.692531
62 	47    	0.28781  	0.137895	-0.02     	0.7028  
63 	45    	0.300099 	0.132742	-0.0171429	0.705972
64 	45    	0.264394 	0.17441 	-0.0171429	0.730832
65 	50    	0.22508  	0.139696	-0.02     	0.603978
66 	46    	0.27071  	0.16379 	-0.0177768	0.613318
67 	46    	0.235632 	0.185106	-0.0175   	0.614356
68 	45    	0.255508 	0.187833	-0.0177778	0.695964
69 	46    	0.288912 	0.201012	-0.0171429	0.706335
70 	49    	0.226213 	0.17528 	-0.02     	0.705944
71 	44    	0.214763 	0.179315	-0.0171428	0.702804
72 	48    	0.196885 	0.170493	-0.0175   	0.706666
73 	49    	0.170008 	0.167297	-0.02     	0.706666
74 	48    	0.173757 	0.153246	-0.02     	0.706666
75 	46    	0.243677 	0.17559 	-0.02     	0.706666
76 	44    	0.255543 	0.141575	-0.0171429	0.706666
77 	50    	0.200081 	0.102411	-0.0171429	0.498597
78 	43    	0.233587 	0.134597	-0.0171429	0.515986
79 	47    	0.20782  	0.16355 	-0.02     	0.56044 
80 	49    	0.170769 	0.154958	-0.02     	0.693234
81 	41    	0.227663 	0.166403	-0.0200001	0.693234
82 	47    	0.241021 	0.176297	-0.018    	0.693234
83 	48    	0.273056 	0.149042	-0.0175   	0.693461
84 	46    	0.240492 	0.133061	-0.02     	0.693461
85 	49    	0.229217 	0.0898038	-0.0171429	0.404607
86 	45    	0.286135 	0.129748 	-0.0160001	0.670884
87 	45    	0.274819 	0.112655 	0.0949991 	0.571711
88 	42    	0.283278 	0.129036 	-0.0133337	0.605402
89 	48    	0.273526 	0.138858 	-0.02     	0.533167
90 	47    	0.272276 	0.15193  	-0.02     	0.610655
91 	45    	0.275326 	0.168403 	-0.02     	0.614573
92 	48    	0.235667 	0.147089 	-0.02     	0.610233
93 	47    	0.226692 	0.156233 	-0.02     	0.695143
94 	47    	0.249908 	0.117139 	-0.02     	0.537368
95 	43    	0.268228 	0.177826 	-0.0175   	0.813708
96 	48    	0.228499 	0.19423  	-0.0181818	0.813708
97 	47    	0.206423 	0.170792 	-0.0171429	0.615987
98 	46    	0.274286 	0.159561 	-0.0171428	0.802666
99 	47    	0.209415 	0.185903 	-0.02     	0.706014
100	47    	0.237719 	0.181966 	-0.02     	0.706014
101	44    	0.245817 	0.207983 	-0.0175   	0.811247
102	48    	0.221362 	0.197361 	-0.0171429	0.805829
103	49    	0.23085  	0.172617 	-0.02     	0.624297
104	48    	0.249022 	0.117313 	-0.02     	0.49712 
105	46    	0.24816  	0.124665 	-0.0175   	0.49712 
106	47    	0.255274 	0.113237 	-0.0166667	0.49712 
107	48    	0.285932 	0.111996 	-0.02     	0.622313
108	46    	0.260083 	0.123194 	-0.02     	0.553396
109	47    	0.287325 	0.0999782	-0.016    	0.446288
110	47    	0.231975 	0.231173 	-1        	0.592154
111	48    	0.21991  	0.170865 	-0.02     	0.592154
112	47    	0.205151 	0.154267 	-0.02     	0.588405
113	47    	0.209277 	0.142167 	-0.02     	0.581238
114	47    	0.253349 	0.173876 	-0.0174999	0.648059
115	46    	0.250543 	0.151723 	-0.02     	0.592154
116	47    	0.227258 	0.167092 	-0.0166668	0.592154
117	47    	0.206626 	0.185695 	-0.02     	0.592154
118	47    	0.174087 	0.19418  	-0.0166667	0.706234
119	46    	0.214312 	0.172596 	-0.0177779	0.706234
120	47    	0.175739 	0.174421 	-0.0171416	0.704723
121	46    	0.190049 	0.149526 	-0.0175   	0.576093
122	45    	0.209004 	0.148827 	-0.0166667	0.515996
123	47    	0.196774 	0.151493 	-0.02     	0.515856
124	46    	0.186869 	0.167376 	-0.0171429	0.515856
125	47    	0.216907 	0.174484 	-0.02     	0.654313
126	47    	0.192349 	0.177468 	-0.0174999	0.654313
127	46    	0.206928 	0.152725 	-0.0177778	0.534583
128	47    	0.259184 	0.155839 	-0.0166667	0.692791
129	47    	0.245294 	0.142894 	-0.0175001	0.519715
130	45    	0.222983 	0.156461 	-0.0175   	0.519715
131	42    	0.234724 	0.159426 	-0.02     	0.519715
132	45    	0.27229  	0.148584 	-0.0177778	0.646312
133	46    	0.281861 	0.153409 	-0.0181818	0.581238
134	46    	0.278939 	0.132223 	-0.0228571	0.581238
135	48    	0.259664 	0.140164 	-0.02     	0.648899
136	46    	0.276155 	0.147128 	-0.02     	0.71718 
137	43    	0.304728 	0.176304 	-0.02     	0.71718 
138	48    	0.289158 	0.131377 	-0.0160001	0.71718 
139	45    	0.255109 	0.137155 	-0.0177778	0.557816
140	45    	0.287343 	0.117087 	0.0761215 	0.557816
141	47    	0.278767 	0.12309  	-0.0171428	0.532875
142	45    	0.288829 	0.125409 	-0.0166666	0.550185
143	47    	0.235739 	0.115208 	-0.0222222	0.532875
144	45    	0.234953 	0.123777 	-0.02     	0.504059
145	47    	0.247825 	0.103071 	-0.02     	0.487914
146	44    	0.262128 	0.118397 	-0.0166667	0.603845
147	44    	0.229045 	0.214449 	-1        	0.603845
148	44    	0.26939  	0.127308 	-0.0166667	0.603845
149	46    	0.275571 	0.156771 	-0.015    	0.623965
150	48    	0.245357 	0.119725 	-0.02     	0.603845
151	43    	0.289379 	0.141669 	-0.02     	0.603845
152	46    	0.268455 	0.131833 	-0.0171429	0.603845
153	44    	0.2788   	0.132815 	-0.0171429	0.603845
154	46    	0.293897 	0.111581 	0.110876  	0.605017
155	48    	0.221224 	0.126575 	-0.018    	0.552883
156	47    	0.25471  	0.0852859	0.0868551 	0.416839
157	50    	0.255451 	0.128477 	-0.02     	0.557542
158	44    	0.26284  	0.130665 	-0.015    	0.557542
159	46    	0.250649 	0.160383 	-0.02     	0.600452
160	47    	0.238406 	0.123905 	-0.0175   	0.600452
161	47    	0.253148 	0.139361 	-0.02     	0.601631
162	43    	0.254185 	0.178188 	-0.018    	0.601631
163	47    	0.288886 	0.197942 	-0.0177778	0.694721
164	46    	0.272246 	0.156314 	-0.0150002	0.689785
165	46    	0.239747 	0.170712 	-0.0199999	0.689785
166	47    	0.266126 	0.169192 	-0.02     	0.689785
167	47    	0.267659 	0.16624  	-0.02     	0.733223
168	46    	0.273553 	0.177791 	-0.0175   	0.733223
169	44    	0.270618 	0.196453 	-0.0175   	0.733223
170	46    	0.217868 	0.160915 	-0.02     	0.733223
171	47    	0.252973 	0.160253 	-0.02     	0.706012
172	48    	0.191939 	0.172115 	-0.024    	0.813756
173	44    	0.279122 	0.15299  	-0.0166667	0.813756
174	48    	0.214319 	0.136779 	-0.0166667	0.689247
175	47    	0.248287 	0.165154 	-0.02     	0.811396
176	44    	0.234718 	0.219171 	-0.0177778	0.813756
177	43    	0.242858 	0.232562 	-0.0171428	0.813756
178	44    	0.243154 	0.22973  	-0.02     	0.813756
179	45    	0.215159 	0.236707 	-0.02     	0.813756
180	45    	0.233074 	0.19455  	-0.0171428	0.813708
181	46    	0.240115 	0.223108 	-0.0166667	0.813708
182	46    	0.231846 	0.199263 	-0.02     	0.813708
183	49    	0.139932 	0.137457 	-0.02     	0.421043
184	40    	0.211009 	0.140646 	-0.02     	0.421043
185	46    	0.176159 	0.14278  	-0.02     	0.452255
186	44    	0.19277  	0.13926  	-0.0175   	0.514351
187	44    	0.225552 	0.16719  	-0.0177778	0.583187
188	44    	0.226851 	0.184924 	-0.02     	0.596788
189	46    	0.235281 	0.152319 	-0.0171428	0.690496
190	50    	0.194979 	0.122037 	-0.0199999	0.424972
191	48    	0.199083 	0.11241  	-0.0171429	0.424972
192	42    	0.21864  	0.128253 	-0.0175   	0.505999
193	44    	0.244123 	0.150528 	-0.0200001	0.59936 
194	47    	0.232548 	0.125655 	-0.0171428	0.519731
195	45    	0.221506 	0.176542 	-0.02     	0.627431
196	45    	0.24878  	0.182096 	-0.0171428	0.79999 
197	46    	0.255543 	0.143511 	-0.0166667	0.581368
198	48    	0.240367 	0.146103 	-0.016    	0.582913
199	45    	0.175081 	0.154259 	-0.0228571	0.581321
200	46    	0.172217 	0.143376 	-0.0177778	0.519731
201	44    	0.234867 	0.136173 	-0.0166666	0.558518
202	48    	0.236944 	0.136736 	-0.0175   	0.519731
203	47    	0.250086 	0.141301 	-0.018    	0.497381
204	46    	0.257877 	0.176756 	-0.02     	0.726645
205	42    	0.251313 	0.171904 	-0.0171429	0.576475
206	48    	0.245764 	0.145326 	-0.02     	0.487609
207	48    	0.241362 	0.140886 	-0.02     	0.497997
208	48    	0.288446 	0.123911 	-0.02     	0.498794
209	48    	0.245663 	0.121709 	-0.0166666	0.603445
210	49    	0.21197  	0.114385 	-0.02     	0.415861
211	49    	0.263182 	0.096254 	-0.016    	0.487863
212	49    	0.281355 	0.0997792	-0.015    	0.487863
213	46    	0.279931 	0.210463 	-1        	0.529278
214	47    	0.30675  	0.0896534	0.147628  	0.524164
215	46    	0.309869 	0.0907922	0.129126  	0.510496
216	45    	0.271434 	0.204629 	-1        	0.510496
217	49    	0.29166  	0.108397 	-0.0133333	0.576415
218	41    	0.345456 	0.115218 	-0.016    	0.576415
219	46    	0.285164 	0.100216 	-0.0133333	0.469674
220	47    	0.253803 	0.270772 	-1        	0.520648
221	42    	0.272721 	0.270636 	-1        	0.520648
222	44    	0.181676 	0.403532 	-1        	0.520648
223	45    	0.184546 	0.405601 	-1        	0.503459
224	46    	0.279028 	0.279938 	-1        	0.602218
225	43    	0.327333 	0.102458 	0.147948  	0.602218
226	46    	0.334916 	0.100969 	0.153631  	0.602218
227	46    	0.187677 	0.409515 	-1        	0.602218
228	45    	0.328077 	0.119861 	0.0860416 	0.602218
229	49    	0.18539  	0.404133 	-1        	0.602218
230	46    	0.317054 	0.0949565	0.130186  	0.61606 
231	46    	0.318482 	0.100848 	0.0957648 	0.508022
232	49    	0.2651   	0.202294 	-1        	0.511808
233	47    	0.179357 	0.403854 	-1        	0.702439
234	41    	0.159422 	0.484697 	-1        	0.702439
235	48    	0.140334 	0.508079 	-1        	0.702439
236	46    	0.281932 	0.306357 	-1        	0.812977
237	47    	0.156346 	0.4648   	-1        	0.812977
238	44    	0.187677 	0.424084 	-1        	0.702439
239	47    	0.181529 	0.451127 	-1        	0.702439
240	46    	0.122354 	0.501054 	-1        	0.702439
241	49    	0.19853  	0.410165 	-1        	0.702439
242	48    	0.224071 	0.371989 	-1        	0.702439
243	47    	0.18706  	0.408325 	-1        	0.702439
244	45    	0.0812378	0.515879 	-1        	0.702439
245	49    	0.11903  	0.46026  	-1        	0.487021
246	47    	0.275368 	0.269866 	-1        	0.490888
247	47    	0.275334 	0.274123 	-1        	0.543428
248	44    	0.198465 	0.412603 	-1        	0.543428
249	48    	0.258383 	0.271355 	-1        	0.543428
250	48    	0.294613 	0.203796 	-1        	0.498478
251	46    	0.256254 	0.327203 	-1        	0.538619
252	44    	0.172153 	0.402553 	-1        	0.538411
253	41    	0.279664 	0.340945 	-1        	0.663706
254	46    	0.210697 	0.414841 	-1        	0.538411
255	49    	0.100426 	0.488834 	-1        	0.538411
256	45    	0.267396 	0.336321 	-1        	0.567476
257	48    	0.185554 	0.367691 	-1        	0.593798
258	47    	0.235499 	0.319549 	-1        	0.42887 
259	44    	0.118366 	0.494589 	-1        	0.490028
260	46    	-0.0667258	0.614733 	-1        	0.47986 
261	45    	-0.0209904	0.584105 	-1        	0.47986 
262	47    	-0.011279 	0.560436 	-1        	0.482564
263	42    	0.162702  	0.438036 	-1        	0.482564
264	46    	0.14863   	0.469439 	-1        	0.513761
265	43    	0.187408  	0.407092 	-1        	0.624502
266	44    	0.267074  	0.33602  	-1        	0.628967
267	46    	0.127195  	0.500464 	-1        	0.628967
268	47    	0.185375  	0.408086 	-1        	0.595066
269	46    	0.223027  	0.373148 	-1        	0.595066
270	44    	0.151679  	0.442637 	-1        	0.649614
271	48    	0.204818  	0.412784 	-1        	0.649614
272	44    	0.238536  	0.382163 	-1        	0.649614
273	50    	0.221486  	0.36627  	-1        	0.527814
274	45    	0.0990059 	0.48789  	-1        	0.524125
275	47    	0.141949  	0.465516 	-1        	0.481956
276	48    	0.0240949 	0.550143 	-1        	0.506645
277	47    	0.222857  	0.368031 	-1        	0.530954
278	44    	0.160718  	0.438182 	-1        	0.494888
279	47    	0.197018  	0.411616 	-1        	0.572043
280	44    	0.275639  	0.272842 	-1        	0.494888
281	48    	0.221152  	0.367578 	-1        	0.498383
282	45    	0.0719827 	0.510683 	-1        	0.498383
283	47    	0.184696  	0.402797 	-1        	0.500868
284	46    	0.218906  	0.366805 	-1        	0.500868
285	44    	0.23854   	0.371934 	-1        	0.500868
286	49    	0.22378   	0.319919 	-1        	0.523403
287	47    	0.170899  	0.439183 	-1        	0.523403
288	43    	0.149821  	0.471177 	-1        	0.523403
289	46    	0.109225  	0.49119  	-1        	0.523403
290	49    	0.0589317 	0.534619 	-1        	0.523403
291	41    	0.247987  	0.328899 	-1        	0.523403
292	48    	0.17193   	0.43737  	-1        	0.523403
293	47    	0.0996843 	0.487743 	-1        	0.523403
294	43    	0.190607  	0.40754  	-1        	0.518726
295	44    	0.252371  	0.383918 	-1        	0.83096 
296	44    	0.289411  	0.213232 	-1        	0.604244
297	49    	0.208662  	0.270955 	-1        	0.506375
298	41    	0.27541   	0.200476 	-1        	0.506375
299	45    	0.240375  	0.269681 	-1        	0.471055
300	42    	0.271304  	0.274794 	-1        	0.482146
301	48    	0.231861  	0.321438 	-1        	0.504198
302	47    	0.246583  	0.32381  	-1        	0.501731
303	46    	0.310991  	0.222184 	-1        	0.54593 
304	46    	0.296431  	0.14637  	-0.02     	0.70328 
305	44    	0.280235  	0.170526 	-0.0200001	0.70328 
306	44    	0.32545   	0.195006 	-0.0171428	0.706285
307	45    	0.257894  	0.215479 	-0.0166667	0.70633 
308	47    	0.223163  	0.176748 	-0.02     	0.70633 
309	47    	0.207983  	0.191112 	-0.02     	0.721858
310	47    	0.27123   	0.183793 	-0.0171429	0.70633 
311	45    	0.270544  	0.189474 	-0.016    	0.70633 
312	46    	0.219908  	0.180168 	-0.02     	0.70633 
313	44    	0.228517  	0.194449 	-0.0171429	0.70633 
314	47    	0.231324  	0.187249 	-0.02     	0.719989
315	46    	0.27907   	0.153608 	-0.0166666	0.719989
316	49    	0.208156  	0.149676 	-0.02     	0.706419
317	48    	0.195699  	0.131022 	-0.0166667	0.515662
318	47    	0.2417    	0.140385 	-0.0181818	0.523354
319	49    	0.230337  	0.131458 	-0.0166667	0.475911
320	47    	0.267211  	0.130565 	-0.02     	0.540282
321	47    	0.268046  	0.126177 	-0.016    	0.494619
322	47    	0.263018  	0.138912 	-0.0175001	0.592682
323	47    	0.233396  	0.112097 	-0.0177778	0.592682
324	47    	0.272578  	0.125247 	-0.02     	0.641085
325	48    	0.3084    	0.174001 	-0.0177778	0.704779
326	46    	0.256945  	0.177874 	-0.0177778	0.813756
327	46    	0.266989  	0.175448 	-0.0175001	0.704779
328	46    	0.300422  	0.159871 	-0.0200001	0.676485
329	48    	0.253091  	0.123892 	-0.0133334	0.591819
330	49    	0.22991   	0.129638 	-0.02     	0.726699
331	44    	0.280954  	0.137783 	-0.02     	0.726699
332	47    	0.264456  	0.115819 	-0.0177778	0.576491
333	48    	0.285988  	0.110057 	0.0850012 	0.576679
334	50    	0.246606  	0.109775 	-0.0177777	0.499477
335	46    	0.257575  	0.129221 	-0.02     	0.58002 
336	48    	0.288739  	0.143681 	-0.016    	0.649782
337	45    	0.257872  	0.158622 	-0.0171429	0.649782
338	43    	0.322296  	0.17325  	-0.0174999	0.650506
339	49    	0.219483  	0.169656 	-0.02     	0.650506
340	46    	0.250999  	0.144881 	-0.0171429	0.785238
341	46    	0.26701   	0.154393 	-0.02     	0.650506
342	46    	0.282284  	0.157737 	-0.0171429	0.727754
343	43    	0.263106  	0.153718 	-0.02     	0.727754
344	45    	0.309978  	0.172774 	-0.02     	0.727754
345	48    	0.25624   	0.14576  	-0.0177778	0.730699
346	43    	0.301344  	0.153974 	-0.0175   	0.730699
347	47    	0.287862  	0.192104 	-0.02     	0.827242
348	44    	0.300052  	0.197733 	-0.02     	0.827242
349	46    	0.302632  	0.194911 	-0.0180001	0.827242
350	47    	0.27409   	0.187384 	-0.0175001	0.732974
351	47    	0.262806  	0.173005 	-0.0166639	0.732974
352	48    	0.22929   	0.164402 	-0.0175   	0.701963
353	44    	0.237324  	0.203021 	-0.02     	0.819403
354	42    	0.293009  	0.254596 	-0.02     	0.819403
355	45    	0.29883   	0.244213 	-0.02     	0.819403
356	45    	0.249079  	0.237824 	-0.0171429	0.819403
357	47    	0.260884  	0.227411 	-0.0177778	0.819403
358	46    	0.231668  	0.222318 	-0.02     	0.812977
359	44    	0.214283  	0.271109 	-0.0177778	0.812977
360	46    	0.220971  	0.230738 	-0.02     	0.812977
361	48    	0.172804  	0.174501 	-0.02     	0.812977
362	47    	0.252694  	0.175629 	-0.0171429	0.812977
363	47    	0.186503  	0.151482 	-0.02     	0.634969
364	50    	0.237922  	0.145684 	-0.0166667	0.540878
365	46    	0.221685  	0.197804 	-0.02     	0.812977
366	48    	0.226897  	0.1884   	-0.02     	0.812977
367	45    	0.246374  	0.158038 	-0.0160001	0.673951
368	48    	0.27776   	0.135914 	-0.0175   	0.673951
369	48    	0.268901  	0.147566 	-0.02     	0.693928
370	43    	0.29339   	0.167367 	-0.02     	0.693928
371	44    	0.290858  	0.159466 	0.075598  	0.693928
372	46    	0.288358  	0.174111 	-0.02     	0.693928
373	46    	0.270406  	0.126615 	-0.00671136	0.693928
374	46    	0.260115  	0.152751 	-0.02      	0.673951
375	45    	0.281905  	0.158456 	-0.0150001 	0.682205
376	49    	0.242304  	0.162987 	-0.02      	0.674179
377	45    	0.274541  	0.140895 	-0.02      	0.674179
378	46    	0.252683  	0.148134 	-0.02      	0.575518
379	48    	0.22587   	0.132373 	-0.02      	0.523362
380	47    	0.21625   	0.13222  	-0.02      	0.523362
381	44    	0.261242  	0.117509 	-0.0159999 	0.523362
382	41    	0.253076  	0.152702 	-0.02      	0.523362
383	48    	0.257169  	0.126159 	-0.0177778 	0.551795
384	49    	0.234592  	0.110396 	-0.0166666 	0.499332
385	45    	0.266809  	0.102292 	-0.02      	0.499332
386	44    	0.284668  	0.0939155	0.0884099  	0.460795
387	45    	0.259646  	0.115018 	-0.02      	0.472482
388	42    	0.27853   	0.110319 	0.0614657  	0.581157
389	45    	0.253136  	0.152162 	-0.02      	0.581157
390	45    	0.255491  	0.142457 	-0.0171428 	0.581157
391	46    	0.27154   	0.111279 	-0.0175    	0.582693
392	46    	0.27061   	0.116668 	-0.0200001 	0.581141
393	46    	0.297527  	0.129608 	-0.0166667 	0.581141
394	44    	0.298553  	0.148331 	-0.016     	0.583189
395	44    	0.253147  	0.195635 	-0.02      	0.70356 
396	47    	0.228606  	0.178279 	-0.02      	0.70356 
397	43    	0.249743  	0.19512  	-0.0199999 	0.70356 
398	43    	0.309728  	0.189847 	-0.0171429 	0.70356 
399	45    	0.284447  	0.202539 	-0.0175    	0.830908
400	45    	0.241861  	0.205585 	-0.0175    	0.830908
401	47    	0.245198  	0.202089 	-0.0171429 	0.830908
402	48    	0.24722   	0.206161 	-0.02      	0.830908
403	45    	0.287038  	0.198213 	-0.02      	0.830908
404	43    	0.294465  	0.187577 	-0.02      	0.830908
405	43    	0.298593  	0.167454 	-0.0166667 	0.830908
406	48    	0.191202  	0.134307 	-0.0166667 	0.613152
407	45    	0.240598  	0.12665  	-0.02      	0.507095
408	44    	0.255822  	0.13623  	-0.016     	0.515996
409	49    	0.214946  	0.163007 	-0.02      	0.581205
410	45    	0.185402  	0.172694 	-0.0171429 	0.64614 
411	48    	0.187353  	0.170112 	-0.0166667 	0.673613
412	48    	0.210061  	0.138787 	-0.0171429 	0.452549
413	46    	0.231613  	0.144513 	-0.0199999 	0.5421  
414	41    	0.255255  	0.17707  	-0.02      	0.578995
415	43    	0.271175  	0.171108 	-0.0200001 	0.578995
416	43    	0.251893  	0.162817 	-0.0177778 	0.578995
417	42    	0.27274   	0.195164 	-0.02      	0.582913
418	40    	0.294911  	0.193924 	-0.02      	0.582913
419	43    	0.285513  	0.188139 	-0.02      	0.612648
420	47    	0.249745  	0.170812 	-0.0175    	0.612648
421	50    	0.237646  	0.117475 	-0.02      	0.614494
422	47    	0.235822  	0.122584 	-0.0199999 	0.616937
423	43    	0.226692  	0.138987 	-0.0166667 	0.616937
424	50    	0.248838  	0.153934 	-0.0175    	0.555062
425	47    	0.242606  	0.152867 	-0.02      	0.562647
426	44    	0.255884  	0.134346 	-0.0171429 	0.599738
427	49    	0.242599  	0.138197 	-0.0183334 	0.599738
428	43    	0.266505  	0.156934 	-0.02      	0.585677
429	46    	0.266625  	0.175606 	-0.02      	0.613194
430	49    	0.216416  	0.14063  	-0.0175    	0.56181 
431	45    	0.197543  	0.132729 	-0.0199999 	0.559616
432	48    	0.199015  	0.144308 	-0.0171429 	0.808747
433	47    	0.21805   	0.190033 	-0.02      	0.808747
434	43    	0.274929  	0.204035 	-0.0160002 	0.808747
435	38    	0.308582  	0.232583 	-0.0175    	0.808747
436	47    	0.294507  	0.207851 	-0.0175    	0.808747
437	46    	0.236035  	0.201187 	-0.02      	0.808747
438	44    	0.257517  	0.185483 	-0.0171429 	0.808747
439	49    	0.282988  	0.190823 	-0.0177779 	0.789847
440	42    	0.265723  	0.198306 	-0.02      	0.789847
441	44    	0.261067  	0.211426 	-0.02      	0.789847
442	49    	0.232655  	0.134349 	-0.0166667 	0.496852
443	48    	0.226429  	0.163491 	-0.0200001 	0.574006
444	47    	0.276032  	0.169821 	-0.0166667 	0.706014
445	47    	0.301523  	0.207744 	-0.02      	0.811247
446	47    	0.247821  	0.207828 	-0.02      	0.705104
447	49    	0.225986  	0.1979   	-0.02      	0.702687
448	48    	0.212522  	0.178211 	-0.0175    	0.812825
449	47    	0.216283  	0.177727 	-0.02      	0.812825
450	48    	0.197699  	0.178421 	-0.02      	0.812825
451	42    	0.21944   	0.137974 	-0.02      	0.557703
452	44    	0.2161    	0.155484 	-0.02      	0.557703
453	47    	0.225305  	0.154961 	-0.02      	0.557703
454	48    	0.223523  	0.156376 	-0.02      	0.706014
455	47    	0.22862   	0.134219 	-0.0166667 	0.516322
456	45    	0.247168  	0.136969 	-0.02      	0.516322
457	44    	0.25435   	0.1485   	-0.0166667 	0.516322
458	47    	0.20232   	0.153665 	-0.02      	0.516322
459	49    	0.234821  	0.151385 	-0.02      	0.573555
460	44    	0.256349  	0.152187 	-0.0199999 	0.516322
461	44    	0.281852  	0.164928 	-0.02      	0.603742
462	45    	0.252885  	0.162962 	-0.02      	0.603742
463	49    	0.260118  	0.140861 	-0.0159976 	0.647335
464	49    	0.268139  	0.131809 	-0.02      	0.634001
465	46    	0.258718  	0.147973 	-0.0150002 	0.574249
466	47    	0.291991  	0.135481 	-0.0133333 	0.612743
467	45    	0.29546   	0.166085 	-0.0183333 	0.616069
468	47    	0.270365  	0.13788  	-0.0166667 	0.612743
469	44    	0.28877   	0.158623 	-0.015     	0.612743
470	47    	0.284852  	0.138103 	-0.0177779 	0.612743
471	48    	0.289324  	0.144236 	-0.0150001 	0.618644
472	45    	0.281693  	0.154953 	-0.02      	0.618644
473	47    	0.265334  	0.109986 	-0.0175    	0.618644
474	47    	0.253176  	0.117217 	-0.0181818 	0.618644
475	46    	0.261953  	0.129028 	-0.02      	0.618644
476	46    	0.23472   	0.119408 	-0.02      	0.618644
477	50    	0.240129  	0.111453 	-0.0225    	0.734822
478	48    	0.270807  	0.11506  	-0.015     	0.734822
479	41    	0.306921  	0.126679 	0.0618375  	0.734822
480	50    	0.270648  	0.130221 	-0.02      	0.734822
481	46    	0.27692   	0.0969408	0.0660365  	0.467583
482	42    	0.310624  	0.0827467	0.0964804  	0.453788
483	43    	0.298566  	0.0940575	-0.0171427 	0.526908
484	44    	0.305727  	0.149408 	-0.02      	0.674442
485	47    	0.264487  	0.138235 	-0.02      	0.719553
486	46    	0.312098  	0.157999 	-0.0181818 	0.719553
487	47    	0.273419  	0.129571 	0.0834389  	0.719553
488	47    	0.294328  	0.131778 	0.0888958  	0.7281  
489	48    	0.290144  	0.102466 	-0.016     	0.52507 
490	46    	0.310232  	0.13334  	0.0794652  	0.730189
491	48    	0.275113  	0.138793 	-0.02      	0.691031
492	48    	0.285515  	0.143061 	-0.02      	0.691031
493	46    	0.275801  	0.155236 	-0.02      	0.648009
494	46    	0.294143  	0.184985 	-0.0233333 	0.648009
495	48    	0.206859  	0.159092 	-0.02      	0.606525
496	47    	0.21964   	0.163591 	-0.02      	0.576041
497	46    	0.234268  	0.162951 	-0.0171429 	0.605736
498	44    	0.248375  	0.174313 	-0.02      	0.605736
499	47    	0.248424  	0.134397 	-0.0171429 	0.539086
500	46    	0.21374   	0.14632  	-0.0200002 	0.556413
501	48    	0.208581  	0.134517 	-0.02      	0.557893
502	46    	0.232566  	0.174082 	-0.0166667 	0.703946
503	47    	0.197981  	0.151583 	-0.02      	0.557133
504	48    	0.215995  	0.13269  	-0.02      	0.557875
505	45    	0.213906  	0.158329 	-0.0175    	0.703852
506	46    	0.229976  	0.177673 	-0.02      	0.703852
507	42    	0.280399  	0.186441 	-0.016     	0.812308
508	43    	0.267873  	0.234097 	-0.018     	0.812308
509	46    	0.24354   	0.230595 	-0.0166666 	0.812308
510	45    	0.22118   	0.230735 	-0.0166666 	0.812308
511	48    	0.151836  	0.182023 	-0.02      	0.812308
512	45    	0.231858  	0.209209 	-0.02      	0.812308
513	47    	0.184839  	0.171272 	-0.02      	0.705837
514	48    	0.212987  	0.176307 	-0.0171429 	0.721428
515	48    	0.205431  	0.166443 	-0.02      	0.705857
516	47    	0.26733   	0.166242 	-0.016     	0.706014
517	45    	0.267494  	0.212598 	-0.02      	0.812083
518	46    	0.199896  	0.230047 	-0.02      	0.812308
519	48    	0.222682  	0.207664 	-0.0166667 	0.812308
520	47    	0.18089   	0.209969 	-0.02      	0.812825
521	46    	0.231676  	0.230647 	-0.02      	0.812825
522	48    	0.201658  	0.195036 	-0.0171429 	0.706014
523	46    	0.215582  	0.199368 	-0.02      	0.706014
524	47    	0.246867  	0.189371 	-0.02      	0.706014
525	47    	0.216974  	0.188577 	-0.02      	0.703659
526	44    	0.252875  	0.207403 	-0.02      	0.705857
527	47    	0.209241  	0.190383 	-0.0171429 	0.703659
528	46    	0.208041  	0.181644 	-0.0175    	0.705828
529	48    	0.190938  	0.163373 	-0.0171429 	0.705828
530	47    	0.226489  	0.201048 	-0.02      	0.702025
531	45    	0.229396  	0.171751 	-0.0171428 	0.574143
532	46    	0.236408  	0.185355 	-0.0171428 	0.603771
533	48    	0.251631  	0.196795 	-0.0166667 	0.813708
534	47    	0.226769  	0.163244 	-0.0166667 	0.813708
535	45    	0.248411  	0.164077 	-0.02      	0.540102
536	43    	0.233977  	0.16748  	-0.0177777 	0.540102
537	44    	0.234668  	0.178214 	-0.02      	0.61717 
538	47    	0.246935  	0.169365 	-0.0166667 	0.689533
539	45    	0.215671  	0.178807 	-0.02      	0.706014
540	47    	0.247217  	0.146042 	-0.0200001 	0.61717 
541	47    	0.187301  	0.148375 	-0.0200001 	0.706288
542	44    	0.275175  	0.170163 	-0.02      	0.706288
543	46    	0.245182  	0.157803 	-0.0166667 	0.706288
544	45    	0.236948  	0.147422 	-0.0171429 	0.706288
545	46    	0.223428  	0.158277 	-0.02      	0.732214
546	39    	0.279342  	0.196243 	-0.0175    	0.732214
547	47    	0.278471  	0.168477 	-0.0171428 	0.732661
548	46    	0.270481  	0.16374  	-0.02      	0.573876
549	46    	0.271562  	0.161789 	-0.0199999 	0.560699
550	46    	0.246868  	0.140442 	-0.02      	0.560699
551	48    	0.24422   	0.161629 	-0.02      	0.616902
552	46    	0.221668  	0.156089 	-0.02      	0.615586
553	45    	0.25029   	0.156682 	-0.02      	0.615586
554	46    	0.283482  	0.13027  	-0.0171429 	0.539338
555	49    	0.24004   	0.112034 	-0.0166667 	0.539338
556	50    	0.238237  	0.101252 	-0.0177778 	0.49422 
557	50    	0.244047  	0.122448 	-0.0175    	0.556886
558	47    	0.271479  	0.112204 	-0.0175    	0.483333
559	47    	0.30244   	0.0970891	0.115763   	0.498436
560	43    	0.205941  	0.374463 	-1         	0.498436
561	46    	-0.098605 	0.600744 	-1         	0.517817
562	48    	0.215057  	0.322618 	-1         	0.493572
563	46    	0.253943  	0.127063 	-0.0177778 	0.518374
564	44    	0.278652  	0.123137 	-0.02      	0.518374
565	47    	0.258582  	0.12958  	-0.00671136	0.554071
566	47    	0.303073  	0.117975 	0.063834   	0.606648
567	43    	0.28369   	0.152105 	-0.0181819 	0.606648
568	45    	0.287272  	0.164722 	-0.02      	0.606648
569	45    	0.282987  	0.137252 	-0.0177778 	0.606648
570	47    	0.245385  	0.129524 	-0.016     	0.606648
571	46    	0.27425   	0.123864 	-0.0171429 	0.606648
572	45    	0.275051  	0.133431 	-0.0166667 	0.606648
573	47    	0.268801  	0.132952 	-0.0175    	0.589288
574	44    	0.321986  	0.123027 	-0.02      	0.596452
575	44    	0.317464  	0.117038 	0.11178    	0.596452
576	49    	0.269878  	0.105957 	-0.016     	0.589288
577	41    	0.297715  	0.12014  	-0.0171429 	0.589288
578	45    	0.287621  	0.102897 	0.0940561  	0.507588
579	45    	0.306894  	0.106715 	0.0672782  	0.526712
580	48    	0.306939  	0.122999 	-0.0160001 	0.635843
581	45    	0.303557  	0.123669 	-0.02      	0.635843
582	44    	0.314831  	0.139579 	-0.02      	0.635843
583	44    	0.316607  	0.109724 	0.0860864  	0.635843
584	46    	0.268291  	0.283108 	-1         	0.635843
585	44    	0.296693  	0.144734 	-0.02      	0.635843
586	45    	0.335987  	0.14011  	-0.02      	0.693286
587	45    	0.279844  	0.241733 	-1         	0.693286
588	45    	0.265992  	0.134042 	-0.0166666 	0.693286
589	47    	0.290729  	0.128955 	-0.0166666 	0.693286
590	48    	0.274534  	0.138562 	-0.02      	0.685431
591	49    	0.273686  	0.146175 	-0.015     	0.685431
592	47    	0.267898  	0.159561 	-0.0177778 	0.685431
593	47    	0.23837   	0.149378 	-0.02      	0.685431
594	44    	0.321921  	0.144166 	0.0666488  	0.685431
595	48    	0.274818  	0.156899 	-0.0160001 	0.689828
596	45    	0.302466  	0.161656 	-0.0171429 	0.689828
597	47    	0.310586  	0.133414 	-0.01      	0.639057
598	48    	0.268782  	0.116174 	-0.0181819 	0.580625
599	46    	0.243125  	0.169212 	-0.0199999 	0.606836
600	46    	0.248052  	0.164159 	-0.0199999 	0.693747
601	48    	0.275617  	0.144989 	-0.0181818 	0.693747
602	50    	0.239833  	0.109507 	-0.02      	0.582031
603	48    	0.243212  	0.135028 	-0.0175    	0.645026
604	43    	0.259757  	0.161335 	-0.0233333 	0.531684
605	48    	0.234263  	0.171861 	-0.0177778 	0.712806
606	45    	0.283653  	0.165246 	-0.018     	0.712806
607	47    	0.236227  	0.152862 	-0.018     	0.631926
608	48    	0.236908  	0.111748 	-0.02      	0.582647
609	45    	0.250182  	0.132643 	-0.0175    	0.582647
610	44    	0.26457   	0.221236 	-1         	0.582647
611	45    	0.302892  	0.118195 	0.0876814  	0.582647
612	45    	0.27657   	0.138822 	-0.0171429 	0.582647
613	46    	0.276803  	0.089885 	0.0957084  	0.498133
614	44    	0.315619  	0.111125 	0.0725811  	0.702298
615	47    	0.285788  	0.120884 	-0.015     	0.702298
616	48    	0.279564  	0.0833809	0.139636   	0.446988
617	43    	0.292167  	0.0969206	0.0757895  	0.469254
618	48    	0.261513  	0.0978778	-0.0183333 	0.501912
619	43    	0.181127  	0.364662 	-1         	0.501912
620	48    	0.284878  	0.0945945	-0.0175    	0.525265
621	48    	0.306992  	0.0894811	0.135387   	0.565593
622	45    	0.282237  	0.116098 	0.0561986  	0.565593
623	48    	0.284762  	0.0840618	0.0682505  	0.526981
624	47    	0.281077  	0.100774 	0.0760199  	0.593969
625	45    	0.288645  	0.10838  	-0.02      	0.4768  
626	44    	0.2707    	0.216672 	-1         	0.521236
627	48    	0.303482  	0.0924025	0.126472   	0.521236
628	46    	0.294347  	0.103722 	-0.0171429 	0.521236
629	45    	0.294743  	0.203238 	-1         	0.525227
630	48    	0.215796  	0.318259 	-1         	0.525227
631	50    	0.272883  	0.203524 	-1         	0.482991
632	47    	0.211433  	0.363614 	-1         	0.482991
633	48    	0.19996   	0.362277 	-1         	0.477326
634	48    	0.213465  	0.317956 	-1         	0.482737
635	45    	0.254079  	0.267337 	-1         	0.482737
636	45    	0.283253  	0.274089 	-1         	0.510649
637	48    	0.236251  	0.273292 	-1         	0.464076
638	44    	0.181887  	0.408061 	-1         	0.56749 
639	49    	0.155236  	0.441716 	-1         	0.601187
640	44    	0.306239  	0.123352 	-0.016     	0.601187
641	43    	0.320436  	0.125092 	0.0720105  	0.601187
642	47    	0.295882  	0.116325 	-0.0166643 	0.58665 
643	47    	0.329307  	0.108078 	0.142018   	0.62191 
644	44    	0.304927  	0.122439 	0.0928944  	0.62191 
645	45    	0.296382  	0.223669 	-1         	0.62191 
646	43    	0.295905  	0.137516 	0.0493948  	0.62191 
647	41    	0.344096  	0.116703 	0.15123    	0.62191 
648	47    	0.283816  	0.220603 	-1         	0.62191 
649	40    	0.337719  	0.146412 	-0.0133334 	0.646645
650	43    	0.328707  	0.145826 	0.0819302  	0.646645
651	44    	0.312591  	0.229882 	-1         	0.646645
652	47    	0.319848  	0.114203 	0.141159   	0.646645
653	46    	0.294132  	0.220511 	-1         	0.597014
654	43    	0.302242  	0.218965 	-1         	0.597014
655	44    	0.321062  	0.10013  	0.118721   	0.538176
656	46    	0.342482  	0.0968973	0.123216   	0.595992
657	47    	0.304276  	0.101754 	0.134273   	0.595992
658	48    	0.308135  	0.0918659	0.16671    	0.595308
659	45    	0.338269  	0.126754 	0.0421378  	0.601639
660	47    	0.327063  	0.0898736	0.111943   	0.568554
661	45    	0.287376  	0.20704  	-1         	0.563663
662	45    	0.309481  	0.113335 	-0.015     	0.563663
663	46    	0.283832  	0.117499 	-0.02      	0.563663
664	48    	0.299008  	0.109135 	0.0981169  	0.514774
665	48    	0.296849  	0.108089 	0.0927236  	0.655856
666	46    	0.271233  	0.219864 	-1         	0.517269
667	47    	0.275667  	0.0989195	0.0731635  	0.494623
668	49    	0.272151  	0.0976216	0.0766662  	0.500961
669	45    	0.275164  	0.205652 	-1         	0.500961
670	46    	0.312588  	0.0944581	0.113804   	0.500961
671	44    	0.242337  	0.268664 	-1         	0.500961
672	48    	0.264992  	0.205017 	-1         	0.489824
673	44    	0.271452  	0.204696 	-1         	0.589703
674	47    	0.259795  	0.273604 	-1         	0.481083
675	44    	0.238003  	0.323654 	-1         	0.481083
676	46    	0.261749  	0.196997 	-1         	0.473443
677	46    	0.242913  	0.26237  	-1         	0.441087
678	47    	0.272527  	0.199722 	-1         	0.533217
679	48    	0.241264  	0.268228 	-1         	0.505803
680	48    	0.301312  	0.0866049	0.0933504  	0.474148
681	48    	0.213762  	0.316153 	-1         	0.469078
682	47    	0.280324  	0.0830434	0.114784   	0.469078
683	45    	0.293658  	0.0867979	0.104478   	0.469078
684	46    	0.227071  	0.260778 	-1         	0.469078
685	44    	0.312041  	0.100122 	0.0812514  	0.586007
686	49    	0.310728  	0.110192 	-0.0166667 	0.502826
687	42    	0.3301    	0.0972015	0.108657   	0.502826
688	48    	0.284355  	0.0858157	0.103408   	0.48575 
689	46    	0.282385  	0.204562 	-1         	0.48575 
690	46    	0.312502  	0.0828654	0.148856   	0.48575 
691	45    	0.233062  	0.326653 	-1         	0.54438 
692	45    	0.303247  	0.205977 	-1         	0.54438 
693	49    	0.25169   	0.268249 	-1         	0.518936
694	47    	0.225153  	0.320837 	-1         	0.540955
695	48    	0.295623  	0.0816575	0.0906922  	0.483339
696	43    	0.278546  	0.207546 	-1         	0.483339
697	45    	0.244136  	0.327721 	-1         	0.483339
698	46    	0.187349  	0.357683 	-1         	0.43902 
699	45    	0.167246  	0.397163 	-1         	0.43902 
700	46    	0.17598   	0.440712 	-1         	0.452178
701	47    	0.125036  	0.461593 	-1         	0.484945
702	45    	0.155009  	0.434531 	-1         	0.484945
703	46    	0.164362  	0.360821 	-1         	0.484945
704	47    	0.209752  	0.319683 	-1         	0.484945
705	47    	0.228716  	0.267927 	-1         	0.524881
706	45    	0.268304  	0.210459 	-1         	0.524881
707	45    	0.225143  	0.325642 	-1         	0.524881
708	44    	0.28989   	0.208785 	-1         	0.524881
709	47    	0.271695  	0.204691 	-1         	0.502602
710	45    	0.306541  	0.0889514	0.159386   	0.527158
711	46    	0.261268  	0.278986 	-1         	0.582099
712	47    	0.250046  	0.207021 	-1         	0.582099
713	47    	0.31007   	0.100163 	-0.0150001 	0.536053
714	49    	0.289506  	0.103943 	0.0388353  	0.582386
715	45    	0.186118  	0.364428 	-1         	0.582386
716	47    	0.223629  	0.323366 	-1         	0.582386
717	41    	0.200012  	0.370817 	-1         	0.544032
718	47    	0.255138  	0.27694  	-1         	0.592295
719	48    	0.284276  	0.115046 	-0.02      	0.702203
720	44    	0.311038  	0.117923 	0.0856463  	0.543692
721	45    	0.275279  	0.203446 	-1         	0.524927
722	48    	0.250305  	0.116137 	-0.0166667 	0.524927
723	43    	0.293366  	0.106706 	0.0913068  	0.599042
724	48    	0.268181  	0.140042 	-0.018     	0.599042
725	42    	0.310635  	0.139494 	-0.0175    	0.599042
726	48    	0.284681  	0.131291 	-0.0171429 	0.58583 
727	46    	0.26782   	0.117962 	-0.02      	0.58583 
728	46    	0.291922  	0.113929 	0.0997933  	0.58583 
729	47    	0.312841  	0.0946371	0.104685   	0.58583 
730	49    	0.269755  	0.099995 	0.0736789  	0.58583 
731	45    	0.329098  	0.107229 	0.17386    	0.58583 
732	49    	0.272385  	0.0923884	0.0858091  	0.504145
733	46    	0.310446  	0.100874 	0.120395   	0.617272
734	47    	0.243908  	0.267046 	-1         	0.508327
735	48    	0.26681   	0.0959867	-0.0133333 	0.480459
736	46    	0.289003  	0.0921522	0.0772098  	0.493887
737	43    	0.332512  	0.0904129	0.0992012  	0.540602
738	46    	0.277862  	0.208536 	-1         	0.540602
739	46    	0.316997  	0.0820761	0.141832   	0.556055
740	46    	0.258195  	0.272607 	-1         	0.456735
741	44    	0.305169  	0.0883746	-0.0166667 	0.456735
742	43    	0.292438  	0.205493 	-1         	0.456735
743	46    	0.260498  	0.208511 	-1         	0.449272
744	44    	0.26895   	0.120289 	-0.0175    	0.469087
745	49    	0.264853  	0.117628 	-0.0175    	0.453678
746	46    	0.253745  	0.219357 	-1         	0.453678
747	47    	0.142674  	0.429371 	-1         	0.468494
748	47    	0.0274472 	0.550244 	-1         	0.463592
749	44    	0.0571087 	0.535718 	-1         	0.567796
750	46    	0.114118  	0.490882 	-1         	0.529313
751	47    	0.116901  	0.455286 	-1         	0.435586
752	45    	0.232806  	0.321187 	-1         	0.435586
753	44    	0.257737  	0.269937 	-1         	0.456048
754	45    	0.16242   	0.433386 	-1         	0.433161
755	45    	0.230319  	0.319243 	-1         	0.458895
756	46    	0.182027  	0.402599 	-1         	0.547062
757	45    	0.220261  	0.370914 	-1         	0.547062
758	50    	0.198368  	0.359848 	-1         	0.437803
759	48    	0.0685961 	0.536705 	-1         	0.471908
760	48    	0.207067  	0.362964 	-1         	0.523828
761	50    	0.19143   	0.40127  	-1         	0.455823
762	46    	0.166435  	0.437803 	-1         	0.521265
763	46    	0.100602  	0.4872   	-1         	0.511447
764	47    	0.195548  	0.361176 	-1         	0.511447
765	46    	0.172854  	0.396912 	-1         	0.438598
766	43    	0.20029   	0.365734 	-1         	0.472418
767	48    	0.285564  	0.199794 	-1         	0.521886
768	48    	0.259428  	0.270978 	-1         	0.521886
769	46    	0.311596  	0.0659515	0.131754   	0.458795
770	44    	0.182335  	0.400621 	-1         	0.458795
771	44    	0.247401  	0.328163 	-1         	0.615028
772	46    	0.134985  	0.468428 	-1         	0.615028
773	47    	0.315547  	0.0927888	0.118394   	0.475358
774	46    	0.235831  	0.319542 	-1         	0.510758
775	45    	0.262903  	0.266886 	-1         	0.496711
776	47    	0.248603  	0.32687  	-1         	0.496711
777	46    	0.251144  	0.267707 	-1         	0.484899
778	46    	0.291136  	0.0927958	-0.015     	0.484899
779	45    	0.228446  	0.371427 	-1         	0.463979
780	47    	0.238058  	0.326562 	-1         	0.537684
781	45    	0.279389  	0.284624 	-1         	0.735018
782	45    	0.223089  	0.38834  	-1         	0.735018
783	47    	0.255064  	0.219426 	-1         	0.735018
784	46    	0.276982  	0.219018 	-1         	0.67614 
785	44    	0.315056  	0.138873 	-0.01      	0.67614 
786	47    	0.29241   	0.115165 	-0.016     	0.67614 
787	48    	0.280041  	0.128079 	-0.018     	0.67614 
788	47    	0.303435  	0.117686 	0.083905   	0.67614 
789	44    	0.342599  	0.135819 	0.113532   	0.67614 
790	45    	0.318092  	0.152588 	-0.0183334 	0.67614 
791	44    	0.305554  	0.181885 	-0.0175    	0.67614 
792	46    	0.294248  	0.146063 	-0.016     	0.67614 
793	46    	0.298084  	0.147311 	-0.0218182 	0.67614 
794	46    	0.324918  	0.127965 	0.108584   	0.652457
795	42    	0.30984   	0.143533 	-0.0233333 	0.652457
796	48    	0.25756   	0.138688 	-0.0160001 	0.652457
797	48    	0.270423  	0.12889  	-0.0183333 	0.643446
798	46    	0.26627   	0.121354 	-0.0185714 	0.538946
799	47    	0.276213  	0.126723 	-0.018     	0.627135
800	49    	0.246629  	0.117413 	-0.018     	0.589237
801	47    	0.285615  	0.10498  	-0.0175    	0.589237
802	46    	0.277338  	0.140363 	-0.02      	0.589237
803	45    	0.298173  	0.135151 	-0.016     	0.604809
804	45    	0.279046  	0.137933 	-0.0166666 	0.604809
805	47    	0.238317  	0.14304  	-0.0177778 	0.604809
806	47    	0.274518  	0.164424 	-0.0181818 	0.730197
807	44    	0.300911  	0.190403 	-0.02      	0.730197
808	43    	0.253478  	0.188168 	-0.02      	0.730197
809	47    	0.25706   	0.197234 	-0.0175    	0.730197
810	48    	0.214393  	0.156245 	-0.017143  	0.693426
811	43    	0.263824  	0.182456 	-0.0171429 	0.630244
812	47    	0.268253  	0.181665 	-0.02      	0.63985 
813	48    	0.229717  	0.15865  	-0.0166668 	0.731322
814	46    	0.269544  	0.17186  	-0.02      	0.731322
815	48    	0.25256   	0.15679  	-0.02      	0.616921
816	46    	0.223322  	0.127325 	-0.0171429 	0.615916
817	44    	0.247732  	0.16785  	-0.02      	0.65468 
818	45    	0.236646  	0.161182 	-0.0175    	0.605225
819	46    	0.257998  	0.146989 	-0.0177776 	0.605225
820	47    	0.233952  	0.164983 	-0.0175    	0.693124
821	46    	0.238055  	0.179735 	-0.02      	0.736126
822	47    	0.22207   	0.165652 	-0.02      	0.736126
823	46    	0.244166  	0.150333 	-0.02      	0.518879
824	44    	0.248253  	0.171796 	-0.02      	0.5906  
825	47    	0.280657  	0.118947 	-0.0166667 	0.590858
826	45    	0.274111  	0.132739 	-0.02      	0.597421
827	44    	0.287508  	0.158223 	-0.0177778 	0.73055 
828	46    	0.260706  	0.213883 	-1         	0.597421
829	46    	0.273945  	0.133598 	-0.0166667 	0.654723
830	46    	0.271341  	0.226786 	-1         	0.654723
831	47    	0.278765  	0.122655 	-0.02      	0.654723
832	47    	0.253558  	0.149216 	-0.0171429 	0.654723
833	47    	0.272849  	0.12235  	-0.0149998 	0.534482
834	44    	0.280914  	0.114768 	-0.016     	0.525818
835	44    	0.287108  	0.13528  	-0.018     	0.578442
836	44    	0.314567  	0.141891 	0.0960224  	0.705107
837	45    	0.274062  	0.168333 	-0.0175    	0.705107
838	49    	0.219156  	0.155795 	-0.0171429 	0.705101
839	47    	0.251326  	0.154446 	-0.02      	0.705965
840	47    	0.236843  	0.169626 	-0.02      	0.705965
841	43    	0.266104  	0.185515 	-0.0166667 	0.705965
842	46    	0.277075  	0.173871 	-0.0166667 	0.705965
843	45    	0.272372  	0.181469 	-0.0159907 	0.705965
844	49    	0.230782  	0.139932 	-0.02      	0.580399
845	46    	0.249248  	0.157377 	-0.0177777 	0.580399
846	48    	0.211429  	0.138759 	-0.02      	0.580445
847	45    	0.228643  	0.117192 	-0.02      	0.580445
848	47    	0.278595  	0.148203 	-0.0166667 	0.581124
849	48    	0.174984  	0.147525 	-0.02      	0.582913
850	47    	0.198269  	0.159906 	-0.0177778 	0.581245
851	48    	0.214922  	0.144628 	-0.02      	0.515522
852	47    	0.188601  	0.146681 	-0.0177778 	0.515522
853	46    	0.188801  	0.147424 	-0.02      	0.515766
854	46    	0.235512  	0.132388 	-0.0175    	0.53478 
855	47    	0.222613  	0.132512 	-0.0160001 	0.515522
856	48    	0.231186  	0.132101 	-0.0166667 	0.581238
857	49    	0.200378  	0.156379 	-0.0175001 	0.600189
858	43    	0.271669  	0.166071 	-0.02      	0.600189
859	47    	0.213601  	0.130966 	-0.02      	0.600189
860	44    	0.219102  	0.149478 	-0.0171429 	0.515766
861	45    	0.253118  	0.137798 	-0.0171429 	0.515766
862	48    	0.206474  	0.155272 	-0.0171429 	0.78489 
863	46    	0.243025  	0.175263 	-0.0177778 	0.738667
864	42    	0.237432  	0.1568   	-0.02      	0.644   
865	43    	0.207728  	0.177101 	-0.02      	0.644   
866	48    	0.170034  	0.152612 	-0.02      	0.576639
867	44    	0.202126  	0.168635 	-0.0171428 	0.576639
868	42    	0.241556  	0.200388 	-0.0171428 	0.626276
869	48    	0.226004  	0.185248 	-0.0171429 	0.626276
870	47    	0.258018  	0.177924 	-0.02      	0.627268
871	45    	0.299653  	0.183597 	-0.02      	0.758237
872	49    	0.256947  	0.160511 	-0.02      	0.714279
873	46    	0.252549  	0.142621 	-0.018     	0.679719
874	46    	0.29203   	0.136064 	-0.0133333 	0.679719
875	42    	0.285225  	0.172839 	-0.02      	0.679719
876	43    	0.330519  	0.17788  	-0.0166666 	0.679719
877	48    	0.261558  	0.178773 	-0.0181818 	0.679719
878	46    	0.297126  	0.177358 	-0.02      	0.836503
879	45    	0.322558  	0.203743 	-0.02      	0.836503
880	47    	0.28423   	0.147653 	-0.0180001 	0.836503
881	49    	0.239309  	0.126381 	-0.0171428 	0.665657
882	48    	0.249204  	0.107777 	0.0361955  	0.528329
883	45    	0.257511  	0.118542 	-0.02      	0.528329
884	43    	0.293356  	0.123526 	-0.02      	0.549527
885	45    	0.298304  	0.158924 	-0.02      	0.68563 
886	46    	0.310404  	0.129383 	-0.0130741 	0.68563 
887	49    	0.27534   	0.137061 	-0.0177777 	0.632089
888	47    	0.272465  	0.129398 	-0.0181818 	0.633135
889	49    	0.281932  	0.116915 	-0.02      	0.633135
890	46    	0.263666  	0.125217 	-0.0183334 	0.633135
891	48    	0.27698   	0.122413 	-0.0166667 	0.633135
892	44    	0.301426  	0.129402 	-0.0150001 	0.633135
893	44    	0.303902  	0.153603 	-0.0166666 	0.633135
894	46    	0.272381  	0.139195 	-0.02      	0.633135
895	43    	0.306277  	0.14067  	-0.02      	0.633135
896	48    	0.272051  	0.138415 	-0.016     	0.633135
897	48    	0.258934  	0.154806 	-0.02      	0.555665
898	44    	0.27867   	0.146738 	-0.02      	0.555665
899	46    	0.282674  	0.126745 	-0.02      	0.582833
900	46    	0.302114  	0.125214 	-0.0199999 	0.582833
901	45    	0.311575  	0.137371 	0.122108   	0.647886
902	46    	0.286262  	0.158947 	-0.02      	0.715164
903	45    	0.312003  	0.14033  	0.093717   	0.715164
904	45    	0.32589   	0.170122 	-0.02      	0.792065
905	50    	0.276727  	0.120598 	-0.0174999 	0.659651
906	45    	0.31023   	0.127506 	-0.0181818 	0.549429
907	47    	0.263086  	0.117047 	-0.018     	0.517458
908	46    	0.294592  	0.124872 	-0.0181819 	0.526568
909	42    	0.282562  	0.162567 	-0.02      	0.739052
910	48    	0.283736  	0.131092 	-0.0150002 	0.604252
911	48    	0.261626  	0.13915  	-0.02      	0.676227
912	46    	0.281059  	0.127213 	-0.02      	0.489667
913	48    	0.292676  	0.134774 	-0.02      	0.534585
914	42    	0.303478  	0.111444 	-0.02      	0.534585
915	46    	0.248959  	0.164525 	-0.02      	0.640806
916	49    	0.276163  	0.12149  	-0.0174999 	0.639889
917	49    	0.257916  	0.131428 	-0.0175    	0.579506
918	42    	0.280714  	0.132058 	-0.018     	0.579506
919	46    	0.290988  	0.134872 	-0.0171428 	0.579506
920	44    	0.281001  	0.122042 	-0.018     	0.579506
921	47    	0.259432  	0.124139 	-0.02      	0.579506
922	45    	0.272919  	0.117402 	-0.02      	0.501551
923	43    	0.270903  	0.132813 	-0.0175    	0.501862
924	47    	0.240928  	0.137318 	-0.0175    	0.586948
925	49    	0.233273  	0.146376 	-0.02      	0.722195
926	44    	0.265181  	0.158927 	0.0824687  	0.722195
927	44    	0.255603  	0.235762 	-0.02      	0.898644
928	46    	0.289484  	0.169169 	-0.0174999 	0.898644
929	47    	0.322129  	0.1967   	-0.02      	0.898644
930	45    	0.269488  	0.205736 	-0.02      	0.756668
931	46    	0.294335  	0.177688 	-0.02      	0.744991
932	46    	0.283418  	0.178341 	-0.0185714 	0.709045
933	43    	0.344357  	0.169718 	-0.0171429 	0.84054 
934	48    	0.274056  	0.176816 	-0.02      	0.650362
935	47    	0.281948  	0.174641 	-0.0233333 	0.650362
936	47    	0.312445  	0.158096 	-0.02      	0.709854
937	45    	0.284252  	0.169853 	-0.02      	0.709854
938	41    	0.297119  	0.167659 	-0.02      	0.709854
939	47    	0.294241  	0.137821 	-0.0171429 	0.709854
940	48    	0.23572   	0.121425 	-0.0175    	0.544269
941	46    	0.265184  	0.112203 	-0.0166667 	0.544269
942	45    	0.267214  	0.144022 	-0.0181818 	0.741174
943	46    	0.236541  	0.161651 	-0.0166666 	0.562915
944	41    	0.299987  	0.164218 	-0.02      	0.647907
945	48    	0.302094  	0.139738 	0.0650544  	0.716543
946	44    	0.286467  	0.178088 	-0.0177778 	0.716543
947	48    	0.290658  	0.153642 	-0.0171429 	0.745282
948	43    	0.296184  	0.18049  	-0.02      	0.725048
949	48    	0.224654  	0.168444 	-0.02      	0.725048
950	45    	0.280905  	0.176982 	-0.0177778 	0.725048
951	46    	0.227827  	0.169018 	-0.02      	0.702821
952	47    	0.200633  	0.173301 	-0.02      	0.702821
953	45    	0.243634  	0.166029 	-0.0175    	0.702821
954	45    	0.292507  	0.16641  	-0.017143  	0.702821
955	48    	0.290391  	0.151231 	-0.0166667 	0.70647 
956	44    	0.250812  	0.177704 	-0.0175    	0.70647 
957	45    	0.205059  	0.171987 	-0.0175001 	0.70647 
958	43    	0.259368  	0.154849 	-0.0171428 	0.70647 
959	42    	0.261031  	0.183402 	-0.02      	0.70647 
960	47    	0.246082  	0.162068 	-0.0181818 	0.703179
961	44    	0.269665  	0.153704 	-0.0175    	0.706168
962	45    	0.282495  	0.190094 	-0.02      	0.797563
963	45    	0.277053  	0.230522 	-0.02      	0.797563
964	49    	0.238294  	0.172076 	-0.0174999 	0.797563
965	48    	0.235163  	0.182914 	-0.017143  	0.797563
966	48    	0.245467  	0.19422  	-0.0199999 	0.797563
967	49    	0.212141  	0.153568 	-0.02      	0.595881
968	43    	0.264377  	0.156951 	-0.0171429 	0.64941 
969	47    	0.272219  	0.179438 	-0.0174999 	0.654763
970	47    	0.229961  	0.168427 	-0.0174999 	0.654763
971	45    	0.243286  	0.143106 	-0.02      	0.614633
972	45    	0.264876  	0.125743 	-0.0171429 	0.614633
973	47    	0.250223  	0.137747 	-0.0171429 	0.706539
974	48    	0.239329  	0.137997 	-0.02      	0.7028  
975	45    	0.245993  	0.140842 	-0.02      	0.599357
976	44    	0.240098  	0.136084 	-0.0175    	0.55963 
977	45    	0.254133  	0.106653 	-0.0166607 	0.484478
978	46    	0.246589  	0.116357 	-0.0166666 	0.484478
979	46    	0.246207  	0.110402 	-0.0171429 	0.486636
980	47    	0.245031  	0.0914523	-0.0149908 	0.486636
981	47    	0.263536  	0.1086   	-0.0177778 	0.507031
982	46    	0.257079  	0.138346 	-0.0166667 	0.515749
983	46    	0.241279  	0.156491 	-0.0171428 	0.576421
984	46    	0.241107  	0.1594   	-0.02      	0.654763
985	47    	0.244083  	0.160193 	-0.0166667 	0.654763
986	43    	0.290529  	0.185969 	-0.0225    	0.654763
987	45    	0.275066  	0.138807 	-0.0166667 	0.654763
988	47    	0.239312  	0.165163 	-0.02      	0.618411
989	45    	0.283926  	0.146862 	-0.02      	0.618411
990	47    	0.244511  	0.166766 	-0.0175004 	0.73505 
991	48    	0.269701  	0.108096 	-0.0171429 	0.527617
992	46    	0.266379  	0.118141 	-0.0166667 	0.539086
993	44    	0.267513  	0.113681 	-0.0175    	0.489837
994	47    	0.275402  	0.0818675	0.0868682  	0.495253
995	45    	0.283117  	0.103807 	-0.0177778 	0.495253
996	49    	0.297241  	0.117685 	0.0576538  	0.740004
997	48    	0.276398  	0.129285 	-0.02      	0.593647
998	44    	0.328467  	0.135967 	-0.0133337 	0.593647
999	46    	0.284921  	0.142557 	-0.0222223 	0.593647
1000	48    	0.261709  	0.141047 	-0.0183333 	0.592944
