Argument values: path=C:\Users\1625203\Downloads\Framsticks50rc22\Framsticks50rc22, lib=None, sim=eval-allcriteria.sim;deterministic.sim;sample-period-2.sim;f9-mut-020.sim, genformat=None, initialgenotype=/*9*/BLU, opt=vertpos, popsize=50, generations=1000, tournament=10, pmut=0.9, pxov=0.2, hof_size=1, hof_savefile=None, max_numparts=30, max_numjoints=None, max_numneurons=None, max_numconnections=None, max_numgenochars=50
Using Framsticks version: 5.0rc22
Home (writable) dir     : C:\Users\1625203\Downloads\Framsticks50rc22\Framsticks50rc22\data
Resources dir           : C:\Users\1625203\Downloads\Framsticks50rc22\Framsticks50rc22\data

Available objects: ['CheckpointEvent', 'Collision', 'CrCollision', 'Creature', 'CreatureSettings', 'CreatureSignals', 'CreatureSnapshot', 'Dictionary', 'ExpProperties', 'ExpState', 'ExtValue', 'File', 'FunctionReference', 'GenMan', 'GenManStats', 'GenePool', 'GenePools', 'Geno', 'Genotype', 'Interface', 'Joint', 'Loader', 'Math', 'MechJoint', 'MechPart', 'MessageCatcher', 'Model', 'ModelGeometry', 'ModelSymmetry', 'Neuro', 'NeuroClass', 'NeuroClassLibrary', 'NeuroDef', 'NeuroSignals', 'NeuronsSimEnabled', 'ODE', 'Orient', 'Part', 'Population', 'Populations', 'Ref', 'Signal', 'SignalView', 'SimilMeasure', 'SimilMeasureDistribution', 'SimilMeasureGreedy', 'SimilMeasureHungarian', 'Simulator', 'SlaveSimulators', 'StopEvent', 'String', 'UserScripts', 'Vector', 'WireframeAppearance', 'World', 'WorldMap', 'WorldSignals', 'XYZ', '__builtins__', '__cached__', '__doc__', '__file__', '__loader__', '__name__', '__package__', '__spec__', 'c_api', 'ctypes', 'home_dir', 'init', 'os', 're', 'res_dir', 'sim_params', 'stats', 'sys']

Performing a basic test 1/2... OK.
Performing a basic test 2/2... OK.
Using settings: ['eval-allcriteria.sim', 'deterministic.sim', 'sample-period-2.sim', 'f9-mut-020.sim']
gen	nevals	avg     	stddev	min     	max     
0  	50    	0.218369	0     	0.218369	0.218369
1  	47    	0.0513207	0.100929	-0.016  	0.299401
2  	48    	0.0828982	0.141368	-0.02   	0.515766
3  	44    	0.138077 	0.145829	-0.0175 	0.515766
4  	47    	0.191226 	0.153444	-0.02   	0.58128 
5  	48    	0.162572 	0.172755	-0.0160001	0.58128 
6  	45    	0.220257 	0.194033	-0.0171428	0.58128 
7  	43    	0.266208 	0.195316	-0.0166667	0.58128 
8  	48    	0.227657 	0.191471	-0.0171429	0.581352
9  	47    	0.229639 	0.201856	-0.0171428	0.654898
10 	46    	0.284375 	0.21789 	-0.02     	0.654898
11 	47    	0.233841 	0.173856	-0.02     	0.650515
12 	46    	0.302188 	0.208277	-0.02     	0.790588
13 	45    	0.317974 	0.214602	-0.0166666	0.817075
14 	45    	0.323691 	0.224606	-0.02     	0.817075
15 	49    	0.231839 	0.190014	-0.0175   	0.653515
16 	48    	0.27322  	0.167953	-0.0177777	0.59936 
17 	42    	0.261339 	0.197834	-0.0199999	0.59936 
18 	40    	0.305617 	0.187573	-0.018    	0.59936 
19 	47    	0.265962 	0.214828	-0.0171429	0.63637 
20 	43    	0.342463 	0.207365	-0.0199999	0.723945
21 	48    	0.299374 	0.202305	-0.02     	0.835201
22 	49    	0.259239 	0.178899	-0.02     	0.717789
23 	48    	0.275827 	0.176297	-0.0175   	0.71512 
24 	47    	0.28677  	0.195308	-0.0166666	0.583947
25 	48    	0.269743 	0.177615	-0.0166667	0.592146
26 	47    	0.257788 	0.189895	-0.0177777	0.646698
27 	43    	0.260123 	0.199361	-0.02     	0.720116
28 	49    	0.295084 	0.20556 	-0.0233333	0.720116
29 	45    	0.271073 	0.221689	-0.02     	0.749984
30 	48    	0.289115 	0.192028	-0.02     	0.701948
31 	44    	0.363203 	0.185673	-0.02     	0.72183 
32 	46    	0.331731 	0.180287	-0.0177777	0.64671 
33 	42    	0.33143  	0.232341	-0.0177778	0.817693
34 	46    	0.345127 	0.243445	-0.0177779	0.79224 
35 	47    	0.314037 	0.210298	-0.0228571	0.721824
36 	47    	0.348205 	0.22553 	-0.02     	0.771603
37 	46    	0.353655 	0.221837	-0.0150001	0.771603
38 	46    	0.348488 	0.22167 	-0.0171428	0.826625
39 	47    	0.345603 	0.207643	-0.0171429	0.826625
40 	49    	0.328363 	0.177761	-0.0180001	0.721824
41 	45    	0.328771 	0.192513	-0.02     	0.721824
42 	48    	0.301797 	0.189056	-0.0199999	0.721824
43 	49    	0.350891 	0.174047	-0.015    	0.721824
44 	48    	0.395709 	0.226488	-0.016    	0.761115
45 	46    	0.394549 	0.221988	-0.0166666	0.825851
46 	45    	0.303891 	0.221137	-0.0175   	0.825851
47 	49    	0.383124 	0.186242	-0.0175   	0.833153
48 	46    	0.31623  	0.237416	-0.018    	0.833153
49 	47    	0.360054 	0.207435	-0.0175001	0.835077
50 	48    	0.312818 	0.210981	-0.0200001	0.835077
51 	46    	0.306978 	0.215176	-0.02     	0.835077
52 	46    	0.296811 	0.211072	-0.0171429	0.835077
53 	49    	0.301369 	0.159172	-0.0175   	0.676241
54 	45    	0.29202  	0.151601	-0.0133333	0.676241
55 	44    	0.342175 	0.153336	-0.016    	0.676241
56 	45    	0.391905 	0.174017	0.128708  	0.752064
57 	48    	0.303466 	0.174108	-0.02     	0.752064
58 	41    	0.346871 	0.178642	-0.02     	0.752064
59 	44    	0.326236 	0.21889 	-0.0171428	0.752064
60 	46    	0.328459 	0.185378	-0.0149999	0.752064
61 	43    	0.345347 	0.20972 	-0.015    	0.752064
62 	45    	0.35255  	0.180524	-0.0175   	0.752064
63 	45    	0.338666 	0.164352	-0.0175   	0.752064
64 	48    	0.307269 	0.155168	0.0988668 	0.752064
65 	49    	0.327253 	0.152825	0.0857527 	0.674524
66 	47    	0.313373 	0.15456 	-0.0171429	0.698315
67 	45    	0.33007  	0.180687	-0.02     	0.776118
68 	49    	0.329357 	0.16623 	0.106011  	0.858879
69 	45    	0.353167 	0.172595	-0.016    	0.858879
70 	44    	0.349373 	0.187094	-0.02     	0.709101
71 	46    	0.319434 	0.162487	-0.01     	0.727809
72 	47    	0.319618 	0.167617	0.0743071 	0.736626
73 	47    	0.348978 	0.182049	-0.0133333	0.784104
74 	47    	0.370974 	0.193523	0.130931  	0.828479
75 	46    	0.322133 	0.203731	-0.015    	0.822199
76 	48    	0.289506 	0.163679	-0.0180001	0.707599
77 	46    	0.361318 	0.173366	-0.018    	0.727851
78 	47    	0.360879 	0.198574	-0.0133333	0.899086
79 	48    	0.310533 	0.198292	-0.0166667	0.899086
80 	46    	0.340772 	0.193218	-0.0175   	0.899086
81 	48    	0.305879 	0.215262	-0.02     	0.811735
82 	49    	0.3233   	0.162998	-0.0166668	0.71439 
83 	46    	0.320913 	0.15806 	-0.0160001	0.71439 
84 	46    	0.337528 	0.156289	-0.02     	0.804446
85 	46    	0.350419 	0.151946	0.0905228 	0.71439 
86 	48    	0.323716 	0.160793	-0.01     	0.648821
87 	47    	0.324246 	0.192797	-0.0175   	0.831945
88 	46    	0.31324  	0.207963	-0.0181818	0.831945
89 	50    	0.300755 	0.173781	-0.0171429	0.806129
90 	47    	0.30552  	0.164136	-0.0200001	0.704883
91 	42    	0.310401 	0.192402	-0.0175   	0.733063
92 	46    	0.355764 	0.234196	-0.0177778	0.734937
93 	46    	0.329098 	0.230155	-0.02     	0.734937
94 	48    	0.3335   	0.223657	-0.02     	0.832068
95 	46    	0.303433 	0.221909	-0.02     	0.832068
96 	47    	0.354794 	0.231873	-0.02     	0.832068
97 	45    	0.383183 	0.249735	-0.0171429	0.832068
98 	48    	0.312381 	0.238145	-0.0133333	0.832068
99 	46    	0.279319 	0.221551	-0.0177778	0.832068
100	43    	0.361668 	0.231135	-0.02     	0.832068
101	47    	0.317657 	0.258767	-0.02     	0.832068
102	46    	0.314723 	0.265427	-0.02     	0.832068
103	44    	0.311779 	0.243664	-0.02     	0.832068
104	46    	0.310594 	0.220184	-0.0181818	0.813756
105	47    	0.257723 	0.245272	-0.02     	0.832323
106	47    	0.341876 	0.214282	-0.02     	0.832323
107	40    	0.370042 	0.235074	-0.0133333	0.832323
108	48    	0.279383 	0.209252	-0.0171428	0.840021
109	47    	0.306427 	0.223189	-0.02     	0.750949
110	48    	0.269377 	0.212959	-0.0166667	0.833094
111	47    	0.317123 	0.242093	-0.0177778	0.834784
112	47    	0.341156 	0.241553	-0.0177778	0.83537 
113	50    	0.270631 	0.199885	-0.0175001	0.822397
114	46    	0.366252 	0.238995	-0.018    	0.822397
115	48    	0.369197 	0.235399	-0.016    	1.01823 
116	46    	0.366599 	0.211966	0.0874762 	0.874519
117	45    	0.420009 	0.226598	0.0342196 	0.874519
118	46    	0.348021 	0.208007	0.0590376 	0.874519
119	46    	0.368128 	0.232176	0.0818453 	1.01823 
120	41    	0.38704  	0.250787	-0.02     	0.899304
121	45    	0.408604 	0.252619	0.0640667 	0.985688
122	45    	0.375852 	0.247383	-0.0133333	0.985688
123	47    	0.387125 	0.197124	0.079841  	0.89021 
124	47    	0.362013 	0.211693	-0.0150002	0.822085
125	47    	0.38109  	0.198894	-0.0150003	0.822085
126	46    	0.40524  	0.187189	0.120809  	0.892318
127	46    	0.385185 	0.213509	-0.016    	0.892318
128	48    	0.363325 	0.196672	0.0748693 	0.889585
129	45    	0.399691 	0.21778 	-0.0177778	0.889585
130	48    	0.360434 	0.216691	-0.0166666	0.891661
131	49    	0.372073 	0.206419	-0.0174999	0.856541
132	45    	0.399335 	0.237487	-0.0177778	0.856541
133	43    	0.413551 	0.234967	-0.0177777	0.835632
134	46    	0.427403 	0.178856	0.10852   	0.835632
135	49    	0.373243 	0.165856	-0.02     	0.831528
136	48    	0.336386 	0.145356	0.0744297 	0.613605
137	46    	0.389213 	0.131764	0.0887047 	0.699532
138	46    	0.350092 	0.145732	-0.015    	0.602001
139	45    	0.347886 	0.238322	-1        	0.675454
140	47    	0.357388 	0.151778	-0.0133334	0.793387
141	45    	0.350082 	0.140384	-0.0150002	0.65085 
142	45    	0.31908  	0.13944 	0.0497237 	0.65085 
143	49    	0.338016 	0.127523	0.141724  	0.726773
144	47    	0.329572 	0.139568	-0.02     	0.698551
145	46    	0.365164 	0.146605	-0.0166668	0.670788
146	47    	0.317909 	0.132473	0.164234  	0.864953
147	45    	0.375227 	0.153312	-0.01     	0.864953
148	43    	0.380579 	0.184591	0.0819273 	0.864953
149	48    	0.366649 	0.235891	-0.0171429	0.864953
150	45    	0.331238 	0.185855	-0.016    	0.864953
151	47    	0.386524 	0.235088	-0.02     	0.864953
152	48    	0.344511 	0.226899	-0.0175   	0.930754
153	45    	0.403591 	0.210759	-0.01     	0.825634
154	42    	0.413977 	0.2548  	0.0468355 	0.825634
155	44    	0.389649 	0.227751	0.0479781 	0.826721
156	49    	0.393915 	0.19487 	0.0979948 	0.73675 
157	44    	0.412382 	0.205574	0.0732379 	0.894456
158	48    	0.39925  	0.241674	-0.0166667	0.894456
159	47    	0.393314 	0.194211	-0.015    	0.756141
160	46    	0.380418 	0.253523	-0.0181818	0.906295
161	48    	0.304111 	0.232492	-0.0222223	0.756141
162	46    	0.380633 	0.204812	-0.0179998	0.755771
163	48    	0.385958 	0.221051	-0.0149999	0.833094
164	47    	0.320255 	0.197599	-0.018    	0.833094
165	47    	0.3407   	0.194243	-0.0160001	0.727483
166	47    	0.313957 	0.209134	-0.016    	0.727483
167	46    	0.365456 	0.20583 	-0.0171428	0.769563
168	44    	0.369584 	0.22201 	-0.02     	0.69597 
169	48    	0.287973 	0.211247	-0.018    	0.725266
170	42    	0.330764 	0.210477	-0.0149998	0.725266
171	45    	0.347492 	0.229846	-0.0171427	0.725266
172	48    	0.326432 	0.223257	-0.0174999	0.751923
173	45    	0.331509 	0.216604	-0.0175001	0.751923
174	43    	0.390973 	0.241846	-0.0166667	0.830908
175	44    	0.337988 	0.227996	-0.0166667	0.751923
176	46    	0.32936  	0.217966	-0.0175   	0.751923
177	44    	0.315769 	0.224081	-0.0175   	0.751923
178	48    	0.290974 	0.194954	-0.0171428	0.751923
179	42    	0.297728 	0.218192	-0.02     	0.751923
180	46    	0.321643 	0.204168	-0.0171429	0.751923
181	48    	0.336126 	0.213927	-0.0199998	0.751923
182	45    	0.374403 	0.215407	-0.0177777	0.751923
183	42    	0.347437 	0.237918	-0.0177778	0.751923
184	48    	0.292392 	0.198283	-0.018    	0.751923
185	48    	0.247122 	0.182628	-0.0175   	0.7506  
186	49    	0.270844 	0.161701	-0.0199999	0.66672 
187	44    	0.303171 	0.20031 	-0.0177778	0.678685
188	42    	0.312485 	0.198204	-0.0171429	0.678685
189	47    	0.313717 	0.208279	-0.018    	0.678059
190	44    	0.330237 	0.184526	-0.02     	0.678059
191	46    	0.359774 	0.202492	-0.02     	0.736027
192	43    	0.330113 	0.223459	-0.02     	0.731673
193	46    	0.360383 	0.214452	-0.015    	0.83537 
194	40    	0.361067 	0.28276 	-0.02     	0.83537 
195	48    	0.334826 	0.237522	-0.02     	0.83537 
196	46    	0.359429 	0.226918	-0.02     	0.83537 
197	46    	0.332963 	0.217095	-0.02     	0.712306
198	47    	0.349806 	0.221883	-0.02     	0.751679
199	46    	0.343947 	0.200289	-0.0171429	0.751679
200	44    	0.409386 	0.217491	-0.016    	0.757994
201	48    	0.313878 	0.206302	-0.02     	0.756505
202	44    	0.443863 	0.215431	0.0631354 	0.83537 
203	46    	0.323638 	0.245477	-0.0166667	0.83537 
204	44    	0.348697 	0.239239	-0.02     	0.83537 
205	46    	0.36591  	0.25432 	-0.02     	0.83537 
206	42    	0.385248 	0.276715	-0.0180001	0.83537 
207	44    	0.348693 	0.25136 	-0.0171428	0.834784
208	48    	0.342286 	0.254655	-0.0133333	0.83537 
209	48    	0.372046 	0.206732	0.0944092 	0.83537 
210	46    	0.336478 	0.216498	-0.0171429	0.834784
211	48    	0.342777 	0.214184	-0.0160001	0.716323
212	46    	0.369534 	0.22824 	-0.02     	0.758126
213	47    	0.344512 	0.235141	-0.0177778	0.827005
214	44    	0.384173 	0.211838	-0.0183334	0.827005
215	48    	0.36783  	0.241986	-0.0175   	0.830908
216	45    	0.36404  	0.252256	-0.0166667	0.830908
217	46    	0.24904  	0.225996	-0.02     	0.749999
218	44    	0.339015 	0.223396	-0.0171429	0.83537 
219	49    	0.300184 	0.236715	-0.018    	0.83537 
220	44    	0.420454 	0.254166	-0.02     	0.888956
221	46    	0.303521 	0.230079	-0.0175001	0.888956
222	45    	0.367306 	0.232427	-0.0177778	0.888956
223	44    	0.432982 	0.242327	-0.015    	0.888956
224	50    	0.349717 	0.229187	-0.0175   	0.834751
225	46    	0.329258 	0.208571	-0.018    	0.832672
226	47    	0.339943 	0.241806	-0.02     	0.890651
227	47    	0.308562 	0.201613	-0.02     	0.822047
228	48    	0.315724 	0.203684	-0.0175   	0.822047
229	42    	0.426569 	0.238343	-0.02     	0.822047
230	45    	0.378535 	0.254507	-0.018    	0.813181
231	47    	0.388435 	0.230711	-0.02     	0.813181
232	47    	0.352027 	0.229087	-0.0199999	0.813181
233	46    	0.373046 	0.20795 	-0.02     	0.828415
234	47    	0.303924 	0.195348	-0.018    	0.833094
235	46    	0.361975 	0.218066	-0.02     	0.766658
236	48    	0.368357 	0.208407	-0.0166667	0.766658
237	44    	0.348272 	0.2217  	-0.016    	0.766658
238	47    	0.310654 	0.202934	-0.016    	0.834784
239	44    	0.361271 	0.202164	-0.0133333	0.787147
240	46    	0.359909 	0.208393	-0.0133334	0.798995
241	48    	0.362861 	0.199373	-0.0166667	0.789196
242	49    	0.313732 	0.183603	0.0828402 	0.857102
243	46    	0.322655 	0.177596	-0.0166667	0.774536
244	44    	0.355443 	0.223694	-0.02     	0.85074 
245	47    	0.343426 	0.244707	-0.0175   	0.85074 
246	45    	0.351346 	0.224351	-0.0175001	0.888436
247	48    	0.338197 	0.220824	-0.016    	0.888436
248	48    	0.308034 	0.193668	-0.0150001	0.92138 
249	43    	0.36292  	0.218292	-0.016    	0.93318 
250	48    	0.395031 	0.227267	-0.02     	1.02106 
251	44    	0.399517 	0.237197	0.0719196 	1.02106 
252	44    	0.400412 	0.264493	0.0588616 	1.02106 
253	49    	0.361883 	0.216975	-0.00671136	0.948955
254	49    	0.311022 	0.190122	-0.0166667 	0.792674
255	42    	0.358396 	0.203574	-0.0177777 	0.711975
256	45    	0.38007  	0.19954 	-0.02      	0.718898
257	46    	0.36715  	0.179237	0.0808449  	0.736857
258	45    	0.425752 	0.217886	-0.0177778 	0.783483
259	45    	0.351319 	0.216081	-0.0160001 	0.783483
260	47    	0.348268 	0.224943	-0.02      	0.786428
261	44    	0.395554 	0.205119	-0.016     	0.786428
262	47    	0.380068 	0.23335 	-0.0177778 	0.97341 
263	49    	0.324985 	0.164589	0.0740857  	0.82475 
264	50    	0.329306 	0.158527	-0.0174985 	0.702965
265	47    	0.395199 	0.173325	0.0872695  	0.920479
266	47    	0.327849 	0.268568	-1         	0.920479
267	44    	0.371042 	0.198061	-0.015     	0.920479
268	47    	0.314795 	0.178169	0.0755705  	0.861512
269	46    	0.376309 	0.166355	0.0868436  	0.861512
270	41    	0.410782 	0.206945	-0.0177777 	0.832234
271	48    	0.306102 	0.175653	-0.0166667 	0.832234
272	44    	0.383002 	0.176532	-0.016     	0.832234
273	44    	0.367871 	0.191439	0.00984321 	0.832234
274	47    	0.37718  	0.188186	-0.016     	0.832234
275	42    	0.388963 	0.208645	0.142029   	0.832234
276	44    	0.339784 	0.185113	-0.016     	0.832234
277	48    	0.392582 	0.17669 	0.066482   	0.7956  
278	45    	0.409234 	0.157496	0.177555   	0.7956  
279	47    	0.370399 	0.156895	0.136062   	0.7956  
280	48    	0.393592 	0.143399	0.149763   	0.74012 
281	45    	0.366698 	0.14902 	0.131746   	0.74012 
282	46    	0.255641 	0.347596	-1         	0.74012 
283	43    	0.35034  	0.25428 	-1         	0.792186
284	45    	0.362907 	0.17515 	-0.015     	0.792186
285	47    	0.389845 	0.158217	-0.016     	0.772164
286	47    	0.369442 	0.231627	-1         	0.74012 
287	46    	0.332429 	0.236494	-1         	0.74012 
288	43    	0.405535 	0.130739	0.208136   	0.755979
289	43    	0.413    	0.181463	0.0862725  	0.854476
290	46    	0.357342 	0.254493	-1         	0.854476
291	41    	0.429717 	0.293264	-1         	0.888097
292	48    	0.401944 	0.197999	0.0962717  	0.891253
293	50    	0.415032 	0.197674	0.0935521  	0.878644
294	44    	0.433734 	0.199749	0.136551   	0.878644
295	46    	0.368218 	0.186954	0.138799   	0.878644
296	48    	0.410684 	0.173853	0.143988   	0.84495 
297	48    	0.391984 	0.182731	-0.0166666 	0.771615
298	45    	0.371672 	0.186619	-0.0181818 	0.744462
299	44    	0.383985 	0.183668	-0.0214285 	0.766452
300	47    	0.371148 	0.161779	-0.0160001 	0.783216
301	45    	0.34813  	0.262747	-1         	0.783216
302	45    	0.404514 	0.190292	-0.0175    	0.855364
303	43    	0.419821 	0.184697	0.14074    	0.855364
304	46    	0.318317 	0.252397	-1         	0.765065
305	48    	0.305079 	0.110516	0.0619091  	0.588947
306	43    	0.329764 	0.120459	0.124156   	0.588947
307	46    	0.307582 	0.11713 	-0.02      	0.583373
308	47    	0.303673 	0.216953	-1         	0.672314
309	47    	0.328912 	0.227915	-1         	0.782166
310	48    	0.289019 	0.359546	-1         	0.839208
311	42    	0.411694 	0.172042	0.15076    	0.839208
312	48    	0.340853 	0.164249	-0.016     	0.731339
313	46    	0.361597 	0.14085 	0.0691579  	0.731339
314	44    	0.369759 	0.176054	-0.02      	0.731339
315	46    	0.331831 	0.168865	-0.0149963 	0.731339
316	49    	0.33827  	0.175115	-0.02      	0.776649
317	48    	0.322495 	0.211995	-0.02      	0.776649
318	47    	0.339509 	0.176684	-0.018     	0.776649
319	44    	0.314769 	0.203046	-0.0175001 	0.776649
320	46    	0.332245 	0.191537	-0.0171429 	0.776649
321	46    	0.336722 	0.154318	0.0569945  	0.776649
322	47    	0.292109 	0.133912	-0.0159999 	0.776649
323	44    	0.325073 	0.17574 	-0.0171428 	0.776649
324	46    	0.351099 	0.17175 	0.0664417  	0.776649
325	50    	0.320115 	0.155298	-0.016     	0.835484
326	46    	0.380701 	0.212085	0.065168   	0.835484
327	46    	0.332829 	0.228597	-0.02      	0.840195
328	47    	0.378544 	0.218958	-0.015     	0.891443
329	46    	0.376703 	0.226426	-0.0171428 	0.891443
330	44    	0.428985 	0.259296	-0.0200001 	0.898849
331	48    	0.392005 	0.19424 	0.109478   	0.898849
332	47    	0.400041 	0.225325	0.0751484  	0.898849
333	47    	0.358769 	0.202508	-0.0133333 	0.889045
334	46    	0.375076 	0.256258	-0.016     	0.991253
335	44    	0.44376  	0.247429	0.0593336  	0.991253
336	46    	0.416999 	0.25676 	-0.0160001 	0.90403 
337	45    	0.357329 	0.234701	-0.0150003 	0.90403 
338	44    	0.410543 	0.264099	-0.02      	0.906149
339	45    	0.366924 	0.27124 	-0.0171429 	0.90403 
340	44    	0.415906 	0.242067	0.0594618  	0.90403 
341	40    	0.400058 	0.260922	-0.0166666 	0.90403 
342	46    	0.312288 	0.270317	-0.0171429 	0.982119
343	45    	0.3787   	0.229886	0.0464968  	0.90403 
344	46    	0.434943 	0.254438	-0.0200001 	0.90403 
345	49    	0.364399 	0.236529	-0.0215385 	0.856918
346	46    	0.376325 	0.198973	-0.0150001 	0.822296
347	46    	0.347482 	0.194386	-0.0150001 	0.822296
348	49    	0.370231 	0.158736	-0.015     	0.814251
349	46    	0.398876 	0.184726	0.0592167  	0.769217
350	42    	0.446088 	0.195173	0.0708007  	0.769217
351	45    	0.423683 	0.213584	-0.0159977 	0.766429
352	43    	0.393593 	0.251549	-0.0175    	0.838981
353	45    	0.387203 	0.227843	-0.0175    	0.823728
354	45    	0.372684 	0.237546	0.0663908  	0.767138
355	44    	0.342796 	0.231183	-0.02      	0.766429
356	46    	0.33657  	0.223159	-0.00506809	0.804635
357	48    	0.306984 	0.204592	-0.02      	0.766429
358	47    	0.343339 	0.190682	-0.02      	0.766429
359	48    	0.322922 	0.184968	-0.0177777 	0.840706
360	43    	0.335261 	0.192781	-0.02      	0.840706
361	41    	0.361447 	0.216274	-0.0177777 	0.842719
362	46    	0.26241  	0.244348	-0.02      	0.842719
363	47    	0.283025 	0.206446	-0.02      	0.842719
364	47    	0.326652 	0.193218	-0.0177777 	0.842719
365	47    	0.351319 	0.214901	-0.0175    	0.84219 
366	45    	0.277678 	0.251604	-0.02      	0.84219 
367	47    	0.21578  	0.210739	-0.02      	0.84219 
368	47    	0.267765 	0.179991	-0.02      	0.84219 
369	40    	0.324104 	0.217283	-0.02      	0.84219 
370	43    	0.315562 	0.214317	-0.0177778 	0.84219 
371	47    	0.287982 	0.219234	-0.02      	0.843503
372	46    	0.31835  	0.223478	-0.02      	0.84219 
373	44    	0.312978 	0.201596	-0.02      	0.84219 
374	45    	0.274775 	0.189838	-0.0199999 	0.728626
375	50    	0.225571 	0.161399	-0.0177778 	0.672191
376	47    	0.277922 	0.160742	-0.0177778 	0.672191
377	46    	0.268751 	0.158933	-0.0171429 	0.635977
378	45    	0.264646 	0.175522	-0.02      	0.603123
379	47    	0.295653 	0.163379	-0.02      	0.603123
380	42    	0.320738 	0.171141	-0.0133333 	0.689038
381	43    	0.313364 	0.204341	-0.0175    	0.689038
382	45    	0.287823 	0.167498	-0.0165607 	0.627202
383	45    	0.316182 	0.207864	-0.02      	0.813811
384	46    	0.297891 	0.206593	-0.02      	0.787787
385	47    	0.330022 	0.209799	-0.02      	0.787787
386	49    	0.265972 	0.18788 	-0.02      	0.809777
387	47    	0.296943 	0.188788	-0.0171429 	0.782628
388	46    	0.297402 	0.214371	-0.0177777 	0.782628
389	45    	0.316557 	0.227344	-0.0177778 	0.782628
390	43    	0.298046 	0.242142	-0.0175    	0.814342
391	50    	0.213733 	0.186722	-0.02      	0.703401
392	43    	0.282967 	0.149735	-0.015     	0.629924
393	42    	0.334774 	0.182465	-0.02      	0.730699
394	47    	0.329281 	0.214034	-0.0175    	0.805742
395	46    	0.315467 	0.221022	-0.0166667 	0.811396
396	46    	0.283133 	0.258862	-0.0171429 	0.81506 
397	45    	0.304978 	0.227813	-0.02      	0.811396
398	46    	0.329537 	0.242522	-0.02      	0.825771
399	45    	0.296001 	0.221114	-0.0200001 	0.833493
400	48    	0.305731 	0.206759	-0.0171429 	0.816329
401	45    	0.265003 	0.184016	-0.0175    	0.732839
402	42    	0.356692 	0.205359	-0.0166667 	0.732839
403	45    	0.349524 	0.217141	-0.02      	0.732839
404	48    	0.286337 	0.211297	-0.02      	0.732839
405	49    	0.33808  	0.213662	-0.0171429 	0.807297
406	48    	0.309693 	0.214661	-0.02      	0.706008
407	44    	0.348728 	0.171452	-0.0171428 	0.645771
408	45    	0.380862 	0.209509	-0.0177778 	0.819403
409	48    	0.307891 	0.214626	-0.0175001 	0.732772
410	46    	0.339541 	0.229142	-0.02      	0.856509
411	46    	0.313217 	0.217258	-0.0175001 	0.856509
412	49    	0.293747 	0.212662	-0.0175    	0.89497 
413	46    	0.287973 	0.212353	-0.0166652 	0.882562
414	48    	0.344087 	0.215118	-0.0175    	0.80702 
415	46    	0.322088 	0.231937	-0.018     	0.80702 
416	45    	0.353073 	0.21399 	-0.0133333 	0.797203
417	46    	0.29683  	0.187929	-0.0218182 	0.769401
418	48    	0.329085 	0.20735 	-0.016     	0.841603
419	47    	0.30332  	0.207886	-0.0166667 	0.841603
420	49    	0.308371 	0.156658	-0.0175    	0.782154
421	49    	0.317537 	0.159535	-0.0166668 	0.700103
422	47    	0.323216 	0.183805	-0.0133333 	0.695637
423	49    	0.29262  	0.196926	-0.02      	0.711713
424	42    	0.340653 	0.214059	-0.0175    	0.711713
425	47    	0.276712 	0.194209	-0.0175    	0.733152
426	43    	0.317156 	0.217066	-0.02      	0.751833
427	46    	0.318378 	0.217852	-0.0179999 	0.751833
428	47    	0.281581 	0.240754	-0.0171429 	0.832288
429	44    	0.338337 	0.235595	-0.0200001 	0.832288
430	44    	0.35411  	0.231384	-0.0166668 	0.832288
431	45    	0.355254 	0.248553	-0.0200002 	0.832288
432	45    	0.35589  	0.233758	-0.0200001 	0.832288
433	46    	0.315018 	0.25318 	-0.02      	0.804635
434	43    	0.335394 	0.247545	-0.02      	0.804635
435	49    	0.260535 	0.224936	-0.02      	0.782312
436	43    	0.26803  	0.223268	-0.0200001 	0.782312
437	46    	0.315998 	0.209923	-0.0171429 	0.782312
438	44    	0.325053 	0.221075	-0.02      	0.832288
439	40    	0.33013  	0.248168	-0.02      	0.832288
440	43    	0.306419 	0.261628	-0.02      	0.832288
441	45    	0.330731 	0.25368 	-0.02      	0.809777
442	45    	0.310688 	0.247802	-0.0171429 	0.809777
443	46    	0.298017 	0.234288	-0.0228572 	0.813771
444	43    	0.304575 	0.285563	-0.0200001 	0.813954
445	46    	0.296519 	0.270716	-0.02      	0.813954
446	48    	0.314094 	0.221895	-0.0171429 	0.813954
447	48    	0.269412 	0.226051	-0.0174999 	0.813954
448	45    	0.311165 	0.226888	-0.0175    	0.813954
449	46    	0.300474 	0.210948	-0.02      	0.813954
450	41    	0.334322 	0.248417	-0.0171429 	0.813954
451	46    	0.276455 	0.224284	-0.02      	0.813954
452	43    	0.313855 	0.228985	-0.02      	0.813954
453	48    	0.261789 	0.246632	-0.018     	0.813771
454	47    	0.300954 	0.213125	-0.018     	0.813954
455	43    	0.318863 	0.20831 	-0.0171428 	0.813954
456	48    	0.263623 	0.206767	-0.02      	0.759929
457	45    	0.339745 	0.203824	-0.0166667 	0.703445
458	47    	0.259939 	0.212305	-0.0175    	0.7028  
459	47    	0.331911 	0.181544	-0.016     	0.706596
460	44    	0.284255 	0.209099	-0.0171428 	0.7028  
461	48    	0.247083 	0.183918	-0.0171428 	0.70647 
462	46    	0.318767 	0.195777	-0.0166667 	0.70647 
463	44    	0.295532 	0.262997	-0.0174944 	0.70647 
464	44    	0.299568 	0.248215	-0.0175    	0.70665 
465	48    	0.27781  	0.256681	-0.02      	0.705972
466	48    	0.23999  	0.214973	-0.0171429 	0.706596
467	43    	0.308348 	0.225522	-0.0175    	0.706596
468	47    	0.24972  	0.213619	-0.0166666 	0.7028  
469	48    	0.304736 	0.209702	-0.0166667 	0.70633 
470	46    	0.304078 	0.237198	-0.0171429 	0.70633 
471	45    	0.287062 	0.220055	-0.0171429 	0.7506  
472	43    	0.332809 	0.21398 	-0.0171429 	0.7506  
473	47    	0.266173 	0.234799	-0.0171429 	0.844195
474	49    	0.298358 	0.216796	-0.0171429 	0.7506  
475	48    	0.309528 	0.187168	-0.015     	0.7506  
476	47    	0.221751 	0.189354	-0.0199999 	0.706046
477	43    	0.305676 	0.206598	-0.0171429 	0.706046
478	49    	0.215078 	0.155131	-0.0175    	0.706046
479	43    	0.270663 	0.204527	-0.0175    	0.706046
480	39    	0.337289 	0.246129	-0.02      	0.706515
481	47    	0.248501 	0.200799	-0.02      	0.702748
482	46    	0.263294 	0.202697	-0.02      	0.702748
483	48    	0.234894 	0.18414 	-0.02      	0.702748
484	41    	0.320901 	0.192113	-0.0177778 	0.702748
485	45    	0.288516 	0.203445	-0.02      	0.702748
486	46    	0.300136 	0.214811	-0.0171428 	0.844195
487	47    	0.308581 	0.251755	-0.0199999 	0.844195
488	48    	0.274582 	0.208539	-0.0171429 	0.731693
489	47    	0.364649 	0.208363	-0.0175    	0.844195
490	45    	0.301396 	0.220782	-0.0175    	0.726095
491	45    	0.340627 	0.224792	-0.0171429 	0.73019 
492	47    	0.300149 	0.196723	-0.0174999 	0.702954
493	48    	0.324504 	0.211179	-0.0166667 	0.706539
494	43    	0.331554 	0.236295	-0.0171429 	0.706539
495	47    	0.286596 	0.233003	-0.0166666 	0.706539
496	47    	0.278683 	0.231439	-0.0175    	0.706419
497	45    	0.278588 	0.232551	-0.02      	0.706419
498	46    	0.290344 	0.244789	-0.0171428 	0.706431
499	47    	0.306873 	0.223823	-0.02      	0.706431
500	48    	0.263613 	0.204861	-0.0175    	0.706431
501	48    	0.312026 	0.220977	-0.0177778 	0.706285
502	45    	0.263134 	0.217383	-0.0171429 	0.706419
503	44    	0.361943 	0.244396	-0.0175    	0.70665 
504	47    	0.242864 	0.219831	-0.0166666 	0.70665 
505	49    	0.26439  	0.179086	-0.0171427 	0.706285
506	46    	0.260318 	0.209527	-0.0171428 	0.705921
507	45    	0.288914 	0.231688	-0.0199999 	0.706285
508	49    	0.234251 	0.173439	-0.0199999 	0.702821
509	42    	0.289472 	0.1953  	-0.0171428 	0.72995 
510	47    	0.254677 	0.171017	-0.02      	0.706431
511	44    	0.284639 	0.195694	-0.0166667 	0.72995 
512	45    	0.333843 	0.220408	-0.0166668 	0.730613
513	47    	0.291163 	0.237188	-0.02      	0.730613
514	44    	0.302397 	0.249974	-0.02      	0.730613
515	49    	0.281794 	0.204455	-0.02      	0.72995 
516	47    	0.268877 	0.184706	-0.0171429 	0.702709
517	44    	0.278858 	0.204404	-0.02      	0.730613
518	43    	0.301696 	0.20692 	-0.0166667 	0.730613
519	46    	0.29343  	0.22336 	-0.02      	0.73105 
520	44    	0.335365 	0.236923	-0.0166668 	0.731322
521	48    	0.232977 	0.229065	-0.0199999 	0.830908
522	47    	0.304882 	0.25149 	-0.0171429 	0.830908
523	49    	0.294405 	0.214494	-0.017143  	0.739907
524	48    	0.268537 	0.196992	-0.017143  	0.830908
525	47    	0.286631 	0.212228	-0.02      	0.730303
526	50    	0.260164 	0.217392	-0.0175    	0.70665 
527	47    	0.364072 	0.221905	-0.02      	0.706515
528	48    	0.320899 	0.210181	-0.0171429 	0.70633 
529	49    	0.247647 	0.226518	-0.0175002 	0.83096 
530	49    	0.255359 	0.193452	-0.0171428 	0.70633 
531	45    	0.350499 	0.212154	-0.0171428 	0.833094
532	46    	0.321585 	0.229021	-0.0166667 	0.736061
533	46    	0.299646 	0.236247	-0.0175    	0.736061
534	44    	0.315502 	0.214887	-0.02      	0.736061
535	45    	0.26048  	0.209468	-0.02      	0.706515
536	42    	0.328689 	0.197943	-0.02      	0.706515
537	41    	0.296348 	0.227971	-0.02      	0.706515
538	46    	0.285243 	0.240077	-0.0171429 	0.706596
539	49    	0.258001 	0.194346	-0.0166668 	0.706596
540	47    	0.281997 	0.219174	-0.02      	0.706515
541	45    	0.253519 	0.229375	-0.0175    	0.706515
542	46    	0.299915 	0.219953	-0.0171428 	0.706285
543	47    	0.256517 	0.202618	-0.0181818 	0.706285
544	43    	0.333553 	0.225098	-0.0171427 	0.706637
545	48    	0.26031  	0.209711	-0.0199999 	0.706637
546	46    	0.327692 	0.218749	-0.0171429 	0.800245
547	45    	0.293284 	0.217381	-0.0171427 	0.800245
548	43    	0.292771 	0.269864	-0.02      	0.800245
549	48    	0.260467 	0.226299	-0.02      	0.800245
550	42    	0.347203 	0.261105	-0.02      	0.800245
551	45    	0.298176 	0.231951	-0.0200001 	0.800245
552	47    	0.254404 	0.174174	-0.0171429 	0.690878
553	43    	0.28617  	0.201797	-0.0174999 	0.800245
554	47    	0.259128 	0.209557	-0.02      	0.800245
555	43    	0.315765 	0.23444 	-0.0200001 	0.800245
556	45    	0.279996 	0.212724	-0.0200001 	0.800245
557	41    	0.246394 	0.222541	-0.0200001 	0.800245
558	45    	0.285648 	0.209637	-0.0200001 	0.81419 
559	45    	0.299486 	0.222937	-0.0171429 	0.81419 
560	44    	0.303445 	0.216859	-0.0175    	0.81419 
561	44    	0.30875  	0.275719	-0.0200001 	0.81419 
562	47    	0.277208 	0.216035	-0.0175001 	0.832264
563	46    	0.389007 	0.240323	-0.0200001 	0.840468
564	48    	0.302868 	0.230417	-0.0177778 	0.832264
565	45    	0.334745 	0.239072	-0.02      	0.830346
566	49    	0.272336 	0.221224	-0.0228571 	0.830346
567	48    	0.310348 	0.227676	-0.0175    	0.830346
568	45    	0.343899 	0.247319	-0.0181818 	0.830346
569	46    	0.302497 	0.206256	-0.0166667 	0.830346
570	45    	0.319857 	0.236422	-0.0177778 	0.834784
571	44    	0.321869 	0.268389	-0.0171429 	0.83537 
572	45    	0.340888 	0.257263	-0.02      	0.83537 
573	47    	0.406445 	0.231903	-0.0199999 	0.83537 
574	47    	0.299528 	0.227759	-0.0166668 	0.83537 
575	47    	0.354321 	0.219055	-0.0133334 	0.83537 
576	45    	0.385332 	0.234981	-0.016     	0.83537 
577	46    	0.342073 	0.252698	-0.02      	0.835026
578	47    	0.289524 	0.206167	-0.0160001 	0.835026
579	45    	0.320872 	0.22293 	-0.0175    	0.835026
580	46    	0.338978 	0.215748	-0.015     	0.835026
581	49    	0.303899 	0.212717	-0.02      	0.731184
582	46    	0.308129 	0.219589	-0.018     	0.747943
583	47    	0.321813 	0.215437	-0.0177778 	0.731184
584	47    	0.323489 	0.209208	-0.02      	0.741689
585	43    	0.345212 	0.207278	-0.0150002 	0.741689
586	43    	0.364315 	0.229784	-0.0177778 	0.803331
587	44    	0.415367 	0.218527	-0.0133333 	0.798819
588	48    	0.354085 	0.212208	-0.0200001 	0.830908
589	40    	0.351681 	0.228077	-0.02      	0.830908
590	46    	0.375532 	0.189984	-0.0174999 	0.830908
591	46    	0.346063 	0.235851	-0.02      	0.830908
592	44    	0.405264 	0.214228	-0.0177778 	0.830908
593	48    	0.331364 	0.22587 	-0.02      	0.828083
594	48    	0.291979 	0.208915	-0.018     	0.828083
595	47    	0.330631 	0.192884	0.0622085  	0.755024
596	46    	0.312169 	0.193159	-0.018     	0.755024
597	43    	0.382559 	0.202586	-0.0175    	0.755024
598	46    	0.347361 	0.228303	-0.0171427 	0.835175
599	45    	0.382503 	0.244982	-0.02      	0.818132
600	48    	0.286489 	0.224314	-0.02      	0.818132
601	45    	0.327505 	0.257229	-0.0175    	0.755575
602	42    	0.401189 	0.259106	-0.0174944 	1.0298  
603	39    	0.450089 	0.306603	-0.0166668 	1.14633 
604	41    	0.48852  	0.294215	-0.015     	1.14633 
605	47    	0.414613 	0.305371	-0.02      	1.14633 
606	47    	0.301554 	0.245034	-0.02      	1.14633 
607	44    	0.390871 	0.275524	-0.0171429 	1.14633 
608	46    	0.323984 	0.260573	-0.02      	1.07173 
609	47    	0.363954 	0.250148	-0.0171429 	1.07173 
610	45    	0.394167 	0.275538	-0.02      	1.07173 
611	46    	0.322878 	0.260664	-0.0171429 	1.07173 
612	46    	0.333593 	0.295445	-0.0175    	1.11707 
613	47    	0.321981 	0.242946	-0.02      	1.11707 
614	45    	0.360474 	0.27899 	-0.01      	1.07173 
615	44    	0.422597 	0.305629	-0.0166667 	1.07173 
616	46    	0.374429 	0.227318	0.082718   	0.860891
617	45    	0.317998 	0.24097 	-0.016     	0.850997
618	45    	0.427387 	0.228758	0.0878782  	0.879911
619	48    	0.336822 	0.215755	-0.0175    	0.879911
620	46    	0.348179 	0.200757	0.0479715  	0.879911
621	48    	0.349614 	0.146421	0.0549354  	0.729235
622	45    	0.383789 	0.143447	0.119084   	0.729235
623	43    	0.392145 	0.264536	-1         	0.729235
624	44    	0.430773 	0.192469	0.0243044  	0.729235
625	45    	0.354247 	0.269281	-1         	0.816596
626	49    	0.373774 	0.196752	0.10674    	0.816071
627	50    	0.254859 	0.230416	-1         	0.608281
628	47    	0.380854 	0.118788	0.150719   	0.670789
629	44    	0.367939 	0.135189	0.167349   	0.670789
630	45    	0.349276 	0.243386	-1         	0.670789
631	41    	0.415658 	0.165635	-0.0150002 	0.694903
632	47    	0.392675 	0.159519	0.103858   	0.756438
633	48    	0.319072 	0.14198 	-0.016     	0.684659
634	44    	0.349201 	0.138439	0.0955977  	0.710035
635	47    	0.346605 	0.134424	0.0650952  	0.730218
636	43    	0.341267 	0.147373	-0.0171429 	0.706658
637	46    	0.305554 	0.160574	-0.016     	0.650166
638	47    	0.348771 	0.143408	-0.0177778 	0.63578 
639	46    	0.315982 	0.169272	-0.0166667 	0.730218
640	47    	0.302969 	0.175091	-0.017143  	0.804169
641	47    	0.29375  	0.185888	-0.0175    	0.804169
642	48    	0.287143 	0.193586	-0.0199998 	0.730761
643	47    	0.275959 	0.205859	-0.0174999 	0.730761
644	46    	0.240385 	0.196552	-0.0177778 	0.706658
645	49    	0.278416 	0.157511	-0.0171428 	0.702435
646	48    	0.338501 	0.197652	-0.0199999 	0.812159
647	49    	0.252912 	0.199943	-0.0166667 	0.706658
648	45    	0.283802 	0.18969 	-0.0166666 	0.706658
649	47    	0.32278  	0.211696	-0.0171429 	0.706658
650	45    	0.28957  	0.187742	-0.0177778 	0.706658
651	49    	0.258695 	0.188403	-0.02      	0.805075
652	48    	0.336232 	0.186224	0.116909   	0.825851
653	44    	0.294077 	0.20183 	-0.02      	0.825851
654	50    	0.256359 	0.166271	-0.016     	0.698515
655	46    	0.262499 	0.169742	-0.02      	0.7065  
656	46    	0.237139 	0.200694	-0.02      	0.706501
657	44    	0.297802 	0.200005	-0.017143  	0.751002
658	47    	0.285485 	0.168407	-0.0171429 	0.703488
659	47    	0.298285 	0.211584	-0.02      	0.765735
660	49    	0.299499 	0.166598	-0.0175    	0.617823
661	49    	0.358136 	0.216022	-0.02      	0.765639
662	48    	0.304899 	0.200078	-0.02      	0.784713
663	46    	0.336762 	0.206865	-0.02      	0.730095
664	50    	0.301514 	0.219417	-0.0175001 	0.727463
665	45    	0.351498 	0.208257	-0.02      	0.730095
666	46    	0.33859  	0.209311	-0.0166667 	0.832435
667	47    	0.347503 	0.250065	-0.0171429 	0.832435
668	44    	0.35049  	0.233543	-0.0175    	0.73237 
669	45    	0.352013 	0.235571	-0.0199999 	0.73237 
670	45    	0.317449 	0.246074	-0.0171429 	0.73237 
671	49    	0.225787 	0.163391	-0.0166667 	0.730095
672	49    	0.263654 	0.196797	-0.02      	0.74628 
673	47    	0.252358 	0.194791	-0.0166666 	0.74628 
674	42    	0.324817 	0.215125	-0.0199999 	0.74628 
675	48    	0.263535 	0.203199	-0.02      	0.729969
676	48    	0.285846 	0.179715	-0.02      	0.617032
677	46    	0.292044 	0.17514 	-0.02      	0.730095
678	47    	0.288377 	0.197849	-0.0177778 	0.730095
679	47    	0.288816 	0.214525	-0.0199999 	0.730095
680	47    	0.328338 	0.20814 	-0.01      	0.812977
681	49    	0.285371 	0.225481	-0.02      	0.813756
682	47    	0.264261 	0.233113	-0.0175    	0.812308
683	46    	0.276805 	0.211674	-0.0166667 	0.732772
684	45    	0.309623 	0.203574	-0.0175    	0.819969
685	47    	0.282418 	0.230468	-0.0177778 	0.819969
686	48    	0.266445 	0.222538	-0.0166667 	0.819969
687	45    	0.331995 	0.223757	-0.02      	0.819969
688	49    	0.320735 	0.24445 	-0.02      	0.839912
689	45    	0.358667 	0.259168	-0.0171429 	0.839912
690	47    	0.3215   	0.242292	-0.0166667 	0.812825
691	48    	0.223752 	0.226566	-0.02      	0.812083
692	47    	0.218465 	0.196454	-0.0171429 	0.694751
693	46    	0.282348 	0.204609	-0.0177778 	0.729559
694	45    	0.287184 	0.188555	-0.0175    	0.694118
695	46    	0.366743 	0.208467	-0.0177778 	0.807297
696	47    	0.338021 	0.229341	-0.0175    	0.807297
697	42    	0.354903 	0.257691	-0.0175    	0.838461
698	47    	0.281861 	0.250123	-0.0199999 	0.838461
699	46    	0.270718 	0.214427	-0.02      	0.728288
700	44    	0.329629 	0.226066	-0.02      	0.807637
701	48    	0.349449 	0.207248	-0.0174999 	0.801679
702	43    	0.292    	0.221139	-0.0166667 	0.80144 
703	46    	0.289211 	0.213108	-0.0171428 	0.749284
704	47    	0.323609 	0.192681	-0.0177778 	0.749284
705	44    	0.371729 	0.19746 	-0.015     	0.810827
706	48    	0.290305 	0.195681	-0.0171429 	0.731668
707	46    	0.366318 	0.170483	-0.017143  	0.731637
708	46    	0.298917 	0.187015	-0.02      	0.731637
709	45    	0.28078  	0.159173	-0.0177777 	0.633005
710	44    	0.353383 	0.181316	-0.016     	0.731637
711	49    	0.353502 	0.173128	0.0957573  	0.751821
712	43    	0.403643 	0.209483	-0.0171427 	0.751821
713	47    	0.325879 	0.193562	-0.018     	0.751821
714	44    	0.383385 	0.230836	-0.0177777 	0.753311
715	49    	0.352569 	0.239235	-0.0175001 	0.756557
716	48    	0.413274 	0.247996	0.0665649  	0.832342
717	47    	0.366172 	0.248329	-0.0177778 	0.832342
718	46    	0.319788 	0.24857 	-0.0200001 	0.832288
719	46    	0.323427 	0.220609	-0.0177778 	0.810882
720	47    	0.294363 	0.237477	-0.0171429 	0.827242
721	46    	0.343895 	0.230023	-0.0177778 	0.810882
722	48    	0.295599 	0.224164	-0.018     	0.813947
723	47    	0.37423  	0.238319	-0.0177778 	0.813947
724	43    	0.386833 	0.251673	-0.02      	0.820133
725	45    	0.309404 	0.231357	-0.0200001 	0.813947
726	42    	0.376216 	0.237952	-0.02      	0.814342
727	47    	0.254394 	0.18082 	-0.0199999 	0.728212
728	46    	0.349591 	0.207509	-0.0166666 	0.732138
729	45    	0.305829 	0.253062	-0.0177778 	0.826492
730	46    	0.295065 	0.212096	-0.0200001 	0.826492
731	50    	0.311963 	0.198451	-0.0171428 	0.74355 
732	46    	0.339182 	0.212277	-0.0171429 	0.826543
733	45    	0.387315 	0.213473	-0.0160001 	0.75268 
734	48    	0.328332 	0.256018	-0.02      	0.812083
735	47    	0.328245 	0.266348	-0.02      	0.894372
736	47    	0.360133 	0.260515	-0.0166667 	0.821306
737	48    	0.321628 	0.203058	-0.016     	0.821306
738	46    	0.411594 	0.248903	-0.0171428 	0.819001
739	48    	0.411701 	0.24491 	-0.0133333 	0.896104
740	45    	0.436594 	0.218603	0.0661434  	0.896104
741	42    	0.404271 	0.265028	-0.022857  	0.896104
742	49    	0.323537 	0.216219	-0.0174999 	0.823694
743	46    	0.34901  	0.239026	-0.0181818 	0.810491
744	48    	0.323002 	0.243725	-0.02      	0.832224
745	48    	0.303457 	0.224863	-0.02      	0.832479
746	47    	0.370577 	0.235423	-0.02      	0.832479
747	48    	0.30533  	0.207235	-0.0175    	0.812119
748	44    	0.294366 	0.202223	-0.02      	0.812119
749	43    	0.314023 	0.198167	-0.0175001 	0.812119
750	47    	0.313717 	0.197849	-0.0175    	0.812119
751	48    	0.344277 	0.196487	-0.0150001 	0.812119
752	42    	0.379421 	0.22148 	-0.0171429 	0.812119
753	46    	0.326225 	0.222674	-0.0166667 	0.812119
754	49    	0.3558   	0.174158	-0.02      	0.749107
755	46    	0.36267  	0.224413	-0.018     	0.835107
756	42    	0.360362 	0.259347	-0.0177778 	0.835107
757	45    	0.422742 	0.257024	-0.0175    	0.835107
758	46    	0.329369 	0.238033	-0.0171429 	0.835107
759	43    	0.424193 	0.25644 	-0.0200001 	0.835107
760	46    	0.332983 	0.259172	-0.0175    	0.835107
761	48    	0.293304 	0.202353	-0.0171429 	0.835107
762	48    	0.306492 	0.220465	-0.02      	0.825852
763	49    	0.324327 	0.214379	-0.0175001 	0.757741
764	50    	0.314238 	0.205508	-0.0166667 	0.903457
765	49    	0.292419 	0.220286	-0.0181819 	0.794519
766	44    	0.359069 	0.225809	-0.0177778 	0.788795
767	49    	0.34035  	0.205076	0.059402   	0.80275 
768	48    	0.375883 	0.204464	-0.0133333 	0.758245
769	47    	0.363274 	0.185234	-0.016     	0.851624
770	45    	0.333506 	0.206556	-0.018     	0.851624
771	45    	0.334162 	0.203619	0.058698   	0.851624
772	45    	0.37092  	0.208531	0.0745903  	0.851624
773	41    	0.387466 	0.214732	0.0752031  	0.748192
774	42    	0.358509 	0.22299 	-0.0133334 	0.749058
775	44    	0.371057 	0.197264	0.0840643  	0.749058
776	45    	0.320101 	0.209173	-0.0166667 	0.76377 
777	49    	0.297881 	0.182428	-0.0177777 	0.748192
778	44    	0.32916  	0.194329	-0.0175    	0.676927
779	44    	0.359313 	0.178317	0.0920041  	0.835971
780	48    	0.355105 	0.19524 	-0.02      	0.766514
781	50    	0.30523  	0.151751	-0.0171429 	0.649969
782	46    	0.379833 	0.170813	-0.0175    	0.71682 
783	45    	0.353443 	0.193474	-0.0150001 	0.731699
784	48    	0.302962 	0.206592	-0.02      	0.730197
785	42    	0.355511 	0.217803	-0.0175001 	0.835619
786	43    	0.307131 	0.256273	-0.02      	0.731699
787	45    	0.265875 	0.239026	-0.02      	0.731699
788	47    	0.327104 	0.237325	-0.0175    	0.731322
789	47    	0.243864 	0.215119	-0.02      	0.731322
790	47    	0.272917 	0.1981  	-0.02      	0.755602
791	45    	0.334984 	0.240667	-0.0177778 	0.731322
792	47    	0.302845 	0.249404	-0.018     	0.834784
793	46    	0.277838 	0.213466	-0.0200001 	0.797563
794	44    	0.34769  	0.218943	-0.0175    	0.797563
795	48    	0.274359 	0.215448	-0.0200002 	0.795646
796	47    	0.310686 	0.197942	-0.02      	0.795646
797	43    	0.375037 	0.213379	-0.02      	0.797563
798	43    	0.330112 	0.242387	-0.02      	0.797563
799	45    	0.370195 	0.275248	-0.0175    	0.797563
800	46    	0.290835 	0.261453	-0.02      	0.797563
801	44    	0.270234 	0.260978	-0.02      	0.797563
802	45    	0.289877 	0.247215	-0.0177777 	0.797563
803	46    	0.293275 	0.25823 	-0.0200001 	0.797563
804	45    	0.273389 	0.195507	-0.02      	0.797563
805	49    	0.281269 	0.184292	-0.02      	0.73105 
806	49    	0.288996 	0.175703	-0.0175    	0.706285
807	46    	0.307525 	0.197502	-0.0177779 	0.706419
808	45    	0.274024 	0.219751	-0.0175    	0.706419
809	48    	0.266039 	0.2087  	-0.02      	0.706419
810	48    	0.307713 	0.238746	-0.0177778 	0.747251
811	48    	0.280982 	0.223244	-0.02      	0.872287
812	43    	0.292736 	0.168859	-0.0166667 	0.706501
813	46    	0.278696 	0.136855	-0.02      	0.578904
814	47    	0.288834 	0.130634	-0.0177778 	0.578904
815	44    	0.302544 	0.162108	-0.02      	0.73119 
816	47    	0.350587 	0.170666	-0.016     	0.678266
817	44    	0.355629 	0.194727	-0.016     	0.730131
818	49    	0.277891 	0.17123 	-0.02      	0.648525
819	47    	0.30021  	0.167915	-0.02      	0.645829
820	46    	0.339401 	0.206293	-0.02      	0.695977
821	46    	0.316029 	0.214563	-0.02      	0.695977
822	48    	0.247013 	0.205635	-0.0175    	0.830908
823	47    	0.330463 	0.205862	-0.0177777 	0.718768
824	47    	0.308644 	0.218631	-0.02      	0.730613
825	45    	0.323688 	0.209488	-0.02      	0.753432
826	45    	0.333527 	0.218185	-0.0181818 	0.72197 
827	48    	0.334565 	0.204491	-0.0166647 	0.718768
828	47    	0.326445 	0.202885	-0.0166668 	0.754668
829	47    	0.359651 	0.234302	-0.0150001 	0.875924
830	46    	0.304129 	0.209903	-0.0166667 	0.806147
831	47    	0.292866 	0.229252	-0.0177778 	0.754668
832	45    	0.354167 	0.210145	-0.0175    	0.754668
833	47    	0.309419 	0.228738	-0.02      	0.836407
834	46    	0.345898 	0.238389	-0.0177778 	0.754726
835	45    	0.328683 	0.241819	-0.02      	0.82703 
836	46    	0.346276 	0.210819	-0.0171429 	0.75424 
837	45    	0.399318 	0.220481	-0.018     	0.859606
838	47    	0.37508  	0.189744	-0.02      	0.859606
839	45    	0.460894 	0.226824	-0.02      	0.860835
840	50    	0.306089 	0.212577	-0.0177778 	0.813955
841	48    	0.296701 	0.19594 	-0.0177778 	0.76    
842	44    	0.422973 	0.193558	0.0992217  	0.76    
843	49    	0.343966 	0.219331	-0.02      	0.757808
844	47    	0.378284 	0.221141	-0.0177778 	0.833094
845	47    	0.327709 	0.213168	-0.0175    	0.805742
846	47    	0.308385 	0.224717	-0.02      	0.805742
847	47    	0.318802 	0.235669	-0.02      	0.805742
848	48    	0.245902 	0.209046	-0.0175001 	0.805742
849	48    	0.298799 	0.206199	-0.02      	0.805742
850	45    	0.242415 	0.223353	-0.02      	0.805742
851	46    	0.281879 	0.210041	-0.0175    	0.805742
852	48    	0.30363  	0.178796	-0.0166666 	0.914501
853	48    	0.310166 	0.160349	-0.0175    	0.721791
854	47    	0.331951 	0.162666	0.0762577  	0.829339
855	39    	0.392973 	0.211295	-0.0199999 	0.829339
856	46    	0.431214 	0.223877	-0.0166666 	0.829339
857	44    	0.403238 	0.232428	-0.0175    	0.829339
858	44    	0.396415 	0.207865	-0.0133333 	0.829339
859	47    	0.379994 	0.203148	-0.0177778 	0.754333
860	44    	0.487571 	0.206171	-0.018     	0.815191
861	47    	0.37575  	0.234659	-0.0171429 	0.815191
862	44    	0.402801 	0.220228	0.0804371  	0.815191
863	45    	0.34636  	0.234538	-0.0150003 	0.815191
864	48    	0.334884 	0.21021 	-0.0177777 	0.774146
865	48    	0.340405 	0.200211	-0.0179999 	0.817491
866	46    	0.418997 	0.233661	-0.02      	0.82724 
867	48    	0.387738 	0.227407	-0.0175    	0.753586
868	47    	0.335158 	0.19277 	-0.0177778 	0.753586
869	48    	0.417127 	0.201304	0.0611222  	0.798539
870	48    	0.365565 	0.260647	-0.018     	0.821306
871	40    	0.390477 	0.256351	-0.0199999 	0.821306
872	49    	0.308987 	0.20603 	-0.0177779 	0.821306
873	44    	0.375401 	0.210435	-0.0171428 	0.821306
874	46    	0.394424 	0.213365	-0.0177777 	0.821306
875	46    	0.366899 	0.230464	-0.015     	0.834784
876	47    	0.367729 	0.246904	-0.0199999 	0.83537 
877	46    	0.368437 	0.223728	-0.0171429 	0.83537 
878	43    	0.352322 	0.252722	-0.0166668 	0.83537 
879	48    	0.32921  	0.229265	-0.0166667 	0.83537 
880	45    	0.333328 	0.251223	-0.0177748 	0.83537 
881	47    	0.283763 	0.221352	-0.02      	0.83537 
882	45    	0.349481 	0.206792	-0.01      	0.756867
883	49    	0.292236 	0.204372	-0.018     	0.756867
884	46    	0.356698 	0.179144	-0.0166667 	0.756867
885	48    	0.326495 	0.208339	-0.0200001 	0.71234 
886	47    	0.33978  	0.212123	-0.0177778 	0.811247
887	45    	0.27874  	0.222272	-0.0228572 	0.715444
888	48    	0.346747 	0.215725	-0.0183332 	0.756677
889	45    	0.31714  	0.186913	-0.0175    	0.756677
890	48    	0.283442 	0.179888	-0.02      	0.756677
891	49    	0.288119 	0.14241 	-0.018     	0.740159
892	49    	0.311093 	0.13989 	-0.02      	0.642526
893	44    	0.299118 	0.172775	-0.0199999 	0.700717
894	47    	0.356143 	0.178695	-0.0171429 	0.700717
895	45    	0.331954 	0.173353	-0.017143  	0.651187
896	47    	0.310531 	0.190535	-0.02      	0.662486
897	49    	0.359742 	0.17045 	-0.0150001 	0.651187
898	47    	0.342319 	0.224604	-0.0175    	0.809425
899	46    	0.323768 	0.214198	-0.0166667 	0.809425
900	47    	0.334951 	0.217085	-0.0166667 	0.809425
901	47    	0.341543 	0.216521	0.0613292  	0.809425
902	48    	0.36411  	0.200518	-0.015     	0.753532
903	48    	0.342074 	0.202713	-0.0177778 	0.705837
904	47    	0.262625 	0.222595	-0.02      	0.705837
905	50    	0.284705 	0.183531	-0.0166667 	0.615412
906	47    	0.301187 	0.186106	-0.0177778 	0.697396
907	48    	0.304017 	0.227324	-0.02      	0.813756
908	45    	0.31803  	0.202006	-0.0166667 	0.696248
909	46    	0.288435 	0.220075	-0.02      	0.806106
910	45    	0.300129 	0.223208	-0.02      	0.695417
911	44    	0.38707  	0.193934	-0.02      	0.705984
912	41    	0.368423 	0.249716	-0.02      	0.705984
913	47    	0.279445 	0.224238	-0.0171429 	0.702995
914	48    	0.327172 	0.21567 	-0.0174999 	0.706012
915	48    	0.29245  	0.23652 	-0.02      	0.705337
916	44    	0.335642 	0.253201	-0.0171429 	0.802666
917	48    	0.319509 	0.251138	-0.02      	0.812977
918	48    	0.30472  	0.243148	-0.0166667 	0.812977
919	48    	0.282787 	0.24883 	-0.0175    	0.812977
920	45    	0.261312 	0.233444	-0.0171428 	0.705352
921	45    	0.314647 	0.249139	-0.02      	0.819334
922	45    	0.303076 	0.262088	-0.0175    	0.819969
923	46    	0.269574 	0.238079	-0.0175    	0.819334
924	45    	0.314676 	0.219636	-0.0166667 	0.819334
925	43    	0.332041 	0.264009	-0.0177778 	0.705984
926	46    	0.33915  	0.211346	-0.02      	0.705352
927	47    	0.275049 	0.234331	-0.0171429 	0.813708
928	47    	0.243355 	0.209357	-0.0175001 	0.705828
929	43    	0.30567  	0.216773	-0.02      	0.705828
930	46    	0.350898 	0.253796	-0.02      	0.811247
931	47    	0.330771 	0.265126	-0.0171429 	0.813708
932	46    	0.289728 	0.281571	-0.0171428 	0.818826
933	42    	0.36028  	0.275971	-0.0175    	0.818826
934	49    	0.271083 	0.247979	-0.017143  	0.856409
935	46    	0.30849  	0.24393 	-0.0171429 	0.856409
936	44    	0.355679 	0.239556	-0.0171429 	0.856409
937	46    	0.320745 	0.263332	-0.0171429 	0.818826
938	47    	0.32219  	0.243552	-0.0166667 	0.819969
939	45    	0.385967 	0.228838	-0.0166667 	0.818826
940	49    	0.275944 	0.227536	-0.0177778 	0.818826
941	44    	0.378925 	0.225529	-0.02      	0.818826
942	46    	0.328361 	0.246121	-0.0171429 	0.818826
943	48    	0.284844 	0.209563	-0.0166667 	0.818826
944	44    	0.367597 	0.232168	-0.02      	0.818826
945	47    	0.302867 	0.254342	-0.0199998 	0.818826
946	46    	0.319497 	0.243878	-0.0171429 	0.818826
947	48    	0.228154 	0.206426	-0.02      	0.804601
948	49    	0.298226 	0.195325	-0.0166666 	0.804635
949	46    	0.293432 	0.21201 	-0.0166666 	0.813756
950	50    	0.215819 	0.163928	-0.0175    	0.705123
951	48    	0.263027 	0.191873	-0.02      	0.705169
952	46    	0.288803 	0.197188	-0.02      	0.819969
953	48    	0.239143 	0.176772	-0.0171429 	0.687579
954	45    	0.27566  	0.185971	-0.02      	0.687579
955	44    	0.283622 	0.197463	-0.02      	0.687579
956	49    	0.321812 	0.21993 	-0.0175    	0.706012
957	46    	0.341749 	0.253991	-0.0166666 	0.813756
958	45    	0.290424 	0.260414	-0.0171431 	0.813756
959	43    	0.321727 	0.257684	-0.0171429 	0.813708
960	45    	0.269371 	0.216474	-0.0171429 	0.813708
961	48    	0.213203 	0.185424	-0.0166668 	0.812083
962	48    	0.290017 	0.209432	-0.0175    	0.813981
963	47    	0.321764 	0.23535 	-0.02      	0.813981
964	47    	0.316229 	0.25211 	-0.0228571 	0.813981
965	48    	0.270534 	0.242725	-0.0175    	0.813811
966	46    	0.299359 	0.223362	-0.0199999 	0.813811
967	46    	0.296544 	0.22115 	-0.0199999 	0.814015
968	48    	0.266721 	0.199906	-0.02      	0.814015
969	47    	0.266417 	0.189113	-0.02      	0.727424
970	48    	0.317414 	0.214052	-0.0171429 	0.81683 
971	48    	0.263433 	0.206159	-0.0166666 	0.813771
972	48    	0.236493 	0.205267	-0.02      	0.813954
973	44    	0.328149 	0.171192	-0.0171428 	0.813771
974	47    	0.274334 	0.182554	-0.02      	0.629586
975	48    	0.31189  	0.176431	-0.0166667 	0.690496
976	46    	0.30793  	0.209469	-0.0171429 	0.782018
977	42    	0.325139 	0.254396	-0.02      	0.782018
978	46    	0.2535   	0.212435	-0.02      	0.782018
979	48    	0.24217  	0.170607	-0.0183333 	0.6298  
980	46    	0.255997 	0.166102	-0.0171429 	0.643549
981	50    	0.248986 	0.149932	-0.0171429 	0.834764
982	45    	0.284967 	0.191169	-0.0166667 	0.835026
983	47    	0.267129 	0.178153	-0.0171429 	0.75485 
984	47    	0.323086 	0.156045	-0.0166668 	0.75485 
985	47    	0.316432 	0.150088	-0.0166667 	0.75485 
986	48    	0.274502 	0.160229	-0.0166667 	0.75485 
987	50    	0.330951 	0.154716	-0.0133332 	0.689606
988	46    	0.355631 	0.149168	0.053462   	0.689606
989	40    	0.352991 	0.180468	0.0512285  	0.689606
990	48    	0.320215 	0.165515	-0.0150001 	0.628821
991	46    	0.306772 	0.170394	-0.0133333 	0.857135
992	45    	0.379549 	0.169839	-0.016     	0.721178
993	49    	0.351024 	0.149857	0.0846772  	0.794154
994	42    	0.353398 	0.184155	-0.0133333 	0.794154
995	45    	0.371476 	0.231546	-0.017143  	0.809459
996	48    	0.318471 	0.167004	-0.0174999 	0.610878
997	45    	0.320622 	0.166907	-0.02      	0.680665
998	44    	0.337952 	0.168405	-0.0150003 	0.755354
999	46    	0.343257 	0.207728	-0.0177778 	0.848523
1000	45    	0.342359 	0.208949	-0.0175    	0.848523
Best individuals:
(1.146333245063366,) 	-->	 /*9*/UDDDDBRLFRBUUU
VMNeuronManager.autoload: Neuro classes added: Delay Light Nn PIDP PIDV SeeLight SeeLight2 S0 S1 Thr 
UserScripts.autoload: 19 user scripts added.
Simulator.load: Loading from 'eval-allcriteria.sim'
Loader.load: Comments read from file follow:
Loader.load:  Sample settings for evaluating many criteria of performance of a Framsticks creature.
Loader.load:  See the "evalcount" parameter if you want to speed the evaluation up or have a more stable result.
Loader.load:  Other important parameters are "Energy0" and "perfperiod".
Loader.load:  Put this file in the "data" subdirectory within the Framsticks distribution.
Simulator.load: Settings loaded from 'eval-allcriteria.sim'
Simulator.load: Loading from 'deterministic.sim'
Loader.load: Comments read from file follow:
Loader.load:  Parameter values that make the evaluation of a Framsticks creature deterministic.
Loader.load:  The values turn off random noise, so evaluation of the same genotype will always yield the same performance.
Loader.load:  The advantage is that you do not need to evaluate a genotype many times, and performance values are reliable.
Loader.load:  The disadvantage is that evolved creatures are "overfitting", i.e. rely entirely on the specific environment,
Loader.load:  and their behavior may be different in any other environment or (even slightly) changed conditions or parameter values,
Loader.load:  so each creature evolved using these settings must be later inspected using exactly the same setup.
Loader.load: 
Loader.load:  Before loading this file, load base settings, e.g. "eval-allcriteria.sim".
Loader.load:  Put this file in the "data" subdirectory within the Framsticks distribution.
Simulator.load: Settings loaded from 'deterministic.sim'
Simulator.load: Loading from 'sample-period-2.sim'
Loader.load: Comments read from file follow:
Loader.load:  Very low "performance sampling period" in the first population to sample performance very often during lifespan
Loader.load:  and avoid overlooking some behavior. Averaged performance of sampled values is returned as the final value.
Loader.load:  See http://www.framsticks.com/a/al_params.html#exper-perfcalc
Loader.load: 
Loader.load:  Before loading this file, load base settings, e.g. "eval-allcriteria.sim".
Loader.load:  Put this file in the "data" subdirectory within the Framsticks distribution.
Simulator.load: Loading from 'f9-mut-020.sim'
Simulator.load: Settings loaded from 'f9-mut-020.sim'
