Argument values: path=C:\Users\1625203\Downloads\Framsticks50rc22\Framsticks50rc22, lib=None, sim=eval-allcriteria.sim;deterministic.sim;sample-period-2.sim;f9-mut-050.sim, genformat=None, initialgenotype=/*9*/BLU, opt=vertpos, popsize=50, generations=1000, tournament=10, pmut=0.9, pxov=0.2, hof_size=1, hof_savefile=None, max_numparts=30, max_numjoints=None, max_numneurons=None, max_numconnections=None, max_numgenochars=50
Using Framsticks version: 5.0rc22
Home (writable) dir     : C:\Users\1625203\Downloads\Framsticks50rc22\Framsticks50rc22\data
Resources dir           : C:\Users\1625203\Downloads\Framsticks50rc22\Framsticks50rc22\data

Available objects: ['CheckpointEvent', 'Collision', 'CrCollision', 'Creature', 'CreatureSettings', 'CreatureSignals', 'CreatureSnapshot', 'Dictionary', 'ExpProperties', 'ExpState', 'ExtValue', 'File', 'FunctionReference', 'GenMan', 'GenManStats', 'GenePool', 'GenePools', 'Geno', 'Genotype', 'Interface', 'Joint', 'Loader', 'Math', 'MechJoint', 'MechPart', 'MessageCatcher', 'Model', 'ModelGeometry', 'ModelSymmetry', 'Neuro', 'NeuroClass', 'NeuroClassLibrary', 'NeuroDef', 'NeuroSignals', 'NeuronsSimEnabled', 'ODE', 'Orient', 'Part', 'Population', 'Populations', 'Ref', 'Signal', 'SignalView', 'SimilMeasure', 'SimilMeasureDistribution', 'SimilMeasureGreedy', 'SimilMeasureHungarian', 'Simulator', 'SlaveSimulators', 'StopEvent', 'String', 'UserScripts', 'Vector', 'WireframeAppearance', 'World', 'WorldMap', 'WorldSignals', 'XYZ', '__builtins__', '__cached__', '__doc__', '__file__', '__loader__', '__name__', '__package__', '__spec__', 'c_api', 'ctypes', 'home_dir', 'init', 'os', 're', 'res_dir', 'sim_params', 'stats', 'sys']

Performing a basic test 1/2... OK.
Performing a basic test 2/2... OK.
Using settings: ['eval-allcriteria.sim', 'deterministic.sim', 'sample-period-2.sim', 'f9-mut-050.sim']
gen	nevals	avg     	stddev	min     	max     
0  	50    	0.218369	0     	0.218369	0.218369
1  	45    	0.0838711	0.138837	-0.015  	0.514537
2  	46    	0.0930466	0.150064	-0.0166667	0.514537
3  	49    	0.0970358	0.140119	-0.0166667	0.514329
4  	46    	0.153616 	0.146647	-0.02     	0.514329
5  	45    	0.170941 	0.166851	-0.02     	0.515749
6  	47    	0.18029  	0.184634	-0.02     	0.813811
7  	46    	0.230437 	0.149452	-0.0159985	0.813811
8  	44    	0.226009 	0.208635	-0.018    	0.813811
9  	47    	0.263219 	0.144884	-0.02     	0.813811
10 	49    	0.247192 	0.121325	-0.0175   	0.550669
11 	47    	0.240705 	0.120767	-0.0177777	0.550669
12 	44    	0.242642 	0.112287	-0.02     	0.550669
13 	47    	0.242744 	0.121369	-0.0199999	0.446974
14 	45    	0.295551 	0.106345	-0.018    	0.512694
15 	43    	0.295997 	0.0904362	0.0749886 	0.456087
16 	47    	0.29142  	0.119875 	-0.0171429	0.574816
17 	45    	0.328508 	0.140242 	0.0808543 	0.672499
18 	42    	0.328754 	0.150815 	-0.0183333	0.672499
19 	47    	0.287927 	0.112374 	-0.02     	0.574816
20 	47    	0.283331 	0.136125 	-0.0133337	0.574816
21 	46    	0.299154 	0.113661 	0.0959546 	0.574816
22 	44    	0.302375 	0.11598  	-0.0150001	0.574816
23 	49    	0.274767 	0.0993692	0.0945929 	0.574816
24 	48    	0.29471  	0.078573 	0.13793   	0.501912
25 	46    	0.275853 	0.0901221	-0.02     	0.435401
26 	44    	0.283761 	0.0951187	-0.0175   	0.46327 
27 	43    	0.311478 	0.0959781	0.0995971 	0.571144
28 	48    	0.275664 	0.110616 	-0.02     	0.571144
29 	49    	0.282654 	0.105459 	-0.015    	0.505379
30 	46    	0.277087 	0.0932798	0.0412853 	0.472465
31 	48    	0.275721 	0.106203 	0.0803981 	0.71992 
32 	48    	0.284044 	0.0969097	0.0804202 	0.451232
33 	46    	0.28226  	0.10291  	-0.0175   	0.494308
34 	47    	0.304439 	0.08068  	0.158549  	0.494308
35 	48    	0.265466 	0.198815 	-1        	0.467386
36 	49    	0.222775 	0.321786 	-1        	0.507058
37 	45    	0.232944 	0.279285 	-1        	0.507058
38 	46    	0.197036 	0.366531 	-1        	0.52441 
39 	45    	0.242133 	0.327431 	-1        	0.527147
40 	48    	0.120849 	0.495424 	-1        	0.530109
41 	48    	0.191303 	0.364885 	-1        	0.530109
42 	45    	0.204138 	0.367829 	-1        	0.52441 
43 	47    	0.0341484	0.525154 	-1        	0.52441 
44 	48    	0.0197782	0.548357 	-1        	0.55405 
45 	47    	0.0911334	0.484956 	-1        	0.55405 
46 	48    	0.144072 	0.43515  	-1        	0.505569
47 	41    	0.226758 	0.373781 	-1        	0.505569
48 	44    	0.222741 	0.325867 	-1        	0.513044
49 	49    	0.194467 	0.206472 	-1        	0.513044
50 	48    	0.269264 	0.10825  	0.0720671 	0.582201
51 	45    	0.285072 	0.0974462	-0.018    	0.515761
52 	44    	0.288204 	0.120332 	-0.0175   	0.561717
53 	44    	0.284997 	0.101533 	0.0980274 	0.511151
54 	44    	0.284497 	0.102867 	0.0422563 	0.511151
55 	48    	0.254366 	0.0865879	0.0639535 	0.429692
56 	45    	0.292876 	0.0934529	0.0839557 	0.474689
57 	48    	0.266942 	0.0803247	0.0748336 	0.474689
58 	47    	0.284842 	0.0871797	0.107844  	0.491727
59 	45    	0.27192  	0.204405 	-1        	0.540543
60 	42    	0.270891 	0.214082 	-1        	0.540543
61 	45    	0.298478 	0.105982 	0.0665559 	0.540543
62 	45    	0.289741 	0.210202 	-1        	0.540543
63 	44    	0.281731 	0.279521 	-1        	0.552994
64 	47    	0.295219 	0.208702 	-1        	0.552994
65 	46    	0.268766 	0.27157  	-1        	0.552994
66 	48    	0.273118 	0.202834 	-1        	0.481627
67 	45    	0.273327 	0.198549 	-1        	0.481627
68 	47    	0.22804  	0.264522 	-1        	0.481627
69 	48    	0.241791 	0.190976 	-1        	0.419393
70 	46    	0.241789 	0.194882 	-1        	0.396181
71 	41    	0.29662  	0.0973391	-0.015    	0.470069
72 	43    	0.316736 	0.101666 	0.062579  	0.614372
73 	48    	0.278672 	0.12372  	-0.018    	0.474222
74 	48    	0.200716 	0.271393 	-1        	0.532966
75 	47    	0.238361 	0.21351  	-1        	0.619572
76 	45    	0.21621  	0.325892 	-1        	0.520284
77 	48    	0.233161 	0.268843 	-1        	0.532455
78 	45    	0.274249 	0.121446 	-0.0216667	0.543284
79 	49    	0.23012  	0.198252 	-1        	0.538803
80 	43    	0.179498 	0.361248 	-1        	0.439586
81 	48    	0.270637 	0.200062 	-1        	0.444981
82 	45    	0.137117 	0.431624 	-1        	0.465945
83 	49    	0.244435 	0.198904 	-1        	0.475692
84 	45    	0.265627 	0.205583 	-1        	0.475692
85 	46    	0.283132 	0.0817404	0.0930939 	0.475692
86 	45    	0.265734 	0.20922  	-1        	0.513868
87 	46    	0.300376 	0.0981911	0.13968   	0.565879
88 	45    	0.316747 	0.101244 	0.127351  	0.565879
89 	46    	0.312546 	0.103193 	-0.01     	0.570029
90 	47    	0.294142 	0.0874842	0.133104  	0.570029
91 	48    	0.295043 	0.0943133	-0.016    	0.570029
92 	47    	0.293947 	0.0921756	0.148539  	0.570029
93 	44    	0.303985 	0.0910676	0.084512  	0.566852
94 	48    	0.208806 	0.315297 	-1        	0.566852
95 	48    	0.12782  	0.46177  	-1        	0.566852
96 	41    	0.295803 	0.202518 	-1        	0.566852
97 	42    	0.256443 	0.274398 	-1        	0.566852
98 	48    	0.302118 	0.206401 	-1        	0.593251
99 	48    	0.280034 	0.278645 	-1        	0.593251
100	43    	0.31444  	0.216685 	-1        	0.593251
101	47    	0.253517 	0.273274 	-1        	0.593251
102	46    	0.203891 	0.370935 	-1        	0.593251
103	46    	0.239168 	0.325257 	-1        	0.593251
104	48    	0.21845  	0.319289 	-1        	0.525906
105	46    	0.256345 	0.268101 	-1        	0.525906
106	45    	0.271799 	0.273671 	-1        	0.525906
107	48    	0.244194 	0.269047 	-1        	0.494062
108	46    	0.211416 	0.365705 	-1        	0.494062
109	45    	0.270665 	0.204522 	-1        	0.494062
110	47    	0.249569 	0.278485 	-1        	0.641736
111	47    	0.319469 	0.108801 	0.0892291 	0.641736
112	43    	0.259443 	0.290265 	-1        	0.641736
113	45    	0.286646 	0.138654 	-0.0177778	0.641736
114	45    	0.310896 	0.127785 	-0.0177778	0.641736
115	45    	0.22264  	0.279893 	-1        	0.641736
116	43    	0.259808 	0.279867 	-1        	0.641736
117	47    	0.297919 	0.0873011	-0.01     	0.498997
118	49    	0.299421 	0.104449 	-0.0177778	0.593171
119	45    	0.286904 	0.114899 	-0.016    	0.593171
120	47    	0.21988  	0.321816 	-1        	0.593171
121	44    	0.338206 	0.0855061	0.169534  	0.524553
122	44    	0.262219 	0.333314 	-1        	0.634308
123	48    	0.26437  	0.275845 	-1        	0.634308
124	45    	0.220034 	0.373701 	-1        	0.634308
125	46    	0.134907 	0.466332 	-1        	0.634308
126	44    	0.292092 	0.203464 	-1        	0.450157
127	45    	0.27956  	0.206984 	-1        	0.458127
128	45    	0.152205 	0.433722 	-1        	0.54438 
129	40    	0.248477 	0.325836 	-1        	0.54438 
130	48    	0.207422 	0.36641  	-1        	0.552337
131	48    	0.168343 	0.441235 	-1        	0.54438 
132	46    	0.201849 	0.369817 	-1        	0.53648 
133	45    	0.242527 	0.326984 	-1        	0.53648 
134	46    	0.204164 	0.366896 	-1        	0.53648 
135	43    	0.241319 	0.324952 	-1        	0.53648 
136	45    	0.214498 	0.368175 	-1        	0.53648 
137	43    	0.15698  	0.474174 	-1        	0.541455
138	49    	0.208243 	0.363921 	-1        	0.558052
139	48    	0.0407864	0.524678 	-1        	0.429302
140	43    	0.177352 	0.398729 	-1        	0.429302
141	48    	0.131606 	0.426716 	-1        	0.423454
142	42    	0.303147 	0.198993 	-1        	0.463898
143	46    	0.0837915	0.513322 	-1        	0.486375
144	46    	0.297738 	0.205675 	-1        	0.555093
145	49    	0.22476  	0.318623 	-1        	0.49198 
146	48    	0.163777 	0.395666 	-1        	0.49198 
147	45    	0.137578 	0.464438 	-1        	0.49198 
148	49    	0.0954237	0.484398 	-1        	0.454108
149	46    	0.163929 	0.436055 	-1        	0.527048
150	47    	0.0303991	0.551477 	-1        	0.574784
151	43    	0.233569 	0.37153  	-1        	0.574784
152	48    	0.272294 	0.271774 	-1        	0.501763
153	46    	0.179374 	0.39964  	-1        	0.501763
154	43    	0.170048 	0.44065  	-1        	0.501763
155	45    	0.215122 	0.371455 	-1        	0.526589
156	45    	0.0926217	0.518579 	-1        	0.483992
157	47    	-0.0783708	0.607623 	-1        	0.49358 
158	45    	0.10394   	0.491415 	-1        	0.522123
159	49    	0.0802197 	0.511203 	-1        	0.49223 
160	48    	0.215866  	0.317396 	-1        	0.45367 
161	45    	0.310389  	0.0891316	0.0913434 	0.468665
162	42    	0.284689  	0.202941 	-1        	0.468665
163	48    	0.260667  	0.202079 	-1        	0.480172
164	45    	0.233139  	0.323994 	-1        	0.480172
165	46    	0.266345  	0.205621 	-1        	0.480172
166	46    	0.239067  	0.325586 	-1        	0.488326
167	45    	0.237173  	0.324004 	-1        	0.488326
168	50    	0.217717  	0.369652 	-1        	0.574434
169	44    	0.200533  	0.365667 	-1        	0.510486
170	47    	0.27937   	0.197138 	-1        	0.472222
171	44    	0.101041  	0.486328 	-1        	0.472222
172	45    	0.106744  	0.489289 	-1        	0.460761
173	44    	0.273755  	0.271185 	-1        	0.483619
174	47    	0.229055  	0.324292 	-1        	0.497754
175	45    	0.258525  	0.270639 	-1        	0.497754
176	45    	0.0674215 	0.505377 	-1        	0.497754
177	46    	0.0692989 	0.509278 	-1        	0.497754
178	45    	0.0969392 	0.490538 	-1        	0.522857
179	46    	0.225136  	0.370057 	-1        	0.522857
180	46    	-0.0169416	0.586261 	-1        	0.522857
181	45    	0.186745  	0.401107 	-1        	0.451926
182	45    	0.149763  	0.432121 	-1        	0.451926
183	46    	0.182716  	0.401365 	-1        	0.451531
184	46    	0.240498  	0.322023 	-1        	0.498005
185	48    	0.0728787 	0.507268 	-1        	0.496264
186	48    	0.078899  	0.513838 	-1        	0.529441
187	44    	0.167925  	0.402189 	-1        	0.529441
188	44    	0.268847  	0.273346 	-1        	0.496264
189	47    	0.134694  	0.46725  	-1        	0.557743
190	43    	0.265192  	0.332123 	-1        	0.557743
191	47    	0.116517  	0.497058 	-1        	0.54223 
192	44    	0.228316  	0.377255 	-1        	0.662191
193	46    	0.108517  	0.528967 	-1        	0.662191
194	46    	0.112534  	0.497232 	-1        	0.662191
195	47    	0.186247  	0.40481  	-1        	0.662191
196	43    	0.171447  	0.482084 	-1        	0.662191
197	49    	0.117172  	0.496755 	-1        	0.662191
198	47    	0.144691  	0.469888 	-1        	0.662191
199	43    	0.103494  	0.527028 	-1        	0.662191
200	49    	-0.0527285	0.597235 	-1        	0.662191
201	41    	0.180957  	0.45385  	-1        	0.662191
202	45    	0.0761345 	0.551367 	-1        	0.662191
203	46    	0.0630719 	0.574336 	-1        	0.662191
204	46    	0.181133  	0.403023 	-1        	0.662191
205	45    	0.202572  	0.361618 	-1        	0.417061
206	45    	0.0565326 	0.531633 	-1        	0.43324 
207	48    	0.291992  	0.198924 	-1        	0.489852
208	49    	0.0998591 	0.486344 	-1        	0.4508  
209	45    	0.189399  	0.407711 	-1        	0.572198
210	49    	0.117762  	0.46023  	-1        	0.572198
211	44    	0.162622  	0.445514 	-1        	0.576161
212	46    	0.264758  	0.223359 	-1        	0.650471
213	43    	0.29631   	0.173541 	-0.0166667	0.837372
214	46    	0.297332  	0.160369 	-0.02     	0.837372
215	45    	0.239942  	0.233886 	-1        	0.837372
216	46    	0.301156  	0.147251 	-0.016    	0.837372
217	43    	0.247481  	0.178739 	-0.0177778	0.837372
218	42    	0.268922  	0.162744 	-0.02     	0.837372
219	48    	0.269616  	0.150271 	-0.02     	0.837372
220	45    	0.284738  	0.181736 	-0.0171429	0.837372
221	47    	0.270515  	0.190391 	-0.0171429	0.837372
222	46    	0.261685  	0.190698 	-0.0200001	0.837372
223	49    	0.250105  	0.12695  	-0.0200001	0.607111
224	48    	0.230914  	0.133204 	-0.02     	0.607111
225	47    	0.226043  	0.116202 	-0.0177778	0.607111
226	46    	0.245356  	0.100518 	-0.0175   	0.607111
227	46    	0.220011  	0.117605 	-0.018    	0.607111
228	48    	0.242772  	0.129768 	-0.0175   	0.607111
229	45    	0.238218  	0.125318 	-0.02     	0.607111
230	48    	0.248116  	0.138482 	-0.0175   	0.661946
231	45    	0.264812  	0.126235 	-0.02     	0.583103
232	45    	0.255811  	0.181162 	-0.0177778	0.652834
233	45    	0.221918  	0.147704 	-0.0166667	0.652834
234	47    	0.243702  	0.133887 	-0.02     	0.652834
235	45    	0.228764  	0.145663 	-0.02     	0.652834
236	48    	0.230626  	0.14853  	-0.0200001	0.652834
237	45    	0.263342  	0.156838 	-0.02     	0.652834
238	45    	0.238227  	0.170241 	-0.02     	0.588303
239	46    	0.200163  	0.158165 	-0.02     	0.580091
240	44    	0.234775  	0.13369  	-0.0175   	0.574335
241	45    	0.247801  	0.141984 	-0.0181818	0.623977
242	46    	0.18299   	0.142684 	-0.02     	0.574335
243	45    	0.202265  	0.140077 	-0.02     	0.571231
244	45    	0.240399  	0.124386 	-0.0177778	0.571231
245	49    	0.24023   	0.146367 	-0.02     	0.617322
246	45    	0.21721   	0.145643 	-0.02     	0.571231
247	49    	0.243245  	0.123636 	-0.0177778	0.578159
248	50    	0.202078  	0.155957 	-0.0175   	0.702711
249	44    	0.262343  	0.116459 	-0.018    	0.54099 
250	47    	0.238732  	0.134473 	-0.02     	0.577132
251	46    	0.2805    	0.107729 	0.0726019 	0.577132
252	47    	0.23904   	0.126082 	-0.0171429	0.604485
253	48    	0.236997  	0.11521  	-0.015    	0.538435
254	48    	0.240602  	0.135023 	-0.0183333	0.538435
255	47    	0.239479  	0.116414 	-0.0171429	0.728219
256	43    	0.258972  	0.134921 	-0.0177778	0.707506
257	45    	0.276272  	0.158416 	-0.016    	0.707506
258	44    	0.292916  	0.162834 	-0.0177777	0.707506
259	48    	0.299216  	0.132362 	0.0642048 	0.707506
260	43    	0.304335  	0.147857 	-0.02     	0.707506
261	48    	0.273199  	0.111029 	-0.0149999	0.632591
262	40    	0.290703  	0.145927 	-0.02     	0.632591
263	44    	0.323225  	0.13118  	0.08699   	0.697097
264	46    	0.294345  	0.105843 	0.114223  	0.632591
265	39    	0.319085  	0.127411 	-0.02     	0.632591
266	42    	0.30592   	0.109831 	-0.0166667	0.632591
267	47    	0.298153  	0.107356 	0.110712  	0.632591
268	47    	0.277166  	0.115974 	-0.01     	0.632591
269	46    	0.248723  	0.221784 	-1        	0.537643
270	48    	0.294372  	0.102566 	0.0701343 	0.50024 
271	48    	0.247342  	0.209797 	-1        	0.49667 
272	46    	0.280193  	0.207531 	-1        	0.49667 
273	46    	0.260057  	0.212386 	-1        	0.49667 
274	46    	0.300938  	0.102291 	-0.0133333	0.49667 
275	48    	0.296553  	0.0913   	0.137754  	0.49667 
276	46    	0.288529  	0.0966108	0.100118  	0.49667 
277	44    	0.212961  	0.320209 	-1        	0.526612
278	48    	0.199865  	0.325142 	-1        	0.597146
279	46    	0.24085   	0.209397 	-1        	0.516576
280	44    	0.25734   	0.202762 	-1        	0.480683
281	47    	0.244951  	0.122081 	-0.02     	0.480683
282	46    	0.250299  	0.106209 	-0.0171428	0.480683
283	48    	0.260464  	0.132204 	-0.0149999	0.615697
284	45    	0.285354  	0.130868 	-0.0175   	0.705828
285	46    	0.275703  	0.136829 	-0.018    	0.705828
286	43    	0.257204  	0.157189 	-0.0177778	0.565056
287	48    	0.273204  	0.12899  	-0.0171429	0.565056
288	43    	0.309165  	0.146501 	-0.0177777	0.565056
289	43    	0.281535  	0.153348 	-0.0150001	0.565056
290	47    	0.286685  	0.115443 	0.0195583 	0.564847
291	46    	0.282751  	0.120112 	-0.0166667	0.538939
292	49    	0.293031  	0.103296 	-0.016    	0.495645
293	46    	0.280739  	0.108991 	0.0658958 	0.495645
294	47    	0.280904  	0.102094 	0.0835885 	0.495645
295	44    	0.28805   	0.0893578	0.09097   	0.472369
296	48    	0.260153  	0.100022 	-0.0133333	0.479968
297	44    	0.278378  	0.0986614	0.0521275 	0.519683
298	47    	0.308822  	0.0805918	0.0989157 	0.519683
299	46    	0.261002  	0.197492 	-1        	0.472278
300	46    	0.318738  	0.0984077	0.0486948 	0.522077
301	45    	0.251473  	0.272376 	-1        	0.522077
302	46    	0.295389  	0.206829 	-1        	0.522077
303	47    	0.316516  	0.0831567	0.148227  	0.522077
304	48    	0.225767  	0.261645 	-1        	0.522077
305	46    	0.279186  	0.203431 	-1        	0.522077
306	46    	0.34364   	0.106938 	0.0812432 	0.695585
307	46    	0.262947  	0.214511 	-1        	0.695585
308	48    	0.278902  	0.0881728	0.0948669 	0.461575
309	48    	0.271201  	0.0839502	0.0923966 	0.502409
310	48    	0.322951  	0.0831523	0.178527  	0.554076
311	44    	0.312458  	0.0987508	0.132525  	0.593546
312	48    	0.222885  	0.319959 	-1        	0.587094
313	50    	0.130119  	0.423674 	-1        	0.500158
314	45    	0.255929  	0.329117 	-1        	0.57458 
315	47    	0.0764931 	0.511417 	-1        	0.57458 
316	47    	0.0977449 	0.486766 	-1        	0.512381
317	46    	0.251566  	0.328025 	-1        	0.561982
318	46    	0.120846  	0.465115 	-1        	0.561982
319	48    	0.341829  	0.0889008	0.0553843 	0.571551
320	47    	0.300217  	0.0934112	0.0740691 	0.571551
321	46    	0.23307   	0.324029 	-1        	0.571551
322	49    	0.221897  	0.263761 	-1        	0.422905
323	42    	0.290021  	0.106108 	-0.0171429	0.505974
324	46    	0.298535  	0.0889445	0.0986793 	0.458731
325	49    	0.214138  	0.31385  	-1        	0.41969 
326	48    	0.215379  	0.315166 	-1        	0.565546
327	46    	0.178191  	0.406263 	-1        	0.565546
328	46    	0.280457  	0.209016 	-1        	0.565546
329	49    	0.233714  	0.267469 	-1        	0.497384
330	46    	0.263142  	0.271521 	-1        	0.515386
331	48    	0.257866  	0.213297 	-1        	0.535956
332	47    	0.254401  	0.269963 	-1        	0.535956
333	47    	0.299397  	0.100339 	-0.0166667	0.535956
334	46    	0.296918  	0.0914706	0.0672466 	0.517481
335	44    	0.294742  	0.0983891	0.114482  	0.517481
336	48    	0.239874  	0.325187 	-1        	0.507701
337	48    	0.251397  	0.20389  	-1        	0.561741
338	45    	0.263469  	0.276873 	-1        	0.565106
339	49    	0.301499  	0.0934642	0.128937  	0.565106
340	45    	0.270032  	0.275803 	-1        	0.500381
341	43    	0.178046  	0.401397 	-1        	0.500381
342	45    	0.0927489 	0.486147 	-1        	0.500381
343	46    	0.181627  	0.402815 	-1        	0.500381
344	44    	0.164647  	0.441453 	-1        	0.518832
345	46    	0.308339  	0.109834 	0.0577861 	0.518832
346	46    	0.278631  	0.100527 	-0.015    	0.500158
347	46    	0.265442  	0.200267 	-1        	0.584403
348	45    	0.0430765 	0.528619 	-1        	0.502799
349	49    	0.116499  	0.461401 	-1        	0.600646
350	48    	0.212742  	0.322983 	-1        	0.556413
351	46    	0.244685  	0.278936 	-1        	0.56293 
352	47    	0.245152  	0.220739 	-1        	0.556413
353	47    	0.243309  	0.209713 	-1        	0.556413
354	46    	0.272898  	0.133447 	-0.0175   	0.556413
355	45    	0.289073  	0.113434 	-0.016    	0.556413
356	48    	0.235064  	0.12101  	-0.0171429	0.556413
357	43    	0.269862  	0.125641 	-0.0166666	0.556413
358	44    	0.196664  	0.329737 	-1        	0.556413
359	47    	0.224957  	0.330909 	-1        	0.559378
360	45    	0.229342  	0.337004 	-1        	0.58325 
361	49    	0.255774  	0.115079 	-0.0166668	0.505492
362	47    	0.253433  	0.20655  	-1        	0.633453
363	47    	0.220036  	0.271174 	-1        	0.505492
364	49    	0.175723  	0.356572 	-1        	0.453595
365	45    	0.212355  	0.321065 	-1        	0.561509
366	44    	0.110001  	0.495087 	-1        	0.561509
367	47    	0.147439  	0.428521 	-1        	0.453595
368	45    	-0.0149131	0.558169 	-1        	0.437144
369	44    	-0.131277 	0.627224 	-1        	0.437144
370	47    	-0.118135 	0.607903 	-1        	0.427901
371	43    	-0.0811911	0.606471 	-1        	0.575748
372	47    	0.0211796 	0.519378 	-1        	0.575748
373	41    	0.126412  	0.500041 	-1        	0.575748
374	44    	0.0519122 	0.533913 	-1        	0.575748
375	46    	0.0968083 	0.488861 	-1        	0.575748
376	47    	0.20559   	0.365349 	-1        	0.575748
377	48    	0.0726446 	0.508097 	-1        	0.575748
378	48    	-0.0410264	0.602669 	-1        	0.575748
379	47    	-0.0870401	0.632537 	-1        	0.575748
380	45    	0.00949175	0.575182 	-1        	0.575748
381	47    	0.0147382 	0.574743 	-1        	0.553898
382	48    	-0.102195 	0.648542 	-1        	0.576769
383	46    	-0.0101572	0.592245 	-1        	0.576769
384	45    	-0.152945 	0.639297 	-1        	0.464492
385	47    	0.0338919 	0.553858 	-1        	0.482158
386	46    	-0.00554893	0.562893 	-1        	0.495491
387	46    	0.0203011  	0.579239 	-1        	0.602063
388	48    	0.0521716  	0.532623 	-1        	0.602063
389	49    	0.0648425  	0.506645 	-1        	0.587184
390	45    	0.154159   	0.436562 	-1        	0.587184
391	45    	0.174425   	0.441867 	-1        	0.534122
392	43    	0.148019   	0.474111 	-1        	0.7139  
393	45    	0.208573   	0.414475 	-1        	0.7139  
394	47    	0.179869   	0.440811 	-1        	0.497617
395	49    	0.113743   	0.45656  	-1        	0.521257
396	46    	0.195994   	0.409036 	-1        	0.521257
397	47    	0.165458   	0.398483 	-1        	0.521257
398	46    	0.155164   	0.434976 	-1        	0.567928
399	46    	0.223002   	0.316942 	-1        	0.524366
400	48    	0.237871   	0.274403 	-1        	0.524366
401	45    	0.204436   	0.368949 	-1        	0.516079
402	48    	0.260731   	0.196119 	-1        	0.454243
403	45    	0.172689   	0.402305 	-1        	0.454243
404	43    	0.0734867  	0.54096  	-1        	0.482277
405	49    	0.0661787  	0.535941 	-1        	0.43785 
406	48    	0.00183909 	0.566788 	-1        	0.489743
407	43    	0.0150203  	0.546412 	-1        	0.475814
408	45    	-0.214746  	0.6451   	-1        	0.490564
409	44    	-0.270776  	0.676067 	-1        	0.526737
410	47    	-0.2       	0.657037 	-1        	0.526737
411	46    	-0.0589919 	0.591115 	-1        	0.526737
412	48    	0.0909092  	0.482224 	-1        	0.509092
413	47    	0.143172   	0.433574 	-1        	0.509092
414	47    	0.257882   	0.268266 	-1        	0.480173
415	42    	0.235347   	0.326512 	-1        	0.522441
416	43    	0.31318    	0.0917935	0.160256  	0.522441
417	46    	0.276763   	0.206555 	-1        	0.522441
418	50    	0.305721   	0.0923286	0.0483623 	0.551559
419	42    	0.222178   	0.320351 	-1        	0.45975 
420	48    	0.224401   	0.322854 	-1        	0.516948
421	47    	0.290384   	0.0876944	-0.015    	0.506537
422	44    	0.309498   	0.0963196	0.136888  	0.506537
423	45    	0.236531   	0.326386 	-1        	0.491801
424	45    	0.304029   	0.100979 	-0.02     	0.621895
425	48    	0.26848    	0.211343 	-1        	0.583208
426	46    	0.248671   	0.330177 	-1        	0.583208
427	47    	0.258716   	0.274457 	-1        	0.583208
428	46    	0.214376   	0.319782 	-1        	0.573767
429	48    	0.297447   	0.198102 	-1        	0.46006 
430	42    	0.254672   	0.269894 	-1        	0.46006 
431	47    	0.219558   	0.324409 	-1        	0.611981
432	46    	0.267455   	0.20548  	-1        	0.644183
433	47    	0.214227   	0.32063  	-1        	0.506615
434	48    	0.11486    	0.456079 	-1        	0.446137
435	46    	0.00828127 	0.571506 	-1        	0.579225
436	47    	0.149126   	0.471787 	-1        	0.579225
437	45    	-0.0421182 	0.604671 	-1        	0.579225
438	45    	0.283986   	0.27915  	-1        	0.579225
439	49    	0.235299   	0.272458 	-1        	0.56942 
440	46    	0.298407   	0.0816212	0.112735  	0.465465
441	48    	0.308032   	0.0843461	0.135974  	0.503579
442	43    	0.312942   	0.0942891	0.0998653 	0.503579
443	48    	0.269845   	0.275128 	-1        	0.592623
444	46    	0.266031   	0.273769 	-1        	0.592623
445	44    	0.293014   	0.21781  	-1        	0.611046
446	43    	0.29494    	0.123192 	0.0771553 	0.592623
447	45    	0.289828   	0.0768508	0.164558  	0.523642
448	45    	0.302701   	0.0928694	0.0700748 	0.523642
449	48    	0.250974   	0.205314 	-1        	0.523642
450	46    	0.245773   	0.202803 	-1        	0.457259
451	46    	0.247029   	0.201164 	-1        	0.478151
452	44    	0.287205   	0.0923945	0.047169  	0.478151
453	43    	0.287262   	0.214953 	-1        	0.555838
454	44    	0.255081   	0.213066 	-1        	0.555838
455	44    	0.293034   	0.218256 	-1        	0.564627
456	46    	0.204998   	0.373436 	-1        	0.564627
457	42    	0.300867   	0.214021 	-1        	0.564627
458	44    	0.253475   	0.268538 	-1        	0.553298
459	45    	0.125347   	0.42561  	-1        	0.485579
460	44    	0.0784156  	0.511109 	-1        	0.485579
461	48    	0.224749   	0.322175 	-1        	0.501565
462	44    	0.320177   	0.0770713	0.110214  	0.501565
463	47    	0.0945637  	0.485144 	-1        	0.501565
464	44    	0.298429   	0.207092 	-1        	0.609484
465	47    	0.167346   	0.404796 	-1        	0.609484
466	46    	0.205767   	0.370296 	-1        	0.609484
467	44    	0.217635   	0.376517 	-1        	0.609484
468	45    	0.201673   	0.37432  	-1        	0.609484
469	45    	0.21247    	0.376932 	-1        	0.609484
470	45    	0.272953   	0.280691 	-1        	0.609484
471	45    	0.297327   	0.212804 	-1        	0.609484
472	46    	0.174865   	0.406787 	-1        	0.504124
473	47    	0.102148   	0.489836 	-1        	0.504124
474	45    	0.18679    	0.406233 	-1        	0.597915
475	45    	0.257072   	0.273046 	-1        	0.48075 
476	44    	0.176049   	0.403084 	-1        	0.541132
477	46    	0.249474   	0.267239 	-1        	0.485763
478	44    	0.300721   	0.105247 	-0.0171429	0.485763
479	49    	0.104291   	0.452394 	-1        	0.485763
480	48    	0.131628   	0.46075  	-1        	0.456533
481	44    	0.131735   	0.463071 	-1        	0.456533
482	46    	0.15126    	0.433118 	-1        	0.545501
483	44    	0.1389     	0.438873 	-1        	0.545501
484	46    	0.238563   	0.327932 	-1        	0.545501
485	49    	0.226727   	0.322755 	-1        	0.519776
486	49    	0.198074   	0.364177 	-1        	0.519776
487	46    	0.237261   	0.324843 	-1        	0.542127
488	47    	0.322384   	0.0863145	0.116431  	0.542236
489	43    	0.274456   	0.275308 	-1        	0.544945
490	47    	0.253439   	0.268119 	-1        	0.519776
491	48    	0.191425   	0.358695 	-1        	0.489524
492	45    	0.0968184  	0.484634 	-1        	0.489524
493	45    	0.168886   	0.439702 	-1        	0.489524
494	45    	0.102849   	0.489337 	-1        	0.533798
495	45    	0.183551   	0.358192 	-1        	0.482624
496	47    	0.167364   	0.437748 	-1        	0.559737
497	42    	-0.0409977 	0.605714 	-1        	0.559737
498	48    	-0.0130721 	0.559526 	-1        	0.559737
499	48    	0.201611   	0.360668 	-1        	0.483464
500	46    	0.168611   	0.436661 	-1        	0.470163
501	46    	0.234306   	0.321495 	-1        	0.470163
502	46    	0.134123   	0.427813 	-1        	0.470163
503	44    	0.267329   	0.268898 	-1        	0.467086
504	48    	0.304366   	0.0975487	0.141069  	0.677574
505	47    	0.246342   	0.267567 	-1        	0.436562
506	45    	0.248874   	0.269589 	-1        	0.477564
507	47    	0.257802   	0.265523 	-1        	0.451662
508	48    	0.273326   	0.194782 	-1        	0.436562
509	44    	0.335627   	0.0773828	0.0982797 	0.485931
510	50    	0.234949   	0.266072 	-1        	0.533517
511	46    	0.249497   	0.269524 	-1        	0.533517
512	44    	0.26445    	0.274008 	-1        	0.533517
513	48    	0.222362   	0.321223 	-1        	0.536354
514	45    	0.22298    	0.322115 	-1        	0.536354
515	42    	0.316231   	0.120207 	-0.015    	0.510315
516	45    	0.264516   	0.280564 	-1        	0.569092
517	45    	0.234669   	0.379248 	-1        	0.638089
518	48    	0.221725   	0.323834 	-1        	0.569092
519	45    	0.245759   	0.33267  	-1        	0.569092
520	43    	0.210942   	0.420143 	-1        	0.569092
521	46    	0.287341   	0.119492 	-0.016    	0.609234
522	43    	0.322232   	0.100102 	0.111203  	0.609234
523	47    	0.211917   	0.319744 	-1        	0.609234
524	48    	0.172015   	0.400033 	-1        	0.495273
525	48    	0.0541435  	0.5317   	-1        	0.495273
526	45    	0.23084    	0.320246 	-1        	0.43967 
527	46    	0.0798039  	0.513627 	-1        	0.561513
528	44    	0.279073   	0.215579 	-1        	0.561513
529	47    	0.297334   	0.11245  	0.112319  	0.71627 
530	47    	0.29946    	0.120162 	0.160981  	0.71627 
531	45    	0.348511   	0.14755  	0.139612  	0.71627 
532	47    	0.30517    	0.146346 	-0.016    	0.71627 
533	48    	0.226712   	0.322916 	-1        	0.71627 
534	48    	0.256645   	0.195654 	-1        	0.492029
535	46    	0.246205   	0.267273 	-1        	0.492029
536	46    	0.243411   	0.202357 	-1        	0.492029
537	47    	0.30177    	0.100866 	-0.01     	0.523844
538	47    	0.224381   	0.321535 	-1        	0.514795
539	45    	0.25046    	0.272404 	-1        	0.514795
540	47    	0.277725   	0.0906171	0.0535902 	0.514795
541	47    	0.304297   	0.0668869	0.15335   	0.443108
542	45    	0.251434   	0.263382 	-1        	0.430384
543	47    	0.20264    	0.363337 	-1        	0.550366
544	47    	0.263873   	0.218503 	-1        	0.67631 
545	48    	0.276972   	0.135778 	-0.0222222	0.700366
546	47    	0.240863   	0.14949  	-0.02     	0.700366
547	49    	0.244324   	0.121071 	-0.015    	0.582951
548	45    	0.248102   	0.145146 	-0.0166667	0.608589
549	48    	0.214772   	0.137137 	-0.02     	0.615079
550	48    	0.226485   	0.114907 	-0.02     	0.481551
551	46    	0.262611   	0.118646 	-0.0171429	0.489586
552	48    	0.233304   	0.120028 	-0.02     	0.560404
553	45    	0.226678   	0.136022 	-0.0200002	0.525536
554	48    	0.247043   	0.113844 	-0.02     	0.426557
555	44    	0.241279   	0.144888 	-0.02     	0.572171
556	46    	0.261441   	0.122819 	-0.02     	0.469637
557	39    	0.289798   	0.12331  	-0.02     	0.474812
558	45    	0.247542   	0.124796 	-0.0200001	0.528848
559	43    	0.272836   	0.144153 	-0.0175   	0.518308
560	49    	0.227098   	0.119051 	-0.02     	0.518308
561	47    	0.262927   	0.0900557	-0.0166667	0.45874 
562	43    	0.268072   	0.0979209	-0.0133337	0.45874 
563	45    	0.287001   	0.0906071	0.0668002 	0.476308
564	48    	0.286441   	0.0935434	-0.0171429	0.452976
565	43    	0.281426   	0.101811 	0.0514735 	0.510119
566	46    	0.270482   	0.0888358	-0.0133333	0.46658 
567	46    	0.248045   	0.118076 	-0.0166667	0.491725
568	47    	0.277314   	0.0987102	-0.0222222	0.519054
569	46    	0.287239   	0.0975378	0.124737  	0.537734
570	44    	0.286255   	0.108506 	-0.0133333	0.537734
571	49    	0.282315   	0.0954791	-0.0150002	0.537734
572	47    	0.282811   	0.112961 	0.0402664 	0.648477
573	46    	0.299474   	0.0775794	0.142424  	0.448725
574	47    	0.281853   	0.0953225	0.0952611 	0.511432
575	46    	0.307562   	0.0731438	0.154405  	0.511432
576	49    	0.290848   	0.0885248	0.102005  	0.545631
577	46    	0.311826   	0.0997413	0.119451  	0.663932
578	46    	0.331076   	0.107657 	0.0917113 	0.663932
579	44    	0.299952   	0.133392 	-0.0133333	0.663932
580	45    	0.283294   	0.232843 	-1        	0.663932
581	47    	0.293525   	0.131975 	0.0865939 	0.663932
582	50    	0.266626   	0.0953282	0.0699404 	0.473081
583	46    	0.293837   	0.0896884	0.102893  	0.473081
584	45    	0.277094   	0.201358 	-1        	0.513749
585	47    	0.269949   	0.270134 	-1        	0.477156
586	44    	0.248531   	0.324084 	-1        	0.509627
587	45    	0.197198   	0.362113 	-1        	0.509627
588	44    	0.26824    	0.200265 	-1        	0.509627
589	45    	0.310164   	0.0820948	0.13966   	0.509627
590	49    	0.272397   	0.0875611	-0.01     	0.527388
591	44    	0.278905   	0.202141 	-1        	0.499956
592	47    	0.198728   	0.323725 	-1        	0.499956
593	45    	0.243111   	0.275333 	-1        	0.499956
594	48    	0.233516   	0.274369 	-1        	0.514444
595	44    	0.250754   	0.149698 	-0.02     	0.514444
596	45    	0.166232   	0.236761 	-1        	0.514444
597	45    	0.169504   	0.229947 	-1        	0.514444
598	48    	0.153265   	0.242018 	-1        	0.812083
599	46    	0.211856   	0.17668  	-0.02     	0.812083
600	45    	0.186295   	0.295566 	-1        	0.812083
601	46    	0.186199   	0.247609 	-1        	0.812083
602	44    	0.245786   	0.194217 	-0.0166667	0.812083
603	44    	0.262866   	0.184301 	-0.0166667	0.812083
604	44    	0.261274   	0.186487 	-0.0166666	0.812083
605	44    	0.24697    	0.279489 	-1        	0.812083
606	47    	0.193912   	0.167655 	-0.0171428	0.703659
607	44    	0.2385     	0.176411 	-0.02     	0.703659
608	47    	0.218731   	0.250603 	-1        	0.703659
609	44    	0.267979   	0.252493 	-1        	0.703659
610	48    	0.225417   	0.224849 	-1        	0.616026
611	45    	0.25546    	0.157119 	-0.0171429	0.616026
612	48    	0.242078   	0.16514  	-0.0171429	0.718292
613	46    	0.267737   	0.126312 	-0.0160001	0.718292
614	45    	0.272891   	0.175871 	-0.0166666	0.718292
615	43    	0.260366   	0.189181 	-0.02     	0.718292
616	50    	0.263327   	0.144351 	-0.017143 	0.688378
617	47    	0.108035   	0.396542 	-1        	0.688378
618	45    	0.204622   	0.345044 	-1        	0.688378
619	47    	0.19143    	0.330588 	-1        	0.726215
620	44    	0.249027   	0.256735 	-1        	0.726215
621	48    	0.292092   	0.155496 	-0.0177778	0.726215
622	47    	0.215677   	0.136458 	-0.02     	0.614024
623	46    	0.232119   	0.109593 	-0.02     	0.521284
624	50    	0.232197   	0.109465 	-0.0179999	0.461526
625	43    	0.28457    	0.132727 	-0.0171428	0.674221
626	44    	0.286448   	0.136614 	-0.0175   	0.75051 
627	46    	0.22081    	0.164389 	-0.02     	0.75051 
628	44    	0.308098   	0.174025 	-0.02     	0.75051 
629	45    	0.269004   	0.14674  	-0.0175   	0.75051 
630	45    	0.300891   	0.181689 	-0.02     	0.75051 
631	44    	0.214585   	0.233885 	-1        	0.75051 
632	47    	0.232256   	0.111764 	-0.0200001	0.428272
633	46    	0.266502   	0.118004 	-0.02     	0.463379
634	46    	0.259649   	0.202492 	-1        	0.460438
635	48    	0.241501   	0.195838 	-1        	0.521826
636	49    	0.260115   	0.201915 	-1        	0.502575
637	45    	0.289933   	0.0789892	0.120987  	0.502575
638	45    	0.250563   	0.275094 	-1        	0.502575
639	46    	0.263123   	0.20044  	-1        	0.478241
640	43    	0.268616   	0.271931 	-1        	0.514357
641	47    	0.284587   	0.0808791	-0.0166666	0.442587
642	47    	0.20641    	0.313518 	-1        	0.429556
643	46    	0.173416   	0.402698 	-1        	0.497171
644	46    	0.16024    	0.397708 	-1        	0.461787
645	44    	0.216956   	0.32102  	-1        	0.461787
646	46    	0.134329   	0.462731 	-1        	0.484073
647	48    	0.251822   	0.272226 	-1        	0.456943
648	46    	0.190184   	0.40283  	-1        	0.484373
649	47    	0.0946159  	0.483215 	-1        	0.48741 
650	44    	0.202866   	0.407114 	-1        	0.515452
651	44    	0.146174   	0.467259 	-1        	0.515452
652	46    	0.0466325  	0.560638 	-1        	0.500891
653	45    	-0.0139937 	0.560224 	-1        	0.500891
654	45    	-0.0121216 	0.590785 	-1        	0.500891
655	46    	-0.0718871 	0.612365 	-1        	0.500891
656	43    	0.0801325  	0.544695 	-1        	0.528607
657	45    	0.069442   	0.54114  	-1        	0.528607
658	42    	-0.00251615	0.600081 	-1        	0.528607
659	45    	0.0566658  	0.537486 	-1        	0.528607
660	45    	0.119413   	0.462393 	-1        	0.528607
661	47    	0.120662   	0.496273 	-1        	0.53906 
662	45    	0.129658   	0.463011 	-1        	0.501203
663	46    	0.146275   	0.43284  	-1        	0.501203
664	43    	0.12782    	0.462    	-1        	0.501203
665	45    	0.164625   	0.437477 	-1        	0.501203
666	45    	0.224782   	0.371008 	-1        	0.501203
667	46    	0.244088   	0.277512 	-1        	0.570315
668	44    	0.23029    	0.321566 	-1        	0.49105 
669	43    	0.233373   	0.318463 	-1        	0.49105 
670	47    	0.173865   	0.442341 	-1        	0.55081 
671	45    	0.142948   	0.472733 	-1        	0.560952
672	49    	0.238626   	0.329636 	-1        	0.652093
673	46    	0.0542555  	0.534197 	-1        	0.652093
674	46    	0.121709   	0.497998 	-1        	0.652093
675	46    	-0.0033837 	0.598408 	-1        	0.652093
676	46    	0.0353859  	0.555994 	-1        	0.501667
677	49    	0.0587075  	0.500644 	-1        	0.491528
678	48    	-0.0165608 	0.557844 	-1        	0.538514
679	49    	-0.0854948 	0.602086 	-1        	0.493954
680	44    	0.00475463 	0.568633 	-1        	0.493954
681	49    	0.15437    	0.431184 	-1        	0.447018
682	45    	0.0266848  	0.54995  	-1        	0.511734
683	49    	0.0159222  	0.545331 	-1        	0.507944
684	49    	0.107625   	0.490697 	-1        	0.501029
685	46    	0.160078   	0.43659  	-1        	0.501029
686	47    	0.134506   	0.465008 	-1        	0.493208
687	45    	0.260222   	0.269469 	-1        	0.531882
688	47    	0.199325   	0.364969 	-1        	0.531882
689	47    	0.231017   	0.326191 	-1        	0.583191
690	44    	0.28258    	0.205756 	-1        	0.583191
691	42    	0.29618    	0.282029 	-1        	0.583191
692	49    	0.220839   	0.319374 	-1        	0.583191
693	49    	0.15039    	0.428219 	-1        	0.432162
694	41    	0.265811   	0.275821 	-1        	0.552991
695	48    	0.19854    	0.365066 	-1        	0.552991
696	45    	0.221041   	0.368731 	-1        	0.552991
697	48    	0.16281    	0.3971   	-1        	0.457706
698	47    	0.0792988  	0.510849 	-1        	0.439936
699	43    	0.0363236  	0.554098 	-1        	0.484803
700	44    	0.270811   	0.273705 	-1        	0.484803
701	48    	0.150697   	0.43226  	-1        	0.52863 
702	46    	0.28938    	0.103927 	0.0862725 	0.52863 
703	45    	0.32334    	0.116452 	0.097732  	0.555718
704	44    	0.261752   	0.273901 	-1        	0.547164
705	48    	0.283396   	0.0988292	-0.0133333	0.547164
706	48    	0.300415   	0.0868208	-0.016    	0.475868
707	42    	0.302772   	0.202469 	-1        	0.475868
708	48    	0.282254   	0.0786691	0.0939999 	0.465977
709	48    	0.274565   	0.197412 	-1        	0.489439
710	44    	0.28762    	0.108518 	-0.015    	0.489439
711	48    	0.302669   	0.109015 	0.103908  	0.534274
712	47    	0.299422   	0.0941803	-0.0175   	0.489439
713	47    	0.298853   	0.108574 	-0.0133333	0.574994
714	46    	0.258863   	0.109479 	-0.0181818	0.574994
715	46    	0.273486   	0.108092 	-0.016    	0.574994
716	42    	0.330884   	0.106652 	0.140848  	0.574994
717	49    	0.252595   	0.199362 	-1        	0.481808
718	45    	0.26745    	0.204671 	-1        	0.481808
719	46    	0.198118   	0.320646 	-1        	0.504727
720	50    	0.158292   	0.351919 	-1        	0.449741
721	47    	0.276871   	0.0853691	0.0747674 	0.449741
722	46    	0.303439   	0.0995165	0.139344  	0.58898 
723	48    	0.14935    	0.436149 	-1        	0.811164
724	47    	0.301196   	0.114983 	-0.018    	0.651593
725	44    	0.206102   	0.367922 	-1        	0.500945
726	47    	0.108395   	0.453606 	-1        	0.487295
727	44    	0.177079   	0.40355  	-1        	0.552238
728	46    	0.307781   	0.0855466	0.12166   	0.552238
729	49    	0.270064   	0.200381 	-1        	0.544346
730	48    	0.31071    	0.0948343	0.0945422 	0.613873
731	46    	0.284482   	0.206509 	-1        	0.493123
732	48    	0.246295   	0.270912 	-1        	0.500161
733	47    	0.266923   	0.195247 	-1        	0.500161
734	43    	0.196514   	0.361645 	-1        	0.439382
735	46    	0.281408   	0.20063  	-1        	0.516313
736	47    	0.104165   	0.453815 	-1        	0.472562
737	47    	0.286676   	0.204603 	-1        	0.558228
738	42    	0.293379   	0.207704 	-1        	0.558228
739	46    	0.28648    	0.212359 	-1        	0.560695
740	47    	0.28831    	0.201499 	-1        	0.558228
741	48    	0.210356   	0.3137   	-1        	0.442374
742	47    	0.216792   	0.3247   	-1        	0.587187
743	48    	0.258378   	0.199487 	-1        	0.587187
744	44    	0.26659    	0.283076 	-1        	0.587187
745	43    	0.32141    	0.116341 	0.0323289 	0.602861
746	44    	0.24748    	0.338844 	-1        	0.602861
747	47    	0.266383   	0.217835 	-1        	0.607543
748	41    	0.315912   	0.131514 	0.127628  	0.664642
749	49    	0.26441    	0.198134 	-1        	0.607543
750	47    	0.237226   	0.265604 	-1        	0.464493
751	47    	0.245815   	0.265523 	-1        	0.469409
752	46    	0.297712   	0.200504 	-1        	0.469409
753	46    	0.222627   	0.368587 	-1        	0.488284
754	44    	0.218912   	0.325031 	-1        	0.488284
755	47    	0.230348   	0.325732 	-1        	0.488284
756	43    	0.294292   	0.203786 	-1        	0.488284
757	46    	0.241547   	0.320753 	-1        	0.488284
758	46    	0.284859   	0.205261 	-1        	0.578538
759	43    	0.247127   	0.330777 	-1        	0.578538
760	46    	0.240814   	0.323082 	-1        	0.578538
761	46    	0.228596   	0.325442 	-1        	0.578538
762	46    	0.190426   	0.409296 	-1        	0.578538
763	44    	0.231618   	0.375481 	-1        	0.578538
764	48    	0.178641   	0.402934 	-1        	0.546763
765	48    	0.107484   	0.489815 	-1        	0.546763
766	46    	0.143181   	0.466504 	-1        	0.467012
767	44    	0.223288   	0.369928 	-1        	0.493703
768	48    	0.172877   	0.439247 	-1        	0.520647
769	46    	0.139165   	0.466679 	-1        	0.497821
770	48    	0.0466304  	0.531353 	-1        	0.493857
771	47    	0.184762   	0.404905 	-1        	0.510625
772	47    	0.279597   	0.206382 	-1        	0.473094
773	46    	0.198676   	0.362558 	-1        	0.473094
774	49    	0.168121   	0.39895  	-1        	0.570648
775	48    	0.189346   	0.359158 	-1        	0.511773
776	45    	0.284549   	0.204263 	-1        	0.433702
777	46    	0.283183   	0.201217 	-1        	0.508812
778	44    	0.287866   	0.205735 	-1        	0.537692
779	45    	0.224316   	0.322205 	-1        	0.537692
780	48    	0.0143711  	0.544358 	-1        	0.469686
781	46    	0.130718   	0.460732 	-1        	0.445117
782	47    	0.251282   	0.267426 	-1        	0.465758
783	48    	0.172595   	0.398692 	-1        	0.633887
784	41    	0.278251   	0.281034 	-1        	0.633887
785	47    	0.231995   	0.377843 	-1        	0.633887
786	49    	0.0943413  	0.482712 	-1        	0.48433 
787	48    	0.235725   	0.32369  	-1        	0.515344
788	45    	0.18176    	0.4036   	-1        	0.515344
789	44    	0.0872462  	0.516876 	-1        	0.515344
790	48    	0.253438   	0.327102 	-1        	0.515344
791	46    	0.0991241  	0.485088 	-1        	0.515344
792	45    	0.17809    	0.400382 	-1        	0.519062
793	46    	0.278393   	0.202475 	-1        	0.460426
794	47    	0.203955   	0.321734 	-1        	0.482453
795	43    	0.163717   	0.476803 	-1        	0.525416
796	47    	0.229973   	0.321897 	-1        	0.566293
797	49    	0.218068   	0.320416 	-1        	0.494846
798	47    	0.25987    	0.272087 	-1        	0.494846
799	42    	0.199273   	0.412912 	-1        	0.812083
800	45    	0.160462   	0.42271  	-1        	0.812083
801	46    	0.265731   	0.265053 	-1        	0.812083
802	47    	0.195915   	0.172651 	-0.0166668	0.581368
803	44    	0.243841   	0.179266 	-0.02     	0.581368
804	47    	0.197073   	0.147786 	-0.02     	0.581368
805	46    	0.192747   	0.193004 	-0.0171429	0.811247
806	44    	0.189306   	0.23755  	-1        	0.811247
807	48    	0.244258   	0.149214 	-0.0171429	0.537893
808	45    	0.163545   	0.37139  	-1        	0.537893
809	46    	0.151092   	0.401897 	-1        	0.53285 
810	44    	0.234343   	0.280316 	-1        	0.537119
811	45    	0.210916   	0.344789 	-1        	0.705857
812	45    	0.234073   	0.254069 	-1        	0.705857
813	47    	0.214454   	0.160835 	-0.0171429	0.705857
814	46    	0.233347   	0.141802 	-0.0177778	0.555962
815	44    	0.258484   	0.155983 	-0.02     	0.555962
816	48    	0.23118    	0.163243 	-0.0200001	0.805075
817	46    	0.236659   	0.162835 	-0.0171429	0.805075
818	48    	0.292599   	0.177733 	-0.0175   	0.812308
819	45    	0.257716   	0.209819 	-0.0177778	0.812308
820	49    	0.195163   	0.1404   	-0.02     	0.58128 
821	45    	0.264014   	0.162503 	-0.0175   	0.704824
822	47    	0.24971    	0.165822 	-0.0171429	0.76931 
823	45    	0.263144   	0.155159 	-0.0171429	0.76931 
824	45    	0.266297   	0.132213 	-0.0184616	0.583807
825	47    	0.204852   	0.15059  	-0.0177778	0.583807
826	50    	0.211799   	0.124565 	-0.0199999	0.496603
827	46    	0.23656    	0.124596 	-0.0177777	0.496603
828	44    	0.237399   	0.147751 	-0.02     	0.503744
829	49    	0.254574   	0.137569 	-0.02     	0.619173
830	48    	0.213539   	0.119443 	-0.02     	0.433762
831	46    	0.291367   	0.0935836	0.0970494 	0.547205
832	48    	0.238928   	0.122435 	-0.02     	0.547205
833	49    	0.222015   	0.106387 	-0.018    	0.423377
834	46    	0.244633   	0.149574 	-0.0171429	0.682297
835	48    	0.24917    	0.107562 	-0.015    	0.441397
836	44    	0.212882   	0.171101 	-0.018    	0.702675
837	44    	0.251668   	0.189743 	-0.0200004	0.702675
838	44    	0.255273   	0.203247 	-0.02     	0.702675
839	46    	0.20887    	0.224488 	-0.02     	0.813756
840	48    	0.201077   	0.174892 	-0.0171429	0.702675
841	48    	0.225732   	0.177349 	-0.0166668	0.703513
842	50    	0.183171   	0.16681  	-0.02     	0.702675
843	48    	0.20487    	0.172598 	-0.0166668	0.705857
844	45    	0.258912   	0.157806 	-0.02     	0.705857
845	46    	0.1987     	0.188616 	-0.02     	0.705857
846	48    	0.21752    	0.197376 	-0.0199999	0.706012
847	43    	0.230635   	0.20886  	-0.02     	0.705857
848	44    	0.252425   	0.215468 	-0.0175   	0.705857
849	42    	0.251511   	0.227642 	-0.0171429	0.705857
850	43    	0.250657   	0.206679 	-0.0171429	0.705857
851	48    	0.203582   	0.190576 	-0.02     	0.705857
852	43    	0.258163   	0.206226 	-0.0199999	0.705857
853	45    	0.214931   	0.178518 	-0.02     	0.705857
854	45    	0.204787   	0.183539 	-0.02     	0.705857
855	46    	0.169999   	0.181404 	-0.0171429	0.705857
856	41    	0.263825   	0.186206 	-0.0166643	0.705857
857	47    	0.205746   	0.189056 	-0.02     	0.811396
858	45    	0.194485   	0.180001 	-0.0177778	0.811396
859	46    	0.204523   	0.186508 	-0.02     	0.811396
860	48    	0.181617   	0.178663 	-0.0175   	0.811396
861	49    	0.165366   	0.157426 	-0.0177777	0.702711
862	47    	0.185189   	0.158654 	-0.02     	0.702711
863	47    	0.164943   	0.156461 	-0.02     	0.643096
864	48    	0.195925   	0.155689 	-0.02     	0.616416
865	49    	0.188347   	0.141885 	-0.02     	0.580687
866	45    	0.236885   	0.112656 	-0.02     	0.447019
867	48    	0.240818   	0.113611 	-0.0177776	0.597649
868	45    	0.224131   	0.146876 	-0.02     	0.597649
869	47    	0.200242   	0.122742 	-0.02     	0.597649
870	46    	0.258091   	0.145749 	-0.02     	0.597649
871	44    	0.23008    	0.165695 	-0.02     	0.653053
872	44    	0.235791   	0.174432 	-0.0171429	0.653053
873	43    	0.255014   	0.175369 	-0.02     	0.653053
874	46    	0.214788   	0.167995 	-0.02     	0.653053
875	47    	0.221558   	0.145661 	-0.018    	0.581205
876	49    	0.190907   	0.152229 	-0.0171429	0.812825
877	48    	0.215943   	0.147764 	-0.02     	0.548008
878	46    	0.241433   	0.160684 	-0.0174999	0.616107
879	44    	0.232476   	0.161663 	-0.0171428	0.616107
880	44    	0.247525   	0.194648 	-0.0175   	0.706285
881	45    	0.229366   	0.174869 	-0.02     	0.706285
882	48    	0.213076   	0.128182 	-0.0166666	0.616107
883	39    	0.249304   	0.136969 	-0.0166667	0.616107
884	46    	0.254879   	0.154459 	-0.0177778	0.731238
885	47    	0.209413   	0.156375 	-0.018    	0.65468 
886	48    	0.24079    	0.14989  	-0.02     	0.65468 
887	46    	0.201977   	0.157147 	-0.02     	0.720058
888	46    	0.25741    	0.157905 	-0.02     	0.720058
889	43    	0.272175   	0.192768 	-0.02     	0.720058
890	45    	0.228991   	0.173133 	-0.0175   	0.65468 
891	47    	0.203225   	0.122697 	-0.02     	0.386875
892	46    	0.216517   	0.132195 	-0.0171429	0.518268
893	41    	0.240412   	0.130559 	-0.02     	0.497997
894	45    	0.242582   	0.118296 	-0.0166647	0.497997
895	47    	0.228758   	0.145326 	-0.02     	0.581188
896	43    	0.20305    	0.177593 	-0.02     	0.518665
897	47    	0.173591   	0.173306 	-0.02     	0.514329
898	46    	0.191621   	0.168279 	-0.02     	0.556629
899	45    	0.191035   	0.160804 	-0.0171429	0.514329
900	46    	0.19251    	0.16082  	-0.0177778	0.51639 
901	44    	0.215828   	0.155746 	-0.0228572	0.589504
902	48    	0.209265   	0.135677 	-0.0166668	0.51639 
903	49    	0.216906   	0.132856 	-0.02     	0.51639 
904	46    	0.198175   	0.128016 	-0.02     	0.468426
905	49    	0.240567   	0.138922 	-0.02     	0.514281
906	48    	0.231188   	0.121061 	-0.0181818	0.513112
907	49    	0.272034   	0.133012 	-0.02     	0.588958
908	47    	0.285136   	0.115531 	0.0851523 	0.539284
909	46    	0.273255   	0.138311 	-0.02     	0.651672
910	43    	0.296644   	0.138233 	0.0897945 	0.651672
911	43    	0.271962   	0.158551 	-0.0174998	0.651672
912	49    	0.305861   	0.101807 	0.0842986 	0.651672
913	48    	0.27309    	0.0925328	0.0858935 	0.484909
914	48    	0.29621    	0.134252 	-0.0149999	0.747606
915	45    	0.273263   	0.0933008	0.0744406 	0.539675
916	44    	0.261496   	0.118512 	-0.0177778	0.506256
917	45    	0.287706   	0.101072 	0.107358  	0.513533
918	44    	0.291384   	0.120759 	0.059058  	0.538485
919	46    	0.286847   	0.146643 	-0.01     	0.81539 
920	44    	0.301429   	0.158353 	-0.0166667	0.81539 
921	45    	0.28846    	0.149108 	-0.0133333	0.81539 
922	45    	0.291788   	0.146141 	-0.0166667	0.650408
923	47    	0.253852   	0.113498 	-0.02     	0.462219
924	45    	0.266364   	0.202005 	-1        	0.478757
925	48    	0.268698   	0.111014 	-0.015    	0.470104
926	49    	0.239098   	0.271655 	-1        	0.520004
927	45    	0.275282   	0.203462 	-1        	0.551563
928	46    	0.246743   	0.270538 	-1        	0.49812 
929	49    	0.287902   	0.0815928	0.0903781 	0.517522
930	48    	0.252767   	0.197319 	-1        	0.443675
931	45    	0.234717   	0.26242  	-1        	0.443675
932	48    	0.287821   	0.106132 	-0.02     	0.466866
933	46    	0.307223   	0.0997021	-0.0149998	0.504529
934	40    	0.309311   	0.0979063	0.0773156 	0.504529
935	47    	0.322923   	0.0889034	0.156756  	0.586452
936	47    	0.295643   	0.0976199	0.0725998 	0.586452
937	46    	0.121755   	0.459651 	-1        	0.480942
938	46    	0.0321339  	0.553819 	-1        	0.480942
939	42    	0.2068     	0.370233 	-1        	0.48882 
940	47    	-0.14882   	0.641172 	-1        	0.480942
941	45    	-0.238345  	0.65306  	-1        	0.479699
942	42    	0.122572   	0.460128 	-1        	0.479699
943	47    	0.170005   	0.403491 	-1        	0.479699
944	46    	0.150413   	0.433801 	-1        	0.52602 
945	47    	0.12881    	0.462707 	-1        	0.52602 
946	48    	0.308497   	0.0911476	0.125867  	0.635012
947	46    	0.272429   	0.203521 	-1        	0.635012
948	47    	0.268423   	0.278557 	-1        	0.627026
949	42    	0.283892   	0.212909 	-1        	0.627026
950	44    	0.302381   	0.216447 	-1        	0.627026
951	44    	0.312235   	0.1133   	0.133749  	0.627026
952	47    	0.306535   	0.124049 	-0.0171429	0.627026
953	45    	0.308455   	0.127913 	-0.015    	0.627026
954	47    	0.273507   	0.119462 	0.0174128 	0.627026
955	47    	0.275003   	0.119128 	-0.0133333	0.627026
956	47    	0.270855   	0.0737915	0.135023  	0.430142
957	47    	0.299986   	0.054393 	0.193835  	0.425363
958	45    	0.289114   	0.107615 	-0.0171429	0.490615
959	48    	0.259134   	0.111629 	-0.018    	0.496517
960	45    	0.283338   	0.130353 	-0.0175001	0.644781
961	47    	0.247617   	0.136892 	-0.02     	0.496517
962	47    	0.25786    	0.127245 	-0.0175   	0.583096
963	45    	0.237178   	0.128949 	-0.0222222	0.486409
964	47    	0.258116   	0.128709 	-0.02     	0.525805
965	45    	0.229314   	0.140965 	-0.0177778	0.478382
966	46    	0.237566   	0.141391 	-0.02     	0.582979
967	47    	0.277977   	0.170127 	-0.02     	0.724335
968	45    	0.234127   	0.176559 	-0.02     	0.724335
969	46    	0.266967   	0.136478 	-0.0166666	0.724335
970	47    	0.255134   	0.150252 	-0.0171429	0.724335
971	47    	0.314491   	0.129815 	0.0638289 	0.724335
972	47    	0.27917    	0.123983 	-0.01     	0.724335
973	45    	0.272144   	0.102902 	-0.02     	0.619325
974	47    	0.263012   	0.0997885	-0.0171429	0.481982
975	48    	0.282647   	0.0821182	0.0803652 	0.464614
976	46    	0.230018   	0.261414 	-1        	0.46098 
977	49    	0.269945   	0.207645 	-1        	0.515264
978	46    	0.206243   	0.330555 	-1        	0.541092
979	43    	0.216377   	0.326531 	-1        	0.541092
980	43    	0.291046   	0.209941 	-1        	0.541092
981	40    	0.336628   	0.11127  	0.0937467 	0.541092
982	45    	0.246139   	0.330094 	-1        	0.654763
983	46    	0.140334   	0.395191 	-1        	0.535783
984	47    	0.0544914  	0.503219 	-1        	0.535783
985	48    	0.154847   	0.471947 	-1        	0.529502
986	44    	0.227224   	0.371705 	-1        	0.489098
987	50    	0.180873   	0.399954 	-1        	0.520895
988	47    	0.200779   	0.406568 	-1        	0.519655
989	45    	0.168219   	0.436596 	-1        	0.503912
990	44    	0.274541   	0.20512  	-1        	0.503912
991	44    	0.12427    	0.427538 	-1        	0.503912
992	46    	0.14307    	0.428975 	-1        	0.503912
993	44    	0.185571   	0.401384 	-1        	0.468923
994	45    	0.293115   	0.20016  	-1        	0.487675
995	46    	0.190537   	0.406312 	-1        	0.53606 
996	46    	0.187953   	0.402804 	-1        	0.475301
997	43    	0.102611   	0.487572 	-1        	0.475301
998	46    	0.2284     	0.322547 	-1        	0.475301
999	48    	0.17488    	0.398115 	-1        	0.475301
1000	47    	0.115035   	0.455972 	-1        	0.426761
Best individuals:
(0.8373717423473961,) 	-->	 /*9*/UDDDLUDFU
VMNeuronManager.autoload: Neuro classes added: Delay Light Nn PIDP PIDV SeeLight SeeLight2 S0 S1 Thr 
UserScripts.autoload: 19 user scripts added.
Simulator.load: Loading from 'eval-allcriteria.sim'
Loader.load: Comments read from file follow:
Loader.load:  Sample settings for evaluating many criteria of performance of a Framsticks creature.
Loader.load:  See the "evalcount" parameter if you want to speed the evaluation up or have a more stable result.
Loader.load:  Other important parameters are "Energy0" and "perfperiod".
Loader.load:  Put this file in the "data" subdirectory within the Framsticks distribution.
Simulator.load: Settings loaded from 'eval-allcriteria.sim'
Simulator.load: Loading from 'deterministic.sim'
Loader.load: Comments read from file follow:
Loader.load:  Parameter values that make the evaluation of a Framsticks creature deterministic.
Loader.load:  The values turn off random noise, so evaluation of the same genotype will always yield the same performance.
Loader.load:  The advantage is that you do not need to evaluate a genotype many times, and performance values are reliable.
Loader.load:  The disadvantage is that evolved creatures are "overfitting", i.e. rely entirely on the specific environment,
Loader.load:  and their behavior may be different in any other environment or (even slightly) changed conditions or parameter values,
Loader.load:  so each creature evolved using these settings must be later inspected using exactly the same setup.
Loader.load: 
Loader.load:  Before loading this file, load base settings, e.g. "eval-allcriteria.sim".
Loader.load:  Put this file in the "data" subdirectory within the Framsticks distribution.
Simulator.load: Settings loaded from 'deterministic.sim'
Simulator.load: Loading from 'sample-period-2.sim'
Loader.load: Comments read from file follow:
Loader.load:  Very low "performance sampling period" in the first population to sample performance very often during lifespan
Loader.load:  and avoid overlooking some behavior. Averaged performance of sampled values is returned as the final value.
Loader.load:  See http://www.framsticks.com/a/al_params.html#exper-perfcalc
Loader.load: 
Loader.load:  Before loading this file, load base settings, e.g. "eval-allcriteria.sim".
Loader.load:  Put this file in the "data" subdirectory within the Framsticks distribution.
Simulator.load: Loading from 'f9-mut-050.sim'
Simulator.load: Settings loaded from 'f9-mut-050.sim'
