Argument values: path=C:\Users\1625203\Downloads\Framsticks50rc22\Framsticks50rc22, lib=None, sim=eval-allcriteria.sim;deterministic.sim;sample-period-2.sim;f9-mut-010.sim, genformat=None, initialgenotype=/*9*/BLU, opt=vertpos, popsize=50, generations=1000, tournament=10, pmut=0.9, pxov=0.2, hof_size=1, hof_savefile=None, max_numparts=30, max_numjoints=None, max_numneurons=None, max_numconnections=None, max_numgenochars=50
Using Framsticks version: 5.0rc22
Home (writable) dir     : C:\Users\1625203\Downloads\Framsticks50rc22\Framsticks50rc22\data
Resources dir           : C:\Users\1625203\Downloads\Framsticks50rc22\Framsticks50rc22\data

Available objects: ['CheckpointEvent', 'Collision', 'CrCollision', 'Creature', 'CreatureSettings', 'CreatureSignals', 'CreatureSnapshot', 'Dictionary', 'ExpProperties', 'ExpState', 'ExtValue', 'File', 'FunctionReference', 'GenMan', 'GenManStats', 'GenePool', 'GenePools', 'Geno', 'Genotype', 'Interface', 'Joint', 'Loader', 'Math', 'MechJoint', 'MechPart', 'MessageCatcher', 'Model', 'ModelGeometry', 'ModelSymmetry', 'Neuro', 'NeuroClass', 'NeuroClassLibrary', 'NeuroDef', 'NeuroSignals', 'NeuronsSimEnabled', 'ODE', 'Orient', 'Part', 'Population', 'Populations', 'Ref', 'Signal', 'SignalView', 'SimilMeasure', 'SimilMeasureDistribution', 'SimilMeasureGreedy', 'SimilMeasureHungarian', 'Simulator', 'SlaveSimulators', 'StopEvent', 'String', 'UserScripts', 'Vector', 'WireframeAppearance', 'World', 'WorldMap', 'WorldSignals', 'XYZ', '__builtins__', '__cached__', '__doc__', '__file__', '__loader__', '__name__', '__package__', '__spec__', 'c_api', 'ctypes', 'home_dir', 'init', 'os', 're', 'res_dir', 'sim_params', 'stats', 'sys']

Performing a basic test 1/2... OK.
Performing a basic test 2/2... OK.
Using settings: ['eval-allcriteria.sim', 'deterministic.sim', 'sample-period-2.sim', 'f9-mut-010.sim']
gen	nevals	avg     	stddev	min     	max     
0  	50    	0.218369	0     	0.218369	0.218369
1  	47    	0.0519373	0.114848	-0.0150001	0.514537
2  	48    	0.0721388	0.119283	-0.016    	0.51442 
3  	45    	0.134999 	0.153251	-0.0166667	0.581352
4  	45    	0.17813  	0.185872	-0.02     	0.581352
5  	48    	0.200189 	0.186459	-0.0171429	0.581279
6  	44    	0.198679 	0.21304 	-0.0166667	0.581352
7  	45    	0.237179 	0.234829	-0.0171429	0.812977
8  	48    	0.294987 	0.223753	-0.0166667	0.812977
9  	43    	0.31981  	0.242123	-0.02     	0.812977
10 	47    	0.255964 	0.228071	-0.0166668	0.812308
11 	48    	0.300451 	0.24575 	-0.0166667	0.812977
12 	44    	0.381749 	0.262368	-0.0171429	0.812977
13 	43    	0.280236 	0.255607	-0.0175   	0.812977
14 	43    	0.396859 	0.273866	-0.0175   	0.840468
15 	44    	0.337253 	0.289094	-0.0177778	0.840468
16 	48    	0.324637 	0.269041	-0.0175   	0.840468
17 	48    	0.338509 	0.24573 	-0.0177778	0.832435
18 	46    	0.395998 	0.231178	-0.0177778	0.840104
19 	41    	0.430148 	0.280179	-0.02     	0.840104
20 	45    	0.304744 	0.257765	-0.0200001	0.840104
21 	43    	0.386519 	0.24088 	-0.0199999	0.840104
22 	44    	0.396898 	0.280139	-0.0177778	0.840104
23 	42    	0.387539 	0.29577 	-0.0177778	0.840104
24 	48    	0.296486 	0.249597	-0.0177778	0.840104
25 	46    	0.351421 	0.258508	-0.0177778	0.810758
26 	41    	0.430942 	0.241409	-0.0175   	0.840104
27 	49    	0.355359 	0.244979	-0.0174999	0.832435
28 	48    	0.306191 	0.272908	-0.02     	0.840104
29 	47    	0.409926 	0.271569	-0.0175001	0.832435
30 	42    	0.376828 	0.28468 	-0.0177778	0.833493
31 	47    	0.394097 	0.286335	-0.0177778	0.840104
32 	44    	0.339858 	0.277612	-0.0177778	0.840104
33 	43    	0.411711 	0.271874	-0.0175   	0.833493
34 	47    	0.333213 	0.247596	-0.02     	0.832435
35 	42    	0.461033 	0.249926	-0.02     	0.832435
36 	45    	0.428823 	0.26026 	-0.016    	0.832435
37 	44    	0.383552 	0.274267	-0.0199999	0.840468
38 	43    	0.383604 	0.296497	-0.0200001	0.840468
39 	46    	0.435872 	0.284091	-0.0200001	0.840468
40 	48    	0.372553 	0.286018	-0.02     	0.840468
41 	45    	0.341046 	0.26526 	-0.018    	0.832435
42 	46    	0.391598 	0.277496	-0.018    	0.896324
43 	45    	0.435568 	0.279944	-0.0175   	0.904926
44 	46    	0.404442 	0.28948 	-0.016    	0.904926
45 	47    	0.537501 	0.263857	-0.0171428	0.904926
46 	49    	0.41743  	0.264092	-0.02     	0.832288
47 	44    	0.387929 	0.270536	-0.0175   	0.832288
48 	45    	0.40575  	0.26123 	-0.02     	0.832288
49 	49    	0.350003 	0.288465	-0.02     	0.904926
50 	45    	0.480651 	0.268414	-0.0174999	0.904926
51 	48    	0.485655 	0.27107 	0.0663869 	0.97164 
52 	46    	0.435979 	0.297817	-0.0171429	0.97164 
53 	41    	0.512977 	0.303587	-0.02     	0.97164 
54 	46    	0.392208 	0.279886	-0.015    	0.97164 
55 	48    	0.429008 	0.288137	-0.0171428	0.904926
56 	46    	0.518331 	0.247855	-0.0159999	0.904926
57 	46    	0.443257 	0.235497	-0.0175   	0.895011
58 	45    	0.43205  	0.258331	0.0594573 	0.904926
59 	43    	0.476513 	0.266068	-0.015    	0.904926
60 	45    	0.489483 	0.286029	0.0753395 	0.975557
61 	45    	0.516095 	0.280633	-0.016    	0.975557
62 	43    	0.493322 	0.323062	-0.0150002	0.975557
63 	41    	0.485241 	0.329951	-0.0159976	0.975557
64 	46    	0.44691  	0.30331 	-0.0177778	0.975557
65 	45    	0.465435 	0.292253	-0.018    	0.975557
66 	49    	0.436625 	0.290285	-0.0166667	0.886449
67 	41    	0.530018 	0.302454	-0.016    	0.907934
68 	47    	0.3979   	0.254647	-0.0177778	0.938948
69 	46    	0.384683 	0.267308	-0.02     	0.938948
70 	43    	0.405808 	0.286112	-0.02     	0.938948
71 	48    	0.420519 	0.275077	-0.016    	0.938948
72 	49    	0.395722 	0.266217	-0.0133333	0.857145
73 	48    	0.477676 	0.261952	0.0489253 	0.9902  
74 	48    	0.426138 	0.2717  	0.117902  	0.9902  
75 	44    	0.36818  	0.304039	-0.0183333	0.9902  
76 	46    	0.39557  	0.257312	-0.016    	0.9902  
77 	46    	0.477519 	0.238978	0.100792  	0.9902  
78 	43    	0.401409 	0.27991 	-0.016    	0.9902  
79 	44    	0.398732 	0.266622	0.0853802 	0.9902  
80 	47    	0.415857 	0.260054	-0.016    	0.9902  
81 	46    	0.46532  	0.257467	-0.0171429	0.915134
82 	47    	0.403107 	0.242714	0.121059  	0.915134
83 	49    	0.30787  	0.200511	-0.0175   	0.817543
84 	48    	0.381548 	0.192629	0.0940553 	0.918007
85 	47    	0.36572  	0.182948	-0.0166667	0.771485
86 	45    	0.433798 	0.216175	-0.0175001	0.918884
87 	46    	0.428865 	0.238888	-0.0171429	1.01657 
88 	47    	0.352069 	0.231563	-0.0171429	0.899861
89 	46    	0.400165 	0.219955	-0.0133333	0.899861
90 	43    	0.42658  	0.26483 	-0.01     	0.899861
91 	48    	0.37802  	0.214613	0.0887322 	0.899861
92 	45    	0.453274 	0.247427	0.0817371 	0.904159
93 	48    	0.372401 	0.209673	0.116363  	0.904159
94 	45    	0.382108 	0.241142	-0.016    	0.904159
95 	44    	0.40828  	0.265506	-0.016    	0.903849
96 	48    	0.397399 	0.232278	-0.016    	0.842557
97 	45    	0.40435  	0.212631	0.0783446 	0.847332
98 	46    	0.409883 	0.250992	-0.02     	0.918999
99 	48    	0.399327 	0.22837 	-0.0133333	0.842766
100	43    	0.39866  	0.242158	-0.0133333	0.842766
101	46    	0.406898 	0.247464	-0.02     	0.921906
102	47    	0.387038 	0.272146	-0.0171429	1.01741 
103	49    	0.469383 	0.222057	0.172446  	0.995166
104	46    	0.447841 	0.279532	0.10638   	0.995166
105	45    	0.459653 	0.270575	0.136106  	0.995166
106	43    	0.437832 	0.234988	0.124394  	0.995166
107	45    	0.418228 	0.238904	-0.0160002	0.995166
108	49    	0.353038 	0.208966	0.0993043 	0.995166
109	46    	0.363279 	0.238582	0.080015  	0.995166
110	48    	0.338271 	0.233157	-0.016    	0.995166
111	45    	0.351345 	0.216248	-0.015    	0.995166
112	44    	0.424567 	0.25348 	0.108849  	0.995166
113	45    	0.413813 	0.267827	-0.018    	0.995166
114	46    	0.366208 	0.256585	-0.0133333	0.995166
115	46    	0.383294 	0.281065	-0.0175   	0.995166
116	46    	0.437036 	0.264055	0.0810599 	0.995166
117	45    	0.380649 	0.275526	-0.0177778	0.995166
118	45    	0.420932 	0.255369	-0.015    	0.995166
119	45    	0.418672 	0.280274	0.0946397 	0.995166
120	48    	0.348747 	0.220326	0.117001  	0.995166
121	47    	0.359642 	0.186661	0.11631   	0.916569
122	49    	0.338656 	0.207778	-0.0166667	0.835247
123	46    	0.367478 	0.204461	-0.0133332	1.04811 
124	44    	0.418426 	0.239568	-0.0150002	1.04811 
125	48    	0.419602 	0.234173	0.115507  	0.993775
126	46    	0.470163 	0.253588	-0.0177777	0.994843
127	46    	0.426897 	0.275309	-0.0177778	0.918266
128	46    	0.418695 	0.272029	-0.0181818	0.918266
129	44    	0.43322  	0.274459	0.0783707 	0.918015
130	46    	0.380064 	0.26683 	-0.015    	0.986015
131	48    	0.410081 	0.230604	0.0993868 	0.986015
132	48    	0.392464 	0.231042	0.100086  	0.918266
133	48    	0.446196 	0.261993	-0.0133333	0.938343
134	49    	0.408977 	0.25154 	-0.02     	0.921367
135	38    	0.53076  	0.26316 	0.176657  	0.921367
136	47    	0.407091 	0.235846	0.144706  	0.984593
137	45    	0.438044 	0.266546	0.104563  	0.984593
138	48    	0.34946  	0.223937	0.0689898 	0.984593
139	42    	0.429022 	0.277957	-0.0171431	1.04811 
140	48    	0.386553 	0.275467	-0.016    	1.04811 
141	44    	0.417087 	0.2817  	-0.0175   	1.04811 
142	47    	0.376365 	0.297184	-0.0171414	1.04811 
143	46    	0.402893 	0.282743	0.0611568 	1.04811 
144	47    	0.413196 	0.258933	-0.017143 	0.98568 
145	45    	0.3984   	0.293801	-0.016    	0.98568 
146	46    	0.397819 	0.27817 	-0.0160001	1.04811 
147	45    	0.391918 	0.267711	0.0693909 	1.04811 
148	45    	0.384625 	0.25959 	0.0744296 	0.98568 
149	47    	0.437497 	0.258496	0.129514  	0.987031
150	45    	0.378901 	0.281875	-0.0166592	0.995981
151	44    	0.420402 	0.28575 	-0.016    	0.995981
152	48    	0.348405 	0.212004	0.0673324 	0.995981
153	44    	0.437001 	0.241234	0.0571278 	0.995981
154	44    	0.402357 	0.267073	-0.0171429	0.995981
155	42    	0.471206 	0.29323 	-0.0171429	1.01324 
156	44    	0.468836 	0.279796	0.14123   	1.01411 
157	46    	0.377085 	0.235037	-0.015    	1.01324 
158	45    	0.442253 	0.278984	-0.016    	1.01324 
159	44    	0.384896 	0.293572	-0.0166613	1.01411 
160	47    	0.418075 	0.271407	-0.0171428	1.01723 
161	44    	0.419621 	0.276773	0.10594   	1.01723 
162	44    	0.424676 	0.266484	0.113906  	1.01723 
163	46    	0.356996 	0.249482	-0.02     	1.0146  
164	48    	0.439665 	0.236865	0.141008  	1.0146  
165	47    	0.465723 	0.238491	-0.016    	1.0146  
166	46    	0.407848 	0.217106	0.12567   	1.0146  
167	49    	0.382248 	0.228611	-0.01     	1.0146  
168	47    	0.457431 	0.235057	0.0638582 	0.864718
169	43    	0.479825 	0.249632	0.141733  	1.01672 
170	48    	0.359215 	0.198758	0.103093  	0.864718
171	46    	0.409733 	0.233243	-0.017143 	0.864718
172	47    	0.448984 	0.21946 	0.079404  	0.864718
173	46    	0.441216 	0.242709	-0.0150001	0.901743
174	49    	0.37473  	0.208817	0.135563  	0.901743
175	46    	0.407974 	0.227855	0.0916654 	0.901743
176	48    	0.372686 	0.226925	-0.01     	0.909626
177	45    	0.407222 	0.223739	0.11275   	0.831781
178	46    	0.432799 	0.232865	-0.0166647	0.897632
179	47    	0.416372 	0.216878	0.125136  	0.897632
180	44    	0.403594 	0.211875	0.113425  	0.897632
181	44    	0.489356 	0.235098	0.110733  	0.897632
182	49    	0.385885 	0.22757 	-0.01     	0.897632
183	47    	0.358557 	0.245788	-0.0171429	0.889865
184	49    	0.389418 	0.219787	-0.0133338	0.988433
185	44    	0.508093 	0.266908	0.0795105 	0.988433
186	45    	0.417576 	0.28431 	-0.0166667	0.996213
187	45    	0.419686 	0.25936 	0.134571  	0.996213
188	50    	0.413128 	0.246561	0.138223  	0.991125
189	47    	0.411793 	0.256429	-0.016    	0.991125
190	44    	0.467761 	0.267974	0.0754503 	0.991125
191	48    	0.352275 	0.253494	0.109173  	0.994205
192	46    	0.456431 	0.263805	0.139099  	0.994205
193	47    	0.451229 	0.226479	0.0365446 	0.994205
194	47    	0.456624 	0.283638	0.00818657	1.04871 
195	45    	0.52521  	0.2973  	0.0893198 	1.04871 
196	45    	0.53722  	0.304075	0.157213  	1.04871 
197	45    	0.482278 	0.310007	-0.0177778	1.04871 
198	47    	0.412318 	0.267065	0.0750718 	0.975075
199	49    	0.349721 	0.182848	-0.0166667	0.848817
200	48    	0.404124 	0.228163	-0.0166667	0.91769 
201	45    	0.428211 	0.256835	-0.0175   	0.985286
202	46    	0.531495 	0.274267	-0.0133333	1.00303 
203	46    	0.501808 	0.288447	-0.0166667	1.03831 
204	43    	0.494689 	0.294543	0.11401   	1.02034 
205	47    	0.386167 	0.26186 	0.0947844 	1.00465 
206	48    	0.397573 	0.200448	0.165146  	1.00465 
207	44    	0.460632 	0.266317	0.131524  	1.00465 
208	47    	0.448573 	0.281892	0.0677198 	1.00465 
209	42    	0.491088 	0.294114	0.152364  	1.00465 
210	46    	0.382814 	0.265325	-0.0166666	1.00465 
211	41    	0.483467 	0.296465	0.112387  	1.00465 
212	46    	0.471705 	0.316053	0.0835457 	1.00465 
213	45    	0.4427   	0.288798	-0.0177777	1.00465 
214	50    	0.383497 	0.249897	-0.015    	0.924144
215	45    	0.406162 	0.231305	0.127594  	0.920069
216	47    	0.385361 	0.224767	0.0879575 	0.983271
217	47    	0.414975 	0.25321 	-0.0133332	0.920069
218	49    	0.439456 	0.235793	-0.0160002	0.856341
219	44    	0.447532 	0.23863 	-0.018    	0.856341
220	45    	0.380809 	0.308888	-1        	0.896063
221	46    	0.465702 	0.251808	-0.0199999	0.899021
222	43    	0.469779 	0.232653	0.114278  	0.902296
223	46    	0.404987 	0.251364	-0.016    	0.902296
224	47    	0.432217 	0.223132	0.116166  	0.848229
225	43    	0.45274  	0.248019	0.0755368 	0.848229
226	45    	0.4498   	0.245027	-0.0177778	0.848229
227	48    	0.379131 	0.21994 	0.127205  	0.987866
228	47    	0.442462 	0.229731	-0.0177778	0.987866
229	45    	0.426046 	0.233862	-0.016    	0.994123
230	44    	0.421308 	0.243716	0.0691128 	0.994123
231	47    	0.391268 	0.206564	-0.02     	0.924035
232	48    	0.37219  	0.241493	-0.0166668	0.873952
233	45    	0.464654 	0.229722	0.098892  	0.873952
234	47    	0.475727 	0.245998	0.121458  	0.945662
235	47    	0.464158 	0.273396	-0.0171429	0.975782
236	48    	0.44564  	0.236898	0.110924  	0.975782
237	48    	0.448539 	0.249145	0.0867828 	0.891539
238	43    	0.479723 	0.262076	0.174368  	0.891539
239	46    	0.406881 	0.250234	0.0460315 	1.05258 
240	47    	0.37763  	0.202064	0.132992  	0.87214 
241	46    	0.455556 	0.232047	-0.0166666	0.991542
242	47    	0.433798 	0.232402	0.161024  	1.03415 
243	42    	0.474867 	0.234706	0.210542  	0.991542
244	43    	0.474785 	0.242983	0.0989624 	0.991542
245	44    	0.471671 	0.237544	-0.016    	0.991542
246	47    	0.471688 	0.234554	0.163643  	0.991542
247	46    	0.424897 	0.196104	0.173333  	0.87517 
248	47    	0.430655 	0.218231	0.108375  	0.876634
249	48    	0.440473 	0.221474	-0.0149999	0.875119
250	47    	0.416496 	0.195414	0.142746  	0.875119
251	45    	0.434648 	0.222444	-0.0150001	0.901885
252	47    	0.469131 	0.235033	0.161406  	0.939808
253	45    	0.436229 	0.254897	-0.015    	0.939808
254	44    	0.443089 	0.26858 	0.104293  	0.939808
255	44    	0.42393  	0.264483	0.0855893 	0.939808
256	47    	0.420542 	0.258127	-0.0166666	0.939808
257	40    	0.494246 	0.276048	0.0976506 	0.939808
258	44    	0.421838 	0.280524	-0.0171429	0.939808
259	49    	0.380712 	0.235946	0.0772139 	0.939808
260	49    	0.351055 	0.212142	-0.0171429	0.876649
261	50    	0.376166 	0.28035 	-1        	0.895209
262	44    	0.44203  	0.225955	0.115626  	0.895209
263	47    	0.455654 	0.221469	0.138859  	0.907056
264	46    	0.375821 	0.230199	-0.016    	0.895482
265	47    	0.387382 	0.201262	0.0959558 	0.813662
266	47    	0.355554 	0.277853	-1        	0.761095
267	49    	0.403466 	0.175889	0.138419  	0.808488
268	48    	0.343864 	0.206347	-0.0166667	0.86772 
269	43    	0.384067 	0.191366	0.0858615 	0.86772 
270	43    	0.449156 	0.230981	0.0983355 	0.86772 
271	42    	0.504874 	0.259794	0.0944319 	0.927633
272	49    	0.365983 	0.211385	-0.0166667	0.88394 
273	47    	0.423694 	0.213076	0.132196  	0.980855
274	45    	0.444939 	0.242343	0.134315  	0.982035
275	48    	0.337389 	0.224272	-0.0171428	0.898835
276	47    	0.36433  	0.195101	-0.0159922	0.932693
277	45    	0.41266  	0.201648	0.126856  	0.932693
278	46    	0.358538 	0.212332	-0.0150003	0.870156
279	41    	0.396923 	0.220483	0.0748554 	0.870156
280	44    	0.391075 	0.210479	-0.0175   	0.889068
281	48    	0.325166 	0.185673	-0.0175   	0.792479
282	43    	0.374111 	0.206459	-0.016    	0.792479
283	47    	0.342982 	0.267382	-1        	0.793506
284	44    	0.384406 	0.188587	0.11658   	0.792479
285	48    	0.379038 	0.197011	0.114677  	0.883411
286	50    	0.34672  	0.19193 	-0.0133333	0.935207
287	43    	0.429999 	0.222547	-0.02     	0.935207
288	48    	0.454285 	0.253248	-0.016    	0.973763
289	49    	0.437136 	0.231564	0.0545127 	1.05157 
290	46    	0.456016 	0.270571	-0.01     	0.972359
291	47    	0.474458 	0.268365	0.0546731 	0.972359
292	46    	0.424822 	0.231841	0.106772  	0.918636
293	46    	0.361209 	0.247898	-0.0150001	0.919978
294	46    	0.422508 	0.236345	0.136632  	0.918636
295	47    	0.438427 	0.252574	0.158955  	0.978424
296	44    	0.4104   	0.248051	0.0928099 	0.918636
297	48    	0.452219 	0.236898	-0.0159997	0.918636
298	48    	0.361859 	0.188019	-0.0150002	0.918636
299	49    	0.402339 	0.215942	-0.016    	0.882339
300	48    	0.328049 	0.211964	-0.0171428	0.892987
301	47    	0.398723 	0.214397	-0.0133337	0.89313 
302	50    	0.389278 	0.213982	-0.0233333	0.895707
303	50    	0.489159 	0.23394 	-0.016    	0.939597
304	43    	0.459184 	0.237577	0.129556  	0.939597
305	46    	0.40271  	0.21607 	0.116001  	0.939597
306	47    	0.327665 	0.195165	-0.0171429	0.921702
307	47    	0.385577 	0.167677	0.084666  	0.91991 
308	47    	0.362116 	0.183079	0.0750169 	0.918676
309	49    	0.328664 	0.144995	-0.0133333	0.695191
310	46    	0.402501 	0.147413	-0.0149998	0.695191
311	44    	0.398461 	0.172486	0.122556  	0.772348
312	44    	0.411969 	0.181166	0.137497  	0.798257
313	45    	0.444828 	0.218285	0.0971667 	0.993739
314	46    	0.374088 	0.221528	-0.01     	0.993739
315	47    	0.379278 	0.256331	-0.02     	0.993739
316	45    	0.444304 	0.231967	0.0993002 	0.993914
317	44    	0.483751 	0.253332	0.112395  	0.993914
318	46    	0.420095 	0.274741	0.024847  	0.995956
319	47    	0.397808 	0.263224	0.106658  	1.00226 
320	49    	0.327373 	0.192526	0.0644981 	0.920038
321	48    	0.393154 	0.227721	-0.0150001	0.86485 
322	46    	0.398528 	0.24979 	-0.0171429	0.874184
323	43    	0.46397  	0.284584	-0.0166668	0.874184
324	45    	0.465439 	0.290846	-0.0166667	0.918424
325	46    	0.430801 	0.270266	-0.0166567	0.958862
326	45    	0.437813 	0.259742	-0.0177777	0.958862
327	47    	0.386265 	0.250943	0.0746251 	0.858638
328	45    	0.441573 	0.24519 	-0.016    	0.858638
329	43    	0.461577 	0.27366 	-0.0175   	0.858638
330	48    	0.448488 	0.284594	-0.0171429	0.882251
331	47    	0.344833 	0.263291	-0.02     	0.86071 
332	50    	0.387034 	0.246282	-0.01     	0.863778
333	46    	0.387099 	0.263463	-0.0177778	0.859644
334	44    	0.490971 	0.276955	-0.016    	0.93568 
335	48    	0.367891 	0.250234	0.0667644 	0.86744 
336	48    	0.340005 	0.20731 	-0.0171381	0.86744 
337	44    	0.358175 	0.231324	-0.0171429	0.86744 
338	49    	0.365745 	0.223261	-0.0166667	0.86744 
339	46    	0.454851 	0.201741	0.0993233 	0.86744 
340	46    	0.394333 	0.244158	-0.015    	0.86744 
341	48    	0.392335 	0.242991	-0.0171429	0.86744 
342	43    	0.395694 	0.248041	-0.0133333	0.86744 
343	46    	0.35511  	0.274741	-0.0175   	0.86744 
344	47    	0.361398 	0.257461	-0.0175   	0.86744 
345	46    	0.348647 	0.250392	-0.0166667	0.86744 
346	47    	0.318746 	0.238719	-0.0175   	0.867851
347	41    	0.397176 	0.242367	0.10108   	0.867851
348	47    	0.370926 	0.219408	0.030748  	0.8582  
349	48    	0.419933 	0.206299	0.0857344 	0.856548
350	45    	0.379016 	0.228436	-0.0133333	0.857086
351	46    	0.388983 	0.256886	-0.0171428	0.868866
352	47    	0.367426 	0.235709	-0.0166666	0.856548
353	48    	0.401409 	0.238643	-0.0133333	0.794619
354	48    	0.443785 	0.225653	0.0663962 	0.868866
355	47    	0.360336 	0.266835	-0.0166652	0.868866
356	46    	0.386035 	0.251512	-0.0160001	0.868866
357	49    	0.353382 	0.220248	0.0622113 	0.851987
358	47    	0.350698 	0.215133	-0.0174999	0.778469
359	47    	0.332793 	0.235532	-0.016    	0.946252
360	45    	0.452113 	0.238681	-0.0150001	0.946252
361	48    	0.310551 	0.225972	-0.0181818	0.946252
362	47    	0.373296 	0.217432	0.0638996 	0.946252
363	47    	0.394192 	0.207836	0.109559  	0.787234
364	47    	0.363341 	0.226574	-0.016    	0.850507
365	46    	0.399379 	0.227777	-0.00506809	0.850586
366	43    	0.427007 	0.214743	-0.0175    	0.850586
367	46    	0.425022 	0.235268	-0.0175    	0.849031
368	46    	0.387291 	0.238483	-0.0171415 	0.787234
369	48    	0.417828 	0.230365	-0.0171429 	0.831887
370	49    	0.434118 	0.222131	-0.0175    	0.839797
371	49    	0.34799  	0.207332	-0.0171429 	0.843103
372	43    	0.380967 	0.212598	-0.02      	0.843103
373	49    	0.382091 	0.183121	-0.018     	0.753595
374	49    	0.357875 	0.19333 	-0.02      	0.712303
375	48    	0.373125 	0.178666	-0.0149999 	0.708594
376	45    	0.394789 	0.207468	-0.018     	0.77357 
377	48    	0.373889 	0.20687 	0.0594487  	0.766075
378	45    	0.377839 	0.237181	-0.015     	0.84384 
379	45    	0.349117 	0.202607	-0.0133334 	0.84384 
380	47    	0.386827 	0.21412 	-0.0166667 	0.83939 
381	47    	0.356538 	0.21587 	0.085736   	0.867316
382	45    	0.41247  	0.241128	0.0748536  	0.867316
383	46    	0.302361 	0.236526	-0.0166667 	0.867316
384	46    	0.332285 	0.235016	-0.0175    	0.867316
385	45    	0.390275 	0.253839	-0.0133333 	0.868387
386	47    	0.356427 	0.258915	-0.0175    	0.877182
387	44    	0.37005  	0.286036	-0.02      	0.877182
388	46    	0.410984 	0.23734 	-0.02      	0.877182
389	48    	0.410804 	0.239415	0.0958647  	0.867649
390	44    	0.342815 	0.28461 	-0.02      	0.941086
391	48    	0.335666 	0.246053	-0.0160002 	0.941086
392	45    	0.375057 	0.24807 	-0.0150001 	0.86241 
393	46    	0.449519 	0.264843	-0.0149999 	0.93212 
394	43    	0.486004 	0.268913	0.0751859  	0.93212 
395	47    	0.347632 	0.255099	-0.0133338 	0.93212 
396	46    	0.479191 	0.267338	-0.02      	0.93212 
397	44    	0.433703 	0.257587	-0.0133332 	0.935203
398	46    	0.45502  	0.268479	-0.0177778 	0.903211
399	44    	0.425529 	0.26478 	-0.0166667 	0.87193 
400	45    	0.435613 	0.285807	-0.0166666 	0.948675
401	41    	0.459976 	0.309767	-0.0149998 	0.948675
402	48    	0.405594 	0.268068	0.0252816  	0.942845
403	43    	0.460681 	0.264203	-0.01      	0.942845
404	45    	0.420461 	0.275734	-0.0181818 	0.948011
405	48    	0.453223 	0.264886	-0.0175    	0.94908 
406	44    	0.462181 	0.292018	-0.02      	0.948011
407	46    	0.40383  	0.298573	-0.0175    	0.948011
408	47    	0.407761 	0.285689	-0.0200001 	0.948011
409	45    	0.419716 	0.279665	-0.0166667 	1.04092 
410	47    	0.459781 	0.300577	-0.0133333 	1.04092 
411	46    	0.462784 	0.27552 	-0.0179999 	0.948011
412	45    	0.464257 	0.288475	-0.0181809 	0.869298
413	49    	0.404208 	0.249257	-0.01      	0.853579
414	44    	0.475361 	0.252996	-0.0133333 	0.853579
415	42    	0.404921 	0.242322	0.0748903  	0.853579
416	48    	0.439543 	0.227183	0.138692   	0.946138
417	45    	0.419002 	0.255745	0.0747475  	0.946138
418	48    	0.438144 	0.265639	0.073869   	0.948329
419	45    	0.456145 	0.263675	0.100718   	0.946138
420	45    	0.451915 	0.270554	-0.0175    	0.946138
421	45    	0.511399 	0.274078	0.0631433  	0.983674
422	46    	0.474831 	0.293587	-0.0133332 	0.983674
423	49    	0.515872 	0.263595	0.0533128  	0.912647
424	45    	0.522886 	0.254721	0.0710469  	0.912647
425	48    	0.451338 	0.298848	-0.0166667 	0.971143
426	45    	0.566477 	0.312026	-0.02      	0.971143
427	47    	0.373656 	0.325571	-0.0160001 	1.06962 
428	44    	0.477092 	0.321822	-0.0159963 	1.06962 
429	48    	0.458453 	0.332388	-0.016     	1.06962 
430	45    	0.425864 	0.307117	-0.0171429 	1.06962 
431	45    	0.466857 	0.294553	0.0562654  	1.06962 
432	44    	0.514306 	0.309453	0.109239   	1.06962 
433	46    	0.512191 	0.333195	-0.015     	1.06962 
434	46    	0.508216 	0.318465	0.0653782  	1.06962 
435	46    	0.388008 	0.289671	-0.0133332 	1.06962 
436	46    	0.453149 	0.32185 	-0.0166666 	0.980676
437	45    	0.49351  	0.313485	-0.016     	1.06666 
438	42    	0.555434 	0.307393	0.116848   	1.06666 
439	47    	0.472402 	0.330092	0.0644569  	1.06666 
440	42    	0.52711  	0.340245	-0.016     	1.06666 
441	48    	0.351468 	0.279404	-0.016     	0.978976
442	48    	0.434055 	0.255623	0.0958129  	0.978976
443	47    	0.382301 	0.268047	-0.016     	0.98568 
444	44    	0.45386  	0.289825	0.0720495  	0.98568 
445	46    	0.396498 	0.279469	-0.016     	0.970345
446	46    	0.434652 	0.239766	-0.0133334 	0.908609
447	41    	0.460043 	0.285449	0.0742891  	0.99206 
448	44    	0.369791 	0.30271 	-0.0171429 	0.99206 
449	45    	0.470083 	0.286237	-0.0171428 	1.00909 
450	47    	0.4716   	0.275412	0.126224   	0.993803
451	49    	0.391186 	0.272096	-0.0166652 	0.993803
452	49    	0.384007 	0.254285	0.0740202  	0.993803
453	49    	0.345793 	0.256524	-0.016     	0.922655
454	46    	0.364177 	0.245288	-0.0175    	0.922655
455	46    	0.393344 	0.259353	-0.01      	0.976847
456	45    	0.382375 	0.255024	-0.0177778 	0.976847
457	48    	0.362541 	0.220953	-0.0171428 	0.850781
458	47    	0.417028 	0.227814	0.0987154  	0.850781
459	48    	0.373579 	0.198069	0.0934953  	0.906711
460	44    	0.403802 	0.255024	-0.0166667 	0.849951
461	44    	0.379607 	0.257782	0.0748184  	0.986211
462	45    	0.414282 	0.254089	0.135635   	0.986211
463	45    	0.475025 	0.263917	0.156872   	1.00652 
464	46    	0.368131 	0.249727	0.10649    	1.00652 
465	46    	0.458203 	0.277307	0.114172   	1.00652 
466	49    	0.381156 	0.233258	-0.015     	0.96274 
467	46    	0.407132 	0.227032	-0.0166667 	0.777871
468	45    	0.430097 	0.224373	-0.0150001 	0.807587
469	48    	0.387155 	0.217331	0.0418198  	0.864417
470	48    	0.459312 	0.256587	0.118204   	0.96274 
471	44    	0.434634 	0.261336	0.1067     	0.96274 
472	47    	0.432386 	0.243179	-0.016     	0.96274 
473	45    	0.457964 	0.251371	-0.015     	0.898235
474	49    	0.443113 	0.240003	-0.0166667 	0.905431
475	46    	0.42396  	0.249073	-0.0171428 	0.833659
476	45    	0.488647 	0.239334	0.137053   	0.898235
477	47    	0.352365 	0.216369	-0.0133333 	0.826472
478	44    	0.436427 	0.227427	0.0992523  	0.833659
479	45    	0.467088 	0.264286	0.13041    	0.905249
480	44    	0.515893 	0.258055	0.0652799  	0.903902
481	45    	0.437277 	0.293387	0.08242    	1.02234 
482	45    	0.5116   	0.280093	0.0828499  	1.02234 
483	47    	0.429483 	0.259047	0.105881   	0.984202
484	49    	0.403558 	0.253623	0.0538612  	0.985129
485	45    	0.398525 	0.257126	0.0774099  	0.985129
486	46    	0.443212 	0.260191	-0.00670266	0.985129
487	44    	0.509871 	0.354187	-1         	0.985129
488	44    	0.519892 	0.294376	0.12436    	0.985182
489	45    	0.494003 	0.305325	-0.018     	1.068   
490	47    	0.405079 	0.268338	-0.0133333 	1.16267 
491	45    	0.426    	0.290617	-0.0166667 	1.068   
492	48    	0.461991 	0.289791	-0.0174999 	1.068   
493	46    	0.476019 	0.247553	0.169969   	0.987436
494	48    	0.50965  	0.256036	0.08565    	0.946199
495	46    	0.516758 	0.257258	0.100061   	0.946199
496	48    	0.493963 	0.256332	0.100966   	0.983935
497	47    	0.402943 	0.259686	-0.0175    	0.913054
498	45    	0.476417 	0.236516	0.153548   	0.909248
499	45    	0.524805 	0.272754	-0.016     	0.955892
500	46    	0.501628 	0.266366	-0.0166666 	0.955892
501	49    	0.388075 	0.259467	-0.016     	0.906939
502	44    	0.388889 	0.245241	-0.015     	0.906939
503	48    	0.465869 	0.241138	0.106414   	0.908115
504	47    	0.376726 	0.21717 	0.136152   	0.901661
505	45    	0.421772 	0.223578	0.145457   	0.901661
506	44    	0.437713 	0.244984	0.0846758  	0.901661
507	47    	0.395794 	0.233374	-0.0150002 	0.836373
508	47    	0.440043 	0.226033	-0.0160001 	0.902833
509	43    	0.515259 	0.259057	0.139551   	0.9567  
510	44    	0.415469 	0.269768	-0.015     	0.908181
511	48    	0.429747 	0.246298	0.0666905  	0.907051
512	48    	0.437167 	0.223896	0.0586246  	0.905099
513	46    	0.529677 	0.250951	0.0781076  	0.966749
514	46    	0.460682 	0.235598	-0.0174999 	0.966749
515	44    	0.46481  	0.284192	-0.0166667 	0.966749
516	42    	0.517081 	0.248699	0.100926   	0.966749
517	44    	0.512412 	0.266778	-0.01      	0.966749
518	46    	0.532514 	0.271821	-0.0133333 	0.966749
519	48    	0.5195   	0.281544	-0.0150002 	0.979   
520	45    	0.492296 	0.278837	0.0448991  	0.979279
521	45    	0.46379  	0.288383	-0.0159965 	0.972699
522	47    	0.425316 	0.279877	-0.0171429 	0.971048
523	47    	0.43446  	0.249942	-0.0150002 	0.90737 
524	46    	0.488764 	0.246024	0.153535   	0.90737 
525	40    	0.519936 	0.289538	0.114578   	0.90737 
526	43    	0.478421 	0.292739	-0.00671136	0.90737 
527	47    	0.369753 	0.266438	-0.02      	0.971538
528	46    	0.439244 	0.253777	-0.02      	0.985395
529	50    	0.346768 	0.234699	0.0613058  	0.840843
530	47    	0.403496 	0.21856 	-0.0150001 	0.797855
531	41    	0.442105 	0.226599	0.0759671  	0.797855
532	46    	0.451526 	0.205403	0.126942   	0.888741
533	45    	0.406235 	0.233923	-0.0183333 	0.905826
534	44    	0.416425 	0.251067	-0.0159976 	0.888741
535	43    	0.4183   	0.242954	-0.0171428 	0.890625
536	41    	0.466782 	0.249086	0.0825796  	0.9122  
537	46    	0.433302 	0.23973 	-0.016     	0.9122  
538	46    	0.456712 	0.232199	0.0981629  	0.817313
539	45    	0.491876 	0.227243	0.101311   	0.852652
540	48    	0.42634  	0.263672	-0.0171428 	0.844818
541	47    	0.36433  	0.366567	-1         	0.826263
542	45    	0.359958 	0.256704	-0.016     	0.82747 
543	48    	0.44403  	0.235863	0.0763958  	0.89949 
544	45    	0.373441 	0.235343	-0.0166667 	0.817313
545	46    	0.418452 	0.232047	-0.0166667 	0.824539
546	48    	0.440082 	0.254564	-0.018     	0.998901
547	45    	0.436347 	0.276927	-0.0166666 	0.998901
548	48    	0.470633 	0.269244	-0.0171429 	0.979131
549	49    	0.426259 	0.245817	-0.015     	0.901545
550	45    	0.381638 	0.236192	0.125029   	0.894168
551	45    	0.468188 	0.225001	0.157319   	0.853341
552	47    	0.372084 	0.226291	-0.01      	0.84989 
553	45    	0.434753 	0.210706	0.0931341  	0.854017
554	46    	0.377176 	0.218399	0.0614463  	0.850298
555	46    	0.467066 	0.231791	0.116217   	0.963639
556	47    	0.418271 	0.254529	-0.01      	0.965823
557	43    	0.466531 	0.237244	0.116986   	1.0298  
558	44    	0.43011  	0.265188	0.0753073  	1.0298  
559	46    	0.441324 	0.274033	-0.0133333 	1.0298  
560	47    	0.407477 	0.247101	0.0995517  	0.94668 
561	49    	0.413752 	0.240726	-0.015     	1.0298  
562	46    	0.413079 	0.228826	0.099433   	0.814989
563	49    	0.336441 	0.205417	-0.0133338 	0.801261
564	46    	0.422039 	0.209168	0.0999548  	0.801261
565	43    	0.46199  	0.22671 	-0.0171429 	0.801261
566	43    	0.375879 	0.236249	-0.0171429 	0.858548
567	47    	0.352179 	0.212185	-0.0171428 	0.948768
568	45    	0.411189 	0.244138	-0.016     	0.985518
569	48    	0.342823 	0.224309	-0.0175    	0.985518
570	48    	0.402024 	0.239505	-0.0177778 	0.901043
571	46    	0.413759 	0.241133	-0.0171384 	0.901043
572	47    	0.377917 	0.268412	-0.0150001 	0.903424
573	46    	0.483165 	0.239395	0.0761448  	0.983485
574	42    	0.462726 	0.284651	-0.0149997 	0.90978 
575	46    	0.380795 	0.265626	-0.016     	0.903424
576	43    	0.377177 	0.256871	0.0472866  	0.900318
577	39    	0.458225 	0.266968	-0.0133334 	0.900318
578	43    	0.478519 	0.277701	-0.0133337 	0.907881
579	45    	0.358688 	0.269819	-0.02      	0.971154
580	49    	0.362418 	0.275063	-0.0179999 	0.980676
581	44    	0.478232 	0.260466	0.156318   	0.980676
582	44    	0.374685 	0.262349	0.0683324  	0.980676
583	49    	0.391753 	0.260385	-0.0149998 	0.905111
584	43    	0.40015  	0.277157	-0.016     	0.905111
585	45    	0.492265 	0.262467	-0.0175    	0.905111
586	49    	0.380745 	0.279448	-0.0177777 	0.944415
587	47    	0.419369 	0.247775	-0.0150001 	0.944415
588	47    	0.41621  	0.286526	-0.0177778 	0.905048
589	43    	0.384429 	0.283975	-0.0166666 	0.905048
590	46    	0.369737 	0.262485	-0.0177777 	0.905047
591	49    	0.407646 	0.246423	-0.0181818 	0.905047
592	49    	0.42283  	0.244095	-0.015     	0.905047
593	50    	0.319123 	0.221372	-0.0171429 	0.825102
594	47    	0.362857 	0.28472 	-1         	0.798149
595	45    	0.465991 	0.229318	-0.0133332 	0.911486
596	46    	0.442977 	0.232225	-0.02      	0.911486
597	47    	0.412194 	0.195861	0.130907   	0.824088
598	47    	0.397818 	0.226265	0.066479   	0.815712
599	48    	0.383438 	0.208024	-0.016     	0.843803
600	45    	0.416653 	0.222386	0.0664823  	0.974012
601	45    	0.36659  	0.217971	0.0620791  	0.790791
602	47    	0.407673 	0.198662	0.121278   	0.838932
603	46    	0.410214 	0.242791	-0.0166667 	0.905868
604	47    	0.40937  	0.190793	0.122433   	0.899246
605	43    	0.48855  	0.218445	0.107388   	0.950411
606	47    	0.462188 	0.219346	0.16026    	0.950411
607	45    	0.446955 	0.222166	0.165357   	0.950411
608	49    	0.404494 	0.255668	-0.0166666 	0.950411
609	43    	0.46239  	0.263558	0.0986711  	0.974576
610	45    	0.423918 	0.270873	-0.0150001 	1.01961 
611	48    	0.401779 	0.230202	-0.0166666 	0.974441
612	40    	0.46543  	0.269375	-0.015     	0.974441
613	48    	0.400547 	0.285888	-1         	0.974441
614	44    	0.372387 	0.288044	-1         	0.84198 
615	47    	0.265826 	0.471668	-1         	0.854484
616	49    	0.363644 	0.345588	-1         	0.889905
617	45    	0.292923 	0.433942	-1         	0.889905
618	46    	0.160866 	0.574564	-1         	0.889905
619	49    	0.0549903	0.643622	-1         	0.839611
620	42    	0.0297028	0.655369	-1         	0.766489
621	48    	0.0391728	0.631976	-1         	0.766489
622	42    	0.0434913	0.693747	-1         	0.766489
623	49    	0.141955 	0.624749	-1         	0.774034
624	46    	0.208909 	0.44119 	-1         	0.700491
625	46    	0.238355 	0.484175	-1         	0.764175
626	45    	0.263689 	0.446758	-1         	0.727224
627	46    	0.194715 	0.543681	-1         	0.727224
628	45    	0.227762 	0.519175	-1         	0.705095
629	43    	0.233402 	0.523471	-1         	0.705095
630	46    	0.30523  	0.464077	-1         	0.745245
631	45    	0.21728  	0.520663	-1         	0.745245
632	47    	0.179996 	0.537631	-1         	0.745245
633	45    	0.208858 	0.505121	-1         	0.745245
634	45    	0.248292 	0.485752	-1         	0.745245
635	46    	0.322706 	0.365284	-1         	0.711037
636	46    	0.31184  	0.315651	-1         	0.733362
637	44    	0.360983 	0.248113	-1         	0.733362
638	47    	0.323827 	0.303732	-1         	0.733362
639	47    	0.237517 	0.478593	-1         	0.685356
640	49    	0.188867 	0.493282	-1         	0.773738
641	46    	0.294427 	0.402151	-1         	0.773738
642	47    	0.305424 	0.364395	-1         	0.776746
643	44    	0.336297 	0.378605	-1         	0.776746
644	44    	0.395768 	0.258731	-1         	0.752396
645	45    	0.292368 	0.414423	-1         	0.800128
646	47    	0.33575  	0.375143	-1         	0.799929
647	49    	0.375306 	0.256299	-1         	0.788475
648	46    	0.361746 	0.310022	-1         	0.727531
649	48    	0.4019   	0.143105	0.105184   	0.727428
650	47    	0.381916 	0.250521	-1         	0.785315
651	46    	0.281716 	0.448456	-1         	0.785315
652	44    	0.372949 	0.332386	-1         	0.785315
653	46    	0.473693 	0.18276 	0.199672   	0.836593
654	45    	0.342136 	0.396005	-1         	0.890742
655	49    	0.233736 	0.436747	-1         	0.7981  
656	45    	0.393984 	0.186121	0.0677152  	0.821616
657	46    	0.392579 	0.27858 	-1         	0.842505
658	47    	0.327659 	0.267336	-1         	0.821616
659	47    	0.373902 	0.179241	0.132134   	0.859782
660	47    	0.338267 	0.295264	-1         	0.843941
661	46    	0.401408 	0.205155	0.115066   	0.842505
662	46    	0.354335 	0.230511	-0.016     	0.842505
663	47    	0.413123 	0.299115	-1         	0.842505
664	49    	0.371848 	0.241328	-0.016     	0.821265
665	44    	0.412461 	0.257885	-0.016     	0.849839
666	44    	0.434578 	0.28284 	-0.0177778 	0.978869
667	48    	0.400538 	0.227632	-0.0171428 	0.924257
668	48    	0.383141 	0.223912	0.0595768  	0.924257
669	47    	0.382985 	0.200491	0.0838609  	0.924257
670	45    	0.387678 	0.233309	-0.01      	0.924257
671	48    	0.397322 	0.196319	0.0631357  	0.82396 
672	50    	0.391038 	0.186422	-0.016     	0.824259
673	46    	0.450169 	0.213122	0.0892592  	0.827317
674	47    	0.408878 	0.292208	-1         	0.819729
675	44    	0.421918 	0.189317	-0.0166667 	0.804817
676	47    	0.356665 	0.156943	0.0871633  	0.804817
677	45    	0.351427 	0.160647	0.0815428  	0.751198
678	45    	0.369984 	0.159502	-0.0175    	0.751198
679	44    	0.403577 	0.172662	0.142586   	0.768038
680	45    	0.371214 	0.195375	-0.016     	0.768038
681	44    	0.375693 	0.228306	0.0593947  	0.768038
682	43    	0.378149 	0.228801	0.0502596  	0.891641
683	47    	0.413585 	0.222772	0.0610151  	0.917204
684	45    	0.393013 	0.242189	0.0666426  	0.917204
685	47    	0.388491 	0.242767	-0.0181819 	0.917204
686	49    	0.318544 	0.181249	-0.0174924 	0.913504
687	45    	0.39116  	0.182289	0.108562   	0.741197
688	47    	0.402089 	0.231058	-0.0150001 	0.898269
689	44    	0.338407 	0.242386	-0.02      	0.898269
690	42    	0.442419 	0.265062	-0.0175    	0.898269
691	45    	0.379846 	0.284581	-0.02      	0.898269
692	50    	0.354087 	0.247388	-0.0181818 	0.834719
693	45    	0.438995 	0.248932	-0.0171428 	0.834719
694	47    	0.334659 	0.263185	-0.02      	0.832288
695	45    	0.411314 	0.299352	-0.0200001 	0.898269
696	42    	0.474956 	0.295463	-0.02      	0.898269
697	45    	0.421237 	0.304415	-0.02      	0.980387
698	41    	0.433255 	0.304815	-0.0133333 	0.980387
699	46    	0.324343 	0.258728	0.0587132  	0.980387
700	48    	0.359852 	0.240997	0.0708729  	0.980387
701	48    	0.338016 	0.251281	-0.018     	0.980387
702	43    	0.342569 	0.235923	-0.0175    	0.898269
703	44    	0.412023 	0.244525	-0.02      	0.898269
704	45    	0.386282 	0.2348  	0.0671846  	0.897518
705	44    	0.45177  	0.253468	0.091581   	0.897518
706	46    	0.322238 	0.239293	-0.0171428 	0.897518
707	47    	0.368028 	0.243937	-0.02      	0.896428
708	45    	0.430401 	0.251392	-0.01      	0.896428
709	45    	0.445499 	0.253582	0.0591177  	0.897518
710	47    	0.390451 	0.274286	-0.0171428 	0.907248
711	47    	0.455253 	0.282181	-0.0133333 	0.907248
712	46    	0.401889 	0.290965	-0.0174998 	0.907248
713	47    	0.41155  	0.250012	0.0845947  	0.907248
714	47    	0.319449 	0.229886	-0.0133333 	0.906282
715	48    	0.359608 	0.252505	-0.018     	0.907248
716	49    	0.322731 	0.261667	-0.0166667 	0.907248
717	43    	0.467892 	0.273252	0.067194   	0.907248
718	47    	0.292569 	0.255595	-0.016     	0.907248
719	46    	0.385818 	0.241066	-0.0177778 	0.907248
720	47    	0.444222 	0.236726	0.0662859  	0.827484
721	48    	0.421892 	0.282334	-0.0175    	0.907248
722	43    	0.42691  	0.276331	-0.0159999 	0.907248
723	48    	0.386016 	0.261934	-0.0150001 	0.907248
724	45    	0.424666 	0.261726	-0.0133333 	0.907248
725	46    	0.425022 	0.263961	-0.0225    	0.907248
726	43    	0.452636 	0.29028 	-0.0166654 	0.907248
727	43    	0.409056 	0.278527	0.0636939  	0.907248
728	47    	0.393083 	0.257037	-0.0159977 	0.907248
729	47    	0.379737 	0.233826	-0.016     	0.907248
730	45    	0.390901 	0.247142	-0.016     	0.897266
731	47    	0.372488 	0.24468 	-0.0166667 	0.893237
732	42    	0.435907 	0.267419	-0.01      	0.893237
733	47    	0.342492 	0.233283	-0.0200001 	0.837352
734	47    	0.412991 	0.252182	-0.016     	0.921756
735	47    	0.430495 	0.223159	0.0739094  	0.83941 
736	46    	0.457172 	0.219365	0.114949   	0.836525
737	49    	0.447072 	0.226999	-0.01      	0.89018 
738	48    	0.477573 	0.229652	0.0872937  	0.899631
739	44    	0.489933 	0.225991	-0.016     	0.84599 
740	48    	0.463119 	0.230553	-0.0150003 	0.84261 
741	48    	0.461724 	0.271858	-0.02      	0.976552
742	49    	0.45417  	0.246476	-0.0171429 	0.976552
743	48    	0.433061 	0.247189	0.0939069  	0.976552
744	42    	0.426962 	0.243851	0.140149   	0.952347
745	47    	0.498695 	0.256956	-0.0160001 	0.974038
746	46    	0.472115 	0.223817	-0.0159966 	0.859567
747	48    	0.489686 	0.220908	-0.0160001 	0.915864
748	48    	0.415378 	0.227096	-0.015     	0.915864
749	47    	0.422068 	0.215125	-0.0150001 	0.833352
750	50    	0.379392 	0.221254	-0.0133337 	0.901762
751	47    	0.459816 	0.214694	0.132898   	0.933068
752	41    	0.510453 	0.234574	0.149054   	0.933068
753	49    	0.480815 	0.32112 	-1         	1.08183 
754	44    	0.422633 	0.242887	-0.0133334 	0.973465
755	45    	0.505868 	0.237707	0.0886243  	0.973465
756	44    	0.467209 	0.266132	0.131435   	0.973465
757	47    	0.46541  	0.259833	0.135596   	0.923729
758	46    	0.46754  	0.2608  	0.118081   	0.994252
759	47    	0.402828 	0.198406	-0.0171429 	0.829071
760	42    	0.434514 	0.218615	-0.0160001 	0.863152
761	45    	0.392333 	0.203467	0.0916287  	0.863152
762	47    	0.383709 	0.21485 	-0.01      	0.807992
763	45    	0.430305 	0.185809	0.121132   	0.79335 
764	48    	0.439268 	0.207176	-0.02      	0.89621 
765	45    	0.394482 	0.222446	0.106271   	0.906769
766	47    	0.384343 	0.247303	-0.02      	0.889013
767	48    	0.409082 	0.208321	0.147123   	0.905935
768	48    	0.427533 	0.239794	0.109176   	0.920683
769	48    	0.395622 	0.242942	0.128676   	0.998078
770	47    	0.415876 	0.251515	-0.015     	0.998078
771	44    	0.414103 	0.236519	-0.015     	0.998078
772	47    	0.371711 	0.214084	-0.01      	0.873396
773	43    	0.444646 	0.199701	0.129923   	0.858643
774	47    	0.433243 	0.24089 	-0.02      	0.883267
775	48    	0.373034 	0.202277	0.129257   	0.883267
776	48    	0.391979 	0.194   	0.165793   	0.966456
777	50    	0.373918 	0.185424	0.0722918  	1.00389 
778	43    	0.437699 	0.237897	-0.0177778 	1.00389 
779	48    	0.382909 	0.213891	0.101439   	1.00389 
780	45    	0.492629 	0.24578 	0.065566   	1.00389 
781	44    	0.448145 	0.262826	-0.0133333 	1.00389 
782	47    	0.384968 	0.248172	-0.00670266	1.00389 
783	46    	0.487291 	0.243369	0.136791   	1.00389 
784	47    	0.488979 	0.260945	0.127299   	1.00076 
785	47    	0.534216 	0.293167	-0.0159977 	1.00076 
786	47    	0.46295  	0.284263	-0.02      	1.00114 
787	47    	0.428526 	0.261766	-0.02      	1.1409  
788	47    	0.452497 	0.251866	0.116728   	1.04471 
789	46    	0.570346 	0.284961	0.11872    	1.04471 
790	48    	0.508877 	0.302486	-0.0166594 	1.04471 
791	48    	0.466302 	0.279123	0.118351   	0.906823
792	44    	0.493316 	0.251502	-0.0166668 	0.905695
793	41    	0.531618 	0.298247	-0.02      	1.05395 
794	46    	0.472116 	0.275122	-0.0150002 	1.15941 
795	47    	0.501137 	0.273836	0.10848    	1.05816 
796	50    	0.410304 	0.253817	-0.0175    	1.05928 
797	45    	0.462485 	0.253798	-0.0149999 	0.954062
798	47    	0.462886 	0.255483	-0.0133333 	0.972183
799	46    	0.430387 	0.232143	0.118491   	0.972183
800	46    	0.450394 	0.233348	0.142834   	1.037   
801	42    	0.507309 	0.281269	0.074443   	0.995362
802	46    	0.432409 	0.283011	-0.0171428 	1.14815 
803	45    	0.458774 	0.286092	0.127618   	0.977205
804	44    	0.466641 	0.248088	-0.02      	0.970862
805	45    	0.480687 	0.270516	-0.016     	0.970862
806	49    	0.483443 	0.265274	0.0775444  	1.1558  
807	46    	0.42001  	0.311527	-0.0171418 	1.1558  
808	49    	0.432025 	0.300307	-0.0166666 	1.05781 
809	48    	0.537361 	0.298965	-0.016     	1.041   
810	46    	0.442827 	0.289251	-0.0177778 	1.041   
811	43    	0.432855 	0.323658	-0.016     	1.041   
812	45    	0.398042 	0.329759	-0.02      	1.1558  
813	45    	0.459284 	0.333008	-0.01      	1.1558  
814	44    	0.412602 	0.324031	-0.0171431 	1.041   
815	45    	0.421869 	0.32664 	-0.0200001 	1.041   
816	47    	0.376215 	0.27066 	-0.0175    	1.041   
817	42    	0.507644 	0.300371	-0.0160001 	0.995187
818	45    	0.413299 	0.297008	-0.0174999 	0.911114
819	44    	0.46151  	0.29645 	-0.0171427 	0.974435
820	48    	0.365624 	0.265296	-0.0133332 	0.97545 
821	45    	0.432661 	0.277526	-0.017143  	0.970458
822	45    	0.477299 	0.281729	-0.015     	0.911114
823	49    	0.50732  	0.28189 	0.0669606  	0.9603  
824	46    	0.406891 	0.315161	-0.0184615 	0.9603  
825	49    	0.465847 	0.264131	0.0759554  	0.970862
826	47    	0.41835  	0.271629	-0.0133333 	0.970862
827	46    	0.412398 	0.259306	-0.0133333 	0.911417
828	48    	0.425607 	0.234777	0.0826438  	0.850437
829	47    	0.352102 	0.232769	-0.017143  	0.866134
830	44    	0.404121 	0.237281	-0.0166667 	0.843178
831	47    	0.359958 	0.218053	-0.0166671 	0.843178
832	47    	0.446627 	0.236384	0.0658142  	0.86754 
833	45    	0.475238 	0.263066	0.0528056  	0.869628
834	45    	0.379991 	0.237662	0.10426    	0.874192
835	46    	0.468153 	0.234422	0.181271   	0.878945
836	45    	0.394612 	0.242619	-0.015     	0.878945
837	47    	0.420678 	0.209578	0.130904   	0.86754 
838	49    	0.36932  	0.205519	0.10275    	0.811542
839	49    	0.358899 	0.166013	-0.0160001 	0.707169
840	44    	0.422766 	0.151705	0.188796   	0.773381
841	45    	0.423513 	0.172956	0.129019   	0.773381
842	44    	0.409725 	0.195444	0.145686   	0.784019
843	47    	0.421095 	0.247338	-0.0150003 	0.965304
844	47    	0.40706  	0.237635	0.141173   	0.885431
845	47    	0.402783 	0.219573	0.120397   	0.859219
846	48    	0.406145 	0.21188 	-0.015     	0.839982
847	47    	0.402913 	0.212154	-0.0133333 	0.839982
848	46    	0.378731 	0.18308 	0.0743865  	0.839982
849	44    	0.437638 	0.207297	0.0974441  	0.849672
850	45    	0.42874  	0.198287	0.0858851  	0.856953
851	49    	0.397341 	0.180956	0.125874   	0.849672
852	46    	0.397411 	0.189768	0.180724   	0.931311
853	46    	0.402328 	0.176131	0.174092   	0.849672
854	47    	0.419719 	0.20291 	-0.016     	0.849672
855	47    	0.446003 	0.216865	0.113257   	0.895969
856	40    	0.467764 	0.215226	0.144955   	0.895969
857	45    	0.40224  	0.204726	0.116953   	0.856917
858	42    	0.384165 	0.209239	-0.0150003 	0.838035
859	47    	0.413771 	0.184604	0.179278   	0.838035
860	37    	0.421648 	0.231196	-0.0166667 	0.838035
861	47    	0.413418 	0.207922	-0.0171429 	0.838035
862	46    	0.389864 	0.209332	0.0986539  	0.838035
863	46    	0.37013  	0.272853	-1         	0.838035
864	46    	0.350185 	0.268457	-1         	0.838035
865	44    	0.375953 	0.235239	-0.0133332 	0.838035
866	45    	0.422563 	0.233032	-0.01      	0.872715
867	47    	0.402098 	0.214795	0.120287   	0.947244
868	44    	0.414159 	0.214992	0.0833558  	0.947244
869	49    	0.403244 	0.19413 	-0.0183333 	0.872715
870	46    	0.41522  	0.219195	-0.02      	0.872715
871	46    	0.353872 	0.277922	-1         	0.872715
872	48    	0.394824 	0.168471	0.0814791  	0.872715
873	47    	0.350147 	0.185362	0.120292   	0.872715
874	43    	0.368186 	0.186757	0.0823232  	0.872715
875	47    	0.367453 	0.209185	0.0764085  	0.872715
876	48    	0.352406 	0.184957	0.0712384  	0.738158
877	45    	0.353425 	0.194615	0.0577255  	0.738158
878	45    	0.35546  	0.192456	-0.017143  	0.751372
879	47    	0.378854 	0.19652 	0.13734    	0.858118
880	46    	0.37113  	0.189304	0.116656   	0.858118
881	45    	0.397804 	0.210496	0.126234   	0.858118
882	44    	0.383588 	0.215526	0.0574153  	0.858118
883	45    	0.377206 	0.244505	-0.0166667 	0.894616
884	45    	0.416002 	0.312285	-1         	0.894616
885	47    	0.390469 	0.248483	-0.0133333 	0.924865
886	45    	0.463546 	0.268404	-0.0171415 	0.963306
887	43    	0.4724   	0.263084	0.147826   	0.925907
888	47    	0.371087 	0.224608	0.13701    	0.963306
889	46    	0.401027 	0.232525	0.111112   	0.980566
890	46    	0.365375 	0.305537	-1         	0.980566
891	50    	0.384667 	0.20895 	0.135994   	0.913909
892	49    	0.383261 	0.22551 	-0.0133332 	0.913909
893	45    	0.42067  	0.205019	0.0638814  	1.01897 
894	45    	0.401676 	0.220838	0.152803   	1.04287 
895	46    	0.437186 	0.239824	0.12205    	1.05538 
896	45    	0.42899  	0.262118	0.09728    	1.04861 
897	48    	0.409491 	0.240146	0.156847   	1.05041 
898	47    	0.368952 	0.193402	0.0471156  	0.955615
899	44    	0.386903 	0.206223	-0.02      	0.844996
900	46    	0.415548 	0.230954	0.0796387  	0.914541
901	44    	0.452485 	0.233254	0.149991   	0.911701
902	47    	0.377984 	0.185818	0.161948   	0.911701
903	48    	0.384675 	0.19925 	-0.0159893 	0.895993
904	47    	0.40466  	0.198165	0.174263   	0.976316
905	47    	0.407119 	0.190775	0.126462   	0.976316
906	43    	0.469597 	0.241346	0.0995463  	0.976316
907	48    	0.395084 	0.220082	-0.0160001 	0.912962
908	45    	0.416054 	0.201891	0.0975922  	0.912962
909	44    	0.429593 	0.234215	0.0680912  	0.912962
910	50    	0.399835 	0.196257	0.074587   	0.906792
911	41    	0.448367 	0.210047	0.120015   	0.862389
912	45    	0.456383 	0.227537	-0.0166667 	0.862389
913	47    	0.40275  	0.311035	-1         	0.867541
914	39    	0.493839 	0.253155	0.102125   	0.867541
915	46    	0.388805 	0.254098	-0.0166667 	0.909265
916	45    	0.452399 	0.23869 	0.0858298  	0.909265
917	48    	0.424386 	0.224   	0.0860129  	0.866513
918	49    	0.408246 	0.228853	-0.02      	0.959958
919	40    	0.489604 	0.262615	-0.0175    	0.959958
920	48    	0.392478 	0.222755	0.130807   	0.959958
921	47    	0.35142  	0.175782	0.109426   	0.959958
922	48    	0.341314 	0.177844	-0.0175    	0.751304
923	47    	0.398281 	0.156615	0.12787    	0.74085 
924	45    	0.413103 	0.186988	-0.0133334 	0.869811
925	48    	0.367185 	0.207489	0.0665532  	0.848843
926	48    	0.328406 	0.188555	-0.0166652 	0.848843
927	44    	0.380617 	0.198146	-0.016     	0.848843
928	48    	0.337655 	0.216158	-0.0133335 	0.848843
929	48    	0.365225 	0.227603	0.051587   	0.848843
930	49    	0.380656 	0.23247 	-0.0159977 	0.893779
931	44    	0.413506 	0.23526 	0.0937292  	0.893779
932	49    	0.371872 	0.288289	-1         	0.900522
933	46    	0.390084 	0.194585	0.133492   	0.857343
934	46    	0.372603 	0.182169	0.102995   	0.857343
935	47    	0.399572 	0.221488	0.0570066  	0.865526
936	48    	0.381446 	0.207516	-0.0133334 	0.809849
937	49    	0.4009   	0.19629 	0.0756284  	0.855788
938	48    	0.371027 	0.190945	-0.016     	0.814729
939	46    	0.372567 	0.186656	-0.016     	0.736712
940	46    	0.394438 	0.1836  	0.0757216  	0.736712
941	48    	0.428282 	0.217682	-0.0160001 	0.856041
942	45    	0.328607 	0.189824	-0.016     	0.810303
943	48    	0.361669 	0.196438	0.0550938  	0.80171 
944	48    	0.319206 	0.332966	-1         	0.938534
945	46    	0.363903 	0.233864	-0.0177778 	0.938977
946	48    	0.391153 	0.197832	0.119841   	0.938977
947	44    	0.404884 	0.224561	0.0555322  	0.891147
948	44    	0.344353 	0.187228	0.0545488  	0.84345 
949	43    	0.444677 	0.183099	0.116532   	0.84345 
950	45    	0.422069 	0.293863	-1         	0.867385
951	43    	0.47962  	0.214695	0.102472   	1.06868 
952	44    	0.434728 	0.243396	0.118601   	1.06868 
953	49    	0.388353 	0.19978 	0.0614198  	1.06868 
954	43    	0.387062 	0.227931	0.0987284  	1.06868 
955	49    	0.338568 	0.258496	-1         	0.726464
956	42    	0.367928 	0.320315	-1         	0.726464
957	48    	0.285289 	0.41257 	-1         	0.726464
958	45    	0.306367 	0.412038	-1         	0.726464
959	45    	0.339541 	0.315375	-1         	0.726464
960	43    	0.249273 	0.439023	-1         	0.7858  
961	47    	0.187575 	0.490744	-1         	0.7858  
962	47    	0.272812 	0.44193 	-1         	0.7858  
963	46    	0.330897 	0.310427	-1         	0.7858  
964	41    	0.452375 	0.164311	0.150186   	0.7858  
965	45    	0.403477 	0.166719	0.169889   	0.7858  
966	44    	0.423172 	0.175563	0.171885   	0.7858  
967	45    	0.383027 	0.251596	-1         	0.7858  
968	48    	0.401469 	0.164243	0.192954   	0.78729 
969	49    	0.358336 	0.272325	-1         	0.871121
970	44    	0.309299 	0.379472	-1         	0.803942
971	46    	0.366434 	0.34046 	-1         	0.826974
972	45    	0.377737 	0.295102	-1         	0.826974
973	45    	0.410515 	0.251656	0.0837819  	0.919811
974	46    	0.347887 	0.211289	0.0995363  	0.919811
975	49    	0.414214 	0.181431	0.183931   	0.89414 
976	45    	0.269303 	0.406539	-1         	0.826974
977	46    	0.360489 	0.325493	-1         	0.784571
978	45    	0.419764 	0.183969	-0.0175    	0.753659
979	47    	0.40816  	0.171534	0.057713   	0.753659
980	45    	0.392008 	0.286306	-1         	0.753659
981	47    	0.413486 	0.214909	-0.02      	0.821565
982	48    	0.292371 	0.298918	-1         	0.753659
983	43    	0.388359 	0.160553	-0.0133333 	0.753659
984	43    	0.310233 	0.429647	-1         	0.75869 
985	48    	0.335704 	0.332239	-1         	0.75869 
986	42    	0.420371 	0.299153	-1         	1.04204 
987	47    	0.389313 	0.293853	-1         	0.890368
988	41    	0.395586 	0.352925	-1         	0.890368
989	42    	0.41038  	0.405129	-1         	0.890368
990	48    	0.417623 	0.184153	0.132166   	0.890368
991	43    	0.333883 	0.44294 	-1         	0.891401
992	48    	0.373749 	0.28744 	-1         	0.890368
993	43    	0.376731 	0.359851	-1         	0.890368
994	45    	0.307058 	0.435975	-1         	0.890368
995	43    	0.415722 	0.233567	-0.016     	0.891401
996	47    	0.360537 	0.357011	-1         	0.910118
997	48    	0.346661 	0.402338	-1         	0.923956
998	47    	0.388139 	0.182506	0.126227   	0.890368
999	45    	0.392571 	0.170315	0.174922   	0.896664
1000	47    	0.396373 	0.273485	-1         	0.897184
Best individuals:
(1.1626683613213342,) 	-->	 /*9*/DDDFBLFRBFBLRFLUUUU
VMNeuronManager.autoload: Neuro classes added: Delay Light Nn PIDP PIDV SeeLight SeeLight2 S0 S1 Thr 
UserScripts.autoload: 19 user scripts added.
Simulator.load: Loading from 'eval-allcriteria.sim'
Loader.load: Comments read from file follow:
Loader.load:  Sample settings for evaluating many criteria of performance of a Framsticks creature.
Loader.load:  See the "evalcount" parameter if you want to speed the evaluation up or have a more stable result.
Loader.load:  Other important parameters are "Energy0" and "perfperiod".
Loader.load:  Put this file in the "data" subdirectory within the Framsticks distribution.
Simulator.load: Settings loaded from 'eval-allcriteria.sim'
Simulator.load: Loading from 'deterministic.sim'
Loader.load: Comments read from file follow:
Loader.load:  Parameter values that make the evaluation of a Framsticks creature deterministic.
Loader.load:  The values turn off random noise, so evaluation of the same genotype will always yield the same performance.
Loader.load:  The advantage is that you do not need to evaluate a genotype many times, and performance values are reliable.
Loader.load:  The disadvantage is that evolved creatures are "overfitting", i.e. rely entirely on the specific environment,
Loader.load:  and their behavior may be different in any other environment or (even slightly) changed conditions or parameter values,
Loader.load:  so each creature evolved using these settings must be later inspected using exactly the same setup.
Loader.load: 
Loader.load:  Before loading this file, load base settings, e.g. "eval-allcriteria.sim".
Loader.load:  Put this file in the "data" subdirectory within the Framsticks distribution.
Simulator.load: Settings loaded from 'deterministic.sim'
Simulator.load: Loading from 'sample-period-2.sim'
Loader.load: Comments read from file follow:
Loader.load:  Very low "performance sampling period" in the first population to sample performance very often during lifespan
Loader.load:  and avoid overlooking some behavior. Averaged performance of sampled values is returned as the final value.
Loader.load:  See http://www.framsticks.com/a/al_params.html#exper-perfcalc
Loader.load: 
Loader.load:  Before loading this file, load base settings, e.g. "eval-allcriteria.sim".
Loader.load:  Put this file in the "data" subdirectory within the Framsticks distribution.
Simulator.load: Loading from 'f9-mut-010.sim'
Simulator.load: Settings loaded from 'f9-mut-010.sim'
