gen	nevals	avg     	stddev	min     	max     
0  	50    	0.218369	0     	0.218369	0.218369
1  	48    	0.0528998	0.0986959	-0.016  	0.23453 
2  	48    	0.0805164	0.110919 	-0.016  	0.310134
3  	47    	0.149986 	0.132862 	-0.016  	0.514444
4  	47    	0.174896 	0.164492 	-0.0199999	0.515755
5  	46    	0.190609 	0.192137 	-0.02     	0.812083
6  	48    	0.175668 	0.168368 	-0.02     	0.515876
7  	40    	0.206148 	0.175358 	-0.0171429	0.515876
8  	47    	0.198472 	0.155565 	-0.02     	0.516256
9  	44    	0.210292 	0.175082 	-0.0166667	0.516256
10 	42    	0.259529 	0.194694 	-0.0171428	0.811247
11 	47    	0.231862 	0.159417 	-0.02     	0.595058
12 	47    	0.25095  	0.171491 	-0.0171429	0.595058
13 	44    	0.256871 	0.200295 	-0.0166667	0.770944
14 	45    	0.249907 	0.168456 	-0.02     	0.615233
15 	46    	0.257642 	0.16946  	-0.0171428	0.61351 
16 	49    	0.262185 	0.167764 	-0.02     	0.649723
17 	43    	0.292167 	0.17356  	-0.0177778	0.650536
18 	41    	0.324106 	0.178293 	-0.0166664	0.649723
19 	48    	0.269652 	0.198979 	-0.02     	0.705591
20 	46    	0.292959 	0.203828 	-0.0175   	0.705591
21 	47    	0.294363 	0.180115 	-0.0175   	0.705591
22 	47    	0.282493 	0.19276  	-0.0200001	0.784713
23 	46    	0.331119 	0.196143 	-0.0171429	0.831993
24 	46    	0.326951 	0.222    	-0.0166667	0.812083
25 	46    	0.303507 	0.184654 	-0.02     	0.812083
26 	47    	0.268531 	0.192285 	-0.0177777	0.812083
27 	45    	0.27404  	0.171079 	-0.02     	0.812083
28 	46    	0.273705 	0.165694 	-0.0199999	0.812083
29 	45    	0.294955 	0.161937 	-0.0166666	0.812308
30 	47    	0.275179 	0.161166 	-0.0175   	0.812308
31 	50    	0.251869 	0.136948 	-0.02     	0.703019
32 	46    	0.311323 	0.148862 	-0.0166667	0.722326
33 	45    	0.304493 	0.19306  	-0.0175   	0.722326
34 	49    	0.258088 	0.182801 	-0.0177778	0.733048
35 	44    	0.30044  	0.183642 	-0.0228571	0.733048
36 	47    	0.241612 	0.224062 	-0.02     	0.831993
37 	47    	0.258486 	0.221078 	-0.02     	0.812308
38 	46    	0.25668  	0.211041 	-0.0171429	0.726987
39 	48    	0.255775 	0.211921 	-0.0166667	0.72962 
40 	48    	0.228615 	0.199856 	-0.0199999	0.72962 
41 	49    	0.260515 	0.164771 	-0.02     	0.705828
42 	49    	0.246521 	0.155043 	-0.0171429	0.805021
43 	47    	0.241501 	0.154303 	-0.02     	0.805021
44 	45    	0.282085 	0.143445 	-0.0175   	0.616459
45 	47    	0.256481 	0.174003 	-0.0175   	0.645254
46 	49    	0.306478 	0.165854 	-0.0171429	0.804176
47 	47    	0.253771 	0.1433   	-0.0150001	0.804176
48 	45    	0.237629 	0.16172  	-0.02     	0.804176
49 	47    	0.249786 	0.169588 	-0.0177778	0.804176
50 	44    	0.28907  	0.173202 	-0.0175   	0.804176
51 	48    	0.272912 	0.171265 	-0.0166668	0.697561
52 	46    	0.252195 	0.184298 	-0.0175   	0.697561
53 	47    	0.270437 	0.212341 	-0.02     	0.694416
54 	47    	0.217242 	0.215656 	-0.02     	0.704883
55 	45    	0.277601 	0.252268 	-0.0171429	0.812977
56 	46    	0.273032 	0.223602 	-0.0171428	0.812977
57 	46    	0.299019 	0.246278 	-0.02     	0.81995 
58 	46    	0.278941 	0.241338 	-0.0171428	0.813708
59 	46    	0.282149 	0.2524   	-0.0171427	0.813756
60 	46    	0.213829 	0.239414 	-0.02     	0.813708
61 	42    	0.308805 	0.26991  	-0.02     	0.813708
62 	46    	0.199454 	0.23709  	-0.0166667	0.813708
63 	45    	0.25329  	0.213636 	-0.0166666	0.813708
64 	45    	0.248879 	0.220831 	-0.0160001	0.811396
65 	46    	0.210118 	0.198387 	-0.02     	0.811396
66 	44    	0.265362 	0.25171  	-0.02     	0.812977
67 	45    	0.245755 	0.210542 	-0.0166667	0.812977
68 	49    	0.202999 	0.20278  	-0.0171429	0.811396
69 	46    	0.264508 	0.236536 	-0.02     	0.813756
70 	48    	0.184734 	0.227213 	-0.02     	0.812825
71 	46    	0.217622 	0.245303 	-0.0166667	0.812977
72 	48    	0.188094 	0.214717 	-0.02     	0.812977
73 	44    	0.260199 	0.258398 	-0.0166667	0.812977
74 	47    	0.23338  	0.2477   	-0.0171429	0.813708
75 	48    	0.175302 	0.212062 	-0.02     	0.813708
76 	49    	0.17176  	0.221437 	-0.0166667	0.811247
77 	48    	0.210829 	0.213591 	-0.0166667	0.813708
78 	48    	0.217508 	0.202451 	-0.02     	0.813708
79 	49    	0.234427 	0.162106 	-0.0166666	0.705837
80 	47    	0.216014 	0.191746 	-0.02     	0.812977
81 	44    	0.214927 	0.227941 	-0.02     	0.813708
82 	45    	0.236814 	0.201324 	-0.0160001	0.811396
83 	45    	0.226249 	0.180535 	-0.0166667	0.705857
84 	44    	0.272256 	0.208192 	-0.0166667	0.706014
85 	49    	0.29076  	0.24388  	-0.016    	0.812825
86 	45    	0.282148 	0.216653 	-0.0166667	0.811396
87 	48    	0.211082 	0.195402 	-0.02     	0.811396
88 	46    	0.242046 	0.199248 	-0.0166667	0.811396
89 	44    	0.242842 	0.21885  	-0.0166667	0.811396
90 	46    	0.220683 	0.219719 	-0.0166667	0.811396
91 	44    	0.262799 	0.243403 	-0.0166667	0.811396
92 	44    	0.255933 	0.240231 	-0.0171429	0.812083
93 	46    	0.254429 	0.229436 	-0.0171428	0.812083
94 	48    	0.280074 	0.239098 	-0.0171427	0.813756
95 	44    	0.266428 	0.255593 	-0.02     	0.813756
96 	47    	0.210228 	0.252915 	-0.02     	0.813756
97 	45    	0.287157 	0.287086 	-0.0171429	0.813756
98 	45    	0.300446 	0.290055 	-0.0166667	0.813756
99 	46    	0.253786 	0.215146 	-0.02     	0.813756
100	46    	0.265716 	0.242028 	-0.0171429	0.813756
101	46    	0.273568 	0.267596 	-0.02     	0.813756
102	48    	0.209583 	0.237485 	-0.02     	0.813708
103	42    	0.312921 	0.245022 	-0.0174999	0.813708
104	47    	0.268691 	0.246006 	-0.02     	0.812825
105	45    	0.26781  	0.252779 	-0.0171429	0.812825
106	46    	0.300711 	0.245164 	-0.0166667	0.812825
107	47    	0.290846 	0.186975 	-0.02     	0.812825
108	48    	0.270956 	0.195856 	-0.0166667	0.812083
109	44    	0.270868 	0.218165 	-0.0171429	0.812083
110	41    	0.373807 	0.268608 	-0.0181818	0.813708
111	43    	0.27052  	0.288603 	-0.02     	0.813708
112	45    	0.249441 	0.247602 	-0.0166667	0.813708
113	47    	0.242769 	0.219259 	-0.0175   	0.813708
114	50    	0.200299 	0.204854 	-0.0171429	0.811247
115	48    	0.231382 	0.184081 	-0.0166667	0.811247
116	45    	0.222092 	0.20113  	-0.0171429	0.811247
117	44    	0.257319 	0.182413 	-0.0166667	0.581352
118	43    	0.268675 	0.206737 	-0.0160001	0.813708
119	49    	0.15104  	0.184546 	-0.02     	0.581279
120	45    	0.212833 	0.207801 	-0.0171429	0.704133
121	45    	0.213631 	0.197833 	-0.02     	0.704133
122	50    	0.209418 	0.155842 	-0.0166667	0.581368
123	46    	0.228516 	0.161955 	-0.02     	0.645873
124	47    	0.229375 	0.162079 	-0.02     	0.58128 
125	42    	0.282224 	0.193276 	-0.02     	0.63457 
126	47    	0.253952 	0.181223 	-0.0175   	0.581352
127	45    	0.214036 	0.228415 	-0.0199999	0.649805
128	43    	0.310496 	0.199036 	-0.0166667	0.702382
129	46    	0.260464 	0.198707 	-0.0166668	0.702687
130	48    	0.273388 	0.188602 	-0.02     	0.702687
131	48    	0.260736 	0.202395 	-0.0171429	0.750381
132	47    	0.272606 	0.187605 	-0.02     	0.615046
133	45    	0.275732 	0.172206 	-0.0175   	0.706637
134	46    	0.27296  	0.190588 	-0.02     	0.730197
135	45    	0.307057 	0.188431 	-0.0171427	0.706637
136	46    	0.251938 	0.17579  	-0.0175   	0.706637
137	43    	0.307931 	0.212019 	-0.02     	0.706637
138	48    	0.205745 	0.162277 	-0.02     	0.706637
139	47    	0.286389 	0.177313 	-0.0166668	0.643469
140	46    	0.2685   	0.173493 	-0.0175001	0.643469
141	45    	0.262463 	0.193571 	-0.02     	0.644785
142	48    	0.238274 	0.20028  	-0.0175   	0.643617
143	45    	0.272298 	0.185012 	-0.02     	0.72197 
144	47    	0.277579 	0.202529 	-0.02     	0.800245
145	46    	0.25952  	0.197329 	-0.0200001	0.800245
146	49    	0.255592 	0.206348 	-0.0175   	0.800245
147	45    	0.224285 	0.198903 	-0.0200001	0.706419
148	44    	0.2733   	0.200994 	-0.02     	0.706419
149	48    	0.294352 	0.175097 	-0.0177778	0.706285
150	48    	0.260028 	0.155605 	-0.0171428	0.594251
151	44    	0.2589   	0.177413 	-0.0166667	0.615231
152	49    	0.215854 	0.180707 	-0.0171429	0.706285
153	47    	0.186281 	0.160623 	-0.02     	0.706285
154	46    	0.208987 	0.170335 	-0.02     	0.706285
155	46    	0.20932  	0.168698 	-0.017143 	0.706285
156	45    	0.23414  	0.186993 	-0.02     	0.706285
157	46    	0.261257 	0.202436 	-0.0177778	0.731023
158	47    	0.23373  	0.223539 	-0.0174999	0.731023
159	45    	0.259466 	0.201275 	-0.0171429	0.730432
160	43    	0.29103  	0.200629 	-0.02     	0.706575
161	47    	0.214766 	0.186291 	-0.0175   	0.706575
162	47    	0.237261 	0.170296 	-0.02     	0.706575
163	46    	0.242578 	0.220563 	-0.02     	0.706575
164	50    	0.271002 	0.186475 	-0.0175   	0.702821
165	44    	0.238981 	0.212909 	-0.0171429	0.706666
166	44    	0.313499 	0.224904 	-0.0175   	0.731317
167	46    	0.283857 	0.189058 	-0.01     	0.731317
168	46    	0.254483 	0.177513 	-0.0171429	0.731317
169	46    	0.228939 	0.178481 	-0.0175   	0.726528
170	45    	0.252281 	0.19929  	-0.0175   	0.706666
171	43    	0.342407 	0.22456  	-0.0175   	0.737715
172	45    	0.291989 	0.208564 	-0.016    	0.752847
173	50    	0.239489 	0.147377 	-0.0181818	0.754861
174	44    	0.245979 	0.148356 	-0.02     	0.537156
175	47    	0.28348  	0.140194 	-0.0166667	0.555053
176	49    	0.271197 	0.140036 	-0.0171429	0.574513
177	42    	0.261325 	0.176725 	-0.02     	0.574513
178	46    	0.253472 	0.179266 	-0.02     	0.70379 
179	46    	0.262747 	0.17836  	-0.0171429	0.614379
180	46    	0.283754 	0.171871 	-0.0175   	0.69009 
181	44    	0.336553 	0.194734 	-0.0171429	0.70647 
182	48    	0.273963 	0.201277 	-0.02     	0.69093 
183	46    	0.283249 	0.187886 	-0.0181818	0.726215
184	45    	0.329597 	0.187237 	-0.0177778	0.726215
185	45    	0.290792 	0.181943 	-0.0171429	0.726215
186	50    	0.258546 	0.164854 	-0.018    	0.698672
187	45    	0.312167 	0.185967 	-0.0175   	0.698672
188	46    	0.325147 	0.19603  	-0.02     	0.716486
189	47    	0.261913 	0.183923 	-0.02     	0.716486
190	43    	0.278389 	0.203247 	-0.02     	0.726645
191	48    	0.237259 	0.187487 	-0.02     	0.705972
192	48    	0.236704 	0.181446 	-0.02     	0.760618
193	46    	0.229822 	0.2021   	-0.02     	0.760618
194	44    	0.312252 	0.189687 	-0.0177778	0.760618
195	47    	0.238165 	0.172743 	-0.0175   	0.654207
196	44    	0.234397 	0.158744 	-0.0200001	0.654207
197	45    	0.245986 	0.170344 	-0.02     	0.654207
198	48    	0.204206 	0.1405   	-0.02     	0.654207
199	49    	0.223713 	0.135277 	-0.02     	0.58318 
200	45    	0.230184 	0.145323 	-0.02     	0.58318 
201	48    	0.242021 	0.17256  	-0.02     	0.59609 
202	45    	0.278148 	0.164381 	-0.018    	0.59609 
203	46    	0.305392 	0.140602 	0.0693571 	0.643317
204	48    	0.251023 	0.140964 	-0.02     	0.643317
205	47    	0.250948 	0.139791 	-0.0175   	0.643317
206	48    	0.260651 	0.129695 	-0.0175   	0.643317
207	46    	0.289782 	0.145679 	0.0839762 	0.703179
208	47    	0.282634 	0.181915 	-0.0171416	0.703179
209	48    	0.276569 	0.153972 	-0.0166667	0.693487
210	44    	0.278259 	0.185639 	-0.0177778	0.73108 
211	47    	0.206982 	0.165895 	-0.0166667	0.58318 
212	47    	0.196762 	0.172915 	-0.02     	0.58318 
213	48    	0.23185  	0.170368 	-0.0171429	0.605177
214	45    	0.194678 	0.181607 	-0.02     	0.515856
215	48    	0.183386 	0.164987 	-0.016    	0.515522
216	48    	0.210381 	0.16398  	-0.02     	0.545148
217	45    	0.223702 	0.18814  	-0.0166584	0.722555
218	47    	0.167218 	0.187744 	-0.0174999	0.573654
219	44    	0.240271 	0.167308 	-0.016    	0.573654
220	44    	0.249356 	0.157809 	-0.02     	0.643479
221	44    	0.249853 	0.172095 	-0.0175   	0.645805
222	48    	0.277659 	0.157713 	-0.02     	0.581783
223	42    	0.316875 	0.155335 	-0.0171429	0.605173
224	49    	0.284943 	0.152446 	-0.0171428	0.729979
225	48    	0.270403 	0.165099 	-0.0199999	0.615147
226	44    	0.297547 	0.192712 	-0.0175   	0.729998
227	48    	0.286958 	0.201225 	-0.0174999	0.731304
228	45    	0.249627 	0.21629  	-0.0175   	0.731304
229	46    	0.248335 	0.230687 	-0.02     	0.731304
230	45    	0.235338 	0.215669 	-0.0171429	0.731304
231	49    	0.21753  	0.212885 	-0.02     	0.731304
232	47    	0.27407  	0.201549 	-0.0166667	0.731304
233	46    	0.300978 	0.189904 	-0.0166667	0.706637
234	42    	0.293197 	0.231794 	-0.0175   	0.706637
235	43    	0.274522 	0.207972 	-0.0175   	0.706637
236	44    	0.295342 	0.217092 	-0.02     	0.70665 
237	49    	0.262967 	0.196228 	-0.017138 	0.730613
238	44    	0.299447 	0.222537 	-0.0175   	0.730613
239	48    	0.257189 	0.205939 	-0.02     	0.730613
240	47    	0.253399 	0.204188 	-0.0228571	0.730197
241	41    	0.304604 	0.200435 	-0.0177778	0.730197
242	48    	0.267898 	0.160872 	-0.02     	0.706431
243	44    	0.279622 	0.215796 	-0.02     	0.706431
244	47    	0.216094 	0.210469 	-0.0175   	0.703531
245	47    	0.270432 	0.212993 	-0.02     	0.706107
246	43    	0.343169 	0.2188   	-0.0177778	0.706107
247	42    	0.35146  	0.217055 	-0.0171429	0.706107
248	46    	0.311597 	0.22927  	-0.02     	0.706107
249	45    	0.271464 	0.19956  	-0.0159999	0.70633 
250	45    	0.255576 	0.211398 	-0.02     	0.70633 
251	47    	0.233318 	0.179118 	-0.0171429	0.70293 
252	46    	0.255593 	0.180638 	-0.0171429	0.70293 
253	46    	0.284939 	0.181996 	-0.018    	0.648028
254	42    	0.299665 	0.214774 	-0.02     	0.648028
255	47    	0.286912 	0.212106 	-0.02     	0.772148
256	49    	0.261023 	0.199932 	-0.0177778	0.85151 
257	45    	0.285729 	0.229113 	-0.0171429	0.838906
258	47    	0.270258 	0.198718 	-0.0175   	0.838906
259	47    	0.27666  	0.185029 	-0.0177777	0.838906
260	46    	0.260069 	0.15745  	-0.018    	0.838906
261	44    	0.28161  	0.175572 	-0.02     	0.70379 
262	48    	0.263171 	0.178364 	-0.0175   	0.83112 
263	48    	0.309964 	0.162564 	-0.016    	0.706285
264	47    	0.26765  	0.186393 	-0.0175   	0.83112 
265	48    	0.245834 	0.198156 	-0.0171429	0.83112 
266	47    	0.337912 	0.194101 	-0.01     	0.83112 
267	46    	0.292617 	0.208044 	-0.0177778	0.83112 
268	48    	0.287025 	0.19463  	-0.0175   	0.729979
269	45    	0.322473 	0.206655 	-0.02     	0.83112 
270	46    	0.246525 	0.197262 	-0.02     	0.790596
271	43    	0.322795 	0.218168 	-0.0171428	0.790596
272	48    	0.25771  	0.179279 	-0.018    	0.727847
273	48    	0.244215 	0.163119 	-0.02     	0.727847
274	48    	0.257089 	0.17324  	-0.02     	0.727847
275	49    	0.244004 	0.132347 	-0.02     	0.612489
276	49    	0.240756 	0.152206 	-0.02     	0.662325
277	46    	0.242596 	0.194798 	-0.02     	0.812083
278	46    	0.231688 	0.223033 	-0.0174999	0.813708
279	45    	0.267007 	0.246841 	-0.0175   	0.813708
280	47    	0.257097 	0.274882 	-0.0171429	0.813708
281	47    	0.275597 	0.223054 	-0.0166667	0.813708
282	43    	0.329511 	0.242961 	-0.02     	0.813708
283	48    	0.231874 	0.221098 	-0.02     	0.812825
284	43    	0.26038  	0.225997 	-0.0171429	0.812825
285	45    	0.287043 	0.227583 	-0.0166667	0.812825
286	47    	0.246957 	0.210316 	-0.0177778	0.812825
287	49    	0.259543 	0.219643 	-0.0200001	0.812977
288	47    	0.259226 	0.184754 	-0.02     	0.812825
289	45    	0.271891 	0.223302 	-0.018    	0.812977
290	48    	0.256263 	0.211945 	-0.0175   	0.732974
291	45    	0.321955 	0.252529 	-0.02     	0.812825
292	48    	0.283365 	0.212631 	-0.02     	0.812977
293	45    	0.275453 	0.270275 	-0.02     	0.812977
294	44    	0.29153  	0.262934 	-0.0171429	0.812977
295	46    	0.260628 	0.22934  	-0.02     	0.812825
296	48    	0.240364 	0.220719 	-0.02     	0.812825
297	41    	0.295158 	0.224587 	-0.0171429	0.813756
298	48    	0.238549 	0.1998   	-0.02     	0.813756
299	45    	0.237256 	0.189141 	-0.02     	0.813708
300	44    	0.300401 	0.204665 	-0.0177776	0.770268
301	39    	0.306794 	0.191111 	-0.017143 	0.724258
302	44    	0.298284 	0.196789 	-0.0175   	0.724258
303	43    	0.310548 	0.202422 	-0.02     	0.724258
304	48    	0.228426 	0.175165 	-0.02     	0.63457 
305	48    	0.253016 	0.178069 	-0.02     	0.650508
306	49    	0.272521 	0.159767 	-0.02     	0.63457 
307	47    	0.286819 	0.141363 	0.0756716 	0.63457 
308	48    	0.258843 	0.154295 	-0.0228571	0.646946
309	43    	0.298138 	0.165748 	-0.02     	0.690626
310	46    	0.281208 	0.156137 	-0.0200001	0.575539
311	44    	0.291219 	0.156939 	-0.0175   	0.635469
312	46    	0.278924 	0.151958 	0.0748402 	0.635469
313	47    	0.27499  	0.179434 	-0.02     	0.690626
314	44    	0.284576 	0.13854  	-0.0166667	0.63512 
315	49    	0.254458 	0.160451 	-0.018    	0.63512 
316	48    	0.32089  	0.154545 	-0.02     	0.602939
317	45    	0.331507 	0.150263 	-0.0149999	0.64681 
318	48    	0.316159 	0.167637 	-0.01     	0.833353
319	45    	0.314655 	0.204262 	-0.02     	0.830908
320	45    	0.313897 	0.191865 	-0.02     	0.830908
321	42    	0.330487 	0.206384 	-0.016    	0.858587
322	46    	0.332505 	0.204439 	-0.02     	0.858587
323	46    	0.336567 	0.206317 	-0.0159999	0.858587
324	47    	0.29646  	0.16663  	-0.0133334	0.830294
325	46    	0.248409 	0.18914  	-0.02     	0.830294
326	48    	0.29908  	0.187502 	-0.0171428	0.830294
327	46    	0.326173 	0.159276 	-0.0133333	0.73105 
328	43    	0.314602 	0.188032 	-0.0175   	0.73105 
329	47    	0.309596 	0.183574 	-0.0177778	0.720148
330	47    	0.314577 	0.194279 	-0.0174999	0.720148
331	46    	0.266517 	0.20477  	-0.0199999	0.690878
332	44    	0.279909 	0.210579 	-0.02     	0.750949
333	40    	0.364458 	0.221354 	-0.0200001	0.750949
334	46    	0.318394 	0.22201  	-0.0171428	0.750949
335	48    	0.242469 	0.194591 	-0.02     	0.698463
336	47    	0.286817 	0.17201  	-0.02     	0.698463
337	47    	0.253585 	0.193667 	-0.02     	0.698463
338	47    	0.284106 	0.181841 	-0.02     	0.698452
339	46    	0.332756 	0.20422  	-0.02     	0.804176
340	49    	0.234595 	0.145012 	-0.0175   	0.610354
341	44    	0.287394 	0.137638 	-0.0133334	0.644785
342	47    	0.241201 	0.17279  	-0.0177778	0.644785
343	46    	0.256573 	0.16726  	-0.0166667	0.644785
344	44    	0.307906 	0.179684 	-0.02     	0.729862
345	45    	0.321298 	0.176679 	-0.016    	0.71893 
346	48    	0.268494 	0.211552 	-0.0200003	0.81539 
347	47    	0.279773 	0.18853  	-0.02     	0.81539 
348	46    	0.286347 	0.195421 	-0.02     	0.81539 
349	47    	0.241234 	0.203537 	-0.0177778	0.815809
350	46    	0.260219 	0.204121 	-0.02     	0.81995 
351	48    	0.253134 	0.170157 	-0.02     	0.81995 
352	40    	0.323387 	0.218275 	-0.02     	0.81995 
353	44    	0.315731 	0.231891 	-0.02     	0.81995 
354	48    	0.269956 	0.208032 	-0.0166667	0.813708
355	47    	0.272908 	0.25852  	-0.0171429	0.813708
356	47    	0.265858 	0.200508 	-0.02     	0.813708
357	49    	0.201335 	0.174614 	-0.02     	0.705828
358	46    	0.215251 	0.153134 	-0.0177777	0.705828
359	48    	0.245222 	0.174067 	-0.0166667	0.705828
360	46    	0.273788 	0.193844 	-0.02     	0.705091
361	47    	0.234255 	0.17653  	-0.017143 	0.811396
362	49    	0.277062 	0.195261 	-0.0175   	0.811247
363	45    	0.255212 	0.191505 	-0.0166667	0.811247
364	46    	0.245156 	0.23555  	-0.0171429	0.811247
365	47    	0.227193 	0.195308 	-0.0171429	0.811247
366	45    	0.200694 	0.194934 	-0.0171429	0.811247
367	49    	0.173905 	0.165601 	-0.02     	0.689533
368	47    	0.174045 	0.158181 	-0.02     	0.68937 
369	46    	0.225903 	0.163    	-0.0171428	0.68937 
370	43    	0.22551  	0.163405 	-0.0177778	0.51442 
371	46    	0.200861 	0.167006 	-0.0166667	0.514537
372	44    	0.183888 	0.192682 	-0.0166668	0.581352
373	47    	0.184463 	0.192159 	-0.0166667	0.581352
374	47    	0.16191  	0.179514 	-0.0171428	0.581352
375	40    	0.227498 	0.214914 	-0.02     	0.581352
376	47    	0.206409 	0.205833 	-0.0166668	0.703401
377	43    	0.20094  	0.210925 	-0.02     	0.812825
378	44    	0.265136 	0.21575  	-0.02     	0.812825
379	44    	0.225921 	0.233743 	-0.02     	0.812825
380	46    	0.234889 	0.237753 	-0.0171429	0.812825
381	46    	0.249684 	0.233432 	-0.0166667	0.812825
382	44    	0.223604 	0.230873 	-0.0171429	0.812977
383	45    	0.262972 	0.251714 	-0.02     	0.812825
384	47    	0.212174 	0.242038 	-0.0171429	0.812825
385	47    	0.207264 	0.216662 	-0.0171429	0.813708
386	45    	0.234644 	0.213054 	-0.0171428	0.812825
387	47    	0.206365 	0.199986 	-0.02     	0.812083
388	46    	0.221215 	0.193682 	-0.0166667	0.812083
389	49    	0.172723 	0.176737 	-0.0200001	0.613661
390	46    	0.206542 	0.159932 	-0.0171429	0.613661
391	48    	0.22832  	0.169554 	-0.02     	0.68596 
392	44    	0.268998 	0.186634 	-0.0171429	0.706012
393	48    	0.247661 	0.194359 	-0.02     	0.702687
394	44    	0.269732 	0.205096 	-0.0175   	0.68596 
395	46    	0.276123 	0.217694 	-0.02     	0.804169
396	46    	0.279182 	0.220681 	-0.02     	0.805829
397	46    	0.265205 	0.211986 	-0.02     	0.805829
398	47    	0.260233 	0.213364 	-0.02     	0.805829
399	46    	0.273238 	0.206152 	-0.0175   	0.732935
400	47    	0.31021  	0.191559 	-0.02     	0.814929
401	47    	0.273929 	0.206132 	-0.02     	0.756779
402	45    	0.316101 	0.214181 	-0.0171429	0.756779
403	48    	0.359081 	0.214926 	-0.0177779	0.756779
404	44    	0.315288 	0.238912 	-0.02     	0.756779
405	47    	0.281638 	0.199229 	-0.02     	0.731115
406	45    	0.303093 	0.194916 	-0.0171429	0.731115
407	45    	0.334715 	0.185546 	-0.02     	0.727857
408	47    	0.263302 	0.196704 	-0.0177778	0.727857
409	44    	0.337186 	0.186948 	-0.016    	0.782312
410	44    	0.298634 	0.227709 	-0.0175   	0.782312
411	50    	0.224422 	0.179831 	-0.02     	0.645805
412	47    	0.311751 	0.181403 	-0.02     	0.703401
413	46    	0.313516 	0.225598 	-0.0166666	0.813756
414	46    	0.273512 	0.234449 	-0.0171428	0.813708
415	40    	0.355442 	0.240886 	-0.0160001	0.813756
416	48    	0.297159 	0.192718 	-0.0166668	0.754978
417	47    	0.310693 	0.188758 	-0.0177778	0.754978
418	44    	0.315494 	0.237682 	-0.0175001	0.813756
419	46    	0.239076 	0.207725 	-0.02     	0.813756
420	47    	0.278133 	0.238302 	-0.018    	0.813756
421	45    	0.222466 	0.193765 	-0.0166667	0.813756
422	45    	0.232043 	0.20573  	-0.0175   	0.813756
423	45    	0.279632 	0.22555  	-0.017143 	0.813756
424	45    	0.266805 	0.213524 	-0.02     	0.813756
425	45    	0.260076 	0.206782 	-0.0166667	0.813756
426	44    	0.256656 	0.211567 	-0.02     	0.813756
427	42    	0.341029 	0.23106  	-0.0166667	0.813756
428	46    	0.23012  	0.218317 	-0.02     	0.813756
429	46    	0.258493 	0.203645 	-0.02     	0.813756
430	46    	0.247281 	0.216295 	-0.0166667	0.811396
431	45    	0.253734 	0.213147 	-0.0166667	0.811396
432	43    	0.263009 	0.221157 	-0.0166667	0.811396
433	46    	0.21485  	0.222864 	-0.0166667	0.811396
434	45    	0.251725 	0.232197 	-0.0174999	0.811396
435	44    	0.259684 	0.236895 	-0.02     	0.811396
436	44    	0.227074 	0.257933 	-0.0166667	0.813756
437	44    	0.262132 	0.275261 	-0.0171429	0.813708
438	48    	0.278882 	0.199451 	-0.0171429	0.819969
439	44    	0.251963 	0.2106   	-0.0175   	0.819969
440	47    	0.270313 	0.192989 	-0.0175   	0.819969
441	47    	0.269862 	0.203293 	-0.0175001	0.819969
442	49    	0.298472 	0.194508 	-0.02     	0.819969
443	47    	0.281436 	0.17827  	-0.016    	0.809777
444	49    	0.275121 	0.167191 	-0.016    	0.706026
445	46    	0.253853 	0.195189 	-0.0177778	0.706026
446	45    	0.245584 	0.194105 	-0.0200001	0.756681
447	44    	0.293074 	0.204434 	-0.0175   	0.756681
448	45    	0.267135 	0.234481 	-0.0171429	0.799534
449	47    	0.273127 	0.205309 	-0.02     	0.756681
450	50    	0.237707 	0.204406 	-0.02     	0.809425
451	45    	0.332966 	0.190208 	-0.016    	0.729753
452	48    	0.297952 	0.174609 	-0.0199999	0.729753
453	47    	0.287385 	0.178081 	-0.0171428	0.729753
454	46    	0.334073 	0.210279 	-0.0175   	0.76621 
455	44    	0.293712 	0.214352 	-0.0199999	0.76621 
456	47    	0.295375 	0.228706 	-0.0200001	0.832288
457	45    	0.271343 	0.231453 	-0.0171429	0.755684
458	46    	0.28065  	0.212382 	-0.0175   	0.755684
459	45    	0.278614 	0.210491 	-0.0175   	0.755684
460	45    	0.316482 	0.176463 	-0.02     	0.755684
461	46    	0.279505 	0.211118 	-0.02     	0.755684
462	47    	0.293827 	0.222676 	-0.02     	0.813708
463	45    	0.326979 	0.260849 	-0.018    	0.838305
464	47    	0.314574 	0.194987 	-0.0166666	0.838305
465	47    	0.296626 	0.203897 	-0.02     	0.838305
466	45    	0.289399 	0.244632 	-0.02     	0.838305
467	48    	0.300505 	0.219934 	-0.02     	0.838305
468	44    	0.288029 	0.191371 	-0.0171428	0.838305
469	45    	0.318906 	0.193465 	-0.0166667	0.838305
470	47    	0.301078 	0.215885 	-0.02     	0.840861
471	46    	0.302306 	0.193986 	-0.0171429	0.840861
472	44    	0.315327 	0.179595 	-0.0133333	0.867847
473	47    	0.303759 	0.174489 	-0.016    	0.757014
474	42    	0.322441 	0.210609 	-0.0177778	0.861719
475	47    	0.273522 	0.165943 	-0.02     	0.676656
476	48    	0.247059 	0.1149   	-0.0166667	0.514579
477	45    	0.274813 	0.158087 	-0.0174949	0.714366
478	46    	0.284991 	0.19486  	-0.02     	0.815691
479	47    	0.262822 	0.187532 	-0.0175001	0.815691
480	45    	0.296697 	0.2007   	-0.0200001	0.815691
481	46    	0.272968 	0.219058 	-0.02     	0.815691
482	48    	0.278045 	0.179648 	-0.0199999	0.720276
483	49    	0.304052 	0.149479 	-0.0171428	0.844542
484	46    	0.296984 	0.151862 	-0.0180001	0.697348
485	45    	0.293496 	0.171978 	-0.0175   	0.637678
486	48    	0.301412 	0.136749 	-0.018    	0.616631
487	47    	0.271037 	0.147161 	-0.0171429	0.636859
488	47    	0.270692 	0.158469 	-0.0175001	0.636859
489	47    	0.279479 	0.116014 	0.0734627 	0.636859
490	46    	0.294016 	0.123722 	-0.01     	0.636859
491	47    	0.289457 	0.108932 	-0.02     	0.636859
492	47    	0.317482 	0.108981 	0.0873684 	0.617535
493	47    	0.316423 	0.130026 	-0.01     	0.617535
494	48    	0.29119  	0.126404 	-0.0228571	0.594555
495	48    	0.330478 	0.141231 	0.0631943 	0.7069  
496	48    	0.322141 	0.127405 	-0.0175   	0.774358
497	42    	0.350148 	0.15662  	0.0772997 	0.774358
498	46    	0.300574 	0.142464 	-0.0166667	0.678794
499	48    	0.281848 	0.143123 	-0.0150001	0.614328
500	45    	0.31413  	0.13112  	0.0768556 	0.618513
501	41    	0.348783 	0.142005 	-0.0133332	0.618513
502	47    	0.302327 	0.156272 	-0.0175   	0.616328
503	46    	0.276227 	0.182298 	-0.018    	0.714871
504	47    	0.292798 	0.170119 	-0.02     	0.702862
505	50    	0.292817 	0.183728 	-0.0181818	0.698961
506	44    	0.320295 	0.209466 	-0.0166667	0.81995 
507	47    	0.315688 	0.217355 	-0.0166668	0.843103
508	49    	0.28806  	0.197842 	-0.0171429	0.730095
509	48    	0.235951 	0.218102 	-0.02     	0.703852
510	47    	0.258265 	0.183934 	-0.017143 	0.687579
511	47    	0.34264  	0.171182 	-0.02     	0.805829
512	46    	0.289602 	0.224966 	-0.0175001	0.729969
513	47    	0.306797 	0.204393 	-0.02     	0.729969
514	47    	0.249748 	0.186139 	-0.02     	0.718133
515	41    	0.287653 	0.201009 	-0.0175   	0.718133
516	44    	0.318485 	0.214089 	-0.02     	0.718133
517	45    	0.354894 	0.215306 	-0.0160003	0.732772
518	48    	0.317206 	0.190035 	-0.01     	0.732138
519	45    	0.298952 	0.197339 	-0.0175   	0.718133
520	47    	0.256067 	0.174101 	-0.02     	0.695583
521	47    	0.264237 	0.183531 	-0.02     	0.599103
522	45    	0.295779 	0.171837 	-0.02     	0.627889
523	49    	0.264972 	0.167504 	-0.0171429	0.68981 
524	41    	0.284885 	0.18165  	-0.02     	0.68981 
525	48    	0.26538  	0.165837 	-0.0177778	0.652087
526	47    	0.290956 	0.173771 	-0.02     	0.698515
527	48    	0.267065 	0.173855 	-0.02     	0.697132
528	45    	0.306175 	0.198385 	-0.02     	0.805075
529	46    	0.280218 	0.182537 	-0.0175   	0.644785
530	46    	0.286088 	0.174825 	-0.0171428	0.644785
531	43    	0.297104 	0.17463  	-0.0175   	0.644785
532	45    	0.287595 	0.21408  	-0.02     	0.644785
533	45    	0.274929 	0.191923 	-0.018    	0.644785
534	47    	0.244798 	0.204255 	-0.0175   	0.644785
535	48    	0.227349 	0.158077 	-0.0199999	0.50408 
536	43    	0.311181 	0.166988 	-0.0175   	0.616138
537	45    	0.262037 	0.194666 	-0.02     	0.617138
538	43    	0.303065 	0.220741 	-0.02     	0.818826
539	46    	0.221575 	0.196659 	-0.0175   	0.704954
540	47    	0.249365 	0.19933  	-0.0175   	0.812083
541	45    	0.279223 	0.21188  	-0.0171428	0.812083
542	45    	0.27887  	0.233413 	-0.0174999	0.812083
543	50    	0.215868 	0.163445 	-0.02     	0.582315
544	44    	0.21818  	0.158555 	-0.0171428	0.582315
545	46    	0.239331 	0.158785 	-0.0177778	0.679921
546	46    	0.250417 	0.190308 	-0.02     	0.681917
547	47    	0.296845 	0.150159 	-0.0160001	0.681917
548	49    	0.294584 	0.163766 	-0.015    	0.812825
549	45    	0.306919 	0.192045 	-0.0166667	0.725708
550	48    	0.313749 	0.169559 	-0.0166666	0.755421
551	45    	0.281674 	0.177189 	-0.0177778	0.755421
552	48    	0.301333 	0.140642 	0.118695  	0.755421
553	48    	0.30552  	0.162633 	-0.02     	0.717184
554	46    	0.279966 	0.18952  	-0.018    	0.717184
555	49    	0.235593 	0.168718 	-0.0177777	0.706014
556	47    	0.236824 	0.179701 	-0.0177778	0.811396
557	47    	0.223967 	0.178978 	-0.02     	0.811396
558	45    	0.250579 	0.22269  	-0.02     	0.812825
559	47    	0.210937 	0.203273 	-0.0175   	0.811396
560	47    	0.203839 	0.176411 	-0.0175   	0.811396
561	42    	0.219978 	0.229976 	-0.02     	0.813756
562	47    	0.203221 	0.209801 	-0.02     	0.813756
563	47    	0.187946 	0.211231 	-0.0175   	0.811396
564	50    	0.209786 	0.216773 	-0.0166667	0.813756
565	46    	0.236941 	0.208274 	-0.0171415	0.811396
566	47    	0.214717 	0.225527 	-0.02     	0.813756
567	48    	0.221757 	0.231975 	-0.0171428	0.813756
568	49    	0.147324 	0.161317 	-0.02     	0.546795
569	48    	0.214097 	0.162296 	-0.02     	0.813756
570	47    	0.261655 	0.15311  	-0.02     	0.702675
571	46    	0.216364 	0.173634 	-0.0171428	0.694721
572	46    	0.217195 	0.188007 	-0.0166667	0.703946
573	48    	0.250211 	0.171809 	-0.0166666	0.695417
574	45    	0.264214 	0.210869 	-0.0171429	0.813708
575	45    	0.270741 	0.206726 	-0.0175   	0.811247
576	46    	0.186927 	0.183861 	-0.02     	0.698282
577	48    	0.254292 	0.195393 	-0.02     	0.812825
578	43    	0.306343 	0.233271 	-0.0171429	0.813756
579	44    	0.259394 	0.231719 	-0.0175   	0.813756
580	46    	0.276614 	0.21051  	-0.0171429	0.812977
581	48    	0.253903 	0.218025 	-0.0171429	0.812977
582	46    	0.301786 	0.238907 	-0.02     	0.812977
583	47    	0.217376 	0.230682 	-0.02     	0.812977
584	45    	0.272272 	0.239003 	-0.02     	0.812977
585	45    	0.224306 	0.20637  	-0.0166667	0.812977
586	45    	0.208844 	0.224089 	-0.02     	0.812977
587	47    	0.211299 	0.169723 	-0.02     	0.559635
588	46    	0.171342 	0.157177 	-0.0171429	0.514611
589	46    	0.160801 	0.15235  	-0.0166668	0.514611
590	48    	0.209624 	0.150702 	-0.02     	0.514537
591	47    	0.177508 	0.172163 	-0.02     	0.514348
592	46    	0.231294 	0.173715 	-0.02     	0.514611
593	46    	0.197097 	0.16395  	-0.0160002	0.514611
594	48    	0.162885 	0.148778 	-0.016    	0.514281
595	46    	0.174602 	0.177089 	-0.0166667	0.596795
596	46    	0.248206 	0.196976 	-0.0199998	0.813756
597	47    	0.232078 	0.191153 	-0.02     	0.813756
598	44    	0.219684 	0.194505 	-0.02     	0.616003
599	46    	0.236049 	0.194831 	-0.02     	0.616003
600	48    	0.208814 	0.175957 	-0.02     	0.59685 
601	46    	0.267912 	0.185976 	-0.02     	0.612237
602	48    	0.256556 	0.183465 	-0.0166667	0.812977
603	43    	0.262727 	0.210674 	-0.0174999	0.69448 
604	43    	0.324204 	0.221421 	-0.016    	0.811396
605	44    	0.327711 	0.210957 	-0.0175   	0.730095
606	48    	0.271581 	0.238656 	-0.0199999	0.811396
607	50    	0.271689 	0.220289 	-0.02     	0.812825
608	42    	0.319245 	0.239533 	-0.0171428	0.812825
609	46    	0.26765  	0.246876 	-0.02     	0.812977
610	48    	0.217132 	0.227082 	-0.0171429	0.812977
611	46    	0.211473 	0.197297 	-0.0175   	0.812439
612	44    	0.269993 	0.236332 	-0.0175   	0.812439
613	44    	0.299683 	0.240206 	-0.02     	0.812439
614	45    	0.292156 	0.218022 	-0.02     	0.805008
615	46    	0.255641 	0.187427 	-0.0171429	0.805008
616	44    	0.26586  	0.198907 	-0.02     	0.805008
617	46    	0.248543 	0.209259 	-0.0233333	0.805008
618	44    	0.317582 	0.193023 	-0.0160002	0.805008
619	45    	0.293547 	0.204267 	-0.0171429	0.80147 
620	48    	0.259591 	0.190054 	-0.0174999	0.695392
621	48    	0.271585 	0.198031 	-0.0199999	0.811396
622	47    	0.266572 	0.205583 	-0.0175   	0.811247
623	47    	0.283493 	0.21927  	-0.0200001	0.811396
624	48    	0.203085 	0.195871 	-0.02     	0.811396
625	43    	0.293602 	0.20585  	-0.0166667	0.811396
626	46    	0.305244 	0.231756 	-0.0177777	0.812977
627	47    	0.244216 	0.218122 	-0.0200001	0.812977
628	48    	0.223525 	0.162068 	-0.02     	0.811247
629	45    	0.222888 	0.193865 	-0.02     	0.811247
630	45    	0.271025 	0.207629 	-0.02     	0.813756
631	47    	0.261445 	0.199843 	-0.0175   	0.813756
632	45    	0.235966 	0.224069 	-0.0199999	0.732398
633	45    	0.25938  	0.196537 	-0.0181818	0.732398
634	45    	0.280575 	0.200718 	-0.02     	0.732398
635	49    	0.245295 	0.194016 	-0.02     	0.812977
636	48    	0.221554 	0.175144 	-0.0177778	0.812977
637	47    	0.236354 	0.1487   	-0.02     	0.672887
638	47    	0.263437 	0.119866 	-0.01     	0.672887
639	45    	0.261    	0.148341 	-0.02     	0.672887
640	46    	0.322809 	0.151008 	0.104412  	0.696477
641	44    	0.332534 	0.181077 	-0.0150003	0.790628
642	44    	0.356313 	0.168825 	0.0825836 	0.790628
643	48    	0.314726 	0.153381 	-0.02     	0.709385
644	46    	0.297478 	0.127784 	-0.015    	0.669144
645	45    	0.288481 	0.150673 	-0.0171429	0.669144
646	45    	0.308049 	0.146843 	-0.02     	0.610465
647	48    	0.287005 	0.130767 	-0.0175   	0.617032
648	48    	0.246781 	0.16943  	-0.0200001	0.617032
649	46    	0.308138 	0.170419 	-0.0175   	0.704835
650	42    	0.324577 	0.185466 	-0.02     	0.704835
651	46    	0.257711 	0.189758 	-0.0180001	0.704723
652	43    	0.320391 	0.208218 	-0.0200001	0.811247
653	45    	0.326548 	0.197421 	-0.016    	0.850606
654	47    	0.305403 	0.227447 	-0.0183333	0.850606
655	44    	0.321584 	0.235651 	-0.0166667	0.850606
656	44    	0.366453 	0.245812 	-0.0159966	0.855042
657	47    	0.317234 	0.21124  	-0.0166667	0.850606
658	45    	0.298005 	0.210766 	-0.02     	0.850606
659	47    	0.305102 	0.187237 	-0.0166667	0.859512
660	43    	0.307154 	0.189572 	-0.0171428	0.859512
661	47    	0.292581 	0.14269  	0.0854197 	0.859512
662	48    	0.236489 	0.162473 	-0.0177778	0.699521
663	50    	0.306707 	0.147766 	-0.02     	0.812825
664	48    	0.233423 	0.135023 	-0.018    	0.612999
665	44    	0.285111 	0.148227 	-0.0159999	0.613849
666	47    	0.329797 	0.146921 	-0.02     	0.704937
667	42    	0.307055 	0.16842  	-0.0181818	0.638735
668	46    	0.279611 	0.152004 	-0.00889147	0.638735
669	48    	0.297409 	0.15664  	-0.0174999 	0.699358
670	42    	0.289817 	0.206902 	-0.02      	0.81683 
671	46    	0.277618 	0.19113  	-0.02      	0.81683 
672	47    	0.311044 	0.204009 	-0.0177779 	0.744466
673	41    	0.31893  	0.199714 	-0.02      	0.801245
674	46    	0.321011 	0.194732 	-0.02      	0.801245
675	48    	0.336302 	0.206937 	-0.0133333 	0.821241
676	46    	0.350069 	0.229196 	-0.0177778 	0.821241
677	49    	0.323389 	0.187556 	-0.0171428 	0.801245
678	48    	0.326149 	0.18981  	0.0666234  	0.803333
679	46    	0.319982 	0.197295 	-0.0149999 	0.848584
680	47    	0.301119 	0.18743  	0.0497335  	0.848584
681	47    	0.313335 	0.214847 	-0.0181818 	0.848584
682	46    	0.371491 	0.229129 	-0.0171428 	0.906378
683	46    	0.298383 	0.23135  	-0.02      	0.906378
684	47    	0.261183 	0.222429 	-0.02      	0.906378
685	44    	0.321399 	0.228537 	-0.0177768 	0.756448
686	43    	0.342589 	0.20653  	-0.0160001 	0.754832
687	46    	0.304662 	0.198308 	-0.0166667 	0.754832
688	46    	0.269254 	0.18519  	-0.016     	0.754832
689	46    	0.288723 	0.178651 	-0.0200001 	0.754832
690	45    	0.282001 	0.161638 	-0.018     	0.754832
691	48    	0.290781 	0.16235  	-0.0225    	0.750931
692	45    	0.260644 	0.132264 	-0.018     	0.580469
693	44    	0.343878 	0.142007 	0.11106    	0.693521
694	49    	0.253855 	0.152997 	-0.02      	0.693521
695	47    	0.246843 	0.126432 	-0.02      	0.649517
696	48    	0.308238 	0.12526  	0.114018   	0.704835
697	47    	0.294466 	0.144183 	-0.016     	0.636742
698	49    	0.289976 	0.130794 	0.0887633  	0.540522
699	43    	0.312729 	0.148096 	-0.016     	0.638957
700	48    	0.279961 	0.137994 	-0.0177778 	0.638957
701	48    	0.250656 	0.143727 	-0.0171429 	0.701567
702	47    	0.27193  	0.120801 	-0.0177778 	0.510794
703	48    	0.260605 	0.12412  	-0.02      	0.503775
704	49    	0.286996 	0.103734 	0.101472   	0.598777
705	43    	0.275143 	0.228434 	-1         	0.598777
706	45    	0.285697 	0.168054 	-0.02      	0.600499
707	46    	0.288482 	0.167968 	-0.02      	0.600499
708	47    	0.254629 	0.192152 	-0.02      	0.6136  
709	47    	0.265566 	0.194238 	-0.0175001 	0.649405
710	46    	0.232314 	0.173871 	-0.02      	0.649405
711	45    	0.279025 	0.170764 	-0.0181818 	0.698452
712	43    	0.34645  	0.207434 	-0.0199999 	0.731524
713	48    	0.293096 	0.178892 	-0.0171429 	0.698452
714	47    	0.324404 	0.196878 	-0.0177778 	0.800245
715	45    	0.28749  	0.217968 	-0.02      	0.800245
716	46    	0.309761 	0.226982 	-0.02      	0.800245
717	48    	0.253622 	0.189016 	-0.02      	0.800245
718	47    	0.280168 	0.180933 	-0.02      	0.800245
719	46    	0.271877 	0.180195 	-0.02      	0.800245
720	45    	0.262915 	0.179025 	-0.0166667 	0.800245
721	44    	0.269415 	0.169843 	-0.02      	0.800245
722	47    	0.22169  	0.18462  	-0.02      	0.800245
723	47    	0.257338 	0.200726 	-0.02      	0.648146
724	44    	0.2998   	0.163008 	-0.02      	0.648146
725	49    	0.270607 	0.148434 	-0.0199999 	0.648136
726	44    	0.257307 	0.172269 	-0.0175    	0.648136
727	47    	0.272459 	0.146614 	-0.0166667 	0.61811 
728	48    	0.245992 	0.159905 	-0.0171428 	0.693487
729	48    	0.244268 	0.164885 	-0.0200001 	0.738274
730	48    	0.262037 	0.158405 	-0.0175    	0.738274
731	47    	0.22807  	0.156385 	-0.02      	0.58318 
732	46    	0.259179 	0.161414 	-0.0171429 	0.58318 
733	47    	0.20891  	0.164384 	-0.0175    	0.58318 
734	50    	0.209449 	0.170478 	-0.0166667 	0.583187
735	47    	0.249622 	0.184094 	-0.0166667 	0.764339
736	43    	0.252704 	0.169553 	-0.018     	0.764339
737	47    	0.257683 	0.14527  	-0.02      	0.573406
738	46    	0.296283 	0.160123 	-0.0171429 	0.694751
739	42    	0.245535 	0.213223 	-0.0171429 	0.702687
740	41    	0.299206 	0.216719 	-0.0171428 	0.812083
741	48    	0.180451 	0.191092 	-0.0171429 	0.812083
742	49    	0.23387  	0.166952 	-0.0177777 	0.68596 
743	46    	0.227736 	0.156034 	-0.0171428 	0.68596 
744	45    	0.292121 	0.151393 	-0.0171429 	0.68596 
745	50    	0.226764 	0.149528 	-0.0171429 	0.519803
746	46    	0.2412   	0.145782 	-0.0199999 	0.519803
747	44    	0.269153 	0.151993 	-0.0166667 	0.519803
748	45    	0.287102 	0.173794 	-0.0175    	0.57893 
749	47    	0.263608 	0.167851 	-0.02      	0.645806
750	44    	0.285043 	0.176037 	-0.02      	0.645806
751	42    	0.301831 	0.200618 	-0.0177778 	0.650508
752	46    	0.297573 	0.190071 	-0.02      	0.732772
753	49    	0.227475 	0.15621  	-0.0171429 	0.643469
754	47    	0.279672 	0.176577 	-0.02      	0.645806
755	45    	0.296905 	0.170005 	-0.0175    	0.645806
756	50    	0.249199 	0.137852 	-0.02      	0.574477
757	45    	0.29297  	0.180017 	-0.02      	0.574477
758	49    	0.250814 	0.159955 	-0.0175    	0.695833
759	44    	0.238585 	0.14089  	-0.016     	0.574477
760	49    	0.242709 	0.157117 	-0.02      	0.576487
761	48    	0.26787  	0.172563 	-0.02      	0.574966
762	47    	0.226507 	0.185759 	-0.02      	0.581321
763	46    	0.303219 	0.16924  	-0.0166667 	0.648412
764	47    	0.32692  	0.181708 	-0.0175    	0.649405
765	44    	0.318692 	0.192472 	-0.0171429 	0.721792
766	45    	0.272757 	0.198613 	-0.02      	0.721792
767	45    	0.240391 	0.20077  	-0.0175    	0.721792
768	40    	0.321181 	0.210156 	-0.02      	0.721792
769	45    	0.318351 	0.208461 	-0.0171428 	0.713049
770	44    	0.320679 	0.218198 	-0.018     	0.713049
771	42    	0.367254 	0.196556 	-0.0160001 	0.713049
772	45    	0.321378 	0.199104 	-0.0181818 	0.713049
773	42    	0.365772 	0.22198  	-0.018     	0.747393
774	48    	0.287518 	0.190975 	-0.016     	0.71602 
775	48    	0.374586 	0.177984 	-0.0171429 	0.753177
776	47    	0.31444  	0.196562 	-0.02      	0.81683 
777	43    	0.349788 	0.246802 	-0.0171429 	0.81683 
778	48    	0.218138 	0.209856 	-0.0233333 	0.81683 
779	43    	0.313773 	0.204421 	-0.02      	0.81683 
780	48    	0.318251 	0.206148 	-0.0166667 	0.81683 
781	44    	0.267305 	0.177283 	-0.02      	0.689118
782	47    	0.255194 	0.181173 	-0.0199999 	0.576246
783	43    	0.305381 	0.158965 	-0.0175    	0.602634
784	46    	0.277609 	0.143357 	-0.0175001 	0.602634
785	46    	0.290194 	0.142731 	-0.02      	0.602634
786	47    	0.273905 	0.156639 	-0.02      	0.714021
787	47    	0.263891 	0.15662  	-0.02      	0.714021
788	46    	0.297429 	0.151123 	-0.02      	0.714021
789	46    	0.274981 	0.161398 	-0.0199999 	0.714021
790	44    	0.298321 	0.149113 	-0.02      	0.714021
791	47    	0.276157 	0.16462  	-0.02      	0.684077
792	44    	0.364676 	0.207076 	-0.0177779 	0.67425 
793	44    	0.346049 	0.175704 	0.05953    	0.67425 
794	48    	0.330374 	0.168203 	-0.01      	0.675872
795	47    	0.294593 	0.189857 	-0.016     	0.675872
796	49    	0.278917 	0.134269 	-0.0171429 	0.675872
797	46    	0.25283  	0.134202 	-0.0177778 	0.562188
798	48    	0.234906 	0.146305 	-0.0184615 	0.562188
799	45    	0.289918 	0.114281 	-0.0177777 	0.562188
800	44    	0.279208 	0.123714 	-0.0233333 	0.510825
801	43    	0.288452 	0.147665 	-0.0177778 	0.556985
802	45    	0.270728 	0.163788 	-0.018     	0.523249
803	45    	0.321081 	0.118007 	0.0901384  	0.581325
804	48    	0.276262 	0.160505 	-0.0175    	0.696511
805	47    	0.278371 	0.207435 	-0.0175    	0.800245
806	47    	0.262501 	0.198746 	-0.02      	0.800245
807	45    	0.295534 	0.215649 	-0.02      	0.800245
808	48    	0.236606 	0.164817 	-0.0171428 	0.651349
809	47    	0.263211 	0.154664 	-0.02      	0.64395 
810	43    	0.266531 	0.179263 	-0.0175    	0.64395 
811	45    	0.289301 	0.184189 	-0.02      	0.613381
812	45    	0.31837  	0.198267 	-0.016     	0.706234
813	46    	0.266793 	0.178806 	-0.0175    	0.703445
814	45    	0.267698 	0.195177 	-0.0171429 	0.703445
815	46    	0.266883 	0.195444 	-0.0200001 	0.771124
816	41    	0.315668 	0.195588 	-0.0175    	0.771124
817	45    	0.328417 	0.222851 	-0.0171429 	0.706234
818	44    	0.293251 	0.222943 	-0.02      	0.706234
819	44    	0.282631 	0.253849 	-0.0175    	0.706539
820	47    	0.228628 	0.221842 	-0.0175    	0.706539
821	44    	0.231386 	0.211797 	-0.02      	0.706234
822	50    	0.282649 	0.219505 	-0.0199999 	0.800245
823	50    	0.191328 	0.137571 	-0.0175    	0.535429
824	45    	0.234326 	0.158793 	-0.0200001 	0.591787
825	47    	0.246651 	0.174473 	-0.02      	0.730872
826	49    	0.279616 	0.151444 	0.088802   	0.730872
827	44    	0.266951 	0.20218  	-0.0200001 	0.73119 
828	45    	0.305413 	0.230574 	-0.02      	0.736092
829	47    	0.281122 	0.227698 	-0.0175001 	0.830908
830	49    	0.226601 	0.20609  	-0.02      	0.79999 
831	49    	0.249686 	0.194369 	-0.0171428 	0.731273
832	49    	0.250834 	0.206556 	-0.02      	0.873472
833	50    	0.263901 	0.200365 	-0.02      	0.730613
834	49    	0.250896 	0.201543 	-0.0175    	0.730613
835	48    	0.239787 	0.175989 	-0.02      	0.779014
836	46    	0.289669 	0.194939 	-0.0228571 	0.753318
837	43    	0.337668 	0.22357  	-0.0177778 	0.79999 
838	44    	0.334283 	0.19775  	0.0744266  	0.79999 
839	43    	0.387116 	0.240017 	-0.02      	0.79999 
840	44    	0.276748 	0.247253 	-0.02      	0.79999 
841	45    	0.255351 	0.197763 	-0.0200001 	0.79999 
842	47    	0.262742 	0.172511 	-0.02      	0.616922
843	47    	0.284486 	0.177414 	-0.02      	0.690684
844	44    	0.272587 	0.170807 	-0.0171428 	0.705921
845	46    	0.24489  	0.173709 	-0.02      	0.706419
846	45    	0.324311 	0.230572 	-0.0171429 	0.726719
847	46    	0.330129 	0.204925 	-0.02      	0.726719
848	42    	0.356187 	0.237405 	-0.0171428 	0.730078
849	49    	0.255809 	0.207658 	-0.02      	0.811396
850	44    	0.246358 	0.199816 	-0.0175    	0.70647 
851	46    	0.275793 	0.178885 	-0.02      	0.730872
852	46    	0.246522 	0.183406 	-0.02      	0.58318 
853	46    	0.303858 	0.207064 	-0.02      	0.725831
854	43    	0.278293 	0.223444 	-0.0175    	0.725831
855	46    	0.221145 	0.193607 	-0.0175    	0.615443
856	44    	0.297566 	0.195622 	-0.0175    	0.615915
857	47    	0.282984 	0.160969 	-0.0166667 	0.615915
858	44    	0.23774  	0.182948 	-0.02      	0.615915
859	47    	0.27537  	0.178178 	-0.0175    	0.644153
860	44    	0.242313 	0.195919 	-0.017143  	0.644153
861	45    	0.274171 	0.216211 	-0.0175    	0.730075
862	44    	0.302638 	0.237925 	-0.02      	0.730075
863	43    	0.289624 	0.245005 	-0.02      	0.730075
864	45    	0.388589 	0.217994 	-0.016     	0.730075
865	48    	0.324807 	0.20307  	-0.0177778 	0.730075
866	44    	0.279237 	0.226999 	-0.02      	0.730075
867	48    	0.284946 	0.208027 	-0.02      	0.7028  
868	48    	0.250249 	0.180596 	-0.0166667 	0.706234
869	46    	0.278597 	0.219769 	-0.02      	0.72995 
870	44    	0.307438 	0.232225 	-0.02      	0.72995 
871	45    	0.268128 	0.228928 	-0.02      	0.72995 
872	49    	0.286653 	0.238772 	-0.02      	0.706596
873	48    	0.249998 	0.214901 	-0.0175    	0.706431
874	48    	0.255506 	0.174339 	-0.0171429 	0.706431
875	46    	0.255921 	0.227381 	-0.0171429 	0.70665 
876	45    	0.274804 	0.181747 	-0.02      	0.70665 
877	45    	0.27855  	0.222382 	-0.02      	0.70665 
878	44    	0.253644 	0.193534 	-0.0166666 	0.70665 
879	45    	0.279529 	0.220308 	-0.0175    	0.70665 
880	44    	0.300999 	0.234038 	-0.0171429 	0.70665 
881	45    	0.280331 	0.229633 	-0.02      	0.70665 
882	47    	0.250752 	0.203842 	-0.0166667 	0.70665 
883	48    	0.210549 	0.191598 	-0.02      	0.70665 
884	47    	0.245661 	0.221431 	-0.0166667 	0.75051 
885	47    	0.24779  	0.17998  	-0.0175    	0.706637
886	46    	0.222941 	0.205204 	-0.02      	0.70665 
887	47    	0.229637 	0.189211 	-0.02      	0.705921
888	45    	0.259068 	0.194776 	-0.0166667 	0.705921
889	43    	0.311167 	0.215224 	-0.0166667 	0.706637
890	45    	0.242534 	0.180668 	-0.0171429 	0.706637
891	44    	0.269794 	0.213009 	-0.0171429 	0.706637
892	47    	0.24439  	0.184591 	-0.0171429 	0.706637
893	45    	0.220581 	0.218379 	-0.0177778 	0.706637
894	46    	0.221032 	0.202519 	-0.02      	0.706419
895	47    	0.266163 	0.197877 	-0.02      	0.811247
896	43    	0.249909 	0.237533 	-0.02      	0.811247
897	47    	0.231523 	0.191199 	-0.0171428 	0.811247
898	47    	0.228121 	0.165479 	-0.0171429 	0.695373
899	47    	0.218271 	0.171282 	-0.02      	0.695373
900	46    	0.257504 	0.198665 	-0.02      	0.705921
901	43    	0.265287 	0.225863 	-0.0175    	0.812308
902	45    	0.252389 	0.235206 	-0.0171427 	0.813756
903	47    	0.190957 	0.248215 	-0.0199999 	0.812308
904	43    	0.23911  	0.235904 	-0.0175001 	0.812308
905	45    	0.246113 	0.236879 	-0.02      	0.812308
906	44    	0.20755  	0.253502 	-0.0171427 	0.812308
907	44    	0.268937 	0.265313 	-0.0175    	0.813756
908	47    	0.19941  	0.244166 	-0.0166667 	0.813756
909	45    	0.236005 	0.246887 	-0.0171428 	0.813756
910	43    	0.248705 	0.266298 	-0.0166667 	0.813756
911	46    	0.279975 	0.265952 	-0.0166667 	0.813756
912	48    	0.165193 	0.229314 	-0.0166667 	0.813756
913	46    	0.162628 	0.184992 	-0.0177778 	0.813756
914	44    	0.258616 	0.258357 	-0.0171428 	0.813756
915	47    	0.213935 	0.222895 	-0.02      	0.813756
916	47    	0.20263  	0.214376 	-0.02      	0.813708
917	43    	0.255977 	0.250891 	-0.0171429 	0.813756
918	47    	0.229559 	0.210391 	-0.0166667 	0.813756
919	48    	0.20805  	0.244089 	-0.0166667 	0.813756
920	47    	0.243767 	0.236633 	-0.0171429 	0.813756
921	46    	0.270837 	0.219384 	-0.0171429 	0.813756
922	47    	0.223803 	0.242107 	-0.02      	0.813756
923	42    	0.267871 	0.275797 	-0.0166668 	0.813756
924	49    	0.146752 	0.182409 	-0.02      	0.813756
925	46    	0.199257 	0.220074 	-0.0175    	0.813756
926	43    	0.300173 	0.208721 	-0.016     	0.814342
927	46    	0.270694 	0.212449 	-0.0175    	0.814342
928	44    	0.30229  	0.255267 	-0.02      	0.814342
929	46    	0.249531 	0.22503  	-0.0175    	0.814342
930	46    	0.229767 	0.214243 	-0.0175    	0.813756
931	45    	0.220965 	0.22157  	-0.02      	0.813756
932	46    	0.222962 	0.179609 	-0.016     	0.813756
933	44    	0.213509 	0.201982 	-0.02      	0.813756
934	45    	0.222191 	0.18419  	-0.0171429 	0.811247
935	44    	0.237817 	0.190967 	-0.0166667 	0.813708
936	47    	0.208375 	0.165306 	-0.02      	0.616981
937	48    	0.23491  	0.189435 	-0.02      	0.813756
938	46    	0.269787 	0.218703 	-0.02      	0.813756
939	48    	0.242205 	0.254087 	-0.02      	0.813756
940	46    	0.237702 	0.254343 	-0.0171429 	0.813756
941	46    	0.271317 	0.24235  	-0.0175    	0.813756
942	47    	0.186707 	0.214946 	-0.0166667 	0.813756
943	49    	0.184511 	0.205013 	-0.0171429 	0.813756
944	44    	0.236535 	0.202938 	-0.0171429 	0.811396
945	47    	0.213355 	0.223004 	-0.0166667 	0.811396
946	44    	0.283286 	0.226611 	-0.0166667 	0.813756
947	45    	0.237288 	0.220122 	-0.0171429 	0.813756
948	47    	0.259516 	0.220989 	-0.0171429 	0.813756
949	47    	0.139635 	0.172571 	-0.0171429 	0.813756
950	44    	0.176058 	0.184748 	-0.0175    	0.581352
951	47    	0.228087 	0.193744 	-0.0166667 	0.613633
952	50    	0.205084 	0.193063 	-0.0175    	0.811396
953	45    	0.215349 	0.200927 	-0.0166667 	0.811396
954	48    	0.217776 	0.206005 	-0.0171429 	0.811396
955	46    	0.194827 	0.184592 	-0.02      	0.811396
956	48    	0.172991 	0.185341 	-0.02      	0.811396
957	42    	0.294408 	0.223107 	-0.0166667 	0.811396
958	46    	0.244689 	0.250545 	-0.0171428 	0.813756
959	47    	0.238111 	0.235055 	-0.0166667 	0.813756
960	48    	0.259025 	0.215957 	-0.0166667 	0.813756
961	47    	0.260706 	0.22735  	-0.017143  	0.813756
962	47    	0.229115 	0.202474 	-0.0171429 	0.702687
963	45    	0.242472 	0.220103 	-0.02      	0.701953
964	44    	0.311372 	0.193033 	-0.0171429 	0.695392
965	42    	0.306459 	0.220073 	-0.018     	0.695392
966	46    	0.233642 	0.199687 	-0.02      	0.698282
967	46    	0.261434 	0.19424  	-0.0200001 	0.705828
968	48    	0.270804 	0.215327 	-0.0171428 	0.704133
969	44    	0.33136  	0.237644 	-0.0171429 	0.819403
970	49    	0.22518  	0.176874 	-0.0181818 	0.704133
971	41    	0.299036 	0.19993  	-0.018     	0.705842
972	45    	0.292417 	0.214775 	-0.0199999 	0.812083
973	47    	0.246237 	0.209721 	-0.02      	0.811247
974	45    	0.236617 	0.220166 	-0.0171429 	0.811247
975	46    	0.261895 	0.231102 	-0.0171428 	0.811247
976	49    	0.218268 	0.16768  	-0.02      	0.702711
977	49    	0.259784 	0.161351 	-0.0166667 	0.706026
978	49    	0.20277  	0.171339 	-0.0171429 	0.703466
979	47    	0.224311 	0.174002 	-0.0177778 	0.811247
980	45    	0.258799 	0.196756 	-0.0177778 	0.703466
981	45    	0.255602 	0.209858 	-0.0233333 	0.811247
982	46    	0.265358 	0.225657 	-0.0177778 	0.812083
983	44    	0.276038 	0.21802  	-0.02      	0.811396
984	45    	0.254585 	0.241676 	-0.0166667 	0.811396
985	46    	0.234966 	0.231066 	-0.02      	0.811396
986	47    	0.228064 	0.193268 	-0.02      	0.811396
987	47    	0.251461 	0.206058 	-0.0171429 	0.86432 
988	46    	0.278888 	0.168173 	-0.02      	0.86432 
989	48    	0.233751 	0.162812 	-0.0175    	0.611671
990	48    	0.268498 	0.190916 	-0.0199999 	0.840468
991	47    	0.318605 	0.195617 	-0.0166667 	0.811247
992	47    	0.255736 	0.168087 	-0.02      	0.64633 
993	47    	0.241296 	0.174223 	-0.0166667 	0.73237 
994	48    	0.263539 	0.163562 	-0.0166667 	0.704779
995	47    	0.305824 	0.189555 	-0.0166667 	0.805245
996	48    	0.303254 	0.237643 	-0.0199999 	0.812977
997	45    	0.27003  	0.253027 	-0.0171428 	0.812977
998	48    	0.243973 	0.19154  	-0.02      	0.695373
999	44    	0.283657 	0.208459 	-0.0200001 	0.812825
1000	44    	0.269295 	0.224538 	-0.02      	0.819403
