Argument values: path=C:\Users\1625203\Downloads\Framsticks50rc22\Framsticks50rc22, lib=None, sim=eval-allcriteria.sim;deterministic.sim;sample-period-2.sim;f9-mut-030.sim, genformat=None, initialgenotype=/*9*/BLU, opt=vertpos, popsize=50, generations=1000, tournament=10, pmut=0.9, pxov=0.2, hof_size=1, hof_savefile=None, max_numparts=30, max_numjoints=None, max_numneurons=None, max_numconnections=None, max_numgenochars=50
Using Framsticks version: 5.0rc22
Home (writable) dir     : C:\Users\1625203\Downloads\Framsticks50rc22\Framsticks50rc22\data
Resources dir           : C:\Users\1625203\Downloads\Framsticks50rc22\Framsticks50rc22\data

Available objects: ['CheckpointEvent', 'Collision', 'CrCollision', 'Creature', 'CreatureSettings', 'CreatureSignals', 'CreatureSnapshot', 'Dictionary', 'ExpProperties', 'ExpState', 'ExtValue', 'File', 'FunctionReference', 'GenMan', 'GenManStats', 'GenePool', 'GenePools', 'Geno', 'Genotype', 'Interface', 'Joint', 'Loader', 'Math', 'MechJoint', 'MechPart', 'MessageCatcher', 'Model', 'ModelGeometry', 'ModelSymmetry', 'Neuro', 'NeuroClass', 'NeuroClassLibrary', 'NeuroDef', 'NeuroSignals', 'NeuronsSimEnabled', 'ODE', 'Orient', 'Part', 'Population', 'Populations', 'Ref', 'Signal', 'SignalView', 'SimilMeasure', 'SimilMeasureDistribution', 'SimilMeasureGreedy', 'SimilMeasureHungarian', 'Simulator', 'SlaveSimulators', 'StopEvent', 'String', 'UserScripts', 'Vector', 'WireframeAppearance', 'World', 'WorldMap', 'WorldSignals', 'XYZ', '__builtins__', '__cached__', '__doc__', '__file__', '__loader__', '__name__', '__package__', '__spec__', 'c_api', 'ctypes', 'home_dir', 'init', 'os', 're', 'res_dir', 'sim_params', 'stats', 'sys']

Performing a basic test 1/2... OK.
Performing a basic test 2/2... OK.
Using settings: ['eval-allcriteria.sim', 'deterministic.sim', 'sample-period-2.sim', 'f9-mut-030.sim']
gen	nevals	avg     	stddev	min     	max     
0  	50    	0.218369	0     	0.218369	0.218369
1  	45    	0.0381675	0.102275	-0.016  	0.427755
2  	46    	0.0807633	0.127067	-0.0166668	0.427755
3  	48    	0.142292 	0.176386	-0.0166667	0.812083
4  	50    	0.172241 	0.145628	-0.017143 	0.514444
5  	45    	0.219749 	0.188701	-0.02     	0.703019
6  	47    	0.232649 	0.220395	-0.0166667	0.812083
7  	46    	0.206104 	0.194381	-0.0166667	0.812825
8  	46    	0.244211 	0.213769	-0.02     	0.812825
9  	49    	0.21825  	0.21235 	-0.0171429	0.812083
10 	45    	0.214834 	0.200004	-0.0175   	0.706353
11 	45    	0.292173 	0.223275	-0.0171429	0.706353
12 	48    	0.257361 	0.176177	-0.016    	0.81506 
13 	44    	0.26882  	0.224559	-0.02     	0.81506 
14 	48    	0.291388 	0.203226	-0.0175   	0.832435
15 	48    	0.281701 	0.1889  	-0.0177778	0.81506 
16 	44    	0.350733 	0.212494	-0.02     	0.81506 
17 	47    	0.270882 	0.209252	-0.0177778	0.718827
18 	44    	0.301504 	0.20992 	-0.0175   	0.730315
19 	46    	0.308036 	0.206948	-0.0166667	0.732214
20 	47    	0.3153   	0.209135	-0.0171428	0.730315
21 	47    	0.25497  	0.182048	-0.0175   	0.655445
22 	50    	0.245552 	0.164879	-0.0177778	0.581188
23 	46    	0.280917 	0.177041	-0.0171429	0.799939
24 	46    	0.252939 	0.153814	-0.0199999	0.544982
25 	45    	0.2671   	0.171984	-0.0199999	0.652763
26 	46    	0.285975 	0.166231	-0.0177778	0.81969 
27 	44    	0.280027 	0.177818	-0.02     	0.81969 
28 	44    	0.329867 	0.180368	0.0762869 	0.81969 
29 	45    	0.323954 	0.206617	-0.02     	0.81969 
30 	42    	0.348864 	0.211259	-0.02     	0.754727
31 	45    	0.34171  	0.199581	-0.018    	0.756269
32 	43    	0.336585 	0.215854	-0.0166664	0.756269
33 	47    	0.267135 	0.200998	-0.02     	0.756269
34 	44    	0.357702 	0.190948	-0.0166667	0.706285
35 	48    	0.28086  	0.193634	-0.0200001	0.780978
36 	48    	0.308957 	0.157435	-0.02     	0.753446
37 	45    	0.313327 	0.222457	-0.0171428	0.822555
38 	42    	0.365912 	0.239437	-0.0175   	0.831993
39 	44    	0.315586 	0.224669	-0.02     	0.831993
40 	48    	0.297565 	0.21079 	-0.0171429	0.822555
41 	43    	0.322679 	0.180512	-0.0150002	0.822555
42 	48    	0.32032  	0.213453	-0.016    	0.796095
43 	48    	0.278396 	0.162154	-0.0175   	0.796095
44 	42    	0.354851 	0.22528 	-0.02     	0.761571
45 	48    	0.298851 	0.177035	0.0667508 	0.758954
46 	45    	0.296357 	0.15896 	-0.02     	0.758954
47 	47    	0.304599 	0.17832 	-0.0175   	0.758954
48 	48    	0.262905 	0.197071	-0.0171429	0.855743
49 	50    	0.26645  	0.134491	-0.0171416	0.754081
50 	45    	0.296514 	0.185981	-0.0166666	0.754081
51 	46    	0.345393 	0.199942	-0.0166667	0.828442
52 	48    	0.291688 	0.16493 	-0.0199999	0.828442
53 	49    	0.306665 	0.131268	-0.0171428	0.634547
54 	43    	0.315056 	0.103509	0.111763  	0.578788
55 	42    	0.335162 	0.160946	-0.02     	0.766393
56 	42    	0.29066  	0.176448	-0.02     	0.766393
57 	46    	0.300452 	0.165434	-0.0166667	0.732625
58 	49    	0.284033 	0.156629	-0.0171386	0.689785
59 	48    	0.266665 	0.175389	-0.0171428	0.734188
60 	45    	0.271367 	0.148195	-0.0150001	0.695274
61 	47    	0.281029 	0.17224 	-0.02     	0.933688
62 	50    	0.278781 	0.148388	-0.0160001	0.694751
63 	47    	0.294888 	0.1664  	-0.0171429	0.705828
64 	47    	0.25328  	0.199446	-0.0171429	0.705828
65 	44    	0.303416 	0.229377	-0.0171429	0.705828
66 	44    	0.319961 	0.234779	-0.0175   	0.813756
67 	47    	0.196915 	0.222127	-0.02     	0.813756
68 	49    	0.186286 	0.18076 	-0.0171428	0.813708
69 	48    	0.215648 	0.183001	-0.0175   	0.702349
70 	45    	0.236373 	0.174256	-0.0171429	0.702349
71 	46    	0.202964 	0.182101	-0.02     	0.581238
72 	49    	0.212888 	0.150893	-0.0171429	0.581238
73 	47    	0.209097 	0.173951	-0.02     	0.702349
74 	46    	0.213063 	0.194582	-0.0199999	0.703725
75 	48    	0.227268 	0.183773	-0.0171429	0.702349
76 	46    	0.225696 	0.204791	-0.0166667	0.706014
77 	46    	0.25507  	0.180039	-0.0171429	0.812825
78 	44    	0.271834 	0.194362	-0.0171428	0.812825
79 	48    	0.228405 	0.197424	-0.0171429	0.704074
80 	47    	0.20539  	0.233548	-0.02     	0.813756
81 	47    	0.268406 	0.207866	-0.0166667	0.813756
82 	44    	0.251933 	0.208491	-0.0171429	0.705984
83 	46    	0.24031  	0.199526	-0.02     	0.702732
84 	47    	0.269223 	0.174097	-0.0166667	0.705337
85 	43    	0.26424  	0.229041	-0.02     	0.811247
86 	47    	0.210388 	0.179155	-0.0175   	0.705337
87 	49    	0.268964 	0.183544	-0.0177778	0.703946
88 	43    	0.293278 	0.20999 	-0.02     	0.706012
89 	45    	0.255688 	0.230762	-0.0175   	0.732974
90 	44    	0.299753 	0.247752	-0.0175   	0.807637
91 	46    	0.294076 	0.254235	-0.02     	0.812825
92 	44    	0.28847  	0.228563	-0.0171428	0.729753
93 	45    	0.268173 	0.208818	-0.0199998	0.706012
94 	44    	0.2892   	0.254832	-0.02     	0.812977
95 	50    	0.191473 	0.20983 	-0.02     	0.812308
96 	43    	0.242343 	0.224956	-0.02     	0.812977
97 	47    	0.194366 	0.198837	-0.0166667	0.812308
98 	43    	0.266438 	0.218317	-0.0171431	0.812308
99 	47    	0.193947 	0.175923	-0.02     	0.704074
100	47    	0.245161 	0.183614	-0.0166668	0.694721
101	48    	0.24708  	0.183566	-0.0171428	0.812977
102	48    	0.265393 	0.216407	-0.0171429	0.813756
103	47    	0.238129 	0.239703	-0.0171428	0.813756
104	45    	0.242989 	0.204411	-0.0177778	0.813756
105	45    	0.295246 	0.198177	-0.0160001	0.705857
106	42    	0.258928 	0.204259	-0.02     	0.706014
107	45    	0.271961 	0.215515	-0.0171428	0.706014
108	47    	0.279363 	0.232151	-0.02     	0.706014
109	46    	0.25078  	0.198816	-0.0175   	0.705837
110	45    	0.314796 	0.233475	-0.0166667	0.812825
111	46    	0.303222 	0.242286	-0.017143 	0.812825
112	46    	0.262408 	0.229694	-0.0171429	0.812825
113	49    	0.236033 	0.195453	-0.02     	0.812308
114	47    	0.254324 	0.2199  	-0.02     	0.812308
115	45    	0.253933 	0.178919	-0.0166666	0.812308
116	44    	0.250483 	0.214602	-0.02     	0.812308
117	46    	0.260788 	0.195603	-0.018    	0.812308
118	49    	0.191063 	0.166448	-0.0166666	0.53704 
119	47    	0.19756  	0.175918	-0.0171429	0.572646
120	42    	0.266145 	0.180695	-0.0171429	0.687824
121	47    	0.258064 	0.171504	-0.02     	0.687824
122	43    	0.263069 	0.188745	-0.0175   	0.688921
123	48    	0.257148 	0.187858	-0.02     	0.687897
124	42    	0.28871  	0.183446	-0.02     	0.732974
125	49    	0.229691 	0.183351	-0.02     	0.609994
126	47    	0.26915  	0.177884	-0.02     	0.614634
127	47    	0.26414  	0.204708	-0.0177778	0.813954
128	43    	0.256676 	0.203816	-0.02     	0.813954
129	45    	0.29561  	0.173145	-0.02     	0.813954
130	44    	0.30853  	0.211741	-0.015    	0.813954
131	50    	0.219724 	0.176955	-0.0175   	0.634841
132	47    	0.260532 	0.166833	-0.0171428	0.724263
133	45    	0.275266 	0.207077	-0.0175   	0.813708
134	45    	0.27892  	0.213362	-0.02     	0.813708
135	45    	0.253311 	0.22844 	-0.0199999	0.813708
136	45    	0.280753 	0.228462	-0.0171429	0.813708
137	50    	0.21904  	0.205496	-0.0177778	0.813756
138	43    	0.235776 	0.216326	-0.0199999	0.813756
139	46    	0.231887 	0.182081	-0.0175   	0.594228
140	47    	0.277469 	0.149932	-0.0166667	0.706014
141	45    	0.281623 	0.189618	-0.0166667	0.706014
142	46    	0.304697 	0.194822	-0.018    	0.872278
143	45    	0.289526 	0.222376	-0.0181818	0.872278
144	44    	0.323687 	0.226373	-0.02     	0.872278
145	46    	0.302531 	0.201387	-0.0171428	0.872278
146	46    	0.283424 	0.160132	-0.02     	0.719454
147	47    	0.255088 	0.159684	-0.02     	0.549747
148	47    	0.285657 	0.147865	-0.02     	0.62791 
149	46    	0.306059 	0.164221	-0.02     	0.813708
150	42    	0.345196 	0.213114	-0.0166667	0.813708
151	43    	0.310599 	0.243021	-0.018    	0.813708
152	47    	0.307258 	0.214991	-0.0177778	0.813708
153	44    	0.268531 	0.220383	-0.0175   	0.813708
154	41    	0.31023  	0.26781 	-0.0175   	0.813954
155	47    	0.23732  	0.215735	-0.0175   	0.813954
156	48    	0.220926 	0.195245	-0.0171428	0.811396
157	45    	0.198011 	0.215608	-0.02     	0.812825
158	48    	0.224085 	0.182665	-0.0166667	0.703725
159	47    	0.211731 	0.190969	-0.0171429	0.703725
160	44    	0.258744 	0.218766	-0.0171428	0.813708
161	47    	0.267121 	0.18995 	-0.0174999	0.813708
162	46    	0.241661 	0.196591	-0.0200001	0.695373
163	45    	0.256285 	0.177352	-0.018    	0.695373
164	48    	0.26695  	0.198461	-0.02     	0.812977
165	48    	0.223387 	0.19777 	-0.02     	0.695373
166	47    	0.264533 	0.202818	-0.0177778	0.813756
167	44    	0.279686 	0.229916	-0.0175   	0.813708
168	47    	0.213354 	0.208372	-0.02     	0.813708
169	43    	0.261312 	0.210251	-0.0171429	0.811247
170	46    	0.245477 	0.207388	-0.0171429	0.813708
171	46    	0.215006 	0.194377	-0.0175   	0.703946
172	47    	0.228021 	0.177019	-0.02     	0.694721
173	46    	0.224663 	0.173053	-0.02     	0.706213
174	43    	0.27259  	0.173521	-0.0199999	0.706213
175	49    	0.256755 	0.175866	-0.02     	0.61405 
176	47    	0.253597 	0.160378	-0.0171429	0.706228
177	46    	0.274121 	0.1593  	-0.0171428	0.706439
178	47    	0.299489 	0.211104	-0.0171429	0.818826
179	42    	0.364715 	0.250169	-0.0171428	0.818826
180	47    	0.253958 	0.202546	-0.0175   	0.706439
181	48    	0.307461 	0.184089	-0.01     	0.702025
182	46    	0.309727 	0.217298	-0.0166667	0.818826
183	47    	0.330418 	0.204937	-0.0174999	0.811396
184	47    	0.253867 	0.211422	-0.0171429	0.818826
185	47    	0.352581 	0.207987	0.0997942 	0.819969
186	46    	0.260567 	0.212627	-0.0175   	0.72134 
187	45    	0.291256 	0.210545	-0.015    	0.706014
188	48    	0.244064 	0.169598	-0.02     	0.706157
189	47    	0.302449 	0.166037	-0.0175   	0.706157
190	46    	0.291726 	0.183505	-0.02     	0.706157
191	46    	0.278287 	0.191914	-0.0175   	0.706324
192	44    	0.335429 	0.212336	-0.0171429	0.706324
193	47    	0.325379 	0.190091	-0.02     	0.704723
194	43    	0.317853 	0.210988	-0.0171429	0.704835
195	47    	0.313871 	0.2194  	-0.02     	0.811247
196	46    	0.297205 	0.197507	-0.0200001	0.811247
197	44    	0.289512 	0.241481	-0.02     	0.811247
198	48    	0.282245 	0.197489	-0.0166667	0.732974
199	43    	0.280765 	0.261832	-0.02     	0.732974
200	49    	0.239573 	0.193665	-0.0175   	0.73109 
201	44    	0.269582 	0.197238	-0.0171428	0.73109 
202	49    	0.261842 	0.213445	-0.0171429	0.801679
203	43    	0.309753 	0.219991	-0.02     	0.801679
204	48    	0.256901 	0.187724	-0.02     	0.703933
205	46    	0.285145 	0.171805	-0.0171428	0.703933
206	45    	0.28666  	0.167979	-0.0175   	0.703933
207	48    	0.281703 	0.190265	-0.02     	0.73109 
208	44    	0.305299 	0.193359	-0.0171428	0.73109 
209	47    	0.265334 	0.187065	-0.02     	0.73109 
210	48    	0.272665 	0.181672	-0.02     	0.704681
211	47    	0.298252 	0.175161	-0.0177779	0.617128
212	47    	0.310669 	0.204167	-0.02     	0.845432
213	48    	0.221326 	0.144798	-0.0175   	0.516852
214	47    	0.201366 	0.141332	-0.0174999	0.534985
215	44    	0.258144 	0.12378 	-0.02     	0.498743
216	46    	0.253091 	0.1425  	-0.0177778	0.519132
217	46    	0.289513 	0.160793	-0.0177778	0.730153
218	49    	0.290504 	0.14429 	-0.0171428	0.600739
219	48    	0.303398 	0.186427	-0.0183333	0.645359
220	47    	0.286208 	0.161326	-0.02     	0.721526
221	46    	0.291269 	0.170842	-0.0133333	0.721133
222	49    	0.245321 	0.143889	-0.0166668	0.702349
223	48    	0.278385 	0.199823	-0.0175   	0.813756
224	47    	0.294887 	0.187855	-0.0171429	0.703659
225	45    	0.276477 	0.201273	-0.0177778	0.706014
226	45    	0.239925 	0.195329	-0.0166667	0.705857
227	44    	0.251453 	0.192218	-0.0175   	0.702675
228	46    	0.225445 	0.204956	-0.02     	0.703659
229	48    	0.223272 	0.217267	-0.0175   	0.813756
230	44    	0.254057 	0.220848	-0.0177778	0.813756
231	48    	0.234439 	0.180366	-0.02     	0.813708
232	44    	0.295579 	0.233483	-0.0171428	0.813708
233	49    	0.242941 	0.211816	-0.0174999	0.812825
234	46    	0.247901 	0.201323	-0.0175   	0.812825
235	43    	0.242099 	0.174685	-0.02     	0.812825
236	45    	0.27353  	0.178158	-0.0175   	0.705837
237	48    	0.223736 	0.195617	-0.02     	0.703019
238	48    	0.215521 	0.178836	-0.0175   	0.702675
239	44    	0.235203 	0.166078	-0.018    	0.68893 
240	45    	0.270186 	0.162194	-0.0171428	0.787787
241	44    	0.279542 	0.184955	-0.018    	0.787787
242	47    	0.270875 	0.189911	-0.0171429	0.704074
243	42    	0.281163 	0.183349	-0.02     	0.704074
244	44    	0.274658 	0.205516	-0.02     	0.704074
245	43    	0.274264 	0.213141	-0.02     	0.704074
246	42    	0.326017 	0.252567	-0.018    	0.706288
247	47    	0.298106 	0.231121	-0.02     	0.706288
248	47    	0.330149 	0.222508	-0.017143 	0.730303
249	45    	0.37455  	0.243193	-0.0166666	0.807297
250	47    	0.298946 	0.212755	-0.0175   	0.730303
251	46    	0.326407 	0.22746 	-0.0171428	0.813756
252	45    	0.313006 	0.226742	-0.0166666	0.813756
253	48    	0.258043 	0.233065	-0.02     	0.813756
254	47    	0.275067 	0.225769	-0.02     	0.92863 
255	45    	0.323114 	0.256133	-0.0171429	0.92863 
256	46    	0.31499  	0.255598	-0.02     	0.92863 
257	50    	0.254521 	0.170013	-0.0166667	0.641082
258	46    	0.277534 	0.156265	-0.0175001	0.702033
259	43    	0.300654 	0.211027	-0.02     	0.704883
260	47    	0.341732 	0.208993	-0.02     	0.833485
261	45    	0.286435 	0.226241	-0.02     	0.833485
262	44    	0.32847  	0.22464 	-0.02     	0.833493
263	47    	0.29323  	0.237619	-0.0175   	0.833485
264	46    	0.280261 	0.208946	-0.0177777	0.832826
265	44    	0.300638 	0.195567	-0.0177777	0.832826
266	50    	0.302489 	0.191232	-0.02     	0.731273
267	47    	0.233758 	0.162688	-0.02     	0.649119
268	46    	0.282773 	0.181507	-0.02     	0.698446
269	45    	0.29681  	0.190022	-0.02     	0.706596
270	46    	0.332544 	0.180112	-0.0171429	0.706596
271	47    	0.288032 	0.188578	-0.02     	0.706596
272	48    	0.226896 	0.158446	-0.02     	0.698446
273	45    	0.281303 	0.189416	-0.0171429	0.751373
274	48    	0.318423 	0.181946	-0.0175   	0.751373
275	47    	0.309702 	0.215691	-0.0166667	0.75759 
276	47    	0.216127 	0.163797	-0.02     	0.689247
277	49    	0.222024 	0.159151	-0.02     	0.613813
278	45    	0.30199  	0.171213	-0.0166666	0.616937
279	44    	0.303232 	0.182356	-0.0166666	0.726164
280	43    	0.287894 	0.202883	-0.0166667	0.731273
281	44    	0.326291 	0.221753	-0.0171428	0.726164
282	44    	0.322395 	0.175744	-0.0175001	0.726164
283	45    	0.296714 	0.215155	-0.02     	0.726164
284	46    	0.317159 	0.182664	-0.0159999	0.741445
285	49    	0.325032 	0.146866	0.11848   	0.831444
286	46    	0.320892 	0.179242	0.0810622 	0.831444
287	47    	0.313969 	0.175527	-0.01     	0.831444
288	48    	0.270619 	0.18312 	-0.0177778	0.611685
289	48    	0.253079 	0.194118	-0.0171429	0.616504
290	47    	0.285667 	0.166599	-0.0175   	0.70293 
291	42    	0.325889 	0.179593	-0.02     	0.70293 
292	47    	0.299868 	0.186208	-0.02     	0.776378
293	46    	0.243868 	0.168619	-0.018    	0.706596
294	46    	0.259192 	0.167173	-0.0171428	0.703753
295	48    	0.264803 	0.165194	-0.0171428	0.731319
296	47    	0.293207 	0.180518	-0.0177778	0.731319
297	48    	0.263471 	0.200133	-0.02     	0.800245
298	46    	0.312138 	0.205885	-0.0160001	0.800245
299	43    	0.289506 	0.195076	-0.0171428	0.800245
300	43    	0.327672 	0.183885	-0.0171427	0.800245
301	45    	0.313895 	0.213204	-0.0181819	0.800245
302	47    	0.343386 	0.218331	-0.02     	0.814264
303	47    	0.34613  	0.217256	-0.0133337	0.800245
304	46    	0.279789 	0.199679	-0.02     	0.800245
305	47    	0.293222 	0.201949	-0.02     	0.81419 
306	48    	0.272262 	0.150394	-0.0171429	0.727861
307	48    	0.279083 	0.160119	-0.016    	0.610955
308	46    	0.237875 	0.162621	-0.0171429	0.610955
309	45    	0.285561 	0.158838	-0.02     	0.610955
310	46    	0.294799 	0.176264	-0.0171429	0.748852
311	46    	0.306976 	0.174711	-0.015    	0.748852
312	46    	0.316309 	0.203089	-0.016    	0.880886
313	45    	0.338911 	0.239044	-0.02     	0.880886
314	47    	0.366199 	0.240585	-0.0175001	0.880886
315	46    	0.327531 	0.19251 	0.0753238 	0.773704
316	47    	0.309704 	0.19954 	-0.0175   	0.773704
317	47    	0.260664 	0.133365	-0.02     	0.647774
318	46    	0.262528 	0.14958 	-0.018    	0.647774
319	50    	0.311703 	0.150978	-0.02     	0.748049
320	47    	0.315933 	0.158091	-0.0171428	0.748049
321	46    	0.31213  	0.187431	-0.015    	0.748049
322	46    	0.287805 	0.167278	-0.0171428	0.748049
323	39    	0.328442 	0.187456	-0.0174999	0.73949 
324	42    	0.336983 	0.18511 	-0.015    	0.73949 
325	46    	0.28404  	0.196599	-0.02     	0.73949 
326	45    	0.308958 	0.191125	-0.0177778	0.73949 
327	47    	0.277826 	0.162297	-0.02     	0.73949 
328	47    	0.273767 	0.173433	-0.0181818	0.73949 
329	48    	0.289755 	0.166519	-0.0133333	0.697965
330	46    	0.28622  	0.174722	-0.0166667	0.70379 
331	44    	0.289839 	0.152963	-0.0166667	0.70379 
332	47    	0.286646 	0.172658	-0.0166666	0.650068
333	47    	0.274361 	0.167081	-0.0175   	0.698689
334	44    	0.2983   	0.165035	-0.0175   	0.698689
335	44    	0.339637 	0.190643	-0.0175001	0.70647 
336	47    	0.325711 	0.196157	-0.02     	0.70647 
337	47    	0.261842 	0.190189	-0.0181818	0.705024
338	48    	0.296517 	0.175163	-0.02     	0.668156
339	47    	0.311075 	0.171768	-0.017143 	0.683421
340	48    	0.352178 	0.182146	-0.02     	0.70328 
341	46    	0.343576 	0.204728	-0.0171428	0.779105
342	43    	0.294517 	0.220583	-0.02     	0.70328 
343	46    	0.300411 	0.166141	-0.0133333	0.70328 
344	47    	0.294293 	0.203553	-0.0175   	0.703684
345	45    	0.246994 	0.198433	-0.02     	0.703684
346	45    	0.275547 	0.180498	-0.0160001	0.703684
347	50    	0.272051 	0.159599	-0.02     	0.61506 
348	48    	0.280836 	0.157688	-0.0171427	0.614177
349	46    	0.307995 	0.146699	-0.0171428	0.703179
350	42    	0.303559 	0.166419	-0.02     	0.703179
351	46    	0.286362 	0.175596	-0.01     	0.731322
352	44    	0.260969 	0.170579	-0.0228572	0.703179
353	45    	0.297512 	0.174336	-0.02     	0.703725
354	47    	0.267047 	0.165229	-0.02     	0.705225
355	45    	0.292177 	0.158057	-0.0171428	0.616137
356	45    	0.264305 	0.155997	-0.02     	0.705225
357	45    	0.268876 	0.141485	-0.02     	0.705225
358	46    	0.292331 	0.162735	-0.0133333	0.805829
359	42    	0.2773   	0.200327	-0.02     	0.812308
360	45    	0.289056 	0.222637	-0.0177778	0.812977
361	46    	0.291464 	0.245531	-0.02     	0.812825
362	46    	0.214404 	0.217851	-0.0171429	0.812308
363	46    	0.230294 	0.235818	-0.02     	0.812977
364	46    	0.216882 	0.213742	-0.0166667	0.812083
365	44    	0.246631 	0.2017  	-0.02     	0.812308
366	45    	0.25139  	0.19631 	-0.0166667	0.812977
367	47    	0.249774 	0.232403	-0.02     	0.812977
368	44    	0.272306 	0.25443 	-0.0166667	0.812977
369	45    	0.278183 	0.235989	-0.02     	0.812977
370	43    	0.239417 	0.235013	-0.0166668	0.812977
371	46    	0.232428 	0.250144	-0.0171429	0.812977
372	47    	0.254051 	0.228618	-0.02     	0.812977
373	47    	0.226542 	0.221999	-0.0171428	0.812977
374	48    	0.18672  	0.1947  	-0.02     	0.812977
375	44    	0.262272 	0.226594	-0.02     	0.812977
376	43    	0.26115  	0.22632 	-0.0171428	0.812977
377	45    	0.296133 	0.265182	-0.0166667	0.812977
378	48    	0.198039 	0.221492	-0.02     	0.812825
379	49    	0.260165 	0.220649	-0.02     	0.812083
380	49    	0.183743 	0.193622	-0.0171428	0.812977
381	45    	0.22792  	0.213417	-0.02     	0.812977
382	48    	0.222208 	0.224899	-0.02     	0.813756
383	48    	0.21081  	0.181588	-0.02     	0.812977
384	43    	0.236165 	0.223073	-0.0166668	0.812977
385	47    	0.217397 	0.198068	-0.0171428	0.812977
386	46    	0.249133 	0.203078	-0.0171429	0.812977
387	45    	0.220777 	0.208269	-0.0171429	0.812977
388	49    	0.215016 	0.203787	-0.02     	0.812825
389	47    	0.2114   	0.183122	-0.02     	0.64559 
390	42    	0.235899 	0.214019	-0.02     	0.810578
391	46    	0.232631 	0.198914	-0.0177778	0.810578
392	47    	0.2246   	0.1963  	-0.02     	0.810578
393	45    	0.265149 	0.16979 	-0.0177777	0.705296
394	43    	0.265551 	0.183888	-0.02     	0.646394
395	45    	0.308676 	0.197512	-0.0171429	0.723918
396	44    	0.342793 	0.2259  	-0.02     	0.808915
397	45    	0.315894 	0.217102	-0.0199999	0.808915
398	45    	0.327864 	0.217441	-0.02     	0.808915
399	46    	0.310879 	0.214327	-0.0171429	0.843482
400	43    	0.316819 	0.21202 	-0.02     	0.843482
401	47    	0.276514 	0.194689	-0.02     	0.843482
402	46    	0.315081 	0.161944	0.0871535 	0.771523
403	46    	0.257391 	0.174678	-0.0177778	0.694118
404	43    	0.326784 	0.184123	-0.0184615	0.694118
405	47    	0.330853 	0.221092	-0.0199999	0.807297
406	47    	0.3208   	0.207478	-0.0200001	0.813756
407	47    	0.259722 	0.230042	-0.0166668	0.866871
408	48    	0.258011 	0.219308	-0.02     	0.866871
409	47    	0.237039 	0.215362	-0.02     	0.866871
410	44    	0.291319 	0.209848	-0.0175   	0.810578
411	48    	0.281296 	0.200524	-0.0171429	0.734132
412	44    	0.270707 	0.211301	-0.0175   	0.734132
413	46    	0.307189 	0.208895	-0.02     	0.734132
414	48    	0.260754 	0.195355	-0.0177776	0.734132
415	45    	0.331507 	0.183877	-0.0171429	0.734132
416	49    	0.254017 	0.177141	-0.02     	0.705141
417	47    	0.286273 	0.20667 	-0.016    	0.819334
418	46    	0.263233 	0.197157	-0.02     	0.819334
419	45    	0.305549 	0.21586 	-0.0171429	0.819334
420	48    	0.239407 	0.209594	-0.0171429	0.813708
421	46    	0.281695 	0.212323	-0.0175   	0.813708
422	46    	0.249492 	0.231583	-0.02     	0.813708
423	44    	0.272584 	0.233306	-0.0175   	0.813708
424	43    	0.344294 	0.237451	-0.0166667	0.813708
425	49    	0.192033 	0.211992	-0.02     	0.813708
426	50    	0.187545 	0.142759	-0.0166667	0.496828
427	45    	0.245248 	0.129589	-0.02     	0.514611
428	47    	0.247252 	0.149829	-0.016    	0.549946
429	49    	0.253984 	0.135304	-0.0171429	0.54035 
430	45    	0.225775 	0.175459	-0.017143 	0.612809
431	47    	0.215923 	0.182885	-0.0171428	0.610733
432	46    	0.222624 	0.161798	-0.02     	0.612809
433	45    	0.251706 	0.190571	-0.02     	0.79999 
434	45    	0.261731 	0.177363	-0.0175   	0.764735
435	49    	0.301095 	0.168454	-0.0228572	0.624049
436	46    	0.278453 	0.165095	-0.02     	0.624049
437	44    	0.277446 	0.169551	-0.02     	0.705857
438	46    	0.304206 	0.145405	-0.02     	0.649271
439	44    	0.293158 	0.164333	-0.0166666	0.731322
440	44    	0.339513 	0.213304	-0.0166667	0.731322
441	47    	0.27658  	0.207838	-0.0175   	0.770866
442	48    	0.247308 	0.179449	-0.018    	0.770866
443	44    	0.249363 	0.149243	-0.0181818	0.58445 
444	47    	0.279109 	0.151842	-0.018    	0.58445 
445	48    	0.263863 	0.135649	-0.02     	0.600154
446	42    	0.321239 	0.169067	-0.02     	0.693441
447	45    	0.290396 	0.139117	-0.0171429	0.629587
448	47    	0.27849  	0.120425	-0.015    	0.600154
449	43    	0.271089 	0.128498	-0.0171429	0.600154
450	47    	0.27701  	0.110525	0.0669343 	0.600154
451	47    	0.298895 	0.156123	-0.0166667	0.813708
452	46    	0.270139 	0.168567	-0.02     	0.621881
453	43    	0.292435 	0.154472	-0.02     	0.621881
454	44    	0.292093 	0.157966	-0.0184616	0.623522
455	46    	0.288649 	0.146154	-0.0166667	0.621881
456	48    	0.27385  	0.132566	-0.02     	0.642378
457	43    	0.310346 	0.136337	0.0618219 	0.642378
458	46    	0.312465 	0.12858 	-0.016    	0.621881
459	42    	0.350293 	0.152571	-0.0133334	0.661618
460	44    	0.315043 	0.163096	-0.0183333	0.661618
461	48    	0.318008 	0.142097	0.0651947 	0.646484
462	45    	0.30637  	0.166929	-0.0177777	0.685783
463	47    	0.282975 	0.1405  	-0.02     	0.63539 
464	46    	0.308338 	0.132185	-0.02     	0.63539 
465	47    	0.326802 	0.227492	-1        	0.63539 
466	42    	0.33455  	0.133063	0.131706  	0.63539 
467	48    	0.285031 	0.116519	0.0664669 	0.63539 
468	45    	0.293263 	0.237663	-1        	0.63539 
469	45    	0.300733 	0.1598  	-0.0179999	0.63539 
470	48    	0.253473 	0.133615	-0.0166667	0.65145 
471	46    	0.318514 	0.130592	0.0751963 	0.65145 
472	43    	0.291999 	0.150841	-0.02     	0.65145 
473	44    	0.315193 	0.134174	0.0750034 	0.65145 
474	46    	0.312662 	0.165444	-0.0183334	0.682828
475	45    	0.299232 	0.161845	-0.02     	0.682828
476	46    	0.289803 	0.16703 	-0.015    	0.682828
477	43    	0.332922 	0.161052	-0.02     	0.682828
478	45    	0.287141 	0.162319	-0.0133333	0.682828
479	47    	0.325178 	0.160457	0.0551114 	0.682828
480	44    	0.291344 	0.153608	-0.0160001	0.682828
481	45    	0.291292 	0.159794	-0.00506809	0.737094
482	45    	0.308261 	0.180411	0.0652306  	0.737094
483	45    	0.292393 	0.185415	-0.02      	0.737094
484	49    	0.23991  	0.133396	-0.0183333 	0.682828
485	46    	0.265447 	0.115635	-0.02      	0.511641
486	46    	0.29461  	0.124214	0.0736352  	0.630534
487	46    	0.265368 	0.145008	-0.0171429 	0.562088
488	45    	0.276571 	0.162707	-0.0177778 	0.595648
489	47    	0.252351 	0.166873	-0.0177778 	0.730385
490	48    	0.278863 	0.120411	-0.018     	0.560931
491	49    	0.266297 	0.112654	-0.0171429 	0.505837
492	43    	0.272664 	0.132992	-0.0199999 	0.545601
493	42    	0.271434 	0.14097 	-0.02      	0.604399
494	43    	0.274474 	0.153698	-0.02      	0.604399
495	44    	0.285142 	0.147262	-0.0174999 	0.627318
496	46    	0.281142 	0.188633	-0.0177778 	0.644843
497	47    	0.321747 	0.194931	-0.016     	0.678067
498	45    	0.323463 	0.177385	-0.02      	0.708938
499	47    	0.288888 	0.1659  	-0.015     	0.678067
500	45    	0.278289 	0.19219 	-0.018     	0.722898
501	44    	0.345106 	0.186082	-0.0159999 	0.726062
502	43    	0.357157 	0.196944	-0.0177778 	0.730558
503	47    	0.272535 	0.169376	-0.02      	0.730558
504	45    	0.289873 	0.169076	-0.0177778 	0.730558
505	46    	0.262182 	0.18424 	-0.0175    	0.730558
506	45    	0.261217 	0.177249	-0.02      	0.730558
507	47    	0.260466 	0.190479	-0.02      	0.730558
508	46    	0.268861 	0.21144 	-0.02      	0.730558
509	47    	0.255373 	0.187667	-0.02      	0.730558
510	45    	0.275292 	0.200915	-0.02      	0.730558
511	44    	0.291431 	0.182657	-0.02      	0.676873
512	50    	0.272175 	0.153114	-0.018     	0.634564
513	45    	0.270393 	0.16828 	-0.02      	0.634564
514	47    	0.321932 	0.1429  	0.0816027  	0.676873
515	39    	0.377522 	0.168797	-0.02      	0.676873
516	41    	0.376065 	0.198348	-0.0184615 	0.75896 
517	47    	0.280146 	0.191242	-0.02      	0.676873
518	48    	0.263315 	0.155652	-0.02      	0.690725
519	47    	0.239537 	0.147693	-0.0175    	0.630546
520	48    	0.246024 	0.132411	-0.02      	0.630546
521	46    	0.266952 	0.143758	-0.0160002 	0.629976
522	43    	0.259097 	0.179756	-0.0177778 	0.629976
523	43    	0.278277 	0.180896	-0.0177778 	0.657182
524	47    	0.265364 	0.176852	-0.0199999 	0.689268
525	48    	0.25887  	0.153981	-0.0171429 	0.6298  
526	48    	0.246421 	0.161469	-0.02      	0.714996
527	46    	0.25562  	0.170281	-0.0174999 	0.812977
528	42    	0.258597 	0.198494	-0.0166667 	0.812977
529	48    	0.289148 	0.199319	-0.0177778 	0.812825
530	47    	0.239206 	0.207096	-0.0174999 	0.812825
531	42    	0.293432 	0.211988	-0.0160001 	0.812825
532	49    	0.180744 	0.184525	-0.02      	0.812977
533	46    	0.211986 	0.155131	-0.0175    	0.503744
534	41    	0.288222 	0.128786	-0.0166667 	0.51639 
535	43    	0.261796 	0.168293	-0.02      	0.59681 
536	47    	0.232797 	0.184305	-0.02      	0.580077
537	47    	0.230251 	0.174635	-0.0166666 	0.580077
538	43    	0.284729 	0.174918	-0.02      	0.581205
539	45    	0.255172 	0.18777 	-0.02      	0.812825
540	46    	0.236978 	0.206947	-0.0166667 	0.812308
541	48    	0.244771 	0.200598	-0.0175001 	0.812308
542	47    	0.247757 	0.208072	-0.02      	0.811396
543	45    	0.221188 	0.24138 	-0.0200001 	0.813756
544	47    	0.243929 	0.242358	-0.0171429 	0.8317  
545	45    	0.218941 	0.199443	-0.0171429 	0.8317  
546	50    	0.208189 	0.204771	-0.0200001 	0.842719
547	48    	0.195025 	0.171835	-0.0177778 	0.727834
548	49    	0.215715 	0.170095	-0.0166668 	0.727834
549	48    	0.292904 	0.175654	-0.0177778 	0.726488
550	45    	0.299167 	0.194482	-0.02      	0.726488
551	45    	0.315203 	0.197806	-0.0171428 	0.726488
552	49    	0.296676 	0.187724	-0.02      	0.831497
553	47    	0.218867 	0.173182	-0.0177778 	0.831497
554	48    	0.241915 	0.145567	-0.0171429 	0.5854  
555	46    	0.270754 	0.157718	-0.0171429 	0.641889
556	43    	0.299023 	0.147234	-0.0171429 	0.615333
557	47    	0.329336 	0.19959 	-0.02      	0.8317  
558	46    	0.23338  	0.20384 	-0.02      	0.8317  
559	43    	0.281127 	0.196846	-0.0199999 	0.8317  
560	46    	0.302963 	0.184877	-0.0159966 	0.8317  
561	46    	0.281986 	0.20466 	-0.02      	0.8317  
562	47    	0.273834 	0.222781	-0.02      	0.8317  
563	45    	0.254042 	0.199771	-0.02      	0.8317  
564	47    	0.249742 	0.189666	-0.0200001 	0.706012
565	46    	0.274481 	0.170949	-0.0177778 	0.647512
566	48    	0.276314 	0.187082	-0.0175    	0.704016
567	48    	0.289994 	0.182445	-0.02      	0.704016
568	46    	0.290657 	0.175219	-0.0175    	0.704016
569	46    	0.299386 	0.179467	-0.0171429 	0.704016
570	43    	0.2698   	0.207811	-0.018     	0.704016
571	45    	0.309501 	0.184063	-0.0175    	0.704016
572	40    	0.299632 	0.205077	-0.0177778 	0.704016
573	41    	0.320262 	0.227801	-0.02      	0.704016
574	46    	0.293548 	0.198381	-0.0171429 	0.832264
575	47    	0.284043 	0.215925	-0.02      	0.832264
576	49    	0.284807 	0.207014	-0.0200001 	0.697295
577	44    	0.308719 	0.214089	-0.02      	0.764895
578	45    	0.336048 	0.177126	-0.0177778 	0.72049 
579	44    	0.301669 	0.187   	-0.0177778 	0.72049 
580	48    	0.246445 	0.180896	-0.0171429 	0.703704
581	49    	0.267835 	0.187373	-0.0177778 	0.812977
582	45    	0.270727 	0.167891	-0.0175    	0.641196
583	46    	0.28095  	0.164989	-0.02      	0.696555
584	46    	0.29942  	0.196631	-0.0177778 	0.860592
585	46    	0.250723 	0.183701	-0.0175    	0.860592
586	47    	0.311829 	0.188204	-0.0177778 	0.733051
587	45    	0.289496 	0.211579	-0.0175    	0.73505 
588	46    	0.288159 	0.186413	-0.0200001 	0.71254 
589	46    	0.311961 	0.20686 	-0.02      	0.71254 
590	46    	0.317602 	0.205506	-0.02      	0.713281
591	48    	0.266248 	0.168073	-0.02      	0.650951
592	46    	0.349215 	0.183456	-0.0171429 	0.755371
593	45    	0.300919 	0.192253	-0.0177778 	0.649825
594	47    	0.301776 	0.179358	-0.0175    	0.732935
595	43    	0.294253 	0.21539 	-0.02      	0.732935
596	48    	0.310744 	0.189741	-0.0160001 	0.732935
597	46    	0.266546 	0.176309	-0.0177778 	0.732935
598	47    	0.268522 	0.14566 	-0.0175    	0.628808
599	47    	0.286031 	0.159664	-0.0166667 	0.705171
600	46    	0.344621 	0.163275	0.0642954  	0.705171
601	47    	0.272433 	0.163829	-0.0175    	0.645716
602	44    	0.291149 	0.180368	-0.02      	0.645716
603	48    	0.296228 	0.140036	-0.0175    	0.616558
604	48    	0.290515 	0.19019 	-0.0171429 	0.859576
605	46    	0.296408 	0.177579	0.0667673  	0.859576
606	49    	0.274454 	0.168157	-0.0171428 	0.859576
607	46    	0.309534 	0.170535	-0.0177778 	0.859576
608	41    	0.326841 	0.245543	-0.02      	0.867847
609	47    	0.290087 	0.215619	-0.018     	0.867847
610	45    	0.334298 	0.24435 	-0.0171429 	0.867847
611	49    	0.218322 	0.150519	-0.02      	0.748896
612	44    	0.290804 	0.175526	-0.0175    	0.752635
613	48    	0.268164 	0.173101	-0.02      	0.756758
614	50    	0.27022  	0.121005	0.104824   	0.676583
615	49    	0.26831  	0.163725	-0.02      	0.767705
616	43    	0.253308 	0.160638	-0.02      	0.767705
617	49    	0.236684 	0.123521	-0.0225    	0.514351
618	49    	0.208965 	0.151578	-0.02      	0.514351
619	43    	0.25625  	0.138982	-0.0166667 	0.581368
620	48    	0.233807 	0.16266 	-0.02      	0.647349
621	45    	0.314797 	0.148457	0.0992135  	0.718787
622	48    	0.256148 	0.189118	-0.0174999 	0.718787
623	48    	0.265091 	0.19895 	-0.02      	0.863694
624	48    	0.276908 	0.172   	-0.0174999 	0.757097
625	49    	0.301505 	0.191449	-0.02      	0.757081
626	49    	0.296117 	0.157671	-0.0175    	0.733817
627	47    	0.279939 	0.180917	-0.0171429 	0.812977
628	44    	0.266097 	0.191636	-0.02      	0.812977
629	46    	0.241089 	0.177622	-0.02      	0.614531
630	47    	0.248464 	0.164525	-0.02      	0.614531
631	44    	0.286578 	0.169133	-0.0175    	0.697303
632	46    	0.298409 	0.18613 	-0.0177778 	0.703946
633	44    	0.313644 	0.211466	-0.02      	0.755745
634	46    	0.269197 	0.184538	-0.0133333 	0.755745
635	47    	0.260217 	0.183422	-0.0166666 	0.755745
636	47    	0.303908 	0.215373	-0.017143  	0.802666
637	44    	0.293588 	0.221569	-0.0171429 	0.802666
638	46    	0.276155 	0.188863	-0.02      	0.705837
639	48    	0.232827 	0.160133	-0.0175001 	0.614911
640	49    	0.229878 	0.113195	-0.0166667 	0.430888
641	45    	0.259909 	0.174811	-0.02      	0.686099
642	49    	0.194076 	0.157271	-0.02      	0.514537
643	47    	0.209311 	0.161424	-0.0166667 	0.514579
644	45    	0.206325 	0.170176	-0.0171428 	0.580091
645	47    	0.269512 	0.203582	-0.0171429 	0.812977
646	45    	0.268714 	0.177844	-0.0181818 	0.646997
647	45    	0.274139 	0.180569	-0.02      	0.646997
648	45    	0.298085 	0.171944	-0.0175    	0.650493
649	43    	0.275407 	0.213608	-0.0177778 	0.650493
650	49    	0.236948 	0.179596	-0.0200001 	0.570954
651	45    	0.251787 	0.176333	-0.02      	0.570954
652	47    	0.223647 	0.157088	-0.02      	0.574379
653	43    	0.264632 	0.185143	-0.02      	0.643617
654	45    	0.292213 	0.180954	-0.0175    	0.650516
655	44    	0.282692 	0.207706	-0.02      	0.643617
656	44    	0.336545 	0.218602	-0.0175    	0.643617
657	47    	0.282778 	0.19658 	-0.0175001 	0.646118
658	47    	0.298831 	0.195416	-0.0199999 	0.816954
659	47    	0.287177 	0.189496	-0.0175    	0.726367
660	44    	0.306541 	0.205325	-0.02      	0.756557
661	48    	0.28935  	0.193912	-0.02      	0.73128 
662	46    	0.281358 	0.179535	-0.0177778 	0.72362 
663	46    	0.272329 	0.205982	-0.0175    	0.728645
664	48    	0.265058 	0.198631	-0.0177778 	0.72362 
665	45    	0.297027 	0.204469	-0.02      	0.649011
666	45    	0.31934  	0.19003 	-0.02      	0.764669
667	47    	0.305491 	0.17592 	-0.02      	0.641953
668	44    	0.318817 	0.168124	-0.016     	0.688852
669	44    	0.302869 	0.160588	-0.0166667 	0.688852
670	48    	0.320308 	0.148401	-0.0233333 	0.688852
671	47    	0.282309 	0.163168	-0.0175    	0.688852
672	44    	0.308096 	0.215773	-0.02      	0.732661
673	43    	0.26173  	0.215706	-0.02      	0.813364
674	48    	0.268278 	0.199152	-0.0175    	0.732935
675	49    	0.271275 	0.192535	-0.0166667 	0.811247
676	47    	0.266228 	0.209544	-0.0175    	0.732935
677	43    	0.300356 	0.205057	-0.0171429 	0.732935
678	45    	0.330789 	0.187651	-0.0175    	0.732935
679	47    	0.326084 	0.181404	-0.0171429 	0.724562
680	47    	0.259539 	0.186994	-0.02      	0.702349
681	44    	0.283177 	0.206956	-0.0175    	0.706014
682	48    	0.278653 	0.213021	-0.0166666 	0.813756
683	44    	0.281975 	0.25567 	-0.0171429 	0.813756
684	41    	0.30249  	0.241491	-0.0171429 	0.813756
685	48    	0.243822 	0.219777	-0.0171429 	0.813756
686	48    	0.231328 	0.171096	-0.0166668 	0.616137
687	45    	0.210716 	0.175126	-0.02      	0.616026
688	48    	0.230201 	0.171723	-0.02      	0.751446
689	44    	0.218872 	0.168535	-0.0171429 	0.751446
690	45    	0.243333 	0.168372	-0.0171429 	0.751446
691	47    	0.248859 	0.182336	-0.02      	0.751446
692	46    	0.256367 	0.19692 	-0.02      	0.705857
693	46    	0.267904 	0.192647	-0.0166667 	0.705857
694	44    	0.278032 	0.205559	-0.02      	0.705857
695	46    	0.312814 	0.211899	-0.018     	0.705857
696	48    	0.258989 	0.20639 	-0.0171429 	0.705857
697	46    	0.260967 	0.240245	-0.017143  	0.812308
698	47    	0.242506 	0.206945	-0.0171429 	0.703659
699	47    	0.256596 	0.188059	-0.0171428 	0.812083
700	43    	0.299105 	0.233202	-0.0175    	0.812083
701	47    	0.251575 	0.238222	-0.017143  	0.813756
702	47    	0.247664 	0.216246	-0.02      	0.812083
703	49    	0.178744 	0.180991	-0.0166667 	0.616033
704	49    	0.186657 	0.190072	-0.0160001 	0.813708
705	45    	0.217439 	0.161253	-0.0166667 	0.819334
706	46    	0.256488 	0.157709	-0.0171429 	0.65584 
707	47    	0.2084   	0.18059 	-0.0177778 	0.627889
708	48    	0.224822 	0.189089	-0.0171429 	0.705601
709	44    	0.300526 	0.171801	-0.0175004 	0.627889
710	46    	0.243299 	0.204046	-0.0175    	0.702322
711	44    	0.248203 	0.209046	-0.0200001 	0.702322
712	47    	0.239264 	0.18183 	-0.02      	0.702322
713	46    	0.218628 	0.191565	-0.02      	0.702322
714	48    	0.234808 	0.139287	-0.0171429 	0.559664
715	48    	0.262256 	0.174976	-0.0171429 	0.705072
716	46    	0.271092 	0.175971	-0.02      	0.705072
717	49    	0.279218 	0.184499	-0.0171429 	0.706014
718	46    	0.261009 	0.163605	-0.0175    	0.706014
719	43    	0.270708 	0.217266	-0.02      	0.706014
720	46    	0.248592 	0.190355	-0.0236364 	0.718777
721	50    	0.259902 	0.178496	-0.02      	0.732214
722	44    	0.29069  	0.171683	-0.0200001 	0.724562
723	50    	0.284647 	0.168884	-0.02      	0.812977
724	42    	0.306943 	0.19605 	-0.0177778 	0.812977
725	45    	0.211158 	0.199932	-0.02      	0.812977
726	48    	0.226315 	0.197268	-0.02      	0.703725
727	46    	0.204477 	0.188838	-0.0175    	0.703725
728	46    	0.257992 	0.182252	-0.02      	0.703725
729	46    	0.257147 	0.166065	-0.02      	0.703725
730	48    	0.255653 	0.151537	-0.017143  	0.695417
731	45    	0.229533 	0.170067	-0.02      	0.613519
732	43    	0.245689 	0.194853	-0.0222222 	0.819317
733	46    	0.296291 	0.175132	-0.0175001 	0.819317
734	48    	0.242264 	0.19224 	-0.0171428 	0.811247
735	45    	0.280524 	0.218237	-0.02      	0.813756
736	47    	0.263348 	0.194081	-0.02      	0.813756
737	47    	0.27245  	0.180416	-0.0177778 	0.615975
738	47    	0.235274 	0.184483	-0.02      	0.647856
739	47    	0.296381 	0.156176	-0.016     	0.701123
740	46    	0.285358 	0.210071	-0.02      	0.734007
741	48    	0.287656 	0.177304	-0.0199999 	0.734007
742	48    	0.287512 	0.168937	-0.015     	0.68825 
743	46    	0.275014 	0.169177	-0.0171428 	0.640371
744	47    	0.270053 	0.152428	-0.0171429 	0.641159
745	47    	0.289439 	0.157604	-0.02      	0.688852
746	46    	0.299144 	0.159391	-0.0133337 	0.688852
747	47    	0.275841 	0.197567	-0.0175001 	0.729753
748	47    	0.258471 	0.188236	-0.0171429 	0.690996
749	44    	0.304389 	0.185008	-0.02      	0.690996
750	46    	0.29614  	0.205577	-0.02      	0.648395
751	46    	0.263059 	0.181268	-0.02      	0.648395
752	44    	0.310357 	0.185076	-0.0177778 	0.648068
753	47    	0.248955 	0.168828	-0.0175001 	0.648068
754	48    	0.293965 	0.168873	-0.0171429 	0.729599
755	46    	0.305738 	0.187902	-0.02      	0.831703
756	47    	0.274163 	0.199049	-0.0171429 	0.831703
757	48    	0.294625 	0.167633	-0.0133333 	0.831703
758	49    	0.251292 	0.154606	-0.02      	0.616897
759	49    	0.301443 	0.153222	-0.0166667 	0.615208
760	44    	0.295794 	0.149632	-0.0171429 	0.615208
761	44    	0.297597 	0.189092	-0.02      	0.616667
762	45    	0.276131 	0.190446	-0.0177778 	0.752726
763	44    	0.29052  	0.189633	-0.016     	0.722658
764	47    	0.26566  	0.191572	-0.0177778 	0.722658
765	45    	0.336054 	0.230644	-0.0222223 	0.756932
766	47    	0.275252 	0.185806	-0.02      	0.756932
767	46    	0.284565 	0.167256	-0.0177778 	0.722658
768	46    	0.291239 	0.194613	-0.0175    	0.722658
769	42    	0.329427 	0.224205	-0.02      	0.814851
770	47    	0.321498 	0.209166	-0.0171428 	0.814851
771	42    	0.305068 	0.222754	-0.0171429 	0.814851
772	47    	0.262527 	0.225121	-0.0175    	0.814851
773	45    	0.315587 	0.233537	-0.0174999 	0.812977
774	47    	0.253014 	0.225616	-0.0177778 	0.812977
775	46    	0.302162 	0.259611	-0.0174999 	0.812977
776	44    	0.2903   	0.248461	-0.02      	0.812977
777	44    	0.27186  	0.255587	-0.0166667 	0.812977
778	44    	0.327056 	0.280679	-0.0166667 	0.812977
779	43    	0.234686 	0.287894	-0.0200001 	0.812977
780	48    	0.219033 	0.233087	-0.0166667 	0.813756
781	48    	0.186482 	0.219572	-0.0166667 	0.812825
782	48    	0.180352 	0.18702 	-0.0175    	0.812825
783	44    	0.22852  	0.17756 	-0.0171428 	0.812825
784	47    	0.227364 	0.21901 	-0.02      	0.812825
785	49    	0.185564 	0.202201	-0.02      	0.702711
786	48    	0.212973 	0.217336	-0.02      	0.812825
787	45    	0.239687 	0.21392 	-0.0166667 	0.702711
788	48    	0.241479 	0.22248 	-0.0171429 	0.802666
789	46    	0.29527  	0.256453	-0.02      	0.802666
790	45    	0.295652 	0.225822	-0.0171429 	0.802666
791	47    	0.236586 	0.221669	-0.0199999 	0.805245
792	48    	0.244294 	0.194826	-0.02      	0.7262  
793	48    	0.253834 	0.218602	-0.0171429 	0.803492
794	47    	0.267451 	0.212906	-0.0177778 	0.803492
795	48    	0.282521 	0.149875	-0.0175    	0.705123
796	45    	0.302774 	0.178428	-0.016     	0.705123
797	48    	0.26969  	0.208765	-0.02      	0.701953
798	42    	0.318746 	0.22586 	-0.02      	0.706213
799	45    	0.312019 	0.227864	-0.0171429 	0.812977
800	47    	0.236474 	0.191027	-0.0171429 	0.703946
801	49    	0.242276 	0.130756	-0.0171429 	0.567113
802	46    	0.24801  	0.161975	-0.018     	0.583066
803	44    	0.283448 	0.146843	-0.0166668 	0.575283
804	44    	0.268673 	0.174791	-0.0200001 	0.654615
805	45    	0.302596 	0.156504	-0.0175    	0.654615
806	48    	0.300825 	0.176961	-0.0166666 	0.655181
807	45    	0.275746 	0.150964	-0.0166667 	0.655181
808	46    	0.305272 	0.147176	-0.0171428 	0.655181
809	47    	0.272022 	0.172955	-0.0174999 	0.728794
810	47    	0.278358 	0.200539	-0.02      	0.728794
811	48    	0.289247 	0.187974	-0.016     	0.698655
812	50    	0.270983 	0.184915	-0.018     	0.810186
813	42    	0.286549 	0.192461	-0.02      	0.810186
814	47    	0.266561 	0.162662	-0.018     	0.681604
815	49    	0.276231 	0.151681	-0.02      	0.683876
816	45    	0.330242 	0.172976	-0.02      	0.725449
817	46    	0.314111 	0.1807  	-0.0179986 	0.725449
818	45    	0.367939 	0.177926	0.113704   	0.725449
819	49    	0.286795 	0.145865	-0.016     	0.683876
820	43    	0.322827 	0.169184	0.0969993  	0.683876
821	49    	0.309208 	0.177922	-0.02      	0.831529
822	45    	0.31169  	0.154453	0.0545734  	0.684865
823	43    	0.320556 	0.194478	-0.02      	0.723704
824	47    	0.326669 	0.190238	-0.0181819 	0.698452
825	45    	0.302185 	0.173636	-0.0166667 	0.693461
826	43    	0.276449 	0.203524	-0.0171428 	0.693461
827	44    	0.293121 	0.199328	-0.0166667 	0.693461
828	47    	0.268282 	0.184234	-0.02      	0.791209
829	47    	0.229883 	0.194612	-0.0177778 	0.791209
830	45    	0.249455 	0.193045	-0.02      	0.791209
831	48    	0.256013 	0.169787	-0.0166667 	0.596908
832	47    	0.235803 	0.16383 	-0.02      	0.602855
833	46    	0.271779 	0.158543	-0.0199999 	0.596908
834	46    	0.238033 	0.201681	-0.02      	0.608695
835	49    	0.229225 	0.17905 	-0.02      	0.718272
836	46    	0.295271 	0.16559 	-0.0171429 	0.718272
837	49    	0.270626 	0.210069	-0.0175    	0.853222
838	48    	0.303068 	0.219334	-0.0175001 	0.853222
839	46    	0.278783 	0.171752	-0.0177779 	0.716343
840	41    	0.324625 	0.185824	-0.0133333 	0.716343
841	45    	0.310489 	0.201441	-0.0175    	0.716343
842	48    	0.28064  	0.169131	-0.0171429 	0.712247
843	46    	0.291776 	0.183523	-0.02      	0.800245
844	46    	0.307455 	0.18462 	-0.0171429 	0.650716
845	48    	0.320654 	0.210827	-0.02      	0.650716
846	46    	0.259637 	0.20396 	-0.02      	0.650716
847	48    	0.314652 	0.167231	-0.0175    	0.650716
848	46    	0.308962 	0.190337	-0.02      	0.650716
849	49    	0.269884 	0.180517	-0.0166666 	0.729979
850	45    	0.269065 	0.186719	-0.02      	0.731322
851	47    	0.256736 	0.144829	-0.0175    	0.527961
852	48    	0.273857 	0.159891	-0.0166666 	0.588473
853	44    	0.270544 	0.19111 	-0.02      	0.588473
854	48    	0.230888 	0.179498	-0.02      	0.721792
855	41    	0.29093  	0.179323	-0.0177778 	0.721792
856	44    	0.298248 	0.211496	-0.02      	0.721792
857	45    	0.27741  	0.181767	-0.02      	0.698689
858	43    	0.310846 	0.192503	-0.0171429 	0.721379
859	47    	0.330524 	0.218426	-0.0166666 	0.736126
860	49    	0.280558 	0.248732	-0.02      	0.730197
861	47    	0.328983 	0.185482	-0.0166667 	0.730348
862	45    	0.323055 	0.217812	-0.0177778 	0.730348
863	47    	0.295775 	0.22105 	-0.0175    	0.731322
864	47    	0.22224  	0.190121	-0.02      	0.731322
865	46    	0.342919 	0.202042	-0.0177778 	0.731322
866	47    	0.206586 	0.202258	-0.02      	0.731322
867	47    	0.302275 	0.21704 	-0.0171429 	0.731322
868	47    	0.248959 	0.210243	-0.0175    	0.730613
869	47    	0.21347  	0.167484	-0.02      	0.693124
870	42    	0.284862 	0.206078	-0.0166667 	0.693124
871	46    	0.235389 	0.199344	-0.0177778 	0.693124
872	47    	0.252278 	0.190741	-0.02      	0.693124
873	46    	0.241124 	0.165711	-0.0166666 	0.583036
874	46    	0.272726 	0.159689	-0.02      	0.585441
875	45    	0.215622 	0.172208	-0.0175    	0.577584
876	44    	0.245184 	0.173284	-0.0171428 	0.581528
877	46    	0.236947 	0.172155	-0.0199999 	0.603244
878	44    	0.2715   	0.169281	-0.0171429 	0.605568
879	45    	0.247858 	0.145492	-0.02      	0.581528
880	45    	0.269078 	0.173099	-0.0175001 	0.585441
881	49    	0.220884 	0.134625	-0.0199999 	0.491849
882	45    	0.1815   	0.149904	-0.02      	0.491849
883	45    	0.234607 	0.168085	-0.0171429 	0.582956
884	43    	0.229939 	0.192491	-0.0171429 	0.75981 
885	46    	0.279186 	0.198966	-0.02      	0.760618
886	44    	0.227319 	0.217737	-0.02      	0.760618
887	48    	0.223767 	0.201825	-0.02      	0.760618
888	46    	0.307412 	0.187788	-0.0175    	0.75991 
889	46    	0.271524 	0.200473	-0.02      	0.75991 
890	49    	0.233101 	0.18293 	-0.02      	0.582956
891	45    	0.285236 	0.159989	-0.0171429 	0.702322
892	45    	0.28037  	0.136709	-0.0171429 	0.614343
893	47    	0.28636  	0.149436	-0.016     	0.645992
894	45    	0.294393 	0.148136	-0.0133334 	0.628897
895	46    	0.274756 	0.150556	-0.0177777 	0.636373
896	44    	0.268566 	0.142906	-0.0166666 	0.636373
897	47    	0.275706 	0.151401	-0.02      	0.636373
898	42    	0.307551 	0.180331	-0.02      	0.636373
899	44    	0.323557 	0.190954	-0.02      	0.861216
900	44    	0.294328 	0.210503	-0.0175    	0.861216
901	46    	0.296363 	0.14664 	-0.0171428 	0.636373
902	42    	0.32295  	0.165392	-0.0181818 	0.709615
903	45    	0.264578 	0.159805	-0.018     	0.738544
904	45    	0.295097 	0.13245 	-0.016     	0.55172 
905	45    	0.331146 	0.165619	-0.0177778 	0.708858
906	49    	0.348866 	0.167407	0.0866271  	0.750205
907	49    	0.304602 	0.194641	-0.0175    	0.847655
908	47    	0.318872 	0.18399 	-0.0166667 	0.770302
909	45    	0.319711 	0.210222	-0.0166667 	0.770302
910	46    	0.299651 	0.203836	-0.018     	0.770302
911	47    	0.325032 	0.186057	-0.016     	0.754982
912	45    	0.320663 	0.179496	0.0534255  	0.754982
913	44    	0.346339 	0.203421	-0.02      	0.754982
914	44    	0.341615 	0.183543	-0.0133333 	0.754982
915	45    	0.331781 	0.185908	-0.018     	0.754982
916	43    	0.342438 	0.190398	-0.016     	0.754982
917	46    	0.281716 	0.18236 	-0.0159999 	0.767646
918	46    	0.291735 	0.185484	-0.0199999 	0.767646
919	46    	0.281067 	0.159211	0.07335    	0.767646
920	43    	0.293795 	0.161157	-0.016     	0.750297
921	47    	0.289758 	0.158802	0.0666232  	0.750297
922	48    	0.312682 	0.157303	-0.018     	0.750297
923	48    	0.278163 	0.14866 	-0.02      	0.750297
924	49    	0.302683 	0.145091	-0.0175    	0.578875
925	46    	0.283508 	0.120241	0.0580421  	0.537959
926	45    	0.285001 	0.157508	-0.02      	0.565204
927	42    	0.322733 	0.132409	-0.0150003 	0.565204
928	45    	0.288355 	0.14683 	0.0661468  	0.668651
929	48    	0.295978 	0.11476 	0.100631   	0.696371
930	48    	0.253283 	0.13292 	-0.02      	0.659041
931	45    	0.307904 	0.150664	-0.018     	0.695168
932	46    	0.315656 	0.146493	0.057667   	0.659041
933	48    	0.345101 	0.142756	0.0860622  	0.659041
934	42    	0.342323 	0.137045	0.116102   	0.625259
935	48    	0.303709 	0.146153	-0.0222222 	0.623256
936	46    	0.279229 	0.150112	-0.02      	0.655189
937	46    	0.299881 	0.151592	-0.0175    	0.655189
938	45    	0.32778  	0.143841	-0.015     	0.655189
939	45    	0.323488 	0.149481	0.0942595  	0.655189
940	46    	0.313676 	0.185004	-0.018     	0.656258
941	48    	0.293719 	0.184657	-0.0175    	0.724855
942	45    	0.305415 	0.164589	-0.0171428 	0.724855
943	47    	0.265911 	0.18373 	-0.0200001 	0.724855
944	44    	0.341453 	0.190912	-0.0175    	0.815809
945	47    	0.324062 	0.188303	-0.0166667 	0.815809
946	45    	0.319789 	0.205443	-0.0171428 	0.815809
947	44    	0.319378 	0.196702	-0.02      	0.815809
948	46    	0.321525 	0.185457	-0.0166665 	0.815809
949	42    	0.335202 	0.232979	-0.0175    	0.815809
950	45    	0.313863 	0.220782	-0.0171428 	0.815809
951	46    	0.324969 	0.222087	-0.0171428 	0.815809
952	46    	0.309494 	0.19117 	-0.0175    	0.815809
953	47    	0.266627 	0.165469	-0.02      	0.614265
954	48    	0.242401 	0.165235	-0.02      	0.615493
955	48    	0.277884 	0.154604	-0.0175    	0.707602
956	44    	0.268581 	0.201348	-0.02      	0.707602
957	37    	0.339089 	0.23352 	-0.02      	0.707602
958	45    	0.268928 	0.208217	-0.02      	0.707602
959	47    	0.255345 	0.175182	-0.02      	0.707602
960	46    	0.283863 	0.136173	-0.0150001 	0.703659
961	44    	0.248121 	0.167762	-0.0166667 	0.58128 
962	43    	0.246144 	0.191941	-0.0175    	0.582212
963	47    	0.21076  	0.172398	-0.02      	0.624103
964	46    	0.241018 	0.166503	-0.0166667 	0.582212
965	47    	0.202756 	0.161071	-0.02      	0.580356
966	45    	0.204412 	0.155448	-0.02      	0.580356
967	47    	0.193556 	0.14379 	-0.0177778 	0.580356
968	47    	0.259187 	0.164013	-0.0228572 	0.858984
969	48    	0.205661 	0.156933	-0.02      	0.592335
970	41    	0.258474 	0.180837	-0.0171429 	0.634536
971	47    	0.283828 	0.150671	-0.0150001 	0.592335
972	46    	0.273944 	0.133729	-0.02      	0.580099
973	45    	0.273535 	0.153783	-0.0160001 	0.5821  
974	45    	0.283869 	0.145597	-0.0225    	0.5821  
975	49    	0.274775 	0.118928	-0.0177778 	0.584717
976	49    	0.249974 	0.105672	-0.0171429 	0.465494
977	42    	0.284401 	0.13154 	-0.0175001 	0.673799
978	48    	0.246918 	0.131703	-0.0177778 	0.502764
979	49    	0.270237 	0.141778	-0.02      	0.681657
980	47    	0.28     	0.144599	-0.0166667 	0.681657
981	47    	0.287053 	0.160111	-0.0133333 	0.655771
982	47    	0.316341 	0.135213	0.0709726  	0.655771
983	46    	0.310968 	0.156059	-0.0166666 	0.679322
984	48    	0.317802 	0.158388	-0.0159998 	0.679322
985	47    	0.302076 	0.171916	-0.0166666 	0.679322
986	45    	0.309122 	0.170514	-0.0180001 	0.679322
987	49    	0.307129 	0.166163	-0.0171428 	0.681704
988	48    	0.292577 	0.123132	0.0995107  	0.678853
989	48    	0.298328 	0.164612	-0.0166666 	0.697637
990	44    	0.278429 	0.148267	-0.0171429 	0.604612
991	48    	0.263462 	0.168693	-0.0175    	0.731317
992	49    	0.208133 	0.154095	-0.02      	0.731317
993	45    	0.289507 	0.177824	-0.0175001 	0.731317
994	43    	0.295038 	0.190424	-0.02      	0.731317
995	48    	0.249076 	0.170942	-0.02      	0.690513
996	49    	0.244897 	0.140098	-0.0174999 	0.65468 
997	46    	0.291158 	0.145284	-0.016     	0.65468 
998	43    	0.241838 	0.152668	-0.02      	0.516206
999	48    	0.246834 	0.133323	-0.02      	0.502573
1000	46    	0.268729 	0.135397	-0.02      	0.58425 
Best individuals:
(0.9336875293293729,) 	-->	 /*9*/DDDLLRLRBBUUUL
VMNeuronManager.autoload: Neuro classes added: Delay Light Nn PIDP PIDV SeeLight SeeLight2 S0 S1 Thr 
UserScripts.autoload: 19 user scripts added.
Simulator.load: Loading from 'eval-allcriteria.sim'
Loader.load: Comments read from file follow:
Loader.load:  Sample settings for evaluating many criteria of performance of a Framsticks creature.
Loader.load:  See the "evalcount" parameter if you want to speed the evaluation up or have a more stable result.
Loader.load:  Other important parameters are "Energy0" and "perfperiod".
Loader.load:  Put this file in the "data" subdirectory within the Framsticks distribution.
Simulator.load: Settings loaded from 'eval-allcriteria.sim'
Simulator.load: Loading from 'deterministic.sim'
Loader.load: Comments read from file follow:
Loader.load:  Parameter values that make the evaluation of a Framsticks creature deterministic.
Loader.load:  The values turn off random noise, so evaluation of the same genotype will always yield the same performance.
Loader.load:  The advantage is that you do not need to evaluate a genotype many times, and performance values are reliable.
Loader.load:  The disadvantage is that evolved creatures are "overfitting", i.e. rely entirely on the specific environment,
Loader.load:  and their behavior may be different in any other environment or (even slightly) changed conditions or parameter values,
Loader.load:  so each creature evolved using these settings must be later inspected using exactly the same setup.
Loader.load: 
Loader.load:  Before loading this file, load base settings, e.g. "eval-allcriteria.sim".
Loader.load:  Put this file in the "data" subdirectory within the Framsticks distribution.
Simulator.load: Settings loaded from 'deterministic.sim'
Simulator.load: Loading from 'sample-period-2.sim'
Loader.load: Comments read from file follow:
Loader.load:  Very low "performance sampling period" in the first population to sample performance very often during lifespan
Loader.load:  and avoid overlooking some behavior. Averaged performance of sampled values is returned as the final value.
Loader.load:  See http://www.framsticks.com/a/al_params.html#exper-perfcalc
Loader.load: 
Loader.load:  Before loading this file, load base settings, e.g. "eval-allcriteria.sim".
Loader.load:  Put this file in the "data" subdirectory within the Framsticks distribution.
Simulator.load: Loading from 'f9-mut-030.sim'
Simulator.load: Settings loaded from 'f9-mut-030.sim'
