Argument values: path=C:\Users\1625203\Downloads\Framsticks50rc22\Framsticks50rc22, lib=None, sim=eval-allcriteria.sim;deterministic.sim;sample-period-2.sim;f9-mut-020.sim, genformat=None, initialgenotype=/*9*/BLU, opt=vertpos, popsize=50, generations=1000, tournament=10, pmut=0.9, pxov=0.2, hof_size=1, hof_savefile=None, max_numparts=30, max_numjoints=None, max_numneurons=None, max_numconnections=None, max_numgenochars=50
Using Framsticks version: 5.0rc22
Home (writable) dir     : C:\Users\1625203\Downloads\Framsticks50rc22\Framsticks50rc22\data
Resources dir           : C:\Users\1625203\Downloads\Framsticks50rc22\Framsticks50rc22\data

Available objects: ['CheckpointEvent', 'Collision', 'CrCollision', 'Creature', 'CreatureSettings', 'CreatureSignals', 'CreatureSnapshot', 'Dictionary', 'ExpProperties', 'ExpState', 'ExtValue', 'File', 'FunctionReference', 'GenMan', 'GenManStats', 'GenePool', 'GenePools', 'Geno', 'Genotype', 'Interface', 'Joint', 'Loader', 'Math', 'MechJoint', 'MechPart', 'MessageCatcher', 'Model', 'ModelGeometry', 'ModelSymmetry', 'Neuro', 'NeuroClass', 'NeuroClassLibrary', 'NeuroDef', 'NeuroSignals', 'NeuronsSimEnabled', 'ODE', 'Orient', 'Part', 'Population', 'Populations', 'Ref', 'Signal', 'SignalView', 'SimilMeasure', 'SimilMeasureDistribution', 'SimilMeasureGreedy', 'SimilMeasureHungarian', 'Simulator', 'SlaveSimulators', 'StopEvent', 'String', 'UserScripts', 'Vector', 'WireframeAppearance', 'World', 'WorldMap', 'WorldSignals', 'XYZ', '__builtins__', '__cached__', '__doc__', '__file__', '__loader__', '__name__', '__package__', '__spec__', 'c_api', 'ctypes', 'home_dir', 'init', 'os', 're', 'res_dir', 'sim_params', 'stats', 'sys']

Performing a basic test 1/2... OK.
Performing a basic test 2/2... OK.
Using settings: ['eval-allcriteria.sim', 'deterministic.sim', 'sample-period-2.sim', 'f9-mut-020.sim']
gen	nevals	avg     	stddev	min     	max     
0  	50    	0.218369	0     	0.218369	0.218369
1  	49    	0.0709459	0.119458	-0.016  	0.514537
2  	48    	0.0850066	0.111026	-0.0166667	0.276693
3  	46    	0.197423 	0.105418	-0.0160001	0.428166
4  	42    	0.186203 	0.148261	-0.02     	0.513413
5  	46    	0.212607 	0.140943	-0.02     	0.452185
6  	46    	0.241536 	0.147782	-0.0177777	0.595055
7  	46    	0.252353 	0.158456	-0.02     	0.514162
8  	50    	0.275988 	0.127168	-0.0175   	0.59555 
9  	48    	0.290538 	0.170444	-0.02     	0.650519
10 	41    	0.338123 	0.193049	-0.0150001	0.654066
11 	46    	0.398999 	0.193817	-0.0177777	0.791209
12 	46    	0.292988 	0.22325 	-0.0171429	0.791209
13 	45    	0.316817 	0.225523	-0.02     	0.791209
14 	47    	0.279919 	0.211929	-0.02     	0.791209
15 	47    	0.314728 	0.162055	-0.0175   	0.645805
16 	44    	0.344423 	0.163833	-0.0166667	0.722135
17 	44    	0.33544  	0.20696 	-0.02     	0.803492
18 	46    	0.304736 	0.194119	-0.0166667	0.716879
19 	48    	0.351541 	0.198594	-0.0159977	0.756265
20 	47    	0.324119 	0.225879	-0.0175   	0.73019 
21 	47    	0.364537 	0.199031	-0.0171429	0.725365
22 	49    	0.361213 	0.223296	-0.0171429	0.756265
23 	50    	0.309078 	0.198287	-0.0166667	0.76296 
24 	48    	0.322227 	0.205755	-0.02     	0.834891
25 	43    	0.417398 	0.206283	-0.0160001	0.832754
26 	47    	0.420325 	0.20586 	-0.017143 	0.886422
27 	46    	0.373604 	0.207371	0.0597918 	0.886422
28 	47    	0.403326 	0.21704 	-0.0166667	0.839359
29 	40    	0.40311  	0.277586	-0.0166667	1.0502  
30 	46    	0.373859 	0.23324 	-0.015992 	1.0502  
31 	41    	0.446773 	0.271073	-0.0133334	1.0502  
32 	46    	0.392649 	0.2309  	0.0407635 	0.94023 
33 	47    	0.345591 	0.205042	-0.018    	0.916928
34 	43    	0.35438  	0.197125	0.109022  	0.916928
35 	48    	0.379545 	0.194755	0.0401201 	0.916928
36 	48    	0.347715 	0.166411	0.118882  	0.75302 
37 	47    	0.357022 	0.152702	0.104496  	0.75302 
38 	45    	0.348326 	0.150652	-0.0177778	0.75302 
39 	48    	0.375961 	0.158793	0.102349  	0.75302 
40 	42    	0.392017 	0.207842	-0.016    	0.84991 
41 	43    	0.436529 	0.180833	0.185441  	0.845973
42 	49    	0.365472 	0.179899	-0.0159999	0.845973
43 	47    	0.351654 	0.174822	-0.0183334	0.825425
44 	44    	0.399798 	0.185083	0.148925  	0.825425
45 	46    	0.392896 	0.202494	-0.0171428	0.825425
46 	49    	0.367778 	0.190155	-0.018    	0.825425
47 	48    	0.347113 	0.146457	-0.0166666	0.659682
48 	48    	0.368325 	0.157697	0.108075  	0.692135
49 	49    	0.36336  	0.122071	0.103046  	0.681531
50 	48    	0.339559 	0.139932	0.118582  	0.681531
51 	47    	0.389459 	0.150356	0.0989986 	0.732861
52 	47    	0.320111 	0.15985 	-0.0166577	0.681531
53 	46    	0.348518 	0.136577	-0.0166667	0.6531  
54 	47    	0.370844 	0.143932	0.1423    	0.674948
55 	47    	0.310071 	0.147907	-0.0133333	0.681103
56 	47    	0.376697 	0.164269	-0.0150003	0.681103
57 	42    	0.391428 	0.172071	0.0755345 	0.685651
58 	44    	0.394929 	0.184025	-0.0150003	0.720381
59 	44    	0.388571 	0.213329	-0.02     	0.77023 
60 	45    	0.38128  	0.201005	-0.0133334	0.77023 
61 	45    	0.368041 	0.197359	-0.0150001	0.779587
62 	49    	0.325304 	0.144295	-0.018    	0.662202
63 	46    	0.347318 	0.138002	0.104931  	0.771027
64 	46    	0.387081 	0.175896	-0.0133333	0.771027
65 	46    	0.401246 	0.181715	0.0871626 	0.861578
66 	46    	0.409032 	0.197742	0.0965647 	0.861578
67 	48    	0.347084 	0.216887	-0.0171429	0.865868
68 	42    	0.367793 	0.233113	0.0747611 	0.865868
69 	47    	0.262076 	0.197355	-0.02     	0.851054
70 	45    	0.353347 	0.202437	0.0663938 	0.851054
71 	39    	0.409484 	0.261301	-0.016    	0.851054
72 	42    	0.415539 	0.273457	0.0628194 	0.939513
73 	46    	0.367863 	0.221923	-0.0199999	0.939513
74 	46    	0.304575 	0.20041 	-0.0171429	0.723827
75 	48    	0.313589 	0.167096	-0.0183333	0.678359
76 	44    	0.401278 	0.198881	-0.0133337	0.811396
77 	49    	0.290726 	0.166116	-0.015    	0.791791
78 	49    	0.31234  	0.168812	-0.0166668	0.752873
79 	46    	0.355303 	0.172656	-0.02     	0.752873
80 	46    	0.284795 	0.196106	-0.02     	0.752873
81 	47    	0.259413 	0.182279	-0.0166667	0.752873
82 	45    	0.317032 	0.172005	-0.0175   	0.705837
83 	44    	0.333812 	0.19692 	-0.0175001	0.705837
84 	42    	0.313544 	0.223317	-0.0171429	0.705837
85 	45    	0.354107 	0.232657	-0.02     	0.705984
86 	47    	0.272457 	0.194322	-0.02     	0.705837
87 	48    	0.282751 	0.189509	-0.02     	0.702675
88 	48    	0.309747 	0.209651	-0.0160001	0.813756
89 	44    	0.314275 	0.212467	-0.0171429	0.813756
90 	43    	0.309505 	0.242205	-0.0166667	0.813756
91 	41    	0.303654 	0.265274	-0.0166667	0.813756
92 	48    	0.275249 	0.242961	-0.0171429	0.813756
93 	47    	0.235486 	0.259872	-0.02     	0.813756
94 	48    	0.237432 	0.262653	-0.0171429	0.813756
95 	45    	0.30918  	0.283586	-0.0175   	0.813756
96 	45    	0.237317 	0.259203	-0.0166667	0.813756
97 	44    	0.234084 	0.230104	-0.0171429	0.813756
98 	44    	0.226687 	0.242414	-0.0166667	0.813756
99 	46    	0.271608 	0.242514	-0.0166667	0.813756
100	45    	0.243317 	0.256692	-0.02     	0.813756
101	48    	0.240175 	0.256306	-0.017143 	0.813756
102	45    	0.314343 	0.263018	-0.0171429	0.813756
103	43    	0.243848 	0.261674	-0.0171429	0.813756
104	46    	0.221347 	0.287864	-0.0166668	0.813756
105	45    	0.249061 	0.261774	-0.0166667	0.813756
106	43    	0.225574 	0.270463	-0.0175   	0.813756
107	47    	0.237544 	0.250843	-0.0166667	0.813756
108	46    	0.222617 	0.247133	-0.0166667	0.813708
109	46    	0.286833 	0.24503 	-0.0166667	0.813756
110	46    	0.287661 	0.235982	-0.02     	0.813756
111	48    	0.283846 	0.256686	-0.02     	0.813708
112	48    	0.271592 	0.223612	-0.0171429	0.813756
113	48    	0.208681 	0.214652	-0.0171429	0.813756
114	49    	0.196939 	0.193199	-0.0175   	0.813708
115	48    	0.248776 	0.218327	-0.02     	0.813708
116	45    	0.306887 	0.26228 	-0.02     	0.813708
117	46    	0.197731 	0.238159	-0.02     	0.813708
118	47    	0.240784 	0.231081	-0.0166667	0.813708
119	45    	0.27107  	0.241851	-0.0171429	0.813708
120	47    	0.259166 	0.237622	-0.0177777	0.813708
121	45    	0.198285 	0.218507	-0.02     	0.813708
122	44    	0.269073 	0.228712	-0.018    	0.813708
123	46    	0.242181 	0.254005	-0.0166667	0.813708
124	49    	0.179087 	0.228816	-0.0171428	0.812083
125	45    	0.176621 	0.210973	-0.02     	0.811247
126	47    	0.224678 	0.207837	-0.0160001	0.813708
127	45    	0.220059 	0.238111	-0.0171429	0.811247
128	47    	0.212426 	0.236755	-0.02     	0.812083
129	45    	0.230427 	0.250168	-0.0171429	0.840468
130	46    	0.250479 	0.227981	-0.0175   	0.840468
131	46    	0.267528 	0.242498	-0.02     	0.840468
132	49    	0.298425 	0.21058 	-0.0177778	0.832435
133	46    	0.325359 	0.218455	-0.0175   	0.832435
134	46    	0.317156 	0.214215	-0.0177777	0.832435
135	44    	0.326689 	0.248387	-0.02     	0.832435
136	43    	0.336801 	0.272598	-0.0199999	0.832435
137	46    	0.356293 	0.27395 	-0.02     	0.832435
138	45    	0.367582 	0.248595	-0.0200001	0.832435
139	48    	0.345074 	0.258873	-0.02     	0.840468
140	45    	0.345838 	0.262424	-0.0180001	0.840468
141	46    	0.353691 	0.272615	-0.0177777	0.827809
142	49    	0.280891 	0.20992 	-0.0171429	0.728673
143	43    	0.317057 	0.221634	-0.02     	0.728673
144	48    	0.288479 	0.185362	-0.0174999	0.812977
145	47    	0.306642 	0.233677	-0.0199999	0.811247
146	44    	0.323835 	0.24093 	-0.02     	0.813708
147	49    	0.209089 	0.222549	-0.02     	0.812308
148	50    	0.213898 	0.211062	-0.02     	0.813708
149	45    	0.308103 	0.219601	-0.0166667	0.813708
150	45    	0.254075 	0.262766	-0.02     	0.812308
151	44    	0.25639  	0.233751	-0.02     	0.812308
152	45    	0.318825 	0.270987	-0.0166667	0.813708
153	46    	0.239547 	0.256023	-0.0166667	0.813756
154	43    	0.32057  	0.260599	-0.0166667	0.813756
155	45    	0.260387 	0.225224	-0.0166667	0.813756
156	49    	0.249333 	0.226841	-0.0171415	0.813708
157	47    	0.301129 	0.248167	-0.0171429	0.811396
158	48    	0.289964 	0.248203	-0.0200001	0.811396
159	45    	0.296321 	0.250316	-0.0175   	0.811396
160	46    	0.290755 	0.229891	-0.02     	0.811396
161	43    	0.331369 	0.247245	-0.02     	0.812977
162	48    	0.266419 	0.251356	-0.0166667	0.811396
163	44    	0.317035 	0.266101	-0.0200001	0.811396
164	41    	0.329067 	0.27253 	-0.0171429	0.811396
165	43    	0.305648 	0.276922	-0.0171429	0.811396
166	41    	0.331938 	0.26768 	-0.0160001	0.813756
167	47    	0.237405 	0.266865	-0.0166667	0.813756
168	44    	0.256548 	0.24125 	-0.017143 	0.813756
169	45    	0.244118 	0.275118	-0.0166667	0.813756
170	49    	0.170608 	0.2165  	-0.0166667	0.813708
171	46    	0.200561 	0.236965	-0.0166668	0.813708
172	47    	0.21556  	0.229661	-0.02     	0.813708
173	45    	0.292167 	0.24833 	-0.0166667	0.813756
174	47    	0.230862 	0.235173	-0.0166667	0.813756
175	44    	0.245459 	0.27207 	-0.0174999	0.813756
176	46    	0.246214 	0.245   	-0.0166667	0.813756
177	48    	0.246369 	0.225334	-0.0171428	0.813708
178	45    	0.269125 	0.262277	-0.02     	0.813708
179	48    	0.239986 	0.240414	-0.0200001	0.813756
180	47    	0.235603 	0.224016	-0.0171428	0.813708
181	47    	0.216193 	0.204655	-0.02     	0.813756
182	49    	0.246519 	0.20544 	-0.0166667	0.813756
183	39    	0.328775 	0.240513	-0.0175   	0.813756
184	47    	0.225414 	0.219651	-0.0171429	0.813756
185	46    	0.303654 	0.224515	-0.0171429	0.813756
186	46    	0.279277 	0.248737	-0.0177778	0.813708
187	46    	0.27718  	0.246107	-0.0166667	0.813708
188	43    	0.290485 	0.251336	-0.0171428	0.813708
189	47    	0.24851  	0.223165	-0.0166667	0.813708
190	48    	0.280224 	0.257062	-0.0171429	0.813756
191	44    	0.296636 	0.289113	-0.0171428	0.813756
192	47    	0.244149 	0.242509	-0.0171428	0.813708
193	49    	0.244571 	0.223002	-0.0171429	0.813756
194	47    	0.175882 	0.204376	-0.0171429	0.558238
195	49    	0.159304 	0.176921	-0.0171429	0.558238
196	43    	0.281406 	0.188306	-0.02     	0.652409
197	45    	0.256885 	0.209447	-0.0171428	0.652834
198	47    	0.263879 	0.197091	-0.0166667	0.694416
199	47    	0.262038 	0.199448	-0.0171429	0.804635
200	50    	0.233968 	0.18071 	-0.02     	0.703401
201	49    	0.288399 	0.182249	-0.0175   	0.703401
202	46    	0.277789 	0.204026	-0.0166666	0.819317
203	46    	0.293631 	0.213213	-0.0175   	0.819317
204	45    	0.316295 	0.24411 	-0.02     	0.819317
205	45    	0.322909 	0.244931	-0.0177778	0.730315
206	45    	0.298488 	0.218811	-0.0200001	0.732472
207	47    	0.330678 	0.220358	-0.02     	0.733716
208	46    	0.318717 	0.242978	-0.02     	0.733716
209	46    	0.346073 	0.211362	-0.018    	0.732729
210	47    	0.310571 	0.225223	-0.0175001	0.705857
211	48    	0.332349 	0.20684 	-0.0133334	0.732661
212	47    	0.301649 	0.235196	-0.0175   	0.857622
213	48    	0.309235 	0.213167	-0.0175   	0.857622
214	45    	0.280521 	0.212056	-0.018    	0.857622
215	45    	0.303831 	0.20641 	-0.0171429	0.857622
216	45    	0.25595  	0.226901	-0.0171429	0.857622
217	49    	0.317016 	0.21482 	-0.015991 	0.857622
218	47    	0.296366 	0.23246 	-0.0177778	0.857622
219	45    	0.337384 	0.255002	-0.0171429	0.857587
220	43    	0.372583 	0.24833 	-0.0175   	0.861719
221	46    	0.342531 	0.21375 	-0.02     	0.861719
222	47    	0.339438 	0.223828	-0.0171428	0.867214
223	45    	0.360672 	0.248136	-0.0171429	0.867214
224	49    	0.302528 	0.23817 	-0.0175   	0.867214
225	46    	0.364556 	0.209222	0.0789879 	0.867214
226	47    	0.314145 	0.217406	-0.02     	0.867214
227	47    	0.316739 	0.195938	-0.0171429	0.867214
228	45    	0.343679 	0.231828	-0.0177778	0.867214
229	46    	0.381591 	0.247205	-0.0166666	0.867214
230	45    	0.355316 	0.233802	-0.0166667	0.867214
231	48    	0.407673 	0.24241 	-0.016    	0.867214
232	50    	0.299241 	0.202473	-0.0199999	0.773073
233	48    	0.271302 	0.174763	-0.017143 	0.729638
234	44    	0.308708 	0.181293	-0.0177778	0.729638
235	45    	0.361114 	0.217436	-0.02     	0.751205
236	49    	0.254471 	0.210913	-0.0160001	0.751205
237	49    	0.333856 	0.206724	-0.0175   	0.808774
238	45    	0.352287 	0.201792	-0.0200001	0.751205
239	45    	0.373091 	0.241196	-0.0177778	0.871654
240	49    	0.293301 	0.198694	-0.0175001	0.814342
241	48    	0.354571 	0.244768	-0.016    	0.815321
242	48    	0.266039 	0.241759	-0.0177778	0.854185
243	46    	0.354607 	0.223371	-0.0166668	0.808318
244	46    	0.387383 	0.243764	-0.0175   	0.808318
245	50    	0.288691 	0.193659	-0.0225   	0.710334
246	46    	0.362647 	0.188523	-0.0171429	0.723902
247	46    	0.337633 	0.210761	-0.0177778	0.723902
248	44    	0.362556 	0.230018	-0.0175003	0.725536
249	46    	0.316985 	0.221201	-0.0179999	0.727986
250	47    	0.290258 	0.216943	-0.02     	0.804169
251	45    	0.353711 	0.206267	-0.0175   	0.804169
252	46    	0.351097 	0.240673	-0.0171429	0.812308
253	48    	0.340392 	0.181154	-0.02     	0.659812
254	46    	0.32049  	0.18202 	-0.0175   	0.698463
255	47    	0.347997 	0.176692	-0.0177778	0.717063
256	44    	0.277365 	0.189796	-0.0175   	0.692686
257	46    	0.31365  	0.187945	-0.0177778	0.698426
258	47    	0.334118 	0.172867	-0.0171427	0.703303
259	44    	0.355797 	0.192604	-0.0180001	0.703303
260	46    	0.28731  	0.171116	-0.0166667	0.703303
261	45    	0.314928 	0.220555	-0.02     	0.703303
262	43    	0.360429 	0.226628	-0.0175   	0.709685
263	45    	0.335832 	0.252101	-0.0171428	0.729979
264	49    	0.289889 	0.183591	-0.016    	0.750942
265	45    	0.267582 	0.21774 	-0.02     	0.729998
266	45    	0.316919 	0.215603	-0.0171429	0.729998
267	47    	0.326032 	0.245028	-0.0200001	0.70647 
268	45    	0.278624 	0.207793	-0.0199999	0.70647 
269	48    	0.328874 	0.215554	-0.02     	0.813713
270	48    	0.260462 	0.242598	-0.0166667	0.706107
271	46    	0.306541 	0.222105	-0.0175   	0.725831
272	49    	0.270166 	0.21095 	-0.0171429	0.725831
273	49    	0.23241  	0.198545	-0.02     	0.70647 
274	42    	0.317121 	0.225334	-0.02     	0.725741
275	47    	0.319413 	0.231742	-0.02     	0.725741
276	47    	0.297795 	0.221788	-0.0175   	0.725741
277	48    	0.343816 	0.207886	-0.02     	0.725741
278	44    	0.279358 	0.242632	-0.0171429	0.725741
279	44    	0.331068 	0.221313	-0.0175001	0.725741
280	43    	0.310151 	0.209998	-0.0174999	0.725741
281	48    	0.321135 	0.218341	-0.0171429	0.725741
282	47    	0.302686 	0.201231	-0.0175001	0.725831
283	46    	0.2224   	0.207053	-0.02     	0.725831
284	44    	0.29935  	0.213378	-0.0175   	0.725831
285	47    	0.287225 	0.206297	-0.0174999	0.726259
286	46    	0.298806 	0.209357	-0.0175   	0.726259
287	49    	0.229352 	0.168419	-0.0174999	0.726259
288	49    	0.244933 	0.140013	-0.02     	0.703208
289	45    	0.261788 	0.147514	-0.0171429	0.7028  
290	47    	0.254325 	0.178394	-0.02     	0.706596
291	46    	0.275707 	0.176024	-0.02     	0.70633 
292	48    	0.303697 	0.184767	-0.0171429	0.70633 
293	46    	0.301468 	0.218   	-0.02     	0.706596
294	46    	0.295122 	0.220877	-0.0175   	0.70665 
295	47    	0.277645 	0.239187	-0.02     	0.730613
296	46    	0.260696 	0.232738	-0.02     	0.730613
297	47    	0.24065  	0.23892 	-0.02     	0.706596
298	46    	0.32442  	0.226204	-0.0175   	0.70633 
299	46    	0.255138 	0.227094	-0.0175   	0.790427
300	47    	0.286278 	0.226884	-0.0175001	0.790427
301	47    	0.320778 	0.227572	-0.02     	0.790427
302	48    	0.282157 	0.216998	-0.02     	0.834784
303	46    	0.295191 	0.211788	-0.02     	0.731322
304	44    	0.331305 	0.218678	-0.0175   	0.731536
305	47    	0.300594 	0.198077	-0.0171429	0.706419
306	47    	0.298293 	0.226367	-0.0175002	0.706419
307	46    	0.361437 	0.223975	-0.0175001	0.706515
308	46    	0.321149 	0.22331 	-0.0177778	0.706515
309	43    	0.348546 	0.219189	-0.0171428	0.756649
310	46    	0.3036   	0.199785	-0.0171427	0.706046
311	44    	0.317976 	0.229934	-0.018    	0.706046
312	44    	0.34401  	0.210465	-0.0171429	0.756649
313	46    	0.288607 	0.219767	-0.0174999	0.75537 
314	47    	0.316115 	0.201311	-0.016    	0.706107
315	48    	0.261784 	0.181916	-0.0175   	0.706107
316	48    	0.273433 	0.168736	-0.0166667	0.692801
317	39    	0.364212 	0.168925	0.0846961 	0.693521
318	45    	0.310857 	0.194419	-0.0171429	0.726215
319	42    	0.362734 	0.20929 	-0.0175   	0.726215
320	42    	0.342791 	0.220288	-0.018    	0.726215
321	47    	0.284694 	0.207359	-0.016    	0.800245
322	46    	0.289881 	0.194711	-0.0200001	0.705972
323	48    	0.316626 	0.198568	-0.0175   	0.724139
324	48    	0.276781 	0.183704	-0.0177778	0.693195
325	47    	0.259199 	0.165025	-0.02     	0.653056
326	47    	0.309726 	0.171726	-0.02     	0.645118
327	46    	0.364035 	0.169742	-0.0133333	0.703753
328	45    	0.377335 	0.175361	0.0829551 	0.648153
329	44    	0.347032 	0.204605	-0.02     	0.702322
330	46    	0.377672 	0.193946	-0.0166667	0.758201
331	42    	0.32859  	0.226795	-0.0171429	0.758201
332	46    	0.319892 	0.206287	-0.0171429	0.758201
333	48    	0.368278 	0.186029	-0.015    	0.703208
334	48    	0.297961 	0.204207	-0.0171428	0.70647 
335	46    	0.331007 	0.187954	-0.0149999	0.706539
336	47    	0.286642 	0.215549	-0.02     	0.811247
337	47    	0.311748 	0.200979	-0.0166666	0.819317
338	46    	0.241843 	0.230061	-0.02     	0.70647 
339	45    	0.271578 	0.211871	-0.0166668	0.70647 
340	44    	0.27066  	0.243472	-0.0171429	0.706107
341	47    	0.235335 	0.216213	-0.0175   	0.706107
342	45    	0.292036 	0.219758	-0.0171429	0.706107
343	44    	0.271317 	0.250854	-0.0175   	0.706107
344	49    	0.255777 	0.211392	-0.0175   	0.706107
345	46    	0.252573 	0.198594	-0.0171428	0.706107
346	47    	0.221765 	0.205158	-0.017143 	0.706107
347	46    	0.242063 	0.195042	-0.0199999	0.706046
348	46    	0.319546 	0.244318	-0.017143 	0.812977
349	50    	0.28336  	0.213768	-0.0200001	0.812825
350	46    	0.312269 	0.226091	-0.02     	0.813756
351	42    	0.325092 	0.255415	-0.02     	0.813756
352	48    	0.269599 	0.225193	-0.0171428	0.731304
353	43    	0.315499 	0.254691	-0.02     	0.741501
354	46    	0.364954 	0.247315	-0.0175   	0.800771
355	46    	0.333371 	0.246388	-0.0200001	0.837266
356	47    	0.34898  	0.256337	-0.0177778	0.837266
357	41    	0.377991 	0.246606	-0.0166667	0.837266
358	42    	0.320318 	0.239929	-0.0175   	0.837266
359	49    	0.304542 	0.225391	-0.0166667	0.898616
360	49    	0.287069 	0.197044	-0.0175   	0.780473
361	45    	0.38962  	0.214003	-0.0171427	0.808345
362	49    	0.331967 	0.225496	-0.0171429	0.808345
363	44    	0.383221 	0.218145	-0.016    	0.808345
364	47    	0.347598 	0.230061	-0.0175   	0.808345
365	46    	0.357232 	0.212083	-0.0133333	0.739988
366	48    	0.350955 	0.217871	-0.0171428	0.857637
367	46    	0.407052 	0.232369	-0.0166667	0.857637
368	47    	0.328599 	0.228369	0.0644076 	0.857637
369	45    	0.375336 	0.242336	-0.0171429	0.857637
370	47    	0.337921 	0.220842	-0.0133334	0.857637
371	46    	0.362698 	0.243299	-0.02     	0.859525
372	49    	0.321194 	0.193208	-0.0175   	0.857754
373	43    	0.384991 	0.192983	0.0849832 	0.857754
374	46    	0.366956 	0.242003	-0.0166666	0.869835
375	43    	0.37948  	0.256925	-0.0180001	0.935639
376	48    	0.307105 	0.186742	-0.0150001	0.869835
377	47    	0.366543 	0.17627 	0.0757351 	0.723708
378	45    	0.328754 	0.220424	-0.02     	0.798812
379	47    	0.30652  	0.166758	-0.015    	0.723545
380	47    	0.344467 	0.215566	-0.018    	0.734507
381	47    	0.280592 	0.169439	-0.0171429	0.731551
382	48    	0.273885 	0.190779	-0.02     	0.731551
383	48    	0.298621 	0.165083	-0.0200001	0.694482
384	46    	0.347192 	0.203194	-0.018    	0.731551
385	44    	0.313797 	0.229747	-0.02     	0.811247
386	48    	0.343755 	0.189097	-0.0166666	0.811247
387	47    	0.302334 	0.193444	-0.0171429	0.813708
388	46    	0.292715 	0.247466	-0.02     	0.813756
389	46    	0.26676  	0.248109	-0.02     	0.813756
390	47    	0.264165 	0.214884	-0.02     	0.813756
391	46    	0.233601 	0.209481	-0.0175   	0.813756
392	47    	0.242268 	0.221883	-0.0166667	0.813756
393	47    	0.227566 	0.236051	-0.02     	0.813756
394	43    	0.292678 	0.251198	-0.02     	0.813756
395	45    	0.315285 	0.265908	-0.0166666	0.813756
396	47    	0.27438  	0.306794	-0.0171428	0.813756
397	49    	0.257239 	0.254721	-0.0166667	0.813756
398	45    	0.232033 	0.219131	-0.0166667	0.812825
399	45    	0.265342 	0.191385	-0.0166668	0.812825
400	47    	0.266331 	0.208356	-0.02     	0.812083
401	47    	0.233319 	0.252309	-0.0199999	0.812825
402	47    	0.210894 	0.212211	-0.02     	0.812977
403	44    	0.276817 	0.234596	-0.0166667	0.812977
404	43    	0.30738  	0.247624	-0.0166667	0.812977
405	44    	0.273821 	0.272434	-0.0166667	0.812977
406	45    	0.275374 	0.28999 	-0.0166667	0.812977
407	47    	0.181297 	0.209044	-0.0199999	0.812977
408	45    	0.254259 	0.220928	-0.0166667	0.812977
409	47    	0.237315 	0.259024	-0.0166667	0.812977
410	48    	0.199657 	0.22008 	-0.0171429	0.812977
411	46    	0.246095 	0.190193	-0.02     	0.703946
412	46    	0.271747 	0.226073	-0.0171429	0.812977
413	46    	0.256805 	0.249794	-0.0171429	0.812825
414	45    	0.28162  	0.246387	-0.0166667	0.705984
415	47    	0.269597 	0.218848	-0.0177777	0.705984
416	44    	0.30186  	0.241484	-0.0174999	0.705984
417	43    	0.343269 	0.261914	-0.02     	0.812825
418	48    	0.257724 	0.230834	-0.0175   	0.812825
419	48    	0.248201 	0.192307	-0.0171429	0.812825
420	48    	0.205752 	0.208077	-0.0166667	0.812825
421	45    	0.25348  	0.22488 	-0.02     	0.812083
422	45    	0.305021 	0.210254	-0.016    	0.705296
423	46    	0.295555 	0.198226	-0.0166667	0.706014
424	49    	0.210381 	0.192094	-0.0175001	0.706228
425	49    	0.289967 	0.200255	-0.0175   	0.722376
426	48    	0.275877 	0.188675	-0.02     	0.703529
427	47    	0.311764 	0.206795	-0.0175   	0.724948
428	46    	0.348875 	0.184766	-0.0159999	0.812825
429	47    	0.396623 	0.18148 	-0.0133333	0.705857
430	43    	0.337066 	0.234471	-0.0175001	0.732974
431	46    	0.333287 	0.245166	-0.02     	0.8317  
432	42    	0.294716 	0.277869	-0.02     	0.8317  
433	44    	0.351019 	0.28876 	-0.0166666	0.812977
434	48    	0.231502 	0.236074	-0.0166667	0.812825
435	44    	0.30957  	0.259849	-0.0166667	0.813756
436	46    	0.244166 	0.20643 	-0.0166667	0.813756
437	45    	0.277832 	0.227601	-0.0166652	0.812977
438	48    	0.233068 	0.207928	-0.0166667	0.813756
439	44    	0.257199 	0.235101	-0.02     	0.813756
440	40    	0.28394  	0.262676	-0.0171428	0.813756
441	46    	0.243526 	0.278214	-0.02     	0.813756
442	46    	0.315052 	0.273791	-0.017143 	0.813756
443	47    	0.241319 	0.260638	-0.0171429	0.813756
444	48    	0.199737 	0.221204	-0.0166667	0.813756
445	47    	0.299253 	0.24947 	-0.0171429	0.813756
446	46    	0.233869 	0.241142	-0.0171429	0.813708
447	44    	0.273884 	0.209737	-0.0166667	0.813708
448	45    	0.240914 	0.240021	-0.02     	0.813708
449	46    	0.211189 	0.19805 	-0.0171429	0.813708
450	46    	0.262387 	0.19501 	-0.02     	0.813708
451	48    	0.246519 	0.188516	-0.0177778	0.704074
452	47    	0.203257 	0.196361	-0.0175   	0.702033
453	44    	0.295149 	0.185772	-0.02     	0.686837
454	46    	0.275234 	0.224036	-0.0171429	0.842719
455	46    	0.302463 	0.254261	-0.02     	0.805021
456	46    	0.303484 	0.217835	-0.0200001	0.805021
457	48    	0.211962 	0.206535	-0.02     	0.813708
458	48    	0.271776 	0.199359	-0.0200001	0.813708
459	46    	0.306302 	0.221929	-0.0166667	0.813708
460	49    	0.280527 	0.242474	-0.02     	0.813708
461	44    	0.318347 	0.231441	-0.0166667	0.813708
462	46    	0.297208 	0.274601	-0.02     	0.813756
463	48    	0.262057 	0.246728	-0.0166667	0.859361
464	46    	0.29624  	0.222459	-0.0174999	0.813708
465	48    	0.222512 	0.232337	-0.02     	0.813708
466	47    	0.211723 	0.238715	-0.02     	0.813708
467	44    	0.292889 	0.260508	-0.0177778	0.813708
468	43    	0.292508 	0.261988	-0.0171429	0.813708
469	49    	0.231006 	0.209906	-0.0175001	0.813708
470	43    	0.265081 	0.262398	-0.0171429	0.813708
471	46    	0.278444 	0.247063	-0.02     	0.811247
472	45    	0.343249 	0.231514	-0.0171429	0.813708
473	44    	0.273464 	0.260047	-0.0166667	0.813708
474	43    	0.272037 	0.273587	-0.02     	0.813708
475	49    	0.267325 	0.257561	-0.0171429	0.813756
476	49    	0.197006 	0.21515 	-0.0166667	0.813756
477	47    	0.241004 	0.23308 	-0.0175001	0.813756
478	48    	0.230267 	0.203042	-0.0166667	0.813756
479	47    	0.189656 	0.211487	-0.0166667	0.813756
480	44    	0.251643 	0.248976	-0.0171429	0.813756
481	50    	0.197115 	0.183091	-0.02     	0.572646
482	48    	0.218712 	0.174872	-0.0175   	0.572646
483	48    	0.238018 	0.195989	-0.0171429	0.813756
484	46    	0.245411 	0.2061  	-0.0200009	0.689247
485	50    	0.227168 	0.165882	-0.02     	0.689268
486	45    	0.31164  	0.175023	-0.02     	0.689268
487	46    	0.25281  	0.189441	-0.0175   	0.761706
488	44    	0.258767 	0.21744 	-0.0174999	0.761706
489	45    	0.278343 	0.209467	-0.0200001	0.813771
490	44    	0.297576 	0.221396	-0.02     	0.813771
491	45    	0.250129 	0.252717	-0.0233333	0.813954
492	47    	0.25502  	0.230423	-0.0200001	0.813771
493	45    	0.329743 	0.207917	-0.0166667	0.813771
494	46    	0.297675 	0.225767	-0.02     	0.813771
495	47    	0.282305 	0.23214 	-0.0171429	0.813771
496	49    	0.266312 	0.194103	-0.0175   	0.813771
497	45    	0.324082 	0.237587	-0.02     	0.813771
498	47    	0.267465 	0.20111 	-0.02     	0.813771
499	48    	0.273104 	0.2033  	-0.02     	0.813771
500	49    	0.274334 	0.224702	-0.0177778	0.813954
501	45    	0.224895 	0.198177	-0.02     	0.813954
502	45    	0.260681 	0.202433	-0.0171428	0.813954
503	48    	0.260766 	0.173962	-0.0175   	0.604802
504	48    	0.308139 	0.141022	-0.0177778	0.691472
505	49    	0.270945 	0.152314	-0.0175   	0.689268
506	43    	0.28746  	0.195981	-0.0175   	0.689268
507	45    	0.307154 	0.212298	-0.018    	0.689247
508	47    	0.282411 	0.200283	-0.02     	0.702995
509	43    	0.318893 	0.24344 	-0.02     	0.833175
510	48    	0.326267 	0.188529	-0.0133334	0.702995
511	45    	0.315502 	0.211815	-0.0171429	0.702995
512	45    	0.279479 	0.214719	-0.02     	0.702995
513	47    	0.295965 	0.248491	-0.02     	0.853222
514	47    	0.314967 	0.241663	-0.0171429	0.853222
515	47    	0.294866 	0.22568 	-0.0175   	0.853222
516	47    	0.299777 	0.19264 	-0.0175   	0.853222
517	42    	0.352467 	0.232818	-0.0174999	0.853222
518	46    	0.32701  	0.225154	-0.0175   	0.80144 
519	47    	0.332155 	0.240609	-0.0177777	0.813771
520	46    	0.321383 	0.215401	-0.02     	0.782312
521	43    	0.347565 	0.204869	-0.0171428	0.782312
522	48    	0.281838 	0.173898	-0.0175   	0.782312
523	49    	0.295883 	0.190908	-0.02     	0.812977
524	45    	0.29267  	0.215785	-0.0171428	0.812977
525	48    	0.30711  	0.213253	-0.0200001	0.812977
526	46    	0.314193 	0.222333	-0.0166667	0.812825
527	47    	0.30937  	0.200362	-0.0166667	0.812825
528	47    	0.307802 	0.212276	-0.0171429	0.812825
529	46    	0.311545 	0.254295	-0.02     	0.818806
530	42    	0.337261 	0.26472 	-0.0171429	0.818806
531	47    	0.283244 	0.270196	-0.0175   	0.818806
532	44    	0.341456 	0.256241	-0.0171429	0.827711
533	46    	0.369036 	0.254399	-0.0171429	0.827711
534	47    	0.286761 	0.242102	-0.02     	0.827711
535	43    	0.340139 	0.260274	-0.02     	0.827711
536	47    	0.281652 	0.24206 	-0.02     	0.827711
537	45    	0.328762 	0.219824	-0.02     	0.827711
538	43    	0.280463 	0.24833 	-0.0175   	0.827711
539	44    	0.280747 	0.24474 	-0.02     	0.827711
540	46    	0.323946 	0.247857	-0.02     	0.827711
541	47    	0.292333 	0.213225	-0.0171429	0.827711
542	43    	0.281131 	0.232057	-0.02     	0.827711
543	44    	0.292637 	0.207897	-0.02     	0.721221
544	44    	0.300571 	0.204412	-0.02     	0.721221
545	46    	0.337336 	0.203013	-0.0160001	0.736061
546	48    	0.299976 	0.180528	-0.0171428	0.73105 
547	45    	0.289369 	0.222464	-0.0175   	0.891235
548	49    	0.333795 	0.253017	-0.0175   	0.891235
549	46    	0.31549  	0.245525	-0.02     	0.891235
550	44    	0.409356 	0.255734	-0.016    	0.891235
551	48    	0.327396 	0.2397  	-0.02     	0.891235
552	46    	0.362442 	0.224108	-0.0177778	0.833256
553	47    	0.304574 	0.22515 	-0.0171428	0.833256
554	46    	0.325528 	0.23757 	-0.0177778	0.827396
555	46    	0.360586 	0.236204	-0.02     	0.827396
556	44    	0.38015  	0.225395	-0.0177778	0.827396
557	40    	0.425769 	0.217087	-0.0150003	0.827396
558	49    	0.374238 	0.251118	-0.02     	0.827396
559	45    	0.346723 	0.207943	-0.0166666	0.827396
560	46    	0.435594 	0.20131 	0.0745027 	0.760057
561	45    	0.352532 	0.205866	-0.0133333	0.760393
562	49    	0.317518 	0.194762	-0.0175   	0.899947
563	47    	0.339971 	0.193802	-0.0171429	0.899947
564	48    	0.338702 	0.153165	-0.0159998	0.692032
565	48    	0.304875 	0.167344	-0.0200001	0.692032
566	48    	0.313688 	0.148357	0.0923445 	0.667344
567	46    	0.321494 	0.152023	-0.0181818	0.669607
568	48    	0.294464 	0.141753	-0.0181818	0.669607
569	46    	0.341992 	0.172963	-0.02     	0.752403
570	45    	0.366459 	0.169341	-0.0181818	0.752403
571	48    	0.287413 	0.154804	-0.0166667	0.657684
572	45    	0.335157 	0.115479	0.111017  	0.59606 
573	45    	0.350481 	0.155908	-0.0171428	0.704644
574	46    	0.301984 	0.162885	-0.0159977	0.704644
575	46    	0.348762 	0.196891	-0.0171428	0.704644
576	46    	0.395752 	0.189104	0.0863175 	0.851394
577	44    	0.367947 	0.209679	-0.0181819	0.851394
578	47    	0.357683 	0.196276	-0.0150001	0.851394
579	47    	0.347238 	0.213952	-0.02     	0.851394
580	48    	0.380402 	0.181956	0.0877172 	0.851394
581	47    	0.339601 	0.185839	-0.0171429	0.754827
582	45    	0.366742 	0.19244 	-0.0171428	0.754827
583	46    	0.38246  	0.2108  	-0.0177777	0.82017 
584	42    	0.375461 	0.213908	0.0372006 	0.82017 
585	46    	0.368087 	0.208261	-0.0171429	0.82017 
586	50    	0.311129 	0.155508	0.110559  	0.719193
587	47    	0.320964 	0.138227	-0.0150001	0.632758
588	46    	0.301864 	0.141782	-0.0166666	0.681332
589	49    	0.290175 	0.112687	-0.0177777	0.560273
590	46    	0.320439 	0.140785	0.0783792 	0.654896
591	46    	0.321269 	0.13824 	0.0776097 	0.654896
592	45    	0.309099 	0.136515	-0.0160001	0.570406
593	42    	0.321118 	0.143914	0.0735097 	0.570406
594	46    	0.330827 	0.182096	-0.02     	0.614348
595	45    	0.343925 	0.183212	-0.02     	0.607178
596	44    	0.337385 	0.155321	0.0764399 	0.616921
597	45    	0.33554  	0.145601	-0.018    	0.630195
598	47    	0.296183 	0.121968	-0.0200001	0.607178
599	45    	0.32732  	0.142549	0.0855334 	0.607178
600	44    	0.325953 	0.160447	-0.0175   	0.607178
601	46    	0.3404   	0.171193	-0.02     	0.700313
602	40    	0.343419 	0.197691	-0.0228571	0.700313
603	46    	0.313235 	0.198514	-0.02     	0.700313
604	45    	0.313366 	0.202264	-0.0133338	0.700313
605	49    	0.314508 	0.172748	-0.0171428	0.72535 
606	48    	0.324573 	0.15469 	0.048916  	0.66422 
607	46    	0.335033 	0.153984	-0.02     	0.694006
608	47    	0.335919 	0.151938	0.1338    	0.694006
609	47    	0.317362 	0.157533	0.0597056 	0.696733
610	44    	0.337034 	0.197668	-0.02     	0.696733
611	46    	0.325327 	0.224822	-0.02     	0.800367
612	45    	0.376029 	0.205734	0.0809861 	0.800367
613	48    	0.298526 	0.224555	-0.02     	0.800367
614	49    	0.253954 	0.195949	-0.0177777	0.800367
615	46    	0.294876 	0.211324	-0.0174999	0.800367
616	46    	0.332439 	0.220065	-0.0175   	0.831831
617	46    	0.358285 	0.220834	-0.0166667	0.831831
618	48    	0.269219 	0.229501	-0.0177778	0.831654
619	44    	0.304523 	0.201676	-0.0174999	0.831654
620	44    	0.323818 	0.221946	-0.0175   	0.836975
621	46    	0.311102 	0.251463	-0.0177778	0.836975
622	44    	0.40737  	0.215054	-0.02     	0.836975
623	49    	0.266132 	0.215032	-0.0171429	0.766937
624	48    	0.278681 	0.178159	-0.0175   	0.813756
625	48    	0.291564 	0.198804	-0.02     	0.733716
626	49    	0.289093 	0.181749	-0.02     	0.74837 
627	45    	0.292103 	0.207015	-0.0199999	0.74837 
628	46    	0.295923 	0.22879 	-0.02     	0.837751
629	48    	0.252812 	0.22315 	-0.0199999	0.837751
630	44    	0.315834 	0.206171	-0.02     	0.837751
631	47    	0.296164 	0.200675	-0.017143 	0.849161
632	45    	0.308885 	0.232047	-0.018    	0.849161
633	46    	0.317833 	0.236569	-0.0183333	0.849161
634	46    	0.307893 	0.228999	-0.02     	0.849161
635	42    	0.352482 	0.229739	-0.0171385	0.849161
636	45    	0.293121 	0.24735 	-0.0177778	0.856012
637	45    	0.364701 	0.204599	-0.015    	0.849161
638	47    	0.284871 	0.226685	-0.02     	0.837751
639	45    	0.291767 	0.223053	-0.0171429	0.837751
640	47    	0.291109 	0.202343	-0.0175   	0.837751
641	47    	0.283043 	0.201218	-0.0171428	0.837751
642	45    	0.26319  	0.202783	-0.02     	0.837751
643	45    	0.295931 	0.201093	-0.02     	0.644731
644	46    	0.307809 	0.166804	-0.0171426	0.647535
645	47    	0.279596 	0.165255	-0.02     	0.647535
646	50    	0.271333 	0.1535  	-0.0175   	0.638781
647	44    	0.308883 	0.134478	0.0747432 	0.638781
648	45    	0.342708 	0.153235	0.0751843 	0.638781
649	49    	0.27099  	0.152122	-0.02     	0.751779
650	48    	0.311104 	0.154296	-0.015    	0.75092 
651	45    	0.303432 	0.191856	-0.0133333	0.75092 
652	42    	0.373278 	0.213461	0.0934679 	0.75092 
653	48    	0.332386 	0.208545	-0.0177778	0.75092 
654	47    	0.270243 	0.16911 	-0.0166667	0.75092 
655	46    	0.292843 	0.174773	-0.0175   	0.75092 
656	46    	0.291107 	0.174041	-0.0177778	0.731658
657	43    	0.316963 	0.188629	-0.0222222	0.670732
658	45    	0.326046 	0.190356	-0.0181818	0.675934
659	47    	0.34907  	0.154847	0.088632  	0.765511
660	45    	0.330689 	0.188138	-0.0175   	0.765511
661	46    	0.330004 	0.199073	-0.02     	0.702029
662	47    	0.319575 	0.18861 	-0.02     	0.738034
663	42    	0.347068 	0.175959	-0.016    	0.725954
664	45    	0.332987 	0.183123	-0.0184616	0.82246 
665	48    	0.313449 	0.159292	0.0806929 	0.82246 
666	43    	0.331062 	0.202452	-0.0174998	0.82246 
667	45    	0.335786 	0.199734	0.0598805 	0.82246 
668	49    	0.282585 	0.163239	-0.0177779	0.670089
669	43    	0.362673 	0.191767	-0.02     	0.709404
670	41    	0.387018 	0.211819	-0.0166652	0.730155
671	44    	0.376646 	0.22395 	-0.0171429	0.730155
672	43    	0.387377 	0.251841	-0.0175   	0.731304
673	43    	0.403026 	0.250682	-0.0200001	0.731304
674	49    	0.267428 	0.24226 	-0.02     	0.73167 
675	48    	0.321906 	0.217222	-0.0171429	0.731304
676	48    	0.259837 	0.199946	-0.02     	0.731304
677	44    	0.305052 	0.203289	-0.0175   	0.731304
678	48    	0.242915 	0.216611	-0.02     	0.731304
679	44    	0.285316 	0.230366	-0.0175001	0.73167 
680	45    	0.302155 	0.237809	-0.02     	0.73167 
681	43    	0.321707 	0.237032	-0.02     	0.856223
682	43    	0.334831 	0.247101	-0.0166667	0.856223
683	43    	0.34836  	0.248918	-0.02     	0.856223
684	44    	0.345373 	0.25412 	-0.02     	0.856223
685	47    	0.248959 	0.2073  	-0.0177778	0.814356
686	47    	0.274778 	0.197918	-0.0199999	0.814356
687	45    	0.349471 	0.210255	-0.0171429	0.833485
688	48    	0.263287 	0.207573	-0.02     	0.731965
689	43    	0.320237 	0.223254	-0.0171429	0.731965
690	47    	0.336324 	0.209595	-0.0177779	0.731965
691	43    	0.353986 	0.220974	-0.0149999	0.81506 
692	45    	0.326329 	0.242165	-0.02     	0.864494
693	48    	0.375213 	0.225079	-0.00884219	0.858273
694	46    	0.314468 	0.234374	-0.0174999 	0.805021
695	45    	0.329488 	0.24344 	-0.0175    	0.75373 
696	45    	0.331916 	0.228662	-0.0177777 	0.827242
697	46    	0.347486 	0.232453	-0.0166667 	0.827242
698	44    	0.379966 	0.250759	-0.02      	0.827242
699	45    	0.334338 	0.244094	-0.016     	0.827242
700	47    	0.324074 	0.220598	-0.0174999 	0.827242
701	49    	0.2881   	0.210493	-0.0200001 	0.732498
702	45    	0.344236 	0.210067	-0.0177777 	0.825771
703	48    	0.298874 	0.187754	-0.0175    	0.809561
704	47    	0.306954 	0.218181	-0.02      	0.809561
705	46    	0.277968 	0.220994	-0.0228571 	0.809561
706	46    	0.326669 	0.23505 	-0.0171429 	0.831993
707	44    	0.327502 	0.25168 	-0.02      	0.818826
708	47    	0.377451 	0.255939	-0.0199999 	0.840104
709	47    	0.308506 	0.238085	-0.0175    	0.840104
710	45    	0.359811 	0.22519 	-0.02      	0.840104
711	45    	0.332387 	0.24678 	-0.0177778 	0.840104
712	47    	0.282048 	0.210803	-0.0175    	0.728075
713	46    	0.276704 	0.207412	-0.0177777 	0.805742
714	45    	0.299302 	0.21847 	-0.0177778 	0.806952
715	47    	0.33919  	0.20933 	-0.02      	0.728343
716	45    	0.315092 	0.239244	-0.0177777 	0.813708
717	47    	0.30696  	0.247074	-0.0175    	0.813708
718	46    	0.287638 	0.237084	-0.02      	0.811247
719	44    	0.314272 	0.233164	-0.0175    	0.811247
720	46    	0.335652 	0.231856	-0.0171428 	0.811247
721	46    	0.297212 	0.235232	-0.02      	0.811247
722	46    	0.285976 	0.191326	-0.0199999 	0.811247
723	48    	0.193902 	0.195667	-0.02      	0.811247
724	46    	0.31918  	0.240198	-0.02      	0.813756
725	46    	0.213128 	0.221998	-0.02      	0.813756
726	49    	0.247907 	0.221784	-0.0200001 	0.813756
727	46    	0.253461 	0.223739	-0.0175    	0.813756
728	47    	0.239174 	0.241111	-0.0171413 	0.813708
729	46    	0.24093  	0.252858	-0.0171429 	0.813708
730	46    	0.328229 	0.25429 	-0.0166667 	0.813756
731	45    	0.286651 	0.269052	-0.0171415 	0.813756
732	42    	0.298891 	0.269155	-0.02      	0.813756
733	49    	0.258739 	0.242633	-0.02      	0.813756
734	46    	0.247702 	0.229082	-0.0175    	0.813756
735	44    	0.28644  	0.25198 	-0.0166665 	0.813756
736	45    	0.23591  	0.246817	-0.0166667 	0.813756
737	47    	0.253396 	0.232249	-0.0175    	0.813708
738	43    	0.232843 	0.261561	-0.0166667 	0.813708
739	44    	0.27598  	0.256303	-0.0166667 	0.813756
740	46    	0.235349 	0.220667	-0.0171429 	0.813708
741	49    	0.24241  	0.25132 	-0.02      	0.813708
742	45    	0.240995 	0.227868	-0.02      	0.813708
743	45    	0.234173 	0.218897	-0.02      	0.813756
744	43    	0.310868 	0.24756 	-0.02      	0.813756
745	48    	0.293717 	0.175319	-0.0160001 	0.705837
746	47    	0.286864 	0.222155	-0.0171429 	0.812308
747	46    	0.288832 	0.267234	-0.0177778 	0.812308
748	46    	0.292193 	0.249611	-0.02      	0.813756
749	46    	0.321331 	0.259643	-0.0166667 	0.813756
750	45    	0.246285 	0.227202	-0.0166666 	0.813708
751	46    	0.263809 	0.223845	-0.0166667 	0.813708
752	45    	0.372973 	0.230085	-0.0171428 	0.813708
753	44    	0.294122 	0.236205	-0.02      	0.811247
754	47    	0.254848 	0.220789	-0.018     	0.705984
755	47    	0.342721 	0.219425	-0.0171429 	0.812977
756	45    	0.332589 	0.266991	-0.0160001 	0.865778
757	44    	0.295758 	0.261583	-0.0171429 	0.865778
758	46    	0.265263 	0.226653	-0.0171429 	0.812977
759	50    	0.255599 	0.203638	-0.02      	0.812825
760	48    	0.240429 	0.206333	-0.0175    	0.812825
761	48    	0.284449 	0.221532	-0.02      	0.819317
762	47    	0.265179 	0.220196	-0.02      	0.819317
763	49    	0.326981 	0.201527	-0.02      	0.811247
764	45    	0.333979 	0.225934	-0.0166667 	0.811247
765	46    	0.326663 	0.231484	-0.0171428 	0.819317
766	46    	0.302165 	0.229626	-0.02      	0.811247
767	47    	0.297243 	0.236527	-0.0171429 	0.811247
768	47    	0.287114 	0.218953	-0.0177778 	0.819317
769	47    	0.329461 	0.20819 	-0.0171427 	0.811247
770	46    	0.348922 	0.238566	-0.0175    	0.812083
771	46    	0.272348 	0.249044	-0.0175    	0.812083
772	48    	0.181643 	0.177352	-0.02      	0.811247
773	47    	0.257775 	0.211441	-0.0166667 	0.811247
774	47    	0.29184  	0.200954	-0.0166667 	0.812083
775	42    	0.31368  	0.200627	-0.017143  	0.812083
776	45    	0.306432 	0.233589	-0.0171429 	0.812083
777	49    	0.240802 	0.226084	-0.02      	0.812083
778	47    	0.281939 	0.211084	-0.02      	0.812083
779	46    	0.274105 	0.221333	-0.02      	0.812083
780	48    	0.253365 	0.188578	-0.0171429 	0.703659
781	46    	0.285727 	0.181209	-0.0171429 	0.694701
782	46    	0.314032 	0.212852	-0.0228571 	0.705857
783	47    	0.274812 	0.209051	-0.0200001 	0.705828
784	43    	0.322872 	0.219725	-0.0171429 	0.705857
785	45    	0.37574  	0.241416	-0.0171427 	0.706012
786	47    	0.317463 	0.22085 	-0.02      	0.812083
787	49    	0.206301 	0.186205	-0.0171429 	0.812825
788	47    	0.23894  	0.225353	-0.02      	0.813756
789	46    	0.331634 	0.255198	-0.0175    	0.813756
790	48    	0.259977 	0.25291 	-0.0175    	0.813756
791	43    	0.348387 	0.259901	-0.0166667 	0.813756
792	47    	0.233147 	0.249434	-0.0171429 	0.813756
793	48    	0.261426 	0.21022 	-0.0166667 	0.813756
794	43    	0.304374 	0.212887	-0.0166667 	0.813756
795	45    	0.234549 	0.202461	-0.0171429 	0.706012
796	47    	0.321736 	0.221551	-0.02      	0.734132
797	49    	0.299307 	0.216701	-0.0171429 	0.730315
798	48    	0.267008 	0.207715	-0.02      	0.732214
799	45    	0.295823 	0.250809	-0.02      	0.812825
800	47    	0.323868 	0.245602	-0.02      	0.812825
801	47    	0.246422 	0.22631 	-0.0171428 	0.812825
802	44    	0.247438 	0.249263	-0.0177777 	0.812825
803	46    	0.275384 	0.220005	-0.0166667 	0.732839
804	46    	0.27068  	0.233061	-0.0177776 	0.732839
805	45    	0.327957 	0.241106	-0.02      	0.811247
806	44    	0.348896 	0.263359	-0.0160001 	0.813708
807	48    	0.292619 	0.226381	-0.0166667 	0.811247
808	43    	0.300993 	0.241237	-0.0175    	0.813708
809	48    	0.240522 	0.176997	-0.0171429 	0.695309
810	45    	0.288816 	0.232913	-0.0166667 	0.813756
811	45    	0.29716  	0.208775	-0.0171429 	0.813708
812	44    	0.235977 	0.226694	-0.0200001 	0.804176
813	44    	0.263233 	0.253123	-0.02      	0.804176
814	45    	0.272936 	0.216776	-0.02      	0.732505
815	48    	0.254043 	0.173111	-0.0175    	0.729969
816	44    	0.345704 	0.203976	-0.0166667 	0.729969
817	46    	0.28502  	0.2274  	-0.02      	0.732772
818	47    	0.294173 	0.213183	-0.0199999 	0.732772
819	44    	0.327031 	0.245828	-0.02      	0.729969
820	46    	0.31543  	0.224636	-0.0171429 	0.729969
821	44    	0.291437 	0.244382	-0.0200001 	0.743853
822	46    	0.348728 	0.209094	-0.0166667 	0.746475
823	47    	0.307553 	0.223683	-0.02      	0.812308
824	49    	0.298158 	0.183744	-0.0200001 	0.689247
825	45    	0.316311 	0.190884	-0.02      	0.718887
826	48    	0.364143 	0.181177	-0.0133334 	0.740264
827	42    	0.327367 	0.216517	-0.02      	0.740264
828	40    	0.373113 	0.209296	-0.0171429 	0.809741
829	42    	0.389065 	0.250338	-0.0177777 	0.813954
830	47    	0.376006 	0.225126	-0.0177778 	0.813954
831	47    	0.375256 	0.228688	-0.017143  	0.906361
832	46    	0.36003  	0.219056	-0.02      	0.906361
833	46    	0.393156 	0.221579	-0.0166667 	0.906361
834	48    	0.333601 	0.198772	0.0626513  	0.898616
835	46    	0.319798 	0.206167	-0.0160001 	0.906361
836	45    	0.286946 	0.194866	-0.0166666 	0.906361
837	47    	0.338705 	0.209376	-0.0177777 	0.811396
838	46    	0.312267 	0.240078	-0.0177778 	0.812977
839	47    	0.207618 	0.180068	-0.0166667 	0.695373
840	47    	0.297614 	0.156854	-0.0133333 	0.695373
841	47    	0.341509 	0.176052	-0.0177776 	0.812977
842	46    	0.344624 	0.221418	-0.02      	0.707795
843	47    	0.37115  	0.205089	-0.018     	0.841429
844	48    	0.34837  	0.234777	-0.02      	0.841429
845	48    	0.347921 	0.20979 	-0.0175    	0.741217
846	46    	0.301995 	0.192186	-0.018     	0.741217
847	44    	0.348919 	0.185615	-0.0171429 	0.741217
848	44    	0.333899 	0.200207	-0.0166666 	0.715256
849	47    	0.304091 	0.203014	-0.02      	0.815374
850	47    	0.26394  	0.19924 	-0.02      	0.728098
851	45    	0.32882  	0.217871	-0.0175    	0.732505
852	46    	0.324829 	0.210723	-0.0175    	0.74897 
853	46    	0.333162 	0.205862	-0.0177777 	0.813981
854	45    	0.355178 	0.23065 	-0.0199999 	0.862121
855	46    	0.323541 	0.232671	-0.0228571 	0.862121
856	46    	0.334604 	0.21134 	-0.0166666 	0.8582  
857	42    	0.40576  	0.243752	-0.0174999 	0.8582  
858	48    	0.326932 	0.213547	-0.015     	0.838899
859	45    	0.363274 	0.206154	-0.0171428 	0.854411
860	46    	0.345868 	0.188517	0.105132   	0.756751
861	45    	0.316137 	0.169353	-0.0133333 	0.756751
862	43    	0.394576 	0.19805 	-0.0133334 	0.757081
863	48    	0.357383 	0.175602	0.116411   	0.757694
864	45    	0.366811 	0.222119	-0.0171429 	0.818806
865	47    	0.364909 	0.228801	-0.0171428 	0.812308
866	46    	0.336057 	0.222722	-0.0166667 	0.757694
867	45    	0.339161 	0.217555	-0.015     	0.757694
868	45    	0.409848 	0.219441	0.132374   	0.850887
869	47    	0.370259 	0.197154	0.095296   	0.850887
870	42    	0.36617  	0.225925	0.0763302  	0.850887
871	46    	0.35235  	0.212288	-0.0171429 	0.850887
872	49    	0.307402 	0.178209	-0.016     	0.768251
873	44    	0.363287 	0.184111	-0.016     	0.768251
874	44    	0.352862 	0.194753	0.0947422  	0.85618 
875	43    	0.358917 	0.237745	-0.0177778 	0.85618 
876	48    	0.319333 	0.193462	-0.0171428 	0.789894
877	49    	0.337458 	0.18346 	0.066306   	0.85618 
878	46    	0.335149 	0.188172	0.0751637  	0.722492
879	47    	0.331297 	0.204208	-0.02      	0.722492
880	47    	0.33751  	0.203571	-0.0171429 	0.772893
881	48    	0.32017  	0.199612	-0.0166666 	0.782669
882	48    	0.340076 	0.199663	-0.0160001 	0.782669
883	43    	0.345996 	0.207445	-0.0171429 	0.857161
884	47    	0.320676 	0.188941	0.0766108  	0.857161
885	44    	0.384188 	0.214198	-0.01      	0.857161
886	46    	0.341088 	0.214347	-0.0183334 	0.775287
887	42    	0.347041 	0.190549	-0.02      	0.775287
888	44    	0.357952 	0.227737	-0.015     	0.776718
889	41    	0.364189 	0.233626	-0.0177778 	0.776718
890	48    	0.346237 	0.226455	-0.02      	0.732661
891	46    	0.41628  	0.196477	0.0961661  	0.732661
892	40    	0.355098 	0.216251	-0.016     	0.732661
893	47    	0.320948 	0.181662	-0.0177778 	0.732661
894	47    	0.323978 	0.200447	-0.0166667 	0.732661
895	46    	0.315524 	0.210503	-0.02      	0.864549
896	47    	0.302803 	0.22872 	-0.02      	0.864549
897	45    	0.322482 	0.240535	-0.0225    	0.864549
898	45    	0.298933 	0.172731	-0.0166667 	0.756719
899	44    	0.29483  	0.148544	-0.0166652 	0.756719
900	48    	0.289174 	0.179353	-0.0175    	0.756719
901	45    	0.350542 	0.179316	-0.0160001 	0.756719
902	46    	0.32002  	0.179849	-0.0171429 	0.717104
903	47    	0.316001 	0.171099	-0.0171429 	0.788112
904	45    	0.369745 	0.209003	-0.0175    	0.788112
905	44    	0.391218 	0.21377 	-0.0133333 	0.788112
906	45    	0.358551 	0.240055	-0.02      	0.850748
907	44    	0.356743 	0.226512	-0.02      	0.868239
908	49    	0.307837 	0.185783	0.0667587  	0.850748
909	47    	0.363474 	0.190677	-0.0133332 	0.785889
910	46    	0.330631 	0.178413	-0.0175    	0.76137 
911	45    	0.393424 	0.185812	0.115861   	0.805555
912	46    	0.320811 	0.189541	-0.0133333 	0.805555
913	46    	0.347748 	0.167243	0.105342   	0.857497
914	46    	0.338905 	0.165983	0.102815   	0.756975
915	45    	0.36195  	0.16812 	-0.0133333 	0.756975
916	42    	0.351161 	0.168209	0.0511178  	0.756975
917	48    	0.341681 	0.162234	-0.0160002 	0.729089
918	46    	0.345997 	0.187933	-0.016     	0.893555
919	47    	0.382326 	0.203263	-0.0125351 	0.893555
920	45    	0.343116 	0.225938	-0.015     	0.893555
921	48    	0.317945 	0.178444	-0.0166666 	0.770284
922	49    	0.310145 	0.1307  	0.0754232  	0.687967
923	46    	0.298271 	0.144538	-0.0159999 	0.687967
924	44    	0.336711 	0.162191	-0.0133334 	0.768124
925	48    	0.310411 	0.12874 	-0.0166667 	0.687967
926	45    	0.318396 	0.142191	-0.016     	0.687967
927	47    	0.301828 	0.15278 	-0.016     	0.687967
928	46    	0.295722 	0.185917	-0.0175    	0.68378 
929	47    	0.324573 	0.142231	-0.0175    	0.649039
930	47    	0.309206 	0.160701	-0.016     	0.68378 
931	44    	0.29574  	0.187457	-0.02      	0.575629
932	48    	0.332994 	0.170601	0.0700315  	0.648206
933	44    	0.33535  	0.19272 	-0.0177778 	0.648206
934	48    	0.300342 	0.2004  	-0.0200001 	0.75662 
935	48    	0.315965 	0.198341	-0.0177778 	0.75662 
936	44    	0.377339 	0.218518	-0.0175    	0.75662 
937	44    	0.312647 	0.240337	-0.0199999 	0.832264
938	43    	0.345567 	0.247824	-0.02      	0.832264
939	44    	0.366449 	0.254012	-0.0171429 	0.832264
940	48    	0.3934   	0.259873	-0.02      	0.833256
941	48    	0.277216 	0.242999	-0.0177778 	0.833256
942	47    	0.309764 	0.243675	-0.0177778 	0.833256
943	46    	0.309962 	0.23965 	-0.018     	0.833256
944	48    	0.317049 	0.240237	-0.0175    	0.83537 
945	48    	0.28643  	0.229296	-0.02      	0.83537 
946	49    	0.254545 	0.225815	-0.0175    	0.835619
947	47    	0.342763 	0.224721	-0.0200001 	0.761124
948	45    	0.301625 	0.232266	-0.0171429 	0.761124
949	43    	0.37479  	0.233815	-0.018     	0.761124
950	48    	0.295109 	0.206376	-0.024     	0.761124
951	42    	0.408585 	0.219144	0.084987   	0.810962
952	49    	0.262578 	0.183742	-0.02      	0.758689
953	46    	0.310098 	0.132282	-0.02      	0.69353 
954	47    	0.300507 	0.140203	-0.02      	0.705576
955	47    	0.334933 	0.104573	0.139483   	0.542445
956	46    	0.216877 	0.333698	-1         	0.514281
957	48    	0.264371 	0.237074	-1         	0.556824
958	47    	0.285827 	0.300295	-1         	0.615566
959	44    	0.35345  	0.15483 	-0.02      	0.742109
960	45    	0.341027 	0.164433	-0.02      	0.742109
961	47    	0.286881 	0.217635	-0.02      	0.813096
962	46    	0.274097 	0.220689	-0.02      	0.742109
963	46    	0.2335   	0.211853	-0.02      	0.742109
964	48    	0.33255  	0.20399 	-0.0171429 	0.813096
965	46    	0.299876 	0.222088	-0.02      	0.742109
966	46    	0.376097 	0.214995	-0.02      	0.813096
967	44    	0.309252 	0.254159	-0.02      	0.813096
968	46    	0.334313 	0.233398	-0.0177778 	0.813096
969	47    	0.280107 	0.204601	-0.02      	0.813096
970	42    	0.370021 	0.20814 	-0.02      	0.813096
971	49    	0.249325 	0.203612	-0.02      	0.813096
972	50    	0.270318 	0.199055	-0.02      	0.742109
973	45    	0.290024 	0.193032	-0.02      	0.73265 
974	46    	0.321953 	0.190221	-0.0175    	0.672197
975	50    	0.278799 	0.165247	-0.0149982 	0.642506
976	44    	0.28386  	0.17708 	-0.02      	0.666088
977	46    	0.295241 	0.180765	-0.02      	0.674509
978	43    	0.318605 	0.183754	-0.02      	0.674509
979	45    	0.362365 	0.185894	-0.0175    	0.82228 
980	46    	0.348266 	0.208702	-0.0200003 	0.82228 
981	44    	0.35129  	0.186531	-0.0160001 	0.699548
982	46    	0.315786 	0.177852	0.0752151  	0.683237
983	47    	0.327316 	0.173212	-0.0166667 	0.683237
984	44    	0.358905 	0.202067	-0.0166667 	0.761693
985	46    	0.322695 	0.198646	-0.0175001 	0.761693
986	46    	0.334431 	0.213535	-0.0181818 	0.761693
987	47    	0.360024 	0.195009	0.072724   	0.761693
988	47    	0.367719 	0.186959	0.0807116  	0.766782
989	44    	0.360383 	0.210527	-0.0166667 	0.766782
990	47    	0.381251 	0.220931	-0.02      	0.766782
991	49    	0.359209 	0.174245	-0.0183333 	0.764923
992	41    	0.343933 	0.322983	-1         	0.764923
993	46    	0.348834 	0.191204	-0.0181819 	0.764923
994	49    	0.259513 	0.177496	-0.0181818 	0.677136
995	47    	0.298029 	0.239086	-1         	0.750922
996	46    	0.32205  	0.161147	-0.02      	0.6226  
997	48    	0.303427 	0.142203	-0.02      	0.63741 
998	45    	0.323368 	0.145072	-0.0133333 	0.739428
999	45    	0.359705 	0.173766	0.0531712  	0.739428
1000	49    	0.318012 	0.178238	-0.0225    	0.655821
Best individuals:
(1.0501998317940564,) 	-->	 /*9*/DDDLBLFFBRUUUUL
VMNeuronManager.autoload: Neuro classes added: Delay Light Nn PIDP PIDV SeeLight SeeLight2 S0 S1 Thr 
UserScripts.autoload: 19 user scripts added.
Simulator.load: Loading from 'eval-allcriteria.sim'
Loader.load: Comments read from file follow:
Loader.load:  Sample settings for evaluating many criteria of performance of a Framsticks creature.
Loader.load:  See the "evalcount" parameter if you want to speed the evaluation up or have a more stable result.
Loader.load:  Other important parameters are "Energy0" and "perfperiod".
Loader.load:  Put this file in the "data" subdirectory within the Framsticks distribution.
Simulator.load: Settings loaded from 'eval-allcriteria.sim'
Simulator.load: Loading from 'deterministic.sim'
Loader.load: Comments read from file follow:
Loader.load:  Parameter values that make the evaluation of a Framsticks creature deterministic.
Loader.load:  The values turn off random noise, so evaluation of the same genotype will always yield the same performance.
Loader.load:  The advantage is that you do not need to evaluate a genotype many times, and performance values are reliable.
Loader.load:  The disadvantage is that evolved creatures are "overfitting", i.e. rely entirely on the specific environment,
Loader.load:  and their behavior may be different in any other environment or (even slightly) changed conditions or parameter values,
Loader.load:  so each creature evolved using these settings must be later inspected using exactly the same setup.
Loader.load: 
Loader.load:  Before loading this file, load base settings, e.g. "eval-allcriteria.sim".
Loader.load:  Put this file in the "data" subdirectory within the Framsticks distribution.
Simulator.load: Settings loaded from 'deterministic.sim'
Simulator.load: Loading from 'sample-period-2.sim'
Loader.load: Comments read from file follow:
Loader.load:  Very low "performance sampling period" in the first population to sample performance very often during lifespan
Loader.load:  and avoid overlooking some behavior. Averaged performance of sampled values is returned as the final value.
Loader.load:  See http://www.framsticks.com/a/al_params.html#exper-perfcalc
Loader.load: 
Loader.load:  Before loading this file, load base settings, e.g. "eval-allcriteria.sim".
Loader.load:  Put this file in the "data" subdirectory within the Framsticks distribution.
Simulator.load: Loading from 'f9-mut-020.sim'
Simulator.load: Settings loaded from 'f9-mut-020.sim'
