Argument values: path=C:\Users\1625203\Downloads\Framsticks50rc22\Framsticks50rc22, lib=None, sim=eval-allcriteria.sim;deterministic.sim;sample-period-2.sim;f9-mut-040.sim, genformat=None, initialgenotype=/*9*/BLU, opt=vertpos, popsize=50, generations=1000, tournament=10, pmut=0.9, pxov=0.2, hof_size=1, hof_savefile=None, max_numparts=30, max_numjoints=None, max_numneurons=None, max_numconnections=None, max_numgenochars=50
Using Framsticks version: 5.0rc22
Home (writable) dir     : C:\Users\1625203\Downloads\Framsticks50rc22\Framsticks50rc22\data
Resources dir           : C:\Users\1625203\Downloads\Framsticks50rc22\Framsticks50rc22\data

Available objects: ['CheckpointEvent', 'Collision', 'CrCollision', 'Creature', 'CreatureSettings', 'CreatureSignals', 'CreatureSnapshot', 'Dictionary', 'ExpProperties', 'ExpState', 'ExtValue', 'File', 'FunctionReference', 'GenMan', 'GenManStats', 'GenePool', 'GenePools', 'Geno', 'Genotype', 'Interface', 'Joint', 'Loader', 'Math', 'MechJoint', 'MechPart', 'MessageCatcher', 'Model', 'ModelGeometry', 'ModelSymmetry', 'Neuro', 'NeuroClass', 'NeuroClassLibrary', 'NeuroDef', 'NeuroSignals', 'NeuronsSimEnabled', 'ODE', 'Orient', 'Part', 'Population', 'Populations', 'Ref', 'Signal', 'SignalView', 'SimilMeasure', 'SimilMeasureDistribution', 'SimilMeasureGreedy', 'SimilMeasureHungarian', 'Simulator', 'SlaveSimulators', 'StopEvent', 'String', 'UserScripts', 'Vector', 'WireframeAppearance', 'World', 'WorldMap', 'WorldSignals', 'XYZ', '__builtins__', '__cached__', '__doc__', '__file__', '__loader__', '__name__', '__package__', '__spec__', 'c_api', 'ctypes', 'home_dir', 'init', 'os', 're', 'res_dir', 'sim_params', 'stats', 'sys']

Performing a basic test 1/2... OK.
Performing a basic test 2/2... OK.
Using settings: ['eval-allcriteria.sim', 'deterministic.sim', 'sample-period-2.sim', 'f9-mut-040.sim']
gen	nevals	avg     	stddev	min     	max     
0  	50    	0.218369	0     	0.218369	0.218369
1  	42    	0.0679565	0.106071	-0.016  	0.234853
2  	43    	0.0960033	0.137781	-0.0150003	0.514537
3  	46    	0.114664 	0.153394	-0.0160001	0.514537
4  	45    	0.117506 	0.155439	-0.02     	0.514537
5  	47    	0.146819 	0.148267	-0.02     	0.654898
6  	49    	0.1418   	0.154624	-0.02     	0.523128
7  	49    	0.158196 	0.157171	-0.02     	0.654207
8  	48    	0.230055 	0.141108	-0.0166667	0.654207
9  	45    	0.164903 	0.157379	-0.02     	0.559594
10 	47    	0.245879 	0.124591	-0.0166666	0.58318 
11 	47    	0.181742 	0.133815	-0.0166668	0.559594
12 	44    	0.258013 	0.12104 	-0.0150002	0.573872
13 	44    	0.262308 	0.147076	-0.02     	0.573872
14 	46    	0.244679 	0.14174 	-0.0199999	0.573872
15 	45    	0.230351 	0.148709	-0.02     	0.573872
16 	45    	0.257379 	0.142719	-0.018    	0.573872
17 	46    	0.239598 	0.148448	-0.0175   	0.516557
18 	41    	0.277843 	0.156195	-0.0166666	0.596908
19 	44    	0.284422 	0.19176 	-0.02     	0.596908
20 	46    	0.23787  	0.186901	-0.0200001	0.614122
21 	46    	0.236514 	0.17509 	-0.02     	0.703946
22 	48    	0.231201 	0.184514	-0.02     	0.819403
23 	48    	0.248595 	0.210931	-0.0175   	0.819403
24 	43    	0.21851  	0.201732	-0.02     	0.813708
25 	46    	0.229939 	0.152719	-0.02     	0.557804
26 	45    	0.223057 	0.158253	-0.02     	0.557804
27 	49    	0.201596 	0.146322	-0.02     	0.574143
28 	45    	0.255183 	0.183517	-0.0175   	0.811396
29 	48    	0.219566 	0.186639	-0.02     	0.813756
30 	46    	0.234045 	0.18872 	-0.02     	0.811247
31 	44    	0.229598 	0.208621	-0.0171428	0.809209
32 	46    	0.242531 	0.210274	-0.0175   	0.809209
33 	48    	0.242062 	0.226093	-0.0171429	0.809209
34 	47    	0.222105 	0.203075	-0.0199999	0.813756
35 	47    	0.254433 	0.213506	-0.02     	0.812083
36 	48    	0.196739 	0.166627	-0.0171429	0.812083
37 	48    	0.206505 	0.15782 	-0.02     	0.812308
38 	46    	0.191047 	0.145048	-0.018    	0.495053
39 	45    	0.19861  	0.132666	-0.0177777	0.597659
40 	44    	0.247263 	0.144592	-0.0166667	0.597659
41 	45    	0.280584 	0.136728	-0.016    	0.556566
42 	49    	0.220663 	0.143852	-0.02     	0.6534  
43 	46    	0.259407 	0.146794	-0.0171428	0.556637
44 	43    	0.262375 	0.148296	-0.02     	0.556637
45 	50    	0.28349  	0.109889	0.0662812 	0.604179
46 	45    	0.298363 	0.102581	-0.0133333	0.487404
47 	43    	0.298415 	0.097185	0.0777403 	0.49323 
48 	48    	0.265957 	0.119152	-0.02     	0.526014
49 	46    	0.242816 	0.123722	-0.0177779	0.57411 
50 	45    	0.269257 	0.140594	-0.0175   	0.603652
51 	48    	0.239446 	0.122251	-0.0166667	0.539162
52 	45    	0.299893 	0.130376	-0.018    	0.538751
53 	47    	0.283111 	0.11432 	-0.0171429	0.562612
54 	47    	0.274269 	0.113632	-0.016    	0.544796
55 	46    	0.30455  	0.102619	0.0937709 	0.521989
56 	46    	0.278221 	0.106173	0.0441522 	0.521989
57 	50    	0.235193 	0.202161	-1        	0.512999
58 	48    	0.275862 	0.113244	-0.0160003	0.54124 
59 	46    	0.297124 	0.100731	0.0796103 	0.54124 
60 	47    	0.319402 	0.103997	0.117714  	0.54124 
61 	50    	0.260107 	0.20852 	-1        	0.598511
62 	46    	0.248753 	0.206021	-1        	0.502955
63 	47    	0.256754 	0.275205	-1        	0.519647
64 	47    	0.30945  	0.094621	0.0870803 	0.519647
65 	45    	0.235    	0.328424	-1        	0.519647
66 	42    	0.235622 	0.337174	-1        	0.519647
67 	49    	0.289565 	0.125083	-0.0177778	0.5778  
68 	46    	0.261413 	0.142794	-0.0199999	0.5778  
69 	45    	0.266353 	0.137366	-0.0166667	0.5778  
70 	46    	0.30027  	0.115609	-0.018    	0.571283
71 	45    	0.313939 	0.127787	-0.0175   	0.571283
72 	46    	0.291177 	0.131475	0.076492  	0.62236 
73 	45    	0.258494 	0.150582	-0.02     	0.62236 
74 	44    	0.269797 	0.14797 	-0.0166667	0.62236 
75 	43    	0.279881 	0.178089	-0.0171429	0.759786
76 	49    	0.253356 	0.158993	-0.02     	0.759786
77 	48    	0.278188 	0.1237  	-0.0177778	0.605611
78 	44    	0.264483 	0.134733	-0.0181818	0.706596
79 	44    	0.279041 	0.193378	-0.02     	0.706596
80 	47    	0.2275   	0.14586 	-0.02     	0.706596
81 	45    	0.199352 	0.179565	-0.02     	0.706596
82 	45    	0.252776 	0.19033 	-0.02     	0.706596
83 	45    	0.286133 	0.200875	-0.02     	0.730153
84 	44    	0.272631 	0.211097	-0.0171429	0.730153
85 	47    	0.248362 	0.195941	-0.0171429	0.730153
86 	45    	0.274813 	0.196105	-0.0175   	0.730153
87 	46    	0.20964  	0.210094	-0.02     	0.730153
88 	44    	0.289297 	0.189178	-0.02     	0.730153
89 	45    	0.27096  	0.205497	-0.0175   	0.730153
90 	48    	0.198124 	0.178446	-0.02     	0.730153
91 	49    	0.236947 	0.193255	-0.02     	0.706637
92 	48    	0.194366 	0.176257	-0.02     	0.706637
93 	47    	0.219001 	0.176852	-0.02     	0.755825
94 	48    	0.237884 	0.142747	-0.0171429	0.619044
95 	47    	0.219732 	0.152585	-0.0200001	0.506117
96 	47    	0.23106  	0.141201	-0.0222222	0.507155
97 	45    	0.256577 	0.147599	-0.0171429	0.514203
98 	44    	0.267168 	0.163932	-0.0175   	0.616735
99 	45    	0.242854 	0.18695 	-0.0171429	0.731304
100	47    	0.211882 	0.190267	-0.02     	0.693521
101	45    	0.236678 	0.164478	-0.0199999	0.703208
102	45    	0.242074 	0.18715 	-0.02     	0.703208
103	46    	0.229994 	0.17921 	-0.0199999	0.703208
104	45    	0.251574 	0.182597	-0.02     	0.703208
105	48    	0.24897  	0.168823	-0.02     	0.730348
106	43    	0.246073 	0.199597	-0.02     	0.730348
107	45    	0.245344 	0.19102 	-0.0200001	0.730348
108	47    	0.23612  	0.159066	-0.02     	0.5919  
109	47    	0.226174 	0.167893	-0.0166667	0.750309
110	45    	0.252986 	0.163826	-0.02     	0.750309
111	46    	0.239961 	0.157582	-0.0171428	0.750309
112	48    	0.215378 	0.145923	-0.017143 	0.518128
113	47    	0.197569 	0.16083 	-0.017143 	0.582956
114	50    	0.212241 	0.187056	-0.0171428	0.654898
115	46    	0.220936 	0.199589	-0.0175   	0.813708
116	49    	0.206438 	0.156312	-0.02     	0.615987
117	49    	0.17951  	0.163519	-0.0174999	0.805245
118	46    	0.207492 	0.176348	-0.0233333	0.805075
119	48    	0.229312 	0.163896	-0.0175   	0.686837
120	50    	0.199802 	0.132292	-0.02     	0.616001
121	44    	0.220837 	0.131434	-0.0175   	0.616001
122	44    	0.23698  	0.149875	-0.0171429	0.616001
123	45    	0.223052 	0.1632  	-0.0177778	0.729582
124	47    	0.292057 	0.194596	-0.0175   	0.814342
125	46    	0.279778 	0.220818	-0.02     	0.814342
126	44    	0.28598  	0.218433	-0.0174998	0.814342
127	47    	0.287038 	0.217417	-0.0175   	0.814342
128	48    	0.237723 	0.182856	-0.02     	0.72962 
129	49    	0.284068 	0.198387	-0.02     	0.813708
130	43    	0.288622 	0.168761	-0.02     	0.813708
131	50    	0.206248 	0.144829	-0.02     	0.544918
132	45    	0.236682 	0.167176	-0.018    	0.580687
133	44    	0.233833 	0.173191	-0.02     	0.580687
134	46    	0.214333 	0.173266	-0.0171429	0.58071 
135	47    	0.202929 	0.153341	-0.0200001	0.580687
136	47    	0.216475 	0.190372	-0.02     	0.646847
137	48    	0.262692 	0.165609	-0.0166667	0.732935
138	48    	0.241613 	0.157853	-0.0175   	0.581777
139	48    	0.233349 	0.12877 	-0.018    	0.499432
140	47    	0.238378 	0.137923	-0.0177778	0.497737
141	47    	0.26019  	0.12989 	-0.02     	0.615537
142	48    	0.254448 	0.134474	-0.0171429	0.646063
143	43    	0.284779 	0.158343	-0.0175   	0.646063
144	49    	0.237163 	0.178151	-0.0171429	0.733266
145	47    	0.207474 	0.176692	-0.02     	0.649119
146	49    	0.202269 	0.14765 	-0.0175   	0.649119
147	46    	0.257081 	0.172272	-0.02     	0.698446
148	42    	0.317515 	0.161972	-0.0171428	0.649119
149	43    	0.282198 	0.176251	-0.0175   	0.649119
150	47    	0.241332 	0.206186	-0.02     	0.736027
151	48    	0.27257  	0.182982	-0.0166667	0.730348
152	47    	0.228709 	0.177669	-0.0228571	0.730348
153	46    	0.205935 	0.1581  	-0.0175   	0.636288
154	48    	0.245099 	0.135141	-0.0166667	0.703187
155	46    	0.253384 	0.161064	-0.02     	0.703187
156	43    	0.270863 	0.13417 	0.0761909 	0.611517
157	48    	0.243947 	0.136658	-0.0175   	0.54413 
158	44    	0.239671 	0.133755	-0.0160001	0.544546
159	44    	0.268531 	0.127857	-0.01     	0.647982
160	46    	0.275163 	0.134902	-0.018    	0.647982
161	47    	0.233891 	0.15697 	-0.0171429	0.698443
162	50    	0.28229  	0.150628	-0.02     	0.706575
163	41    	0.315754 	0.163332	-0.0159999	0.706575
164	45    	0.29963  	0.172429	-0.0171429	0.706575
165	48    	0.265214 	0.153103	-0.0228571	0.700781
166	45    	0.250478 	0.150726	-0.0180001	0.753259
167	45    	0.262277 	0.161332	-0.02     	0.753259
168	45    	0.270718 	0.153052	-0.02     	0.753259
169	48    	0.261477 	0.147596	-0.02     	0.706119
170	42    	0.293437 	0.14495 	-0.0133333	0.649949
171	45    	0.302094 	0.178665	-0.0199999	0.740678
172	44    	0.270611 	0.204356	-0.02     	0.703714
173	48    	0.28173  	0.176018	-0.02     	0.706419
174	47    	0.232058 	0.175681	-0.02     	0.706419
175	46    	0.297161 	0.166217	-0.02     	0.75537 
176	48    	0.217712 	0.161981	-0.0177778	0.706419
177	43    	0.320998 	0.148828	-0.0175001	0.706419
178	49    	0.224102 	0.109737	-0.0177777	0.429111
179	46    	0.238887 	0.134807	-0.02     	0.534725
180	46    	0.281878 	0.149712	-0.0171428	0.598657
181	47    	0.25244  	0.157893	-0.02     	0.579264
182	47    	0.270644 	0.149712	-0.0233333	0.641533
183	49    	0.217384 	0.125926	-0.02     	0.56757 
184	48    	0.251377 	0.101752	-0.0175   	0.473275
185	48    	0.228304 	0.0946463	-0.0159976	0.425519
186	45    	0.25209  	0.104747 	-0.018    	0.49706 
187	46    	0.236968 	0.129573 	-0.0200001	0.530942
188	41    	0.286305 	0.108963 	-0.01     	0.530942
189	43    	0.258964 	0.123862 	-0.0175   	0.530942
190	46    	0.251368 	0.133257 	-0.0174999	0.618551
191	49    	0.26835  	0.117599 	-0.02     	0.489401
192	45    	0.253381 	0.154096 	-0.02     	0.716505
193	46    	0.279603 	0.175929 	-0.0175001	0.716505
194	47    	0.288147 	0.153797 	-0.02     	0.716505
195	45    	0.278061 	0.14237  	-0.0171429	0.716505
196	46    	0.294699 	0.149713 	-0.0175001	0.725062
197	47    	0.292822 	0.133443 	-0.0177778	0.716505
198	43    	0.268083 	0.125416 	0.0712697 	0.602032
199	47    	0.296722 	0.103412 	-0.01     	0.5102  
200	46    	0.313501 	0.106327 	0.106251  	0.57508 
201	48    	0.300547 	0.207436 	-1        	0.57508 
202	46    	0.294882 	0.1252   	-0.018    	0.608587
203	44    	0.322956 	0.13673  	-0.0166667	0.608587
204	46    	0.300811 	0.147414 	-0.0166667	0.615958
205	45    	0.27874  	0.147466 	-0.0184616	0.615958
206	46    	0.289095 	0.115465 	0.0828679 	0.615958
207	46    	0.293662 	0.142937 	-0.02     	0.647069
208	45    	0.288712 	0.166113 	-0.02     	0.709622
209	44    	0.318196 	0.168948 	-0.0133333	0.709622
210	48    	0.29631  	0.151808 	-0.0175002	0.698682
211	48    	0.303094 	0.118624 	0.0845955 	0.692686
212	47    	0.281559 	0.136517 	-0.015    	0.647069
213	43    	0.324747 	0.152919 	-0.02     	0.817772
214	45    	0.305236 	0.137476 	0.0965518 	0.647069
215	47    	0.274009 	0.129097 	-0.0150002	0.647069
216	47    	0.226952 	0.329416 	-1        	0.634364
217	46    	0.297442 	0.117219 	-0.0199998	0.610597
218	47    	0.261604 	0.336164 	-1        	0.556201
219	43    	0.283223 	0.283066 	-1        	0.58184 
220	45    	0.28629  	0.283081 	-1        	0.58184 
221	45    	0.219401 	0.320573 	-1        	0.543126
222	46    	0.272665 	0.274342 	-1        	0.585462
223	48    	0.182291 	0.445693 	-1        	0.621564
224	47    	0.267618 	0.197871 	-1        	0.44834 
225	45    	0.217657 	0.371052 	-1        	0.510068
226	46    	0.208783 	0.369166 	-1        	0.510068
227	48    	0.246293 	0.325989 	-1        	0.568657
228	47    	0.223008 	0.319936 	-1        	0.568657
229	45    	0.236706 	0.322362 	-1        	0.501373
230	47    	0.150264 	0.432885 	-1        	0.565601
231	48    	0.278068 	0.20036  	-1        	0.463006
232	47    	0.202948 	0.364681 	-1        	0.465075
233	46    	0.216379 	0.371799 	-1        	0.60601 
234	48    	0.0510182	0.562496 	-1        	0.524885
235	49    	-0.0559276	0.593086 	-1        	0.468657
236	46    	0.125997  	0.49661  	-1        	0.57928 
237	49    	0.0597106 	0.536767 	-1        	0.60907 
238	48    	0.0727765 	0.506269 	-1        	0.488316
239	45    	0.0176005 	0.545909 	-1        	0.56588 
240	42    	-0.0173124	0.61811  	-1        	0.56588 
241	45    	-0.176555 	0.64912  	-1        	0.56588 
242	47    	-0.123773 	0.630904 	-1        	0.474808
243	46    	-0.0342681	0.605622 	-1        	0.539183
244	48    	-0.0823404	0.633538 	-1        	0.524942
245	46    	-0.079514 	0.610168 	-1        	0.524942
246	46    	-0.0837008	0.634776 	-1        	0.553154
247	43    	-0.0841452	0.631921 	-1        	0.553154
248	46    	-0.0278987	0.610283 	-1        	0.553154
249	48    	-0.228515 	0.658884 	-1        	0.503317
250	46    	-0.202277 	0.633224 	-1        	0.454845
251	45    	-0.0513694	0.571375 	-1        	0.454845
252	41    	-0.0319847	0.581618 	-1        	0.487258
253	45    	0.0959032 	0.490371 	-1        	0.507879
254	44    	0.135327  	0.465529 	-1        	0.510339
255	44    	0.04547   	0.533617 	-1        	0.510339
256	47    	0.133314  	0.435297 	-1        	0.618219
257	48    	0.0324951 	0.494686 	-1        	0.455932
258	45    	0.0324146 	0.522765 	-1        	0.436125
259	45    	0.0705252 	0.50851  	-1        	0.474333
260	45    	0.0130135 	0.573013 	-1        	0.475008
261	50    	-0.152064 	0.639111 	-1        	0.488813
262	44    	0.136209  	0.465555 	-1        	0.488813
263	44    	0.137409  	0.466871 	-1        	0.538004
264	44    	0.210422  	0.413299 	-1        	0.538004
265	44    	0.0888588 	0.521403 	-1        	0.538004
266	47    	0.216579  	0.317656 	-1        	0.538004
267	48    	0.165113  	0.435929 	-1        	0.472723
268	50    	0.217313  	0.314837 	-1        	0.437218
269	46    	0.272601  	0.269544 	-1        	0.489536
270	49    	0.127348  	0.458423 	-1        	0.424373
271	47    	0.279128  	0.196382 	-1        	0.439661
272	47    	0.26304   	0.266628 	-1        	0.463938
273	45    	0.265817  	0.271415 	-1        	0.601378
274	45    	0.23516   	0.373314 	-1        	0.601378
275	47    	0.289098  	0.202437 	-1        	0.601378
276	46    	0.290178  	0.203265 	-1        	0.592174
277	47    	0.246927  	0.327314 	-1        	0.592174
278	46    	0.334597  	0.0880884	0.144998  	0.592174
279	47    	0.207596  	0.363903 	-1        	0.592174
280	47    	-0.0245208	0.586047 	-1        	0.592174
281	48    	0.284256  	0.281149 	-1        	0.592174
282	47    	0.303826  	0.211517 	-1        	0.592174
283	47    	0.28708   	0.275115 	-1        	0.592174
284	46    	0.188019  	0.404808 	-1        	0.592174
285	47    	0.176806  	0.448892 	-1        	0.592174
286	49    	0.0855479 	0.481847 	-1        	0.492779
287	44    	0.265973  	0.272626 	-1        	0.492779
288	43    	0.0893069 	0.515086 	-1        	0.453997
289	44    	0.256962  	0.271252 	-1        	0.492194
290	48    	0.162199  	0.432779 	-1        	0.449559
291	43    	0.0303843 	0.550941 	-1        	0.449559
292	47    	-0.0262782	0.580822 	-1        	0.464112
293	47    	0.13442   	0.501221 	-1        	0.612675
294	48    	-0.0324107	0.580477 	-1        	0.612675
295	45    	0.261849  	0.277957 	-1        	0.612675
296	49    	0.256282  	0.273739 	-1        	0.612675
297	46    	0.266728  	0.275228 	-1        	0.612675
298	45    	0.26543   	0.203691 	-1        	0.612675
299	45    	0.324289  	0.112318 	0.112116  	0.612675
300	41    	0.259664  	0.340856 	-1        	0.612675
301	46    	0.331062  	0.123838 	0.120832  	0.612675
302	47    	0.317877  	0.0976338	0.150638  	0.612675
303	47    	0.29014   	0.209641 	-1        	0.612675
304	45    	0.200625  	0.361559 	-1        	0.478482
305	44    	0.315553  	0.0968082	-0.0174999	0.478482
306	44    	0.208682  	0.366565 	-1        	0.478482
307	46    	0.252109  	0.268412 	-1        	0.478482
308	45    	0.240765  	0.324525 	-1        	0.564327
309	49    	0.26045   	0.268214 	-1        	0.478745
310	49    	0.212575  	0.321998 	-1        	0.55905 
311	48    	0.247585  	0.267625 	-1        	0.452103
312	46    	0.248745  	0.325083 	-1        	0.505389
313	48    	0.128636  	0.461799 	-1        	0.463117
314	48    	0.177388  	0.400017 	-1        	0.486599
315	48    	0.252068  	0.274867 	-1        	0.462711
316	46    	0.24497   	0.329433 	-1        	0.572277
317	49    	0.223997  	0.317872 	-1        	0.518121
318	47    	0.260245  	0.196939 	-1        	0.427358
319	48    	0.27427   	0.203974 	-1        	0.483223
320	46    	0.309513  	0.0877344	0.135667  	0.530458
321	48    	0.198329  	0.365799 	-1        	0.569004
322	40    	0.201218  	0.454636 	-1        	0.679141
323	45    	0.293529  	0.211854 	-1        	0.679141
324	48    	0.262352  	0.279123 	-1        	0.679141
325	47    	0.296875  	0.101932 	0.130271  	0.679141
326	44    	0.277749  	0.276512 	-1        	0.679141
327	49    	0.237327  	0.197624 	-1        	0.437222
328	46    	0.271496  	0.200657 	-1        	0.498279
329	48    	0.274661  	0.0880811	0.08509   	0.48351 
330	48    	0.231615  	0.321005 	-1        	0.493451
331	46    	0.299324  	0.202102 	-1        	0.503288
332	47    	0.223036  	0.320529 	-1        	0.503288
333	45    	0.172182  	0.405673 	-1        	0.634828
334	45    	0.0564565 	0.507948 	-1        	0.634828
335	44    	0.300788  	0.0980256	0.148445  	0.634828
336	45    	0.268027  	0.223672 	-1        	0.634828
337	48    	0.292893  	0.135295 	-0.015    	0.634828
338	44    	0.293223  	0.121022 	-0.02     	0.623102
339	49    	0.299728  	0.117872 	-0.02     	0.676375
340	46    	0.271174  	0.220551 	-1        	0.650508
341	48    	0.256478  	0.155458 	-0.02     	0.650508
342	44    	0.278067  	0.15898  	-0.0174999	0.650508
343	44    	0.324843  	0.175346 	-0.02     	0.650508
344	48    	0.236941  	0.158477 	-0.02     	0.729582
345	46    	0.228235  	0.188398 	-0.02     	0.729582
346	47    	0.244484  	0.163218 	-0.0171429	0.698282
347	48    	0.20786   	0.146841 	-0.02     	0.698282
348	46    	0.277167  	0.149782 	-0.0171429	0.698282
349	45    	0.276485  	0.165206 	-0.0177779	0.724059
350	45    	0.256685  	0.144489 	-0.0200001	0.724059
351	46    	0.221635  	0.188521 	-0.02     	0.724059
352	48    	0.265403  	0.18965  	-0.0175   	0.728702
353	46    	0.239274  	0.201496 	-0.0175   	0.728702
354	46    	0.23861   	0.189724 	-0.02     	0.728702
355	48    	0.262492  	0.201223 	-0.02     	0.728702
356	48    	0.278414  	0.185188 	-0.02     	0.809777
357	48    	0.22518   	0.159935 	-0.0200001	0.606717
358	45    	0.203105  	0.150724 	-0.0175001	0.610194
359	48    	0.278099  	0.13119  	-0.02     	0.647571
360	43    	0.296795  	0.156366 	-0.02     	0.702607
361	44    	0.325893  	0.140604 	-0.0171428	0.702607
362	48    	0.282204  	0.124756 	-0.0171428	0.607534
363	47    	0.286481  	0.122117 	-0.02     	0.615258
364	43    	0.286514  	0.219457 	-1        	0.612507
365	49    	0.278314  	0.105558 	0.0920537 	0.612507
366	46    	0.259702  	0.121617 	-0.02     	0.496471
367	42    	0.269794  	0.215334 	-1        	0.571787
368	43    	0.284945  	0.142491 	-0.02     	0.576062
369	47    	0.263558  	0.149151 	-0.0171429	0.576062
370	45    	0.28448   	0.16181  	-0.0175   	0.71912 
371	47    	0.266236  	0.162957 	-0.0177778	0.71933 
372	46    	0.250606  	0.15412  	-0.02     	0.643971
373	43    	0.305238  	0.168151 	-0.0181818	0.65544 
374	47    	0.325757  	0.171806 	0.0612576 	0.733223
375	49    	0.283361  	0.175574 	-0.02     	0.728476
376	44    	0.293128  	0.180793 	-0.02     	0.728476
377	49    	0.278838  	0.166209 	-0.0171429	0.839353
378	48    	0.25221   	0.153955 	-0.0171429	0.839353
379	42    	0.315863  	0.218936 	-0.0171428	0.839353
380	47    	0.219328  	0.213736 	-0.0200001	0.839353
381	43    	0.291434  	0.222853 	-0.0175   	0.839353
382	48    	0.254305  	0.15966  	-0.0233333	0.69289 
383	49    	0.25857   	0.125706 	-0.0149999	0.589595
384	44    	0.24942   	0.141023 	-0.018    	0.589595
385	48    	0.233497  	0.141273 	-0.02     	0.579925
386	42    	0.276249  	0.164674 	-0.02     	0.579925
387	44    	0.270917  	0.15851  	-0.0166667	0.581854
388	48    	0.27349   	0.11116  	0.0827397 	0.581854
389	45    	0.262861  	0.130171 	-0.0175   	0.562309
390	45    	0.269175  	0.135687 	-0.02     	0.500379
391	46    	0.294943  	0.124803 	0.0585306 	0.64033 
392	47    	0.281636  	0.123292 	0.0724454 	0.685955
393	46    	0.285539  	0.124822 	0.0905768 	0.685955
394	45    	0.277675  	0.127374 	-0.0133334	0.685955
395	48    	0.303578  	0.120089 	0.0914121 	0.64033 
396	45    	0.311606  	0.129047 	0.0944217 	0.64033 
397	46    	0.296583  	0.120191 	0.0858028 	0.64033 
398	43    	0.274911  	0.141195 	-0.02     	0.64033 
399	48    	0.211932  	0.139202 	-0.0175   	0.621892
400	48    	0.220049  	0.132476 	-0.02     	0.621892
401	40    	0.275169  	0.108421 	0.0549002 	0.621892
402	46    	0.278324  	0.114179 	-0.0133334	0.558529
403	45    	0.283443  	0.112862 	0.0534285 	0.524297
404	45    	0.282394  	0.102967 	0.0759102 	0.489779
405	45    	0.301197  	0.113121 	0.0802734 	0.623954
406	43    	0.289585  	0.215851 	-1        	0.509341
407	45    	0.309987  	0.0934993	0.138427  	0.561238
408	44    	0.266397  	0.203962 	-1        	0.522576
409	45    	0.274851  	0.213782 	-1        	0.550892
410	45    	0.286805  	0.210528 	-1        	0.656453
411	43    	0.303597  	0.217509 	-1        	0.656453
412	47    	0.25628   	0.285602 	-1        	0.656453
413	44    	0.317203  	0.113715 	0.133018  	0.656453
414	45    	0.351678  	0.118056 	0.152881  	0.656453
415	47    	0.284458  	0.212922 	-1        	0.593668
416	45    	0.288954  	0.212217 	-1        	0.512306
417	47    	0.308868  	0.110506 	0.0545701 	0.571233
418	47    	0.315758  	0.108656 	-0.01     	0.515086
419	44    	0.309216  	0.127954 	-0.0160002	0.584991
420	49    	0.259682  	0.273902 	-1        	0.51789 
421	44    	0.234347  	0.331682 	-1        	0.642388
422	45    	0.255524  	0.281251 	-1        	0.642388
423	48    	0.267758  	0.116809 	-0.02     	0.546299
424	47    	0.280983  	0.121061 	-0.0133334	0.494454
425	45    	0.289591  	0.209941 	-1        	0.509772
426	47    	0.259444  	0.276095 	-1        	0.532649
427	47    	0.268539  	0.208532 	-1        	0.532649
428	49    	0.301368  	0.0908468	-0.0218181	0.581368
429	46    	0.218912  	0.275625 	-1        	0.581368
430	48    	0.292742  	0.131596 	-0.0171429	0.812083
431	46    	0.253604  	0.142947 	-0.0166668	0.652995
432	44    	0.273858  	0.15976  	-0.0171428	0.652995
433	46    	0.235933  	0.13911  	-0.0171428	0.652995
434	47    	0.24426   	0.146512 	-0.0199999	0.652995
435	49    	0.236476  	0.146303 	-0.0160003	0.606475
436	45    	0.244994  	0.144533 	-0.02     	0.606475
437	48    	0.243066  	0.154878 	-0.02     	0.558081
438	45    	0.253334  	0.145752 	-0.0175   	0.605775
439	45    	0.23263   	0.166323 	-0.0171429	0.616141
440	45    	0.297895  	0.170518 	-0.0175   	0.703401
441	45    	0.253557  	0.167758 	-0.0166666	0.703401
442	43    	0.267256  	0.207288 	-0.02     	0.813756
443	46    	0.212151  	0.214262 	-0.0166667	0.813756
444	44    	0.244863  	0.215422 	-0.02     	0.813756
445	47    	0.22844   	0.199806 	-0.0171429	0.704681
446	45    	0.224306  	0.205222 	-0.02     	0.704681
447	47    	0.2281    	0.186923 	-0.0171429	0.704681
448	47    	0.233138  	0.182641 	-0.02     	0.729753
449	45    	0.291016  	0.183846 	-0.016    	0.812083
450	48    	0.236058  	0.172848 	-0.02     	0.614212
451	43    	0.242248  	0.200979 	-0.02     	0.615809
452	44    	0.298492  	0.191398 	-0.0166666	0.615809
453	48    	0.186579  	0.171264 	-0.0175001	0.615809
454	47    	0.235621  	0.159141 	-0.02     	0.615809
455	47    	0.201018  	0.163226 	-0.0177778	0.614105
456	46    	0.277269  	0.173194 	-0.02     	0.706312
457	41    	0.287148  	0.199127 	-0.02     	0.706312
458	49    	0.253381  	0.169725 	-0.0177778	0.615368
459	43    	0.254931  	0.175351 	-0.02     	0.615368
460	48    	0.282378  	0.158372 	-0.016    	0.65639 
461	45    	0.240205  	0.222493 	-0.0171429	0.732505
462	48    	0.217472  	0.15535  	-0.0175   	0.654276
463	47    	0.181848  	0.136235 	-0.02     	0.509758
464	45    	0.250661  	0.141429 	-0.02     	0.575496
465	47    	0.236927  	0.121344 	-0.0199999	0.522997
466	47    	0.277797  	0.135993 	-0.0159999	0.705828
467	45    	0.274287  	0.147628 	-0.0166667	0.705828
468	47    	0.233596  	0.155264 	-0.018    	0.705828
469	48    	0.222053  	0.165759 	-0.017143 	0.729753
470	49    	0.243676  	0.161455 	-0.02     	0.729753
471	46    	0.237479  	0.209193 	-0.02     	0.812825
472	47    	0.301784  	0.231049 	-0.02     	0.812083
473	46    	0.226644  	0.219521 	-0.0200001	0.812083
474	46    	0.235141  	0.203325 	-0.02     	0.813756
475	48    	0.201487  	0.185143 	-0.02     	0.812083
476	47    	0.194198  	0.175592 	-0.0166667	0.812825
477	45    	0.216089  	0.215316 	-0.02     	0.812825
478	46    	0.249257  	0.20581  	-0.0177777	0.812825
479	44    	0.274914  	0.249707 	-0.02     	0.812977
480	44    	0.263796  	0.257057 	-0.02     	0.812825
481	48    	0.198972  	0.203456 	-0.02     	0.812977
482	43    	0.280202  	0.190389 	-0.0171428	0.812977
483	47    	0.221899  	0.188808 	-0.0175   	0.812977
484	43    	0.25672   	0.195747 	-0.0174999	0.812977
485	47    	0.182283  	0.181426 	-0.0171429	0.812977
486	45    	0.225652  	0.180425 	-0.0171428	0.812977
487	48    	0.169366  	0.159805 	-0.0179999	0.580183
488	46    	0.214758  	0.170866 	-0.017143 	0.580183
489	45    	0.264122  	0.164335 	-0.0175   	0.650465
490	42    	0.309172  	0.171739 	-0.0177778	0.650465
491	45    	0.291278  	0.179861 	-0.0199999	0.650465
492	48    	0.245655  	0.175984 	-0.0177779	0.703466
493	46    	0.270564  	0.156093 	-0.02     	0.616745
494	44    	0.251919  	0.149292 	-0.02     	0.580218
495	47    	0.248194  	0.176003 	-0.02     	0.61624 
496	46    	0.260683  	0.178173 	-0.02     	0.617297
497	46    	0.257192  	0.151122 	-0.02     	0.617297
498	50    	0.215763  	0.152602 	-0.02     	0.70714 
499	46    	0.245128  	0.174928 	-0.02     	0.64416 
500	49    	0.189224  	0.141806 	-0.02     	0.615987
501	43    	0.227205  	0.142313 	-0.02     	0.615987
502	45    	0.196971  	0.157507 	-0.0175   	0.615987
503	46    	0.233446  	0.126991 	-0.0166667	0.581321
504	46    	0.258267  	0.137552 	-0.02     	0.615138
505	39    	0.301642  	0.179007 	-0.02     	0.615138
506	45    	0.250512  	0.160479 	-0.02     	0.615138
507	45    	0.263223  	0.195703 	-0.02     	0.677517
508	46    	0.279972  	0.158941 	-0.0159995	0.730155
509	46    	0.264597  	0.195332 	-0.02     	0.789847
510	46    	0.265969  	0.158564 	-0.0175   	0.789847
511	47    	0.235053  	0.165285 	-0.02     	0.789847
512	48    	0.237947  	0.180054 	-0.0175   	0.790244
513	43    	0.270685  	0.172854 	-0.0175   	0.657932
514	47    	0.290081  	0.149209 	-0.0183333	0.686255
515	44    	0.220987  	0.190494 	-0.0222222	0.686255
516	49    	0.229179  	0.154268 	-0.02     	0.744127
517	44    	0.263962  	0.169142 	-0.02     	0.744127
518	47    	0.263937  	0.181435 	-0.02     	0.686255
519	44    	0.290302  	0.137737 	-0.02     	0.686255
520	46    	0.285975  	0.153421 	-0.0171428	0.699767
521	45    	0.260665  	0.164705 	-0.0181818	0.699767
522	49    	0.240514  	0.136442 	-0.018    	0.514348
523	46    	0.254755  	0.149721 	-0.02     	0.597842
524	44    	0.221146  	0.172206 	-0.02     	0.517655
525	50    	0.229716  	0.151211 	-0.0166667	0.653963
526	48    	0.211233  	0.11732  	-0.016    	0.51442 
527	44    	0.249672  	0.122702 	-0.0177778	0.514329
528	47    	0.218446  	0.222749 	-1        	0.514537
529	47    	0.215953  	0.234292 	-1        	0.556228
530	44    	0.145982  	0.238124 	-1        	0.556228
531	44    	0.224068  	0.155794 	-0.0175   	0.556228
532	48    	0.239403  	0.145797 	-0.02     	0.813708
533	44    	0.237732  	0.154836 	-0.02     	0.813708
534	43    	0.244303  	0.168121 	-0.0175   	0.813708
535	45    	0.235747  	0.163119 	-0.0177778	0.813708
536	45    	0.234031  	0.224851 	-0.0166667	0.813756
537	46    	0.19211   	0.194703 	-0.02     	0.813708
538	45    	0.24646   	0.220782 	-0.02     	0.813708
539	46    	0.241417  	0.232468 	-0.0174999	0.813708
540	46    	0.244056  	0.212801 	-0.0171429	0.813708
541	45    	0.213658  	0.188231 	-0.0171429	0.732214
542	46    	0.248709  	0.18737  	-0.02     	0.732214
543	48    	0.235853  	0.180256 	-0.0171429	0.812825
544	48    	0.23718   	0.163003 	-0.0171429	0.812977
545	45    	0.171049  	0.171395 	-0.0171429	0.586931
546	47    	0.204779  	0.17029  	-0.0175001	0.55971 
547	47    	0.225323  	0.18009  	-0.0171429	0.653395
548	48    	0.219011  	0.160497 	-0.02     	0.604647
549	47    	0.201966  	0.166338 	-0.02     	0.604647
550	48    	0.201946  	0.13136  	-0.0171429	0.604647
551	45    	0.209257  	0.141663 	-0.0171429	0.413241
552	46    	0.240221  	0.142423 	-0.02     	0.710453
553	45    	0.228407  	0.14576  	-0.02     	0.646968
554	47    	0.248399  	0.152374 	-0.0171428	0.646968
555	46    	0.271676  	0.144569 	-0.0133337	0.646968
556	48    	0.262961  	0.117689 	-0.0160001	0.588462
557	48    	0.255351  	0.117312 	-0.0175   	0.604848
558	46    	0.244769  	0.131775 	-0.02     	0.604848
559	45    	0.278691  	0.141444 	-0.015    	0.604848
560	48    	0.239983  	0.139093 	-0.0177778	0.642502
561	44    	0.251489  	0.126209 	-0.02     	0.465982
562	46    	0.220845  	0.133464 	-0.02     	0.472162
563	45    	0.271278  	0.117543 	-0.0175   	0.558458
564	47    	0.270435  	0.131786 	-0.0166667	0.558458
565	47    	0.241701  	0.116375 	-0.0171429	0.558458
566	45    	0.242839  	0.121327 	-0.0177778	0.615171
567	46    	0.241247  	0.130175 	-0.0171429	0.547682
568	46    	0.26988   	0.111912 	0.0862998 	0.488312
569	41    	0.259858  	0.128101 	-0.02     	0.487925
570	48    	0.272064  	0.132169 	-0.02     	0.615564
571	45    	0.278862  	0.124914 	-0.0133334	0.615564
572	45    	0.239311  	0.148364 	-0.02     	0.539723
573	47    	0.22258   	0.159721 	-0.02     	0.664261
574	44    	0.277995  	0.230368 	-1        	0.576158
575	45    	0.315247  	0.122471 	-0.0200001	0.576158
576	47    	0.194596  	0.415508 	-1        	0.597897
577	43    	0.206842  	0.382948 	-1        	0.576158
578	45    	0.265104  	0.335832 	-1        	0.576158
579	47    	0.0716638 	0.511547 	-1        	0.575358
580	46    	0.185114  	0.401132 	-1        	0.482049
581	44    	0.228367  	0.323828 	-1        	0.535936
582	44    	0.219668  	0.325532 	-1        	0.482049
583	47    	0.224325  	0.323655 	-1        	0.616174
584	48    	0.283153  	0.206283 	-1        	0.616174
585	47    	0.221947  	0.2674   	-1        	0.495093
586	50    	0.302818  	0.0719654	0.12991   	0.509161
587	48    	0.299067  	0.0909915	0.11272   	0.576129
588	48    	0.114211  	0.45696  	-1        	0.475179
589	47    	0.233172  	0.324257 	-1        	0.461822
590	48    	0.205291  	0.363962 	-1        	0.461822
591	47    	0.248696  	0.271418 	-1        	0.533025
592	50    	0.214681  	0.364179 	-1        	0.47444 
593	46    	0.181206  	0.40478  	-1        	0.496584
594	46    	0.198197  	0.369924 	-1        	0.492265
595	45    	0.206357  	0.366295 	-1        	0.492265
596	44    	0.15091   	0.401744 	-1        	0.492265
597	45    	0.118399  	0.494338 	-1        	0.492265
598	46    	0.163668  	0.439682 	-1        	0.502565
599	45    	0.200262  	0.407042 	-1        	0.506166
600	46    	0.013334  	0.577175 	-1        	0.556032
601	47    	0.0641608 	0.536073 	-1        	0.547783
602	46    	0.00939271	0.543804 	-1        	0.547783
603	48    	0.256626  	0.270056 	-1        	0.48578 
604	44    	0.27089   	0.271576 	-1        	0.501582
605	47    	0.152838  	0.43546  	-1        	0.533004
606	45    	0.290358  	0.214217 	-1        	0.533004
607	49    	0.290892  	0.211018 	-1        	0.557953
608	44    	0.29958   	0.132277 	-0.0180001	0.557953
609	44    	0.329848  	0.140549 	0.0638263 	0.63707 
610	46    	0.302311  	0.123558 	0.0656837 	0.63707 
611	48    	0.266886  	0.111301 	-0.0160001	0.562247
612	46    	0.254861  	0.220745 	-1        	0.568927
613	45    	0.308524  	0.110352 	0.111213  	0.568927
614	42    	0.304531  	0.121914 	0.0855511 	0.568927
615	44    	0.29648   	0.115541 	-0.01     	0.568927
616	48    	0.273478  	0.128286 	-0.0171429	0.599975
617	49    	0.286732  	0.0948516	-0.016    	0.492954
618	46    	0.312921  	0.084398 	0.140476  	0.508997
619	43    	0.331286  	0.111416 	0.105955  	0.536264
620	49    	0.323083  	0.0876272	0.136362  	0.538998
621	46    	0.286198  	0.105754 	-0.0166667	0.550885
622	50    	0.256821  	0.0816896	0.0852228 	0.468004
623	47    	0.273467  	0.0921451	-0.0174999	0.472527
624	46    	0.27276   	0.0862498	0.0700277 	0.435609
625	45    	0.234411  	0.321043 	-1        	0.469173
626	48    	0.288203  	0.0768316	0.108716  	0.435609
627	40    	0.305438  	0.199722 	-1        	0.501226
628	43    	0.32017   	0.090983 	0.130717  	0.52659 
629	47    	0.323878  	0.0807174	0.196615  	0.626683
630	43    	0.294404  	0.112365 	-0.02     	0.626683
631	44    	0.307247  	0.117888 	-0.0160001	0.626683
632	48    	0.190142  	0.369435 	-1        	0.626683
633	47    	0.277705  	0.146705 	-0.02     	0.642739
634	47    	0.237124  	0.141931 	-0.0171428	0.642739
635	45    	0.318519  	0.0806415	0.0889044 	0.476091
636	44    	0.312339  	0.120065 	-0.0166667	0.508987
637	47    	0.235715  	0.273867 	-1        	0.523298
638	48    	0.245121  	0.267588 	-1        	0.479055
639	45    	0.250166  	0.270001 	-1        	0.4713  
640	48    	0.278024  	0.201327 	-1        	0.495328
641	46    	0.14372   	0.46801  	-1        	0.480723
642	41    	0.248027  	0.331467 	-1        	0.502186
643	48    	0.245212  	0.271879 	-1        	0.517784
644	49    	0.0915159 	0.480891 	-1        	0.517784
645	49    	0.137617  	0.423983 	-1        	0.430366
646	48    	0.147572  	0.428646 	-1        	0.465609
647	45    	0.210685  	0.319096 	-1        	0.465609
648	46    	0.195511  	0.368785 	-1        	0.51437 
649	46    	0.265452  	0.271589 	-1        	0.541092
650	43    	0.26101   	0.331979 	-1        	0.541092
651	45    	0.291227  	0.209837 	-1        	0.533403
652	44    	0.261131  	0.327022 	-1        	0.533403
653	46    	0.287968  	0.206111 	-1        	0.458808
654	43    	0.270267  	0.276649 	-1        	0.607105
655	44    	0.275749  	0.282613 	-1        	0.607105
656	48    	0.0624785 	0.50349  	-1        	0.511794
657	42    	0.317315  	0.0995233	-0.0166667	0.511794
658	46    	0.266072  	0.273345 	-1        	0.573797
659	47    	0.255314  	0.268837 	-1        	0.511794
660	46    	0.273038  	0.272437 	-1        	0.517282
661	46    	0.247165  	0.267718 	-1        	0.517282
662	48    	0.267209  	0.270137 	-1        	0.496559
663	45    	0.0976844 	0.489624 	-1        	0.584929
664	46    	0.10581   	0.49263  	-1        	0.611728
665	49    	0.000130617	0.565437 	-1        	0.496559
666	47    	0.0127545  	0.543667 	-1        	0.478211
667	48    	0.123266   	0.4628   	-1        	0.54283 
668	44    	0.197157   	0.364286 	-1        	0.525503
669	45    	0.166727   	0.439398 	-1        	0.563323
670	48    	0.18225    	0.404766 	-1        	0.563323
671	47    	0.273462   	0.206057 	-1        	0.557929
672	44    	0.216573   	0.370669 	-1        	0.683619
673	45    	0.316511   	0.0927373	0.121936  	0.683619
674	43    	0.26674    	0.283622 	-1        	0.683619
675	47    	0.304435   	0.224117 	-1        	0.683619
676	45    	0.319691   	0.131986 	-0.0216667	0.683619
677	44    	0.332656   	0.12259  	0.144128  	0.683619
678	48    	0.252068   	0.275391 	-1        	0.683619
679	47    	0.187924   	0.403336 	-1        	0.494464
680	42    	0.187893   	0.444556 	-1        	0.49473 
681	45    	0.0719647  	0.507138 	-1        	0.494464
682	47    	0.310447   	0.203492 	-1        	0.551907
683	45    	0.206405   	0.408362 	-1        	0.478583
684	46    	0.239715   	0.324574 	-1        	0.501246
685	45    	0.155569   	0.475216 	-1        	0.643139
686	42    	0.214246   	0.413525 	-1        	0.643139
687	41    	0.323841   	0.20933  	-1        	0.643139
688	44    	0.297203   	0.283115 	-1        	0.711751
689	46    	0.298653   	0.118057 	-0.015    	0.711751
690	47    	0.291536   	0.222248 	-1        	0.711751
691	44    	0.316773   	0.156737 	0.0988649 	0.711751
692	46    	0.308771   	0.148214 	0.0868838 	0.711751
693	46    	0.275419   	0.12269  	0.114221  	0.711751
694	47    	0.272771   	0.1371   	-0.0181819	0.711751
695	46    	0.303579   	0.150827 	0.0473558 	0.787696
696	46    	0.286139   	0.153348 	-0.0177778	0.787696
697	47    	0.276795   	0.170786 	-0.016664 	0.787696
698	46    	0.317042   	0.191959 	-0.0181818	0.8672  
699	47    	0.290993   	0.153712 	-0.0133333	0.766092
700	48    	0.285744   	0.150481 	-0.0175   	0.642997
701	43    	0.303576   	0.135471 	-0.00670266	0.642997
702	49    	0.272335   	0.147577 	-0.02      	0.61554 
703	46    	0.275845   	0.116205 	-0.018     	0.601936
704	48    	0.256644   	0.117627 	-0.0200001 	0.617247
705	45    	0.260147   	0.139936 	-0.0177778 	0.557175
706	46    	0.273403   	0.126065 	-0.0199999 	0.58947 
707	47    	0.256552   	0.0923257	0.0697508  	0.530292
708	47    	0.279347   	0.0970245	0.090173   	0.530292
709	46    	0.261996   	0.132896 	-0.0222222 	0.530292
710	48    	0.248929   	0.137298 	-0.02      	0.689533
711	45    	0.266714   	0.106968 	0.0851977  	0.493729
712	44    	0.270115   	0.124677 	-0.02      	0.493729
713	48    	0.229235   	0.111306 	-0.02      	0.452437
714	48    	0.237501   	0.119219 	-0.02      	0.41905 
715	47    	0.287903   	0.119386 	-0.0199999 	0.611314
716	44    	0.314168   	0.133715 	-0.016     	0.611314
717	44    	0.290867   	0.121866 	-0.02      	0.611314
718	49    	0.288328   	0.115503 	-0.0171428 	0.562361
719	40    	0.305561   	0.130898 	-0.02      	0.562361
720	46    	0.26094    	0.153571 	-0.018     	0.711365
721	46    	0.282666   	0.154959 	0.0671256  	0.733427
722	48    	0.263782   	0.164521 	-0.0177778 	0.711365
723	45    	0.278374   	0.147878 	-0.0200001 	0.711365
724	46    	0.295477   	0.141962 	-0.02      	0.699267
725	47    	0.275493   	0.109988 	0.0443731  	0.483823
726	46    	0.310581   	0.142646 	0.0580468  	0.631864
727	47    	0.282248   	0.120111 	-0.02      	0.631864
728	45    	0.270871   	0.131027 	-0.02      	0.56518 
729	45    	0.279065   	0.111054 	-0.0133334 	0.516071
730	47    	0.284983   	0.115248 	-0.0150001 	0.610961
731	44    	0.258205   	0.137108 	-0.0181818 	0.683142
732	44    	0.294966   	0.141844 	0.0898522  	0.683142
733	44    	0.303204   	0.159794 	-0.016     	0.683142
734	48    	0.241392   	0.120801 	-0.0171429 	0.683142
735	45    	0.272146   	0.117502 	-0.015     	0.53369 
736	45    	0.255859   	0.114762 	-0.0133332 	0.466181
737	44    	0.256927   	0.106871 	-0.0171428 	0.470801
738	46    	0.269204   	0.113332 	-0.0183334 	0.471246
739	49    	0.306765   	0.100203 	0.0740976  	0.49994 
740	47    	0.275056   	0.10707  	-0.0133333 	0.49994 
741	49    	0.252196   	0.098885 	-0.018     	0.473038
742	44    	0.308271   	0.101958 	0.0113252  	0.519346
743	46    	0.326345   	0.112862 	0.0757375  	0.641249
744	47    	0.319865   	0.20871  	-1         	0.54916 
745	47    	0.276182   	0.20486  	-1         	0.54916 
746	48    	0.118991   	0.458217 	-1         	0.484831
747	43    	0.314774   	0.0969657	0.106412   	0.49648 
748	45    	0.155672   	0.440166 	-1         	0.540336
749	48    	0.142405   	0.43034  	-1         	0.490809
750	45    	0.262692   	0.270489 	-1         	0.481009
751	46    	0.157532   	0.434407 	-1         	0.49145 
752	45    	0.18646    	0.405005 	-1         	0.493139
753	48    	0.302592   	0.0943198	0.105195   	0.566001
754	47    	0.16349    	0.437307 	-1         	0.509027
755	48    	0.312943   	0.116778 	-0.02      	0.630949
756	46    	0.111497   	0.493055 	-1         	0.630949
757	48    	0.198085   	0.364746 	-1         	0.630949
758	48    	0.233098   	0.322777 	-1         	0.630949
759	45    	0.228156   	0.322431 	-1         	0.471713
760	47    	0.101385   	0.487088 	-1         	0.477597
761	46    	0.129681   	0.464545 	-1         	0.471713
762	47    	0.24922    	0.327987 	-1         	0.734946
763	41    	0.246198   	0.332186 	-1         	0.734946
764	45    	0.263496   	0.199744 	-1         	0.468323
765	47    	0.199158   	0.369119 	-1         	0.61023 
766	43    	0.253872   	0.334519 	-1         	0.61023 
767	48    	0.277121   	0.274625 	-1         	0.61023 
768	46    	0.241319   	0.322913 	-1         	0.44991 
769	45    	0.258683   	0.267181 	-1         	0.44991 
770	48    	0.260407   	0.273138 	-1         	0.507507
771	45    	0.24406    	0.329091 	-1         	0.632427
772	45    	0.247907   	0.277065 	-1         	0.53584 
773	47    	0.292514   	0.206857 	-1         	0.53584 
774	44    	0.309605   	0.116547 	0.118552   	0.669917
775	46    	0.312466   	0.125823 	0.124508   	0.669917
776	48    	0.294547   	0.130474 	-0.02      	0.581188
777	46    	0.26128    	0.131808 	-0.0166664 	0.482254
778	43    	0.162056   	0.443164 	-1         	0.505201
779	48    	0.283801   	0.199817 	-1         	0.496551
780	42    	0.161489   	0.398596 	-1         	0.497734
781	44    	0.211813   	0.320956 	-1         	0.497734
782	46    	0.232758   	0.271256 	-1         	0.497734
783	45    	0.149363   	0.436306 	-1         	0.497734
784	46    	0.154458   	0.437745 	-1         	0.583036
785	44    	0.128247   	0.47179  	-1         	0.583036
786	40    	0.160696   	0.451659 	-1         	0.583036
787	48    	0.0661875  	0.453201 	-1         	0.518157
788	46    	0.0210543  	0.525248 	-1         	0.553799
789	45    	0.0536909  	0.565515 	-1         	0.518157
790	48    	-0.155566  	0.636039 	-1         	0.507198
791	45    	0.043479   	0.526321 	-1         	0.507198
792	44    	0.195614   	0.406396 	-1         	0.507198
793	48    	0.138644   	0.428915 	-1         	0.445762
794	44    	0.255533   	0.267337 	-1         	0.460219
795	49    	0.213315   	0.316623 	-1         	0.48353 
796	47    	0.283894   	0.21088  	-1         	0.560088
797	47    	0.297171   	0.0866913	0.122976   	0.445117
798	47    	0.218473   	0.320507 	-1         	0.484248
799	45    	0.27262    	0.203483 	-1         	0.457079
800	49    	0.262327   	0.206397 	-1         	0.461186
801	43    	0.324483   	0.0903448	0.0756754  	0.5124  
802	44    	0.292904   	0.0967027	0.13091    	0.529361
803	46    	0.321213   	0.100935 	0.107233   	0.576056
804	46    	0.287529   	0.212299 	-1         	0.550615
805	45    	0.280498   	0.214639 	-1         	0.550615
806	47    	0.285282   	0.0884052	0.11315    	0.529361
807	48    	0.269039   	0.117993 	-0.02      	0.529361
808	48    	0.282227   	0.0903762	-0.02      	0.450053
809	44    	0.281337   	0.208144 	-1         	0.500584
810	47    	0.273331   	0.101664 	0.056827   	0.468376
811	42    	0.296336   	0.214657 	-1         	0.592693
812	47    	0.262634   	0.275342 	-1         	0.592693
813	44    	0.302587   	0.211839 	-1         	0.592693
814	40    	0.208574   	0.414006 	-1         	0.592693
815	45    	0.17443    	0.446124 	-1         	0.592693
816	47    	0.107128   	0.491857 	-1         	0.544858
817	43    	0.204827   	0.364236 	-1         	0.544858
818	45    	0.29039    	0.213831 	-1         	0.651057
819	44    	0.307221   	0.223179 	-1         	0.651057
820	46    	0.286671   	0.132575 	-0.0171428 	0.651057
821	46    	0.193258   	0.379612 	-1         	0.651057
822	47    	0.24114    	0.28356  	-1         	0.651057
823	45    	0.303556   	0.15764  	-0.0159976 	0.813756
824	43    	0.278591   	0.181044 	-0.018     	0.813756
825	47    	0.265018   	0.150603 	-0.02      	0.598255
826	47    	0.249109   	0.134591 	-0.0199999 	0.598255
827	46    	0.29835    	0.132112 	-0.0171429 	0.598255
828	47    	0.308182   	0.110111 	0.0900378  	0.598255
829	48    	0.276023   	0.0943163	0.0899258  	0.598255
830	45    	0.304393   	0.111354 	0.105005   	0.598255
831	45    	0.284982   	0.114711 	0.0766501  	0.57737 
832	44    	0.254476   	0.21542  	-1         	0.591871
833	47    	0.279268   	0.0966073	0.0958382  	0.515483
834	45    	0.313518   	0.105617 	0.155421   	0.550293
835	42    	0.266404   	0.277681 	-1         	0.550293
836	44    	0.214295   	0.415683 	-1         	0.550293
837	48    	0.139277   	0.430666 	-1         	0.546276
838	41    	0.255572   	0.331608 	-1         	0.546276
839	49    	0.0695639  	0.508585 	-1         	0.546276
840	41    	0.141764   	0.471975 	-1         	0.55122 
841	48    	-0.0314817 	0.580844 	-1         	0.546276
842	42    	0.105914   	0.525491 	-1         	0.546276
843	47    	0.0151845  	0.576099 	-1         	0.546276
844	46    	0.0676521  	0.538772 	-1         	0.546276
845	47    	0.130513   	0.464656 	-1         	0.546276
846	47    	0.197512   	0.408384 	-1         	0.546276
847	48    	0.165829   	0.439296 	-1         	0.546276
848	45    	0.10737    	0.488381 	-1         	0.489196
849	48    	0.0263616  	0.547824 	-1         	0.451329
850	44    	0.107244   	0.489044 	-1         	0.451329
851	46    	0.0907384  	0.48463  	-1         	0.454611
852	48    	0.138419   	0.427142 	-1         	0.506263
853	46    	0.231257   	0.324128 	-1         	0.506263
854	50    	0.238667   	0.265905 	-1         	0.515451
855	47    	0.292042   	0.0774368	0.0849492  	0.515451
856	42    	0.320387   	0.09707  	0.123681   	0.515451
857	43    	0.153967   	0.433384 	-1         	0.515451
858	45    	0.254423   	0.272986 	-1         	0.515451
859	48    	0.273692   	0.207149 	-1         	0.515451
860	46    	0.238383   	0.323397 	-1         	0.515451
861	42    	0.177861   	0.446046 	-1         	0.529313
862	46    	0.220459   	0.329777 	-1         	0.650315
863	47    	0.259263   	0.274431 	-1         	0.529313
864	48    	0.209394   	0.366113 	-1         	0.515451
865	49    	0.209785   	0.369409 	-1         	0.481249
866	48    	0.189614   	0.360702 	-1         	0.47276 
867	44    	0.24773    	0.321706 	-1         	0.47276 
868	45    	0.116096   	0.49448  	-1         	0.553125
869	47    	0.239943   	0.325533 	-1         	0.553125
870	48    	0.23972    	0.324655 	-1         	0.553125
871	45    	0.17723    	0.400041 	-1         	0.480976
872	44    	0.24644    	0.323842 	-1         	0.530613
873	44    	0.168134   	0.438716 	-1         	0.480976
874	42    	0.276777   	0.336833 	-1         	0.583811
875	43    	0.208113   	0.411477 	-1         	0.561334
876	49    	0.223803   	0.367657 	-1         	0.578169
877	44    	0.235756   	0.376938 	-1         	0.578169
878	50    	0.135162   	0.463118 	-1         	0.450879
879	47    	-0.0926386 	0.628069 	-1         	0.483227
880	47    	0.165696   	0.436995 	-1         	0.483227
881	49    	0.215431   	0.365299 	-1         	0.560779
882	47    	0.103705   	0.487931 	-1         	0.534164
883	47    	0.126892   	0.462391 	-1         	0.534164
884	42    	0.329117   	0.0806731	0.17043    	0.534164
885	47    	0.168518   	0.437004 	-1         	0.485321
886	44    	0.282322   	0.275512 	-1         	0.557615
887	45    	0.256382   	0.330392 	-1         	0.557615
888	47    	0.251293   	0.325958 	-1         	0.578569
889	45    	0.170224   	0.403038 	-1         	0.578569
890	44    	0.285521   	0.273363 	-1         	0.578569
891	45    	0.285163   	0.290758 	-1         	0.648086
892	46    	0.269252   	0.28131  	-1         	0.613452
893	45    	0.200369   	0.413238 	-1         	0.613452
894	47    	0.070366   	0.542066 	-1         	0.613452
895	45    	0.210656   	0.367351 	-1         	0.551812
896	47    	-0.0587293 	0.59343  	-1         	0.483512
897	46    	0.18102    	0.402266 	-1         	0.508025
898	49    	0.0168597  	0.54418  	-1         	0.483512
899	46    	0.178827   	0.401729 	-1         	0.483512
900	48    	0.238159   	0.319777 	-1         	0.501319
901	49    	0.192407   	0.364509 	-1         	0.501319
902	47    	0.208128   	0.361196 	-1         	0.422028
903	47    	0.250898   	0.265177 	-1         	0.469612
904	44    	0.116381   	0.490821 	-1         	0.466128
905	48    	0.233026   	0.260965 	-1         	0.430901
906	47    	0.10993    	0.452517 	-1         	0.458073
907	47    	0.296799   	0.0821412	0.115298   	0.468161
908	46    	0.224738   	0.372079 	-1         	0.525998
909	46    	0.18481    	0.407062 	-1         	0.477013
910	49    	0.312988   	0.103852 	0.13563    	0.620807
911	46    	0.0387566  	0.561695 	-1         	0.552591
912	46    	0.0536962  	0.533853 	-1         	0.523793
913	45    	0.141248   	0.470069 	-1         	0.523793
914	48    	0.138974   	0.428563 	-1         	0.461381
915	48    	0.134017   	0.46134  	-1         	0.438073
916	40    	0.281894   	0.271468 	-1         	0.478435
917	49    	0.176208   	0.441    	-1         	0.627602
918	45    	0.248009   	0.325327 	-1         	0.627602
919	44    	0.284446   	0.277039 	-1         	0.627602
920	47    	0.289275   	0.211953 	-1         	0.536228
921	48    	0.204026   	0.367307 	-1         	0.504613
922	49    	0.0139428  	0.542519 	-1         	0.423878
923	50    	0.194837   	0.356992 	-1         	0.435207
924	43    	0.197689   	0.360481 	-1         	0.511185
925	47    	0.233139   	0.319413 	-1         	0.46743 
926	47    	0.297905   	0.201521 	-1         	0.511849
927	44    	0.277111   	0.210222 	-1         	0.519993
928	42    	0.252292   	0.337985 	-1         	0.625396
929	46    	0.277831   	0.213734 	-1         	0.625396
930	45    	0.277352   	0.211285 	-1         	0.625396
931	47    	0.327376   	0.088381 	0.15501    	0.528131
932	47    	0.202847   	0.323361 	-1         	0.589296
933	45    	0.305018   	0.0987932	-0.0184616 	0.589296
934	46    	0.29088    	0.219359 	-1         	0.65076 
935	47    	0.327349   	0.118427 	-0.0150002 	0.63425 
936	45    	0.284287   	0.106364 	0.0635993  	0.489892
937	46    	0.312835   	0.0907562	0.170647   	0.520802
938	43    	0.301665   	0.113344 	0.0320051  	0.563959
939	47    	0.291981   	0.116934 	-0.0166667 	0.520802
940	48    	0.308086   	0.0791544	0.136504   	0.477137
941	45    	0.288172   	0.0996963	-0.0166666 	0.477137
942	44    	0.29075    	0.103321 	-0.02      	0.477137
943	48    	0.282402   	0.108359 	-0.02      	0.587231
944	49    	0.278262   	0.078902 	0.109252   	0.481639
945	49    	0.301118   	0.0810091	-0.0166667 	0.448422
946	44    	0.318809   	0.0890039	-0.01      	0.482096
947	44    	0.308977   	0.0818151	0.149369   	0.482096
948	48    	0.311467   	0.0894386	0.125685   	0.480864
949	49    	0.276053   	0.273594 	-1         	0.494061
950	50    	0.209354   	0.363609 	-1         	0.455873
951	48    	0.104601   	0.486478 	-1         	0.460497
952	43    	0.298555   	0.202218 	-1         	0.460497
953	46    	0.244109   	0.323001 	-1         	0.574768
954	47    	0.166035   	0.441928 	-1         	0.601747
955	49    	0.261072   	0.203703 	-1         	0.574768
956	47    	0.237692   	0.32479  	-1         	0.574768
957	47    	0.238411   	0.33152  	-1         	0.574768
958	47    	0.209156   	0.411456 	-1         	0.55244 
959	46    	0.29701    	0.108345 	-0.0133334 	0.55244 
960	47    	0.229851   	0.333168 	-1         	0.581188
961	49    	0.304401   	0.11606  	-0.02      	0.537295
962	49    	0.290747   	0.142842 	-0.02      	0.596931
963	44    	0.302798   	0.138403 	-0.0171428 	0.665976
964	46    	0.272076   	0.148304 	-0.0175    	0.665976
965	48    	0.250634   	0.12206  	-0.017143  	0.665976
966	42    	0.286605   	0.130389 	-0.018     	0.665976
967	47    	0.304525   	0.0942675	0.122113   	0.665976
968	50    	0.300294   	0.093114 	-0.01      	0.503861
969	49    	0.0228909  	0.517563 	-1         	0.479271
970	46    	0.314904   	0.0877525	0.148013   	0.534231
971	44    	0.300289   	0.203766 	-1         	0.534231
972	47    	0.271482   	0.273647 	-1         	0.525219
973	48    	0.296968   	0.0816597	0.135116   	0.477393
974	44    	0.217157   	0.32063  	-1         	0.477393
975	46    	0.266449   	0.202557 	-1         	0.482346
976	49    	0.202299   	0.310692 	-1         	0.439609
977	47    	0.292151   	0.0716809	0.123389   	0.462786
978	44    	0.270701   	0.277605 	-1         	0.537161
979	46    	0.317362   	0.0819917	0.0506142  	0.537161
980	46    	0.275543   	0.208954 	-1         	0.537161
981	44    	0.293666   	0.116497 	-0.0166667 	0.537161
982	47    	0.291807   	0.083305 	0.140413   	0.49628 
983	46    	0.304261   	0.0834266	0.130259   	0.49628 
984	47    	0.309403   	0.0820608	0.151467   	0.527114
985	40    	0.328129   	0.113298 	0.0944006  	0.527114
986	42    	0.296939   	0.226791 	-1         	0.527114
987	43    	0.312724   	0.115101 	0.10379    	0.527114
988	44    	0.31841    	0.11761  	0.064205   	0.527114
989	48    	0.309551   	0.0958992	0.0954195  	0.537225
990	48    	0.296186   	0.102648 	-0.00506809	0.537225
991	46    	0.279127   	0.207417 	-1         	0.506338
992	45    	0.294832   	0.215371 	-1         	0.515091
993	47    	0.298988   	0.0898028	0.130158   	0.525727
994	46    	0.299234   	0.11518  	-0.0166667 	0.534209
995	46    	0.28768    	0.125648 	-0.02      	0.534209
996	46    	0.291795   	0.209697 	-1         	0.534209
997	44    	0.292759   	0.215836 	-1         	0.534209
998	47    	0.292647   	0.127414 	0.0652963  	0.598066
999	43    	0.287964   	0.130346 	-0.0171429 	0.546513
1000	46    	0.292658   	0.0897413	0.160064   	0.546513
Best individuals:
(0.8671999611399817,) 	-->	 /*9*/FBLFRBBFBUUUU
VMNeuronManager.autoload: Neuro classes added: Delay Light Nn PIDP PIDV SeeLight SeeLight2 S0 S1 Thr 
UserScripts.autoload: 19 user scripts added.
Simulator.load: Loading from 'eval-allcriteria.sim'
Loader.load: Comments read from file follow:
Loader.load:  Sample settings for evaluating many criteria of performance of a Framsticks creature.
Loader.load:  See the "evalcount" parameter if you want to speed the evaluation up or have a more stable result.
Loader.load:  Other important parameters are "Energy0" and "perfperiod".
Loader.load:  Put this file in the "data" subdirectory within the Framsticks distribution.
Simulator.load: Settings loaded from 'eval-allcriteria.sim'
Simulator.load: Loading from 'deterministic.sim'
Loader.load: Comments read from file follow:
Loader.load:  Parameter values that make the evaluation of a Framsticks creature deterministic.
Loader.load:  The values turn off random noise, so evaluation of the same genotype will always yield the same performance.
Loader.load:  The advantage is that you do not need to evaluate a genotype many times, and performance values are reliable.
Loader.load:  The disadvantage is that evolved creatures are "overfitting", i.e. rely entirely on the specific environment,
Loader.load:  and their behavior may be different in any other environment or (even slightly) changed conditions or parameter values,
Loader.load:  so each creature evolved using these settings must be later inspected using exactly the same setup.
Loader.load: 
Loader.load:  Before loading this file, load base settings, e.g. "eval-allcriteria.sim".
Loader.load:  Put this file in the "data" subdirectory within the Framsticks distribution.
Simulator.load: Settings loaded from 'deterministic.sim'
Simulator.load: Loading from 'sample-period-2.sim'
Loader.load: Comments read from file follow:
Loader.load:  Very low "performance sampling period" in the first population to sample performance very often during lifespan
Loader.load:  and avoid overlooking some behavior. Averaged performance of sampled values is returned as the final value.
Loader.load:  See http://www.framsticks.com/a/al_params.html#exper-perfcalc
Loader.load: 
Loader.load:  Before loading this file, load base settings, e.g. "eval-allcriteria.sim".
Loader.load:  Put this file in the "data" subdirectory within the Framsticks distribution.
Simulator.load: Loading from 'f9-mut-040.sim'
Simulator.load: Settings loaded from 'f9-mut-040.sim'
