Argument values: path=C:\Users\1625203\Downloads\Framsticks50rc22\Framsticks50rc22, lib=None, sim=eval-allcriteria.sim;deterministic.sim;sample-period-2.sim;f9-mut-050.sim, genformat=None, initialgenotype=/*9*/BLU, opt=vertpos, popsize=50, generations=1000, tournament=10, pmut=0.9, pxov=0.2, hof_size=1, hof_savefile=None, max_numparts=30, max_numjoints=None, max_numneurons=None, max_numconnections=None, max_numgenochars=50
Using Framsticks version: 5.0rc22
Home (writable) dir     : C:\Users\1625203\Downloads\Framsticks50rc22\Framsticks50rc22\data
Resources dir           : C:\Users\1625203\Downloads\Framsticks50rc22\Framsticks50rc22\data

Available objects: ['CheckpointEvent', 'Collision', 'CrCollision', 'Creature', 'CreatureSettings', 'CreatureSignals', 'CreatureSnapshot', 'Dictionary', 'ExpProperties', 'ExpState', 'ExtValue', 'File', 'FunctionReference', 'GenMan', 'GenManStats', 'GenePool', 'GenePools', 'Geno', 'Genotype', 'Interface', 'Joint', 'Loader', 'Math', 'MechJoint', 'MechPart', 'MessageCatcher', 'Model', 'ModelGeometry', 'ModelSymmetry', 'Neuro', 'NeuroClass', 'NeuroClassLibrary', 'NeuroDef', 'NeuroSignals', 'NeuronsSimEnabled', 'ODE', 'Orient', 'Part', 'Population', 'Populations', 'Ref', 'Signal', 'SignalView', 'SimilMeasure', 'SimilMeasureDistribution', 'SimilMeasureGreedy', 'SimilMeasureHungarian', 'Simulator', 'SlaveSimulators', 'StopEvent', 'String', 'UserScripts', 'Vector', 'WireframeAppearance', 'World', 'WorldMap', 'WorldSignals', 'XYZ', '__builtins__', '__cached__', '__doc__', '__file__', '__loader__', '__name__', '__package__', '__spec__', 'c_api', 'ctypes', 'home_dir', 'init', 'os', 're', 'res_dir', 'sim_params', 'stats', 'sys']

Performing a basic test 1/2... OK.
Performing a basic test 2/2... OK.
Using settings: ['eval-allcriteria.sim', 'deterministic.sim', 'sample-period-2.sim', 'f9-mut-050.sim']
gen	nevals	avg     	stddev	min     	max     
0  	50    	0.218369	0     	0.218369	0.218369
1  	47    	0.0644523	0.121415	-0.02   	0.51442 
2  	48    	0.13469  	0.13892 	-0.02   	0.51442 
3  	44    	0.166053 	0.137962	-0.0166667	0.427219
4  	48    	0.190393 	0.161955	-0.02     	0.592146
5  	49    	0.130944 	0.148398	-0.0171429	0.518594
6  	48    	0.198251 	0.120592	-0.0171429	0.518492
7  	48    	0.179284 	0.138861	-0.02     	0.514537
8  	46    	0.175416 	0.12996 	-0.02     	0.514579
9  	46    	0.181173 	0.129424	-0.0171428	0.436847
10 	46    	0.25254  	0.119183	-0.0177778	0.501493
11 	45    	0.236217 	0.127627	-0.0166667	0.444064
12 	46    	0.269624 	0.119455	-0.0183333	0.487893
13 	47    	0.246326 	0.126302	-0.0171429	0.487893
14 	42    	0.27826  	0.130133	-0.0166667	0.673025
15 	45    	0.256606 	0.128783	-0.0175   	0.673025
16 	44    	0.250456 	0.140697	-0.0174999	0.695417
17 	48    	0.215719 	0.14631 	-0.0175   	0.644968
18 	45    	0.200262 	0.132573	-0.0175   	0.503744
19 	42    	0.286897 	0.145275	-0.0166667	0.812825
20 	43    	0.267771 	0.165036	-0.02     	0.812825
21 	47    	0.227228 	0.159562	-0.0166667	0.514444
22 	44    	0.22957  	0.150228	-0.02     	0.514444
23 	47    	0.179444 	0.159285	-0.0171429	0.514444
24 	45    	0.188566 	0.153369	-0.02     	0.514444
25 	46    	0.201894 	0.133763	-0.02     	0.514537
26 	42    	0.222612 	0.149501	-0.0177779	0.514444
27 	46    	0.201933 	0.151858	-0.02     	0.516247
28 	44    	0.220296 	0.138393	-0.02     	0.516247
29 	48    	0.185395 	0.149952	-0.0171429	0.557536
30 	42    	0.210312 	0.165894	-0.0171429	0.557536
31 	42    	0.190706 	0.166198	-0.0171429	0.557536
32 	45    	0.217897 	0.163637	-0.0171429	0.68937 
33 	44    	0.209617 	0.205208	-0.02     	0.812308
34 	45    	0.216407 	0.170973	-0.0171427	0.59681 
35 	47    	0.219088 	0.166989	-0.02     	0.596931
36 	46    	0.194524 	0.164687	-0.0179999	0.596931
37 	49    	0.213772 	0.144572	-0.0200001	0.536525
38 	46    	0.195179 	0.152161	-0.02     	0.559482
39 	46    	0.218075 	0.181785	-0.0171429	0.812083
40 	47    	0.228665 	0.173641	-0.02     	0.615748
41 	45    	0.21934  	0.177331	-0.02     	0.576118
42 	43    	0.234967 	0.160967	-0.02     	0.576118
43 	45    	0.209948 	0.177056	-0.02     	0.576118
44 	47    	0.212028 	0.159641	-0.0177778	0.606367
45 	46    	0.180119 	0.169492	-0.0177778	0.652988
46 	44    	0.238621 	0.119455	-0.0166667	0.599854
47 	47    	0.253288 	0.11347 	-0.02     	0.535636
48 	42    	0.244431 	0.137289	-0.0177778	0.535636
49 	47    	0.229777 	0.105781	-0.016    	0.465531
50 	47    	0.187861 	0.149146	-0.0181818	0.599126
51 	48    	0.230521 	0.130727	-0.0200002	0.465531
52 	42    	0.240074 	0.226169	-1        	0.520914
53 	48    	0.255074 	0.107785	-0.0174999	0.520914
54 	47    	0.252848 	0.112732	-0.02     	0.520914
55 	48    	0.227941 	0.201834	-1        	0.520914
56 	46    	0.203256 	0.31756 	-1        	0.453339
57 	44    	0.162071 	0.437046	-1        	0.50952 
58 	46    	0.0492045	0.530384	-1        	0.50952 
59 	46    	-0.0219239	0.584112	-1        	0.482148
60 	45    	-0.0431249	0.603547	-1        	0.525127
61 	44    	-0.00205072	0.598029	-1        	0.619253
62 	46    	-0.0878596 	0.601903	-1        	0.514695
63 	44    	-0.0449759 	0.602348	-1        	0.595257
64 	47    	-0.126901  	0.629808	-1        	0.482148
65 	48    	-0.124906  	0.631333	-1        	0.468743
66 	45    	0.0271558  	0.551292	-1        	0.468619
67 	46    	0.245903   	0.326121	-1        	0.494448
68 	49    	0.251948   	0.266377	-1        	0.446101
69 	46    	0.213401   	0.322156	-1        	0.488565
70 	49    	0.0519698  	0.529323	-1        	0.439543
71 	49    	0.139368   	0.425451	-1        	0.440768
72 	43    	0.280713   	0.200595	-1        	0.484712
73 	48    	0.138732   	0.424376	-1        	0.408503
74 	45    	0.0336602  	0.554145	-1        	0.5214  
75 	46    	0.174803   	0.402153	-1        	0.629182
76 	44    	0.139235   	0.469288	-1        	0.691609
77 	47    	0.115082   	0.499378	-1        	0.691609
78 	46    	0.234471   	0.330357	-1        	0.689064
79 	45    	0.249005   	0.32983 	-1        	0.689064
80 	45    	0.282913   	0.280052	-1        	0.689064
81 	44    	0.263295   	0.278754	-1        	0.689064
82 	46    	0.182237   	0.444103	-1        	0.689064
83 	47    	0.202944   	0.318363	-1        	0.521355
84 	46    	0.134091   	0.466982	-1        	0.521355
85 	47    	0.144913   	0.431052	-1        	0.509405
86 	46    	0.187435   	0.359998	-1        	0.509405
87 	48    	0.278029   	0.19608 	-1        	0.509405
88 	48    	0.171797   	0.398702	-1        	0.453027
89 	44    	0.174759   	0.399545	-1        	0.580037
90 	46    	0.0719036  	0.508678	-1        	0.533467
91 	45    	0.0258344  	0.549505	-1        	0.515903
92 	46    	-0.112284  	0.614324	-1        	0.452148
93 	45    	0.0988274  	0.487126	-1        	0.45939 
94 	44    	-0.0104829 	0.561699	-1        	0.45939 
95 	47    	-0.0375359 	0.604686	-1        	0.481131
96 	49    	-0.103504  	0.617148	-1        	0.481131
97 	50    	0.0236522  	0.546384	-1        	0.474587
98 	50    	-0.251162  	0.640391	-1        	0.570821
99 	47    	0.0940013  	0.446608	-1        	0.422165
100	46    	-0.0825729 	0.603787	-1        	0.448616
101	47    	-0.0515966 	0.59741 	-1        	0.546591
102	49    	0.0134327  	0.542927	-1        	0.452131
103	46    	0.0588611  	0.535298	-1        	0.495095
104	48    	0.026869   	0.550625	-1        	0.482815
105	45    	0.0752842  	0.542807	-1        	0.482815
106	47    	0.116568   	0.458247	-1        	0.482815
107	41    	0.0869675  	0.517515	-1        	0.521139
108	46    	0.123124   	0.498281	-1        	0.521139
109	47    	0.213528   	0.366263	-1        	0.52758 
110	47    	-0.00587639	0.563502	-1        	0.470308
111	46    	0.049259   	0.528288	-1        	0.57756 
112	46    	-0.248166  	0.64268 	-1        	0.410758
113	44    	0.186191   	0.402268	-1        	0.468044
114	48    	0.0748457  	0.508606	-1        	0.501758
115	44    	0.128483   	0.498675	-1        	0.501758
116	44    	0.17011    	0.440248	-1        	0.501758
117	41    	0.0783238  	0.544996	-1        	0.501758
118	46    	0.12311    	0.461557	-1        	0.501758
119	46    	0.104398   	0.526547	-1        	0.674684
120	44    	0.16574    	0.480097	-1        	0.674684
121	48    	0.206565   	0.411698	-1        	0.642648
122	48    	0.230359   	0.323556	-1        	0.554452
123	41    	0.113845   	0.530809	-1        	0.554452
124	47    	-0.0192739 	0.588807	-1        	0.554452
125	46    	0.00379568 	0.574409	-1        	0.554452
126	45    	0.104746   	0.521759	-1        	0.50252 
127	45    	0.226976   	0.369328	-1        	0.506369
128	45    	0.0238682  	0.548811	-1        	0.484051
129	49    	-0.0622902 	0.587226	-1        	0.489286
130	46    	0.204655   	0.363841	-1        	0.517635
131	47    	0.257675   	0.273821	-1        	0.517856
132	44    	0.223462   	0.275476	-1        	0.495066
133	47    	0.210072   	0.36761 	-1        	0.515648
134	47    	0.256846   	0.270573	-1        	0.47551 
135	48    	0.136061   	0.464947	-1        	0.509634
136	44    	0.0908247  	0.485177	-1        	0.509634
137	50    	0.219139   	0.31867 	-1        	0.467073
138	47    	0.112057   	0.456321	-1        	0.517291
139	47    	0.0910017  	0.482629	-1        	0.542422
140	49    	0.186923   	0.36079 	-1        	0.459801
141	46    	0.135079   	0.46422 	-1        	0.493869
142	47    	0.212766   	0.365003	-1        	0.473882
143	49    	0.149131   	0.468903	-1        	0.552586
144	43    	0.106195   	0.524983	-1        	0.552586
145	45    	-0.0370239 	0.608228	-1        	0.552586
146	47    	0.10562    	0.522163	-1        	0.508333
147	48    	-0.0906952 	0.627045	-1        	0.508333
148	47    	-0.0787237 	0.6078  	-1        	0.508333
149	48    	-0.0161817 	0.585763	-1        	0.435854
150	45    	0.0106815  	0.571636	-1        	0.455663
151	46    	-0.00988731	0.561673	-1        	0.479725
152	48    	-0.0933734 	0.598398	-1        	0.487037
153	48    	0.0827145  	0.51248 	-1        	0.52345 
154	47    	0.0206114  	0.546866	-1        	0.52345 
155	47    	-0.0531624 	0.594463	-1        	0.52345 
156	48    	0.143809   	0.466059	-1        	0.498757
157	45    	0.242902   	0.326218	-1        	0.592569
158	46    	-0.107868  	0.617724	-1        	0.465407
159	47    	0.0106102  	0.571913	-1        	0.557042
160	48    	-0.105086  	0.616631	-1        	0.493749
161	47    	-0.0883859 	0.60141 	-1        	0.451209
162	44    	0.10383    	0.488126	-1        	0.467866
163	42    	0.16772    	0.440015	-1        	0.467866
164	45    	0.228189   	0.37286 	-1        	0.565814
165	46    	0.243436   	0.266824	-1        	0.565814
166	42    	0.148366   	0.472499	-1        	0.565814
167	48    	0.127874   	0.463037	-1        	0.565814
168	48    	0.0406125  	0.529341	-1        	0.565814
169	44    	0.171551   	0.439805	-1        	0.565814
170	44    	0.0598365  	0.534888	-1        	0.446656
171	48    	0.201098   	0.363163	-1        	0.51692 
172	46    	0.180386   	0.402472	-1        	0.51692 
173	45    	0.210801   	0.372701	-1        	0.5222  
174	45    	0.145917   	0.433599	-1        	0.5222  
175	44    	0.276266   	0.212573	-1        	0.5222  
176	49    	0.247339   	0.26915 	-1        	0.534047
177	47    	0.306534   	0.077454	0.104982  	0.460114
178	44    	0.286048   	0.110436	0.0465702 	0.48648 
179	44    	0.31454    	0.0927331	0.0747028 	0.48648 
180	46    	0.291062   	0.0885179	0.0986263 	0.493594
181	47    	0.28083    	0.0973178	0.100515  	0.534587
182	44    	0.300896   	0.0994086	-0.018    	0.480768
183	46    	0.282239   	0.103207 	-0.0181818	0.4647  
184	44    	0.27295    	0.112348 	0.127966  	0.704312
185	46    	0.28064    	0.118458 	0.0554525 	0.644338
186	44    	0.277665   	0.1526   	-0.016    	0.644338
187	45    	0.327192   	0.142172 	-0.02     	0.826104
188	46    	0.28881    	0.116398 	-0.02     	0.644338
189	47    	0.306223   	0.0910357	0.128351  	0.529256
190	44    	0.307318   	0.113935 	0.0760584 	0.590239
191	44    	0.178047   	0.405805 	-1        	0.590239
192	46    	0.164418   	0.441703 	-1        	0.590239
193	46    	0.222243   	0.327644 	-1        	0.590239
194	49    	0.0867706  	0.486287 	-1        	0.590239
195	47    	0.169499   	0.372407 	-1        	0.615915
196	42    	0.291177   	0.227376 	-1        	0.615915
197	45    	0.16473    	0.491487 	-1        	0.698742
198	47    	0.18071    	0.332793 	-1        	0.650372
199	48    	0.0859515  	0.452954 	-1        	0.650372
200	49    	0.260848   	0.125873 	-0.018    	0.650372
201	47    	0.254395   	0.116973 	-0.016    	0.583103
202	47    	0.24815    	0.133384 	-0.0150001	0.58318 
203	46    	0.260893   	0.122102 	-0.0175   	0.511753
204	42    	0.269628   	0.130863 	-0.0166666	0.511753
205	45    	0.293921   	0.118202 	-0.0177778	0.511753
206	44    	0.268578   	0.131972 	-0.0171428	0.511753
207	45    	0.261874   	0.110705 	0.043421  	0.511753
208	45    	0.271024   	0.110075 	-0.016    	0.506099
209	48    	0.247347   	0.12642  	-0.02     	0.512332
210	48    	0.263314   	0.116105 	-0.0166667	0.506099
211	47    	0.23098    	0.127227 	-0.0171429	0.510398
212	45    	0.22624    	0.272476 	-1        	0.506099
213	49    	0.28975    	0.095001 	-0.0166667	0.61606 
214	48    	0.243428   	0.114382 	-0.0171429	0.605981
215	50    	0.278226   	0.113974 	-0.0175   	0.532916
216	44    	0.300199   	0.10297  	-0.0133332	0.532916
217	44    	0.293771   	0.0949312	0.113081  	0.532916
218	48    	0.270406   	0.203576 	-1        	0.447169
219	50    	0.273292   	0.202872 	-1        	0.519575
220	46    	0.318885   	0.0897688	0.0893168 	0.519575
221	44    	0.231248   	0.327976 	-1        	0.519575
222	47    	0.241021   	0.27084  	-1        	0.558963
223	46    	0.292905   	0.114869 	-0.0133334	0.6662  
224	47    	0.277408   	0.105073 	-0.0166666	0.476817
225	47    	0.296388   	0.114358 	-0.0166667	0.597053
226	45    	0.283643   	0.110452 	-0.0171428	0.597053
227	44    	0.309422   	0.114888 	0.111695  	0.597053
228	48    	0.282543   	0.103842 	-0.0133333	0.472409
229	43    	0.292328   	0.0914241	0.052645  	0.460661
230	47    	0.267887   	0.0931304	0.060079  	0.460661
231	49    	0.26759    	0.0815413	0.109334  	0.450298
232	46    	0.255719   	0.269599 	-1        	0.470832
233	48    	0.273479   	0.206109 	-1        	0.566017
234	45    	0.249345   	0.280306 	-1        	0.566017
235	46    	0.248003   	0.272546 	-1        	0.512789
236	44    	0.315301   	0.102706 	0.107599  	0.512789
237	47    	0.259614   	0.279332 	-1        	0.534319
238	44    	0.328434   	0.0982705	0.112198  	0.52908 
239	46    	0.299089   	0.0937239	0.0988626 	0.52908 
240	44    	0.323282   	0.0946095	0.183863  	0.566417
241	47    	0.26728    	0.198042 	-1        	0.52908 
242	46    	0.279103   	0.202339 	-1        	0.52908 
243	47    	0.254446   	0.267445 	-1        	0.52908 
244	47    	0.237875   	0.266352 	-1        	0.52908 
245	47    	0.227769   	0.318266 	-1        	0.478723
246	45    	0.142783   	0.430623 	-1        	0.478723
247	47    	0.286579   	0.0892688	0.116314  	0.484945
248	49    	0.232873   	0.318208 	-1        	0.478723
249	48    	0.222509   	0.264868 	-1        	0.427518
250	49    	0.277009   	0.122256 	-0.0133332	0.577303
251	46    	0.147876   	0.398889 	-1        	0.506694
252	47    	0.218606   	0.317591 	-1        	0.506694
253	46    	0.17599    	0.360675 	-1        	0.506694
254	47    	0.294868   	0.0881223	0.0906093 	0.506694
255	48    	0.311827   	0.082515 	0.166329  	0.520545
256	46    	0.233766   	0.266481 	-1        	0.517106
257	45    	0.290041   	0.103465 	0.065546  	0.517106
258	47    	0.114932   	0.457129 	-1        	0.491235
259	50    	0.0369954  	0.526913 	-1        	0.813708
260	46    	0.216772   	0.266216 	-1        	0.415444
261	46    	0.186242   	0.40336  	-1        	0.515714
262	45    	0.0961161  	0.522927 	-1        	0.550298
263	48    	0.0763162  	0.508487 	-1        	0.487103
264	48    	-0.0457388 	0.572241 	-1        	0.509916
265	46    	0.240225   	0.373239 	-1        	0.556328
266	44    	0.0332664  	0.58545  	-1        	0.556328
267	44    	0.0633054  	0.570787 	-1        	0.543434
268	47    	-0.177267  	0.648534 	-1        	0.543434
269	48    	0.101222   	0.453611 	-1        	0.543434
270	47    	0.231957   	0.270331 	-1        	0.579846
271	48    	0.118829   	0.493059 	-1        	0.485151
272	48    	0.19695    	0.365482 	-1        	0.584972
273	49    	0.289205   	0.101988 	0.0630273 	0.584972
274	44    	0.270759   	0.270917 	-1        	0.490388
275	46    	0.116573   	0.46027  	-1        	0.517927
276	48    	0.251199   	0.265901 	-1        	0.528306
277	49    	0.201994   	0.315808 	-1        	0.544873
278	47    	0.256623   	0.190305 	-1        	0.412177
279	47    	0.265478   	0.199714 	-1        	0.458433
280	43    	0.257374   	0.271591 	-1        	0.482339
281	48    	0.27436    	0.277036 	-1        	0.580168
282	45    	0.183288   	0.359549 	-1        	0.543595
283	48    	0.225366   	0.320593 	-1        	0.543595
284	45    	0.241451   	0.26616  	-1        	0.513185
285	48    	0.273971   	0.0961334	-0.02     	0.447148
286	47    	0.309804   	0.0998059	0.0825037 	0.538152
287	48    	0.221766   	0.324548 	-1        	0.538152
288	43    	0.232686   	0.327828 	-1        	0.538152
289	46    	0.149849   	0.433141 	-1        	0.538152
290	47    	0.198153   	0.408662 	-1        	0.538152
291	46    	0.195146   	0.363255 	-1        	0.538152
292	45    	0.106137   	0.488529 	-1        	0.538152
293	45    	0.157073   	0.438894 	-1        	0.538152
294	46    	-0.0131696 	0.559248 	-1        	0.538152
295	48    	0.0680678  	0.539567 	-1        	0.612376
296	47    	-0.0262792 	0.581866 	-1        	0.612376
297	48    	0.127536   	0.464665 	-1        	0.524479
298	50    	0.113512   	0.453721 	-1        	0.41294 
299	45    	0.305941   	0.204023 	-1        	0.585098
300	48    	0.211864   	0.32247  	-1        	0.585098
301	48    	0.201223   	0.365093 	-1        	0.585098
302	47    	0.134575   	0.463985 	-1        	0.491286
303	49    	0.175196   	0.439377 	-1        	0.55187 
304	44    	0.109691   	0.494826 	-1        	0.491286
305	44    	0.139467   	0.465803 	-1        	0.491286
306	47    	0.103121   	0.487319 	-1        	0.491286
307	48    	0.205093   	0.364227 	-1        	0.515144
308	45    	-0.0198141 	0.58478  	-1        	0.515144
309	48    	0.146702   	0.431909 	-1        	0.515144
310	48    	0.203532   	0.363965 	-1        	0.515144
311	42    	0.099253   	0.519694 	-1        	0.515144
312	44    	0.269049   	0.279491 	-1        	0.561254
313	44    	0.320655   	0.214502 	-1        	0.561254
314	46    	0.0773536  	0.514109 	-1        	0.561254
315	48    	0.00452208 	0.572153 	-1        	0.561254
316	48    	0.0845635  	0.478938 	-1        	0.457688
317	46    	-0.0902174 	0.599975 	-1        	0.457688
318	47    	0.0118915  	0.547106 	-1        	0.457688
319	43    	0.277957   	0.271892 	-1        	0.549097
320	47    	0.262682   	0.21307  	-1        	0.549097
321	44    	0.255225   	0.209878 	-1        	0.549097
322	48    	0.217832   	0.266951 	-1        	0.549097
323	46    	0.189655   	0.360229 	-1        	0.549097
324	45    	0.29753    	0.0894282	0.0604232 	0.549097
325	45    	0.307105   	0.08835  	0.135942  	0.549097
326	45    	0.241134   	0.272274 	-1        	0.593582
327	45    	0.309869   	0.118149 	0.0813454 	0.593582
328	48    	0.281968   	0.108965 	0.0538852 	0.593582
329	48    	0.282979   	0.114138 	-0.015    	0.511066
330	43    	0.292292   	0.124827 	-0.02     	0.511066
331	45    	0.312371   	0.101105 	0.140583  	0.511066
332	45    	0.310858   	0.0994545	0.124617  	0.541799
333	48    	0.27777    	0.103721 	-0.02     	0.511066
334	46    	0.305861   	0.0853297	0.100557  	0.509259
335	47    	0.250386   	0.0834722	0.079942  	0.448027
336	48    	0.287212   	0.0874134	0.0998362 	0.454121
337	44    	0.244812   	0.281226 	-1        	0.49212 
338	47    	0.272599   	0.106558 	-0.018    	0.49212 
339	45    	0.312544   	0.08727  	0.114033  	0.497033
340	45    	0.295682   	0.0833964	0.104955  	0.457594
341	42    	0.297027   	0.105927 	-0.0175   	0.457594
342	46    	0.298932   	0.0981184	-0.016    	0.457594
343	45    	0.302419   	0.110007 	-0.0133333	0.527736
344	46    	0.316467   	0.101155 	0.0688003 	0.531982
345	45    	0.227076   	0.327443 	-1        	0.531982
346	48    	0.22714    	0.320002 	-1        	0.531982
347	45    	0.219496   	0.324536 	-1        	0.531982
348	47    	0.232622   	0.32306  	-1        	0.53748 
349	42    	0.286988   	0.282385 	-1        	0.53748 
350	46    	0.308465   	0.10251  	0.0841633 	0.53748 
351	47    	0.27458    	0.204917 	-1        	0.53748 
352	48    	0.269905   	0.201816 	-1        	0.514943
353	46    	0.227799   	0.31949  	-1        	0.495098
354	44    	0.313586   	0.0753674	0.121835  	0.502768
355	48    	0.273717   	0.202421 	-1        	0.502768
356	45    	0.248034   	0.270714 	-1        	0.455372
357	47    	0.227297   	0.321175 	-1        	0.454423
358	45    	0.160344   	0.438337 	-1        	0.491921
359	46    	0.206947   	0.368874 	-1        	0.491921
360	43    	0.127135   	0.464153 	-1        	0.491921
361	45    	0.181503   	0.402527 	-1        	0.491921
362	45    	0.237763   	0.331694 	-1        	0.591978
363	49    	0.0836037  	0.482565 	-1        	0.591978
364	46    	-0.00790777	0.56211  	-1        	0.489397
365	45    	-0.136241  	0.625566 	-1        	0.489397
366	44    	0.132377   	0.466827 	-1        	0.55941 
367	44    	0.206959   	0.408746 	-1        	0.510228
368	44    	0.0514418  	0.53387  	-1        	0.510228
369	47    	0.116246   	0.460615 	-1        	0.522195
370	48    	0.181551   	0.362734 	-1        	0.522195
371	44    	0.137396   	0.432849 	-1        	0.522195
372	48    	0.150871   	0.430269 	-1        	0.464545
373	48    	0.14547    	0.428794 	-1        	0.462684
374	45    	0.161855   	0.395748 	-1        	0.543248
375	46    	0.269885   	0.201196 	-1        	0.543248
376	45    	0.246327   	0.327542 	-1        	0.59545 
377	48    	0.150226   	0.436449 	-1        	0.59545 
378	45    	0.0285776  	0.553624 	-1        	0.59545 
379	41    	-0.192634  	0.66681  	-1        	0.59545 
380	45    	-0.118064  	0.640022 	-1        	0.59545 
381	48    	-0.297024  	0.652429 	-1        	0.586253
382	46    	0.0327588  	0.554332 	-1        	0.59751 
383	47    	-0.0223463 	0.58455  	-1        	0.59751 
384	41    	-0.0346699 	0.606986 	-1        	0.59751 
385	46    	-0.0961578 	0.625395 	-1        	0.59751 
386	47    	-0.037404  	0.606466 	-1        	0.59751 
387	47    	-0.236715  	0.680592 	-1        	0.59751 
388	48    	-0.075551  	0.608105 	-1        	0.564272
389	47    	-0.0754427 	0.610192 	-1        	0.51474 
390	46    	0.00486659 	0.569784 	-1        	0.505509
391	44    	-0.132666  	0.654464 	-1        	0.505509
392	48    	-0.151147  	0.641134 	-1        	0.521416
393	46    	-0.152892  	0.638665 	-1        	0.521416
394	46    	-0.0259158 	0.583178 	-1        	0.521416
395	41    	0.0927085  	0.518848 	-1        	0.521416
396	48    	-0.0694556 	0.61359  	-1        	0.521416
397	48    	0.0603344  	0.534123 	-1        	0.444556
398	46    	-0.0461876 	0.572073 	-1        	0.444556
399	44    	0.0177106  	0.575252 	-1        	0.479958
400	47    	-0.100501  	0.621027 	-1        	0.456593
401	44    	-0.00508878	0.564122 	-1        	0.456593
402	44    	-0.00815262	0.591882 	-1        	0.462987
403	46    	0.0306624  	0.552473 	-1        	0.456593
404	46    	0.117244   	0.460923 	-1        	0.458709
405	47    	0.13305    	0.461998 	-1        	0.463913
406	46    	0.130033   	0.460633 	-1        	0.463913
407	47    	0.0370618  	0.554736 	-1        	0.496824
408	46    	0.0310884  	0.550897 	-1        	0.463913
409	47    	0.0789528  	0.50997  	-1        	0.463913
410	44    	0.102041   	0.487857 	-1        	0.463913
411	45    	0.0537552  	0.532169 	-1        	0.463913
412	44    	-0.0206359 	0.587281 	-1        	0.463913
413	45    	0.0746954  	0.542033 	-1        	0.487834
414	42    	0.0492101  	0.5636   	-1        	0.536142
415	48    	0.137856   	0.464838 	-1        	0.536142
416	46    	0.0379736  	0.55629  	-1        	0.536142
417	47    	-0.173988  	0.651059 	-1        	0.536142
418	46    	0.000568337	0.56757  	-1        	0.536142
419	47    	-0.0580188 	0.591053 	-1        	0.495912
420	42    	-0.0336935 	0.605724 	-1        	0.495912
421	43    	-0.0566266 	0.621202 	-1        	0.517891
422	47    	-0.280805  	0.668642 	-1        	0.504491
423	47    	-0.00209367	0.567369 	-1        	0.546725
424	46    	0.151323   	0.431719 	-1        	0.546725
425	45    	0.0455317  	0.561932 	-1        	0.546725
426	43    	0.0474835  	0.564376 	-1        	0.546725
427	48    	0.0276742  	0.550152 	-1        	0.546725
428	47    	0.00113396 	0.568142 	-1        	0.546725
429	46    	0.00378985 	0.567896 	-1        	0.546725
430	42    	0.18414    	0.403728 	-1        	0.546725
431	46    	-0.0676884 	0.616113 	-1        	0.57324 
432	44    	0.130432   	0.5036   	-1        	0.614693
433	49    	0.0876477  	0.478534 	-1        	0.482168
434	46    	0.0618874  	0.503579 	-1        	0.493509
435	44    	0.0883969  	0.515472 	-1        	0.493509
436	48    	-0.230529  	0.657398 	-1        	0.482168
437	43    	-0.125741  	0.631008 	-1        	0.482168
438	44    	-0.0897435 	0.602052 	-1        	0.482168
439	46    	-0.0323274 	0.58146  	-1        	0.542055
440	48    	0.136002   	0.426344 	-1        	0.450785
441	47    	0.0390566  	0.52703  	-1        	0.463979
442	46    	0.0682008  	0.504898 	-1        	0.427004
443	48    	0.187699   	0.361149 	-1        	0.454504
444	47    	0.0488497  	0.529123 	-1        	0.474956
445	45    	0.0506012  	0.563281 	-1        	0.486006
446	47    	-0.155176  	0.637446 	-1        	0.486006
447	45    	0.155197   	0.438696 	-1        	0.486006
448	42    	0.0573507  	0.535691 	-1        	0.482031
449	47    	0.00844271 	0.570846 	-1        	0.480119
450	42    	0.15429    	0.435166 	-1        	0.480119
451	48    	0.0117513  	0.572052 	-1        	0.480119
452	47    	0.102625   	0.487508 	-1        	0.514716
453	48    	0.179283   	0.400926 	-1        	0.514716
454	48    	-0.0667049 	0.584788 	-1        	0.434666
455	46    	-0.226701  	0.635456 	-1        	0.434666
456	46    	-0.14691   	0.614162 	-1        	0.411832
457	48    	-0.193572  	0.634738 	-1        	0.467672
458	43    	0.0572533  	0.534493 	-1        	0.511145
459	47    	-0.0660957 	0.586721 	-1        	0.511145
460	46    	0.0452543  	0.529358 	-1        	0.511145
461	47    	0.169244   	0.397298 	-1        	0.476806
462	48    	0.230843   	0.32686  	-1        	0.587565
463	49    	0.0924774  	0.488401 	-1        	0.543744
464	44    	0.307008   	0.090077 	0.0842393 	0.515974
465	46    	0.289206   	0.200196 	-1        	0.515974
466	48    	0.177595   	0.400554 	-1        	0.515974
467	48    	0.264137   	0.270291 	-1        	0.515974
468	45    	0.112061   	0.492977 	-1        	0.493973
469	48    	0.194015   	0.359984 	-1        	0.436286
470	46    	0.209932   	0.366614 	-1        	0.521794
471	48    	0.0999096  	0.489355 	-1        	0.521794
472	49    	0.2137     	0.318877 	-1        	0.532308
473	48    	0.194132   	0.359237 	-1        	0.521794
474	45    	0.261331   	0.269603 	-1        	0.521794
475	46    	0.218644   	0.32046  	-1        	0.521794
476	46    	0.186472   	0.403356 	-1        	0.508855
477	46    	0.245193   	0.267484 	-1        	0.56437 
478	47    	0.285529   	0.204551 	-1        	0.56437 
479	44    	0.224824   	0.278029 	-1        	0.49855 
480	44    	0.263387   	0.137221 	-0.0166667	0.498563
481	43    	0.247761   	0.232823 	-1        	0.576472
482	45    	0.210021   	0.162757 	-0.0175   	0.582948
483	45    	0.231679   	0.188634 	-0.02     	0.70633 
484	47    	0.192524   	0.134986 	-0.0166667	0.583947
485	48    	0.168587   	0.154307 	-0.0200002	0.591235
486	46    	0.216931   	0.22899  	-1        	0.591235
487	44    	0.205141   	0.376301 	-1        	0.591235
488	44    	0.288954   	0.217883 	-1        	0.591235
489	47    	0.316784   	0.217457 	-1        	0.594032
490	46    	0.194282   	0.366827 	-1        	0.591235
491	45    	0.249934   	0.335174 	-1        	0.591235
492	45    	0.291713   	0.212801 	-1        	0.591235
493	48    	0.211334   	0.311637 	-1        	0.400209
494	45    	0.179901   	0.355729 	-1        	0.472502
495	44    	0.194607   	0.404705 	-1        	0.472502
496	45    	0.257172   	0.267003 	-1        	0.472502
497	44    	0.206698   	0.408944 	-1        	0.615467
498	48    	0.196915   	0.362874 	-1        	0.615467
499	49    	0.214504   	0.31644  	-1        	0.563672
500	47    	0.221583   	0.367358 	-1        	0.468251
501	41    	0.21599    	0.371387 	-1        	0.468251
502	44    	0.25606    	0.276449 	-1        	0.468251
503	47    	0.20722    	0.365194 	-1        	0.486026
504	44    	0.262976   	0.273064 	-1        	0.486026
505	48    	0.237823   	0.322434 	-1        	0.533258
506	46    	0.170321   	0.400175 	-1        	0.533258
507	46    	0.0151391  	0.54585  	-1        	0.461593
508	43    	0.0602414  	0.536648 	-1        	0.486833
509	45    	0.142637   	0.467507 	-1        	0.494341
510	47    	0.18847    	0.357419 	-1        	0.461593
511	44    	0.0622323  	0.536731 	-1        	0.463116
512	43    	0.265817   	0.330008 	-1        	0.4792  
513	47    	0.222549   	0.369559 	-1        	0.4792  
514	47    	0.222152   	0.367924 	-1        	0.530964
515	46    	0.227648   	0.324335 	-1        	0.530964
516	49    	0.179508   	0.402342 	-1        	0.508351
517	48    	0.219274   	0.320904 	-1        	0.555391
518	46    	0.225339   	0.370298 	-1        	0.555391
519	49    	0.304874   	0.07831  	0.159596  	0.496308
520	47    	0.231021   	0.318053 	-1        	0.450023
521	44    	0.17623    	0.400763 	-1        	0.550389
522	43    	0.174553   	0.405514 	-1        	0.550389
523	48    	0.175513   	0.441616 	-1        	0.550389
524	47    	0.130629   	0.463794 	-1        	0.511389
525	46    	0.11771    	0.494839 	-1        	0.545109
526	49    	0.244138   	0.263759 	-1        	0.444154
527	45    	-0.0488806 	0.597573 	-1        	0.479587
528	45    	0.163805   	0.440065 	-1        	0.611526
529	47    	0.158998   	0.432341 	-1        	0.477038
530	45    	0.289428   	0.204711 	-1        	0.510108
531	47    	0.224495   	0.318635 	-1        	0.49827 
532	48    	0.0707275  	0.509069 	-1        	0.571148
533	43    	0.259153   	0.285643 	-1        	0.578482
534	44    	0.270907   	0.280966 	-1        	0.578482
535	42    	0.290582   	0.216499 	-1        	0.571148
536	45    	0.291148   	0.207693 	-1        	0.56544 
537	46    	0.244316   	0.327053 	-1        	0.56544 
538	46    	0.128555   	0.42843  	-1        	0.56544 
539	47    	0.214435   	0.313527 	-1        	0.472451
540	49    	0.237729   	0.321524 	-1        	0.473746
541	41    	0.321434   	0.100755 	0.076687  	0.498452
542	47    	0.197506   	0.365877 	-1        	0.479392
543	47    	0.292397   	0.195508 	-1        	0.479392
544	47    	0.199575   	0.364542 	-1        	0.450931
545	41    	0.231633   	0.328565 	-1        	0.505515
546	47    	0.200691   	0.367341 	-1        	0.562839
547	48    	0.165317   	0.401266 	-1        	0.522256
548	48    	0.126971   	0.464377 	-1        	0.538934
549	42    	0.238131   	0.333204 	-1        	0.538934
550	50    	0.208733   	0.316616 	-1        	0.462632
551	43    	0.295506   	0.201    	-1        	0.509543
552	47    	0.280409   	0.205451 	-1        	0.467678
553	44    	0.333939   	0.0764651	0.177495  	0.492867
554	46    	0.287261   	0.272221 	-1        	0.505698
555	45    	0.252534   	0.330063 	-1        	0.5866  
556	45    	0.178103   	0.406085 	-1        	0.5866  
557	45    	0.261473   	0.276994 	-1        	0.5866  
558	47    	0.209188   	0.319092 	-1        	0.48893 
559	42    	0.185049   	0.404937 	-1        	0.503903
560	46    	-0.0372476 	0.575721 	-1        	0.467821
561	48    	0.0266958  	0.518903 	-1        	0.416883
562	49    	0.117046   	0.456872 	-1        	0.47619 
563	45    	0.130201   	0.461942 	-1        	0.467213
564	45    	0.211494   	0.365588 	-1        	0.479699
565	41    	-0.0325619 	0.607761 	-1        	0.479699
566	47    	-0.128709  	0.629407 	-1        	0.476184
567	46    	0.0471017  	0.529416 	-1        	0.481907
568	45    	0.0556789  	0.535282 	-1        	0.536523
569	48    	0.207298   	0.314975 	-1        	0.459662
570	48    	0.234054   	0.267246 	-1        	0.453708
571	47    	0.286664   	0.108129 	-0.02     	0.447805
572	41    	0.287081   	0.10383  	-0.016    	0.447805
573	45    	0.296812   	0.118964 	-0.0166666	0.723181
574	45    	0.273271   	0.126679 	-0.0166667	0.723181
575	47    	0.276813   	0.139927 	-0.02     	0.635176
576	50    	0.281065   	0.215285 	-1        	0.600581
577	49    	0.22369    	0.214141 	-1        	0.491699
578	44    	0.314772   	0.104995 	0.0927849 	0.537509
579	46    	0.267171   	0.132014 	-0.0179999	0.537509
580	47    	0.233397   	0.210585 	-1        	0.537509
581	48    	0.26463    	0.138281 	-0.02     	0.640261
582	45    	0.249379   	0.133647 	-0.0222223	0.640261
583	44    	0.28468    	0.141818 	-0.0222222	0.640261
584	46    	0.297131   	0.161405 	-0.0185714	0.651333
585	45    	0.276963   	0.161356 	-0.0181818	0.651333
586	48    	0.280189   	0.151095 	-0.0175   	0.665498
587	47    	0.275155   	0.150658 	-0.016    	0.651333
588	46    	0.226382   	0.138589 	-0.0225   	0.651333
589	47    	0.251553   	0.119579 	-0.0171429	0.561879
590	46    	0.274321   	0.108247 	-0.015    	0.527588
591	49    	0.252789   	0.101686 	-0.02     	0.473784
592	47    	0.250268   	0.0932228	-0.0183333	0.412427
593	41    	0.297029   	0.107493 	0.0817085 	0.677685
594	48    	0.27379    	0.0928226	0.0450779 	0.527175
595	47    	0.283583   	0.0919864	0.106501  	0.529165
596	48    	0.260641   	0.129419 	-0.02     	0.554662
597	46    	0.27349    	0.115538 	-0.0149999	0.554662
598	45    	0.29131    	0.106333 	0.0860142 	0.529648
599	43    	0.285838   	0.12338  	-0.014999 	0.529648
600	47    	0.27455    	0.130018 	-0.0175   	0.55459 
601	45    	0.254036   	0.130199 	-0.02     	0.580184
602	46    	0.276595   	0.126212 	-0.0166667	0.580184
603	43    	0.298568   	0.124695 	-0.0160002	0.580184
604	45    	0.259046   	0.224226 	-1        	0.580184
605	46    	0.270185   	0.123136 	-0.0175   	0.526817
606	47    	0.283795   	0.0942951	0.085547  	0.526817
607	44    	0.263079   	0.11352  	-0.01     	0.526817
608	49    	0.294196   	0.0831671	0.112711  	0.526817
609	45    	0.316175   	0.0892162	0.15095   	0.526817
610	48    	0.223919   	0.272699 	-1        	0.495983
611	44    	0.282683   	0.211065 	-1        	0.572734
612	42    	0.291259   	0.211346 	-1        	0.572734
613	45    	0.312924   	0.0987955	0.165599  	0.572734
614	47    	0.286491   	0.0866089	0.137124  	0.47229 
615	48    	0.296263   	0.0937413	0.0765024 	0.506007
616	48    	0.282532   	0.0868372	0.082925  	0.510101
617	46    	0.268872   	0.0852679	0.0821184 	0.47229 
618	45    	0.285055   	0.0887427	0.0797079 	0.54637 
619	45    	0.296317   	0.104526 	0.0697699 	0.54637 
620	44    	0.317362   	0.109069 	0.126966  	0.54637 
621	45    	0.292469   	0.108501 	-0.0171429	0.54637 
622	48    	0.247685   	0.207078 	-1        	0.54637 
623	47    	0.276901   	0.118887 	-0.0160001	0.54637 
624	42    	0.290036   	0.212716 	-1        	0.631145
625	44    	0.29173    	0.139219 	-0.0166667	0.631145
626	44    	0.275931   	0.135707 	-0.0171429	0.54637 
627	49    	0.278938   	0.20581  	-1        	0.54637 
628	46    	0.278179   	0.212429 	-1        	0.54637 
629	42    	0.285721   	0.212775 	-1        	0.54637 
630	47    	0.284201   	0.109508 	-0.016    	0.54637 
631	47    	0.278475   	0.202627 	-1        	0.533157
632	46    	0.303345   	0.0932039	-0.0166667	0.48887 
633	49    	0.124375   	0.426828 	-1        	0.574527
634	46    	0.245313   	0.275121 	-1        	0.574527
635	46    	0.262347   	0.270193 	-1        	0.574527
636	47    	0.272201   	0.216364 	-1        	0.574527
637	47    	0.252134   	0.269005 	-1        	0.574527
638	44    	0.31381    	0.0902355	0.128111  	0.574527
639	46    	0.20111    	0.317899 	-1        	0.574527
640	48    	0.200904   	0.318769 	-1        	0.574537
641	46    	0.264534   	0.273079 	-1        	0.574537
642	44    	0.213724   	0.36876  	-1        	0.492695
643	46    	0.226992   	0.322356 	-1        	0.500158
644	47    	0.243706   	0.265074 	-1        	0.46809 
645	47    	0.302258   	0.0833618	0.125512  	0.592636
646	48    	0.271148   	0.200496 	-1        	0.501182
647	47    	0.222993   	0.328141 	-1        	0.53545 
648	48    	0.16202    	0.400104 	-1        	0.53545 
649	45    	0.0472011  	0.53599  	-1        	0.53545 
650	50    	0.0279548  	0.524509 	-1        	0.627615
651	49    	0.166193   	0.400205 	-1        	0.520989
652	47    	0.238015   	0.272748 	-1        	0.5853  
653	46    	0.241842   	0.29088  	-1        	0.77466 
654	40    	0.308247   	0.175193 	-0.0133334	0.77466 
655	46    	0.211477   	0.289801 	-1        	0.77466 
656	46    	0.273691   	0.155088 	-0.0175001	0.77466 
657	46    	0.252164   	0.147483 	-0.0171429	0.77466 
658	45    	0.269847   	0.153955 	-0.0171431	0.77466 
659	45    	0.255343   	0.1618   	-0.02     	0.775316
660	48    	0.265572   	0.14028  	-0.0175   	0.693636
661	48    	0.239611   	0.219512 	-1        	0.693636
662	47    	0.250215   	0.10944  	-0.0171429	0.498006
663	47    	0.279168   	0.112812 	-0.0166666	0.630554
664	45    	0.231504   	0.22994  	-1        	0.630554
665	47    	0.267888   	0.132811 	0.031868  	0.703041
666	47    	0.221218   	0.141504 	-0.02     	0.515749
667	46    	0.221746   	0.132885 	-0.0177778	0.592358
668	41    	0.225054   	0.162952 	-0.02     	0.592358
669	43    	0.263058   	0.148697 	-0.0175   	0.560031
670	46    	0.222414   	0.151523 	-0.02     	0.560031
671	45    	0.226484   	0.161823 	-0.018    	0.560031
672	44    	0.27071    	0.14305  	-0.0177778	0.560031
673	46    	0.263649   	0.138486 	-0.0171429	0.560031
674	43    	0.261079   	0.142468 	-0.0166666	0.544953
675	47    	0.216149   	0.13909  	-0.018    	0.524867
676	47    	0.254885   	0.127282 	-0.0177778	0.518553
677	49    	0.226166   	0.131993 	-0.0166668	0.468822
678	49    	0.23936    	0.0989176	-0.0171429	0.472486
679	45    	0.277301   	0.106135 	0.0598962 	0.488494
680	48    	0.250064   	0.117363 	-0.016    	0.515522
681	47    	0.255412   	0.108507 	-0.02     	0.461667
682	47    	0.273227   	0.119413 	-0.016    	0.536074
683	44    	0.27269    	0.210796 	-1        	0.501428
684	45    	0.225643   	0.321089 	-1        	0.501428
685	46    	0.27304    	0.205651 	-1        	0.501428
686	46    	0.270189   	0.272236 	-1        	0.51996 
687	49    	0.20233    	0.364699 	-1        	0.494872
688	49    	0.120702   	0.461923 	-1        	0.673121
689	43    	0.0805681  	0.517119 	-1        	0.673121
690	44    	0.242057   	0.341904 	-1        	0.673121
691	46    	0.266124   	0.28834  	-1        	0.673121
692	45    	0.271334   	0.280949 	-1        	0.673121
693	44    	0.214202   	0.367111 	-1        	0.490373
694	48    	0.189866   	0.36174  	-1        	0.544925
695	44    	0.20829    	0.367414 	-1        	0.656255
696	47    	0.156673   	0.438259 	-1        	0.656255
697	43    	0.273448   	0.284004 	-1        	0.656255
698	43    	0.304504   	0.228781 	-1        	0.656255
699	46    	0.287879   	0.128427 	-0.0159999	0.656255
700	45    	0.2573     	0.339511 	-1        	0.656255
701	48    	0.166732   	0.40093  	-1        	0.583809
702	48    	0.188082   	0.360692 	-1        	0.532513
703	47    	0.157376   	0.434066 	-1        	0.532513
704	47    	0.204743   	0.365782 	-1        	0.504144
705	44    	0.196485   	0.365453 	-1        	0.504144
706	43    	0.118111   	0.496326 	-1        	0.504144
707	49    	0.183303   	0.402261 	-1        	0.504144
708	48    	0.0480205  	0.496674 	-1        	0.449761
709	48    	0.0435995  	0.558104 	-1        	0.483666
710	49    	0.179138   	0.399017 	-1        	0.480091
711	48    	0.142976   	0.428079 	-1        	0.476365
712	42    	0.273206   	0.203697 	-1        	0.528286
713	45    	0.169355   	0.399058 	-1        	0.486962
714	47    	0.245698   	0.269917 	-1        	0.44303 
715	49    	0.288823   	0.073126 	0.139813  	0.496776
716	46    	0.248585   	0.207273 	-1        	0.469978
717	43    	0.279268   	0.203893 	-1        	0.483908
718	46    	0.19417    	0.36486  	-1        	0.474437
719	49    	0.234141   	0.321673 	-1        	0.578515
720	47    	0.0215365  	0.54935  	-1        	0.578515
721	47    	0.213276   	0.371207 	-1        	0.578515
722	49    	0.238253   	0.272329 	-1        	0.578515
723	47    	0.253638   	0.263549 	-1        	0.425775
724	47    	0.260558   	0.269292 	-1        	0.492693
725	43    	0.320119   	0.20697  	-1        	0.574202
726	46    	0.275698   	0.209465 	-1        	0.50596 
727	48    	0.250732   	0.274241 	-1        	0.541912
728	47    	0.264293   	0.199312 	-1        	0.463284
729	45    	0.275645   	0.106509 	0.0959269 	0.577599
730	44    	0.309636   	0.0998273	0.109222  	0.577599
731	47    	0.286597   	0.100588 	-0.0166666	0.463284
732	46    	0.217836   	0.370073 	-1        	0.584021
733	47    	0.285988   	0.104612 	-0.02     	0.468252
734	46    	0.30028    	0.0870562	0.131888  	0.468252
735	45    	0.256533   	0.196017 	-1        	0.445065
736	48    	0.279581   	0.0906477	0.112598  	0.453676
737	47    	0.286363   	0.103151 	-0.0175   	0.608846
738	43    	0.251087   	0.278023 	-1        	0.608846
739	47    	0.295752   	0.0886975	0.167879  	0.488814
740	46    	0.211762   	0.326406 	-1        	0.502013
741	45    	0.223627   	0.321765 	-1        	0.490994
742	46    	0.29439    	0.207638 	-1        	0.650967
743	48    	0.217141   	0.323942 	-1        	0.513742
744	42    	0.303128   	0.204699 	-1        	0.482245
745	48    	0.208625   	0.368686 	-1        	0.527136
746	48    	0.251161   	0.271893 	-1        	0.527136
747	46    	0.141868   	0.431697 	-1        	0.527136
748	47    	0.207394   	0.326395 	-1        	0.565067
749	44    	0.27413    	0.217528 	-1        	0.565067
750	47    	0.274534   	0.210984 	-1        	0.565067
751	43    	0.309614   	0.0934638	0.12601   	0.502763
752	41    	0.292155   	0.278355 	-1        	0.563059
753	45    	0.264889   	0.271357 	-1        	0.502763
754	47    	0.17994    	0.400656 	-1        	0.519386
755	47    	0.290964   	0.0850743	-0.02     	0.496176
756	48    	0.232263   	0.319418 	-1        	0.496176
757	47    	0.243167   	0.3232   	-1        	0.496176
758	45    	0.235867   	0.32484  	-1        	0.501352
759	49    	0.0542966  	0.498591 	-1        	0.537707
760	44    	0.218687   	0.318983 	-1        	0.537707
761	47    	0.1447     	0.431954 	-1        	0.537707
762	43    	0.230974   	0.322403 	-1        	0.537707
763	45    	0.269919   	0.275342 	-1        	0.537707
764	43    	0.24379    	0.33066  	-1        	0.537707
765	47    	0.29184    	0.201415 	-1        	0.491039
766	47    	0.225041   	0.322923 	-1        	0.484876
767	47    	0.253979   	0.271566 	-1        	0.517629
768	45    	0.306288   	0.204764 	-1        	0.527193
769	48    	0.268453   	0.207398 	-1        	0.514876
770	48    	0.295285   	0.0742057	0.176078  	0.487349
771	47    	0.278892   	0.202352 	-1        	0.508295
772	49    	0.268195   	0.203266 	-1        	0.570862
773	46    	0.30575    	0.089503 	0.10832   	0.474395
774	45    	0.278746   	0.276476 	-1        	0.665721
775	45    	0.232214   	0.326257 	-1        	0.474395
776	47    	0.205765   	0.364129 	-1        	0.50524 
777	48    	0.276105   	0.198193 	-1        	0.477664
778	47    	0.258487   	0.204663 	-1        	0.477664
779	44    	0.318806   	0.0938363	0.134707  	0.474395
780	46    	0.316854   	0.104337 	-0.0175   	0.598935
781	45    	0.284721   	0.21428  	-1        	0.805476
782	49    	0.238255   	0.324999 	-1        	0.506275
783	48    	0.208473   	0.313859 	-1        	0.431942
784	48    	0.263652   	0.193116 	-1        	0.439885
785	49    	0.299057   	0.0708412	0.152252  	0.444934
786	43    	0.182802   	0.402492 	-1        	0.484513
787	46    	0.302244   	0.0825938	0.0926136 	0.484513
788	45    	0.307804   	0.0947661	-0.015    	0.484513
789	46    	0.280692   	0.204938 	-1        	0.481547
790	48    	0.324537   	0.0932991	0.119754  	0.57581 
791	44    	0.257418   	0.272371 	-1        	0.529015
792	45    	0.223092   	0.271451 	-1        	0.529015
793	48    	0.184631   	0.40134  	-1        	0.463477
794	49    	0.252801   	0.270387 	-1        	0.449838
795	48    	0.0416532  	0.527403 	-1        	0.550902
796	50    	0.11588    	0.45833  	-1        	0.486427
797	49    	0.107964   	0.453098 	-1        	0.458325
798	47    	0.159804   	0.436173 	-1        	0.505362
799	46    	0.237818   	0.328612 	-1        	0.515519
800	46    	0.239067   	0.268925 	-1        	0.515519
801	46    	0.29873    	0.0911277	-0.016    	0.472962
802	44    	0.25682    	0.266447 	-1        	0.472962
803	48    	0.190524   	0.368137 	-1        	0.55699 
804	49    	0.234459   	0.265037 	-1        	0.534901
805	44    	0.186607   	0.406594 	-1        	0.54334 
806	48    	0.152318   	0.431651 	-1        	0.439753
807	43    	0.104105   	0.491317 	-1        	0.676553
808	42    	0.0829396  	0.51372  	-1        	0.474204
809	46    	-0.000859358	0.565514 	-1        	0.445559
810	40    	0.156368    	0.473974 	-1        	0.581293
811	48    	-0.162419   	0.633214 	-1        	0.581293
812	47    	-0.0452725  	0.60037  	-1        	0.581293
813	43    	-0.0670646  	0.618521 	-1        	0.581293
814	48    	-0.0533421  	0.593845 	-1        	0.456317
815	46    	-0.189014   	0.665417 	-1        	0.506717
816	44    	0.10105     	0.491109 	-1        	0.506717
817	46    	0.101069    	0.490088 	-1        	0.506237
818	47    	0.0216662   	0.549476 	-1        	0.506237
819	48    	-0.178898   	0.618668 	-1        	0.445734
820	48    	0.0484251   	0.52915  	-1        	0.460017
821	46    	0.0683079   	0.538599 	-1        	0.460017
822	45    	0.242927    	0.325568 	-1        	0.495874
823	43    	0.139636    	0.469722 	-1        	0.541198
824	44    	-0.00178767 	0.59722  	-1        	0.541198
825	48    	-0.148167   	0.642317 	-1        	0.541198
826	48    	-0.0445287  	0.600868 	-1        	0.541198
827	46    	-0.135645   	0.627103 	-1        	0.65732 
828	46    	-0.134379   	0.658123 	-1        	0.65732 
829	46    	0.0301689   	0.560792 	-1        	0.65732 
830	47    	-0.142402   	0.64833  	-1        	0.529658
831	49    	-0.255122   	0.664493 	-1        	0.469002
832	44    	-0.0640482  	0.616116 	-1        	0.469002
833	45    	-0.0265813  	0.580502 	-1        	0.467085
834	47    	-0.251563   	0.642034 	-1        	0.467085
835	49    	-0.03706    	0.574987 	-1        	0.476563
836	49    	0.194028    	0.314991 	-1        	0.489553
837	44    	0.131117    	0.462953 	-1        	0.500147
838	45    	0.185058    	0.35905  	-1        	0.502627
839	47    	0.200695    	0.314645 	-1        	0.502627
840	45    	0.280674    	0.202965 	-1        	0.502627
841	46    	0.22678     	0.318752 	-1        	0.434372
842	47    	0.0995127   	0.486758 	-1        	0.562862
843	47    	0.210723    	0.318599 	-1        	0.562862
844	45    	0.188002    	0.446882 	-1        	0.562862
845	48    	0.158866    	0.438974 	-1        	0.489647
846	47    	0.20192     	0.363702 	-1        	0.469374
847	47    	0.195932    	0.361055 	-1        	0.469374
848	44    	0.276619    	0.202855 	-1        	0.471092
849	49    	0.205485    	0.263652 	-1        	0.462258
850	48    	0.253413    	0.199765 	-1        	0.484877
851	47    	0.252461    	0.267079 	-1        	0.470101
852	47    	0.00874852  	0.54009  	-1        	0.462258
853	47    	-0.0063599  	0.56267  	-1        	0.574192
854	46    	0.0228983   	0.547673 	-1        	0.562494
855	44    	0.0722152   	0.508222 	-1        	0.562494
856	45    	-0.0181673  	0.560143 	-1        	0.562494
857	48    	0.150319    	0.472659 	-1        	0.580445
858	49    	0.0780727   	0.483223 	-1        	0.564529
859	45    	0.0649579   	0.5108   	-1        	0.564529
860	46    	0.129264    	0.468479 	-1        	0.564529
861	46    	0.115803    	0.460655 	-1        	0.564529
862	49    	0.0300365   	0.5523   	-1        	0.564529
863	47    	0.0600072   	0.534407 	-1        	0.516356
864	43    	-0.0434021  	0.600316 	-1        	0.516356
865	39    	-0.0832289  	0.63495  	-1        	0.519453
866	46    	-0.056102   	0.592632 	-1        	0.519453
867	43    	0.135557    	0.468708 	-1        	0.519453
868	45    	0.00411334  	0.571694 	-1        	0.535847
869	46    	0.12774     	0.464142 	-1        	0.535847
870	48    	0.057372    	0.532426 	-1        	0.516356
871	45    	0.0121099   	0.573837 	-1        	0.516356
872	46    	-0.0613871  	0.620116 	-1        	0.516356
873	44    	0.0589927   	0.535729 	-1        	0.516356
874	48    	-0.0324779  	0.576666 	-1        	0.510884
875	47    	-0.0155429  	0.591905 	-1        	0.569028
876	43    	0.0872567   	0.51987  	-1        	0.569028
877	50    	0.0484757   	0.532173 	-1        	0.551311
878	45    	0.0265829   	0.550853 	-1        	0.551311
879	43    	0.0225535   	0.578689 	-1        	0.551311
880	47    	0.0452774   	0.526546 	-1        	0.466202
881	45    	-0.0166951  	0.587909 	-1        	0.527322
882	45    	0.0153047   	0.579642 	-1        	0.527322
883	44    	-0.163522   	0.659572 	-1        	0.527516
884	47    	-0.123489   	0.633203 	-1        	0.527516
885	46    	0.23041     	0.324737 	-1        	0.527516
886	48    	0.141427    	0.430466 	-1        	0.527516
887	44    	0.143588    	0.430169 	-1        	0.518158
888	45    	-0.00999198 	0.594128 	-1        	0.661289
889	43    	0.15564     	0.475318 	-1        	0.651228
890	45    	0.225129    	0.371283 	-1        	0.651228
891	49    	0.248001    	0.265739 	-1        	0.481236
892	44    	0.292616    	0.111604 	-0.0133333	0.564676
893	42    	0.287906    	0.204775 	-1        	0.564676
894	47    	0.22876     	0.260483 	-1        	0.465105
895	46    	0.244308    	0.204181 	-1        	0.4627  
896	48    	0.315246    	0.0905296	0.0338577 	0.502819
897	46    	0.31431     	0.0762069	0.107176  	0.4627  
898	43    	0.314776    	0.0879318	0.0762302 	0.469473
899	48    	0.270643    	0.207649 	-1        	0.505883
900	49    	0.23937     	0.271274 	-1        	0.509264
901	45    	0.26941     	0.210283 	-1        	0.509264
902	43    	0.315962    	0.0959906	0.122715  	0.509264
903	47    	0.256479    	0.203565 	-1        	0.518965
904	46    	0.245717    	0.267411 	-1        	0.518965
905	46    	0.204017    	0.409251 	-1        	0.5275  
906	46    	0.136567    	0.465578 	-1        	0.5275  
907	47    	-0.0575615  	0.590709 	-1        	0.485666
908	43    	0.192374    	0.404316 	-1        	0.485666
909	46    	0.0287824   	0.551034 	-1        	0.485666
910	48    	0.198648    	0.363398 	-1        	0.514329
911	47    	0.0904794   	0.456586 	-1        	0.493754
912	46    	0.069472    	0.50422  	-1        	0.4471  
913	50    	-0.0942647  	0.598513 	-1        	0.51222 
914	50    	-0.0668019  	0.585778 	-1        	0.425529
915	43    	0.246528    	0.325442 	-1        	0.460968
916	45    	0.180303    	0.400661 	-1        	0.456045
917	42    	0.0473375   	0.530384 	-1        	0.456045
918	47    	0.179424    	0.440879 	-1        	0.478378
919	43    	0.0598108   	0.534881 	-1        	0.445451
920	48    	0.187322    	0.401392 	-1        	0.444994
921	48    	0.149572    	0.430125 	-1        	0.442622
922	46    	0.246777    	0.266284 	-1        	0.491036
923	47    	0.226179    	0.322011 	-1        	0.648883
924	43    	0.236525    	0.326297 	-1        	0.648883
925	50    	0.266545    	0.278118 	-1        	0.69211 
926	45    	0.169402    	0.446343 	-1        	0.69211 
927	45    	0.305782    	0.111317 	-0.0150001	0.69211 
928	44    	0.298944    	0.0925725	-0.015    	0.496807
929	47    	0.243696    	0.273771 	-1        	0.506398
930	47    	0.239356    	0.263489 	-1        	0.506398
931	42    	0.315506    	0.0830988	0.166564  	0.506398
932	47    	0.303888    	0.0942114	0.153677  	0.653116
933	47    	0.2956      	0.119582 	-0.01     	0.653116
934	45    	0.301567    	0.0915937	0.113892  	0.504876
935	50    	0.302631    	0.104834 	0.0803954 	0.581843
936	47    	0.295725    	0.113467 	-0.0133333	0.581843
937	47    	0.255717    	0.212752 	-1        	0.581843
938	43    	0.261481    	0.279912 	-1        	0.581843
939	46    	0.29084     	0.209283 	-1        	0.581843
940	44    	0.221899    	0.32185  	-1        	0.581843
941	47    	0.222641    	0.316423 	-1        	0.462703
942	48    	0.226309    	0.327496 	-1        	0.572314
943	44    	0.174917    	0.40575  	-1        	0.572314
944	46    	0.309482    	0.110033 	0.074294  	0.746271
945	47    	0.228883    	0.327062 	-1        	0.504646
946	46    	0.270188    	0.195932 	-1        	0.505138
947	45    	0.222964    	0.320751 	-1        	0.505138
948	47    	0.308561    	0.0895369	0.157724  	0.527928
949	45    	0.294505    	0.207438 	-1        	0.643282
950	45    	0.324315    	0.10357  	0.202559  	0.643282
951	47    	0.292117    	0.125149 	0.137473  	0.643282
952	46    	0.267694    	0.283573 	-1        	0.643282
953	45    	0.303924    	0.224308 	-1        	0.643282
954	50    	0.256594    	0.0950573	-0.02     	0.452618
955	47    	0.243056    	0.268302 	-1        	0.444456
956	40    	0.0306887   	0.555525 	-1        	0.484392
957	44    	0.000362533 	0.566635 	-1        	0.484392
958	47    	0.186123    	0.406906 	-1        	0.647659
959	43    	0.152108    	0.477341 	-1        	0.647659
960	48    	0.119858    	0.463902 	-1        	0.647659
961	47    	0.243856    	0.283745 	-1        	0.678857
962	48    	0.195905    	0.362919 	-1        	0.678857
963	43    	0.29177     	0.0983721	0.0982281 	0.678857
964	47    	0.291399    	0.206658 	-1        	0.635622
965	49    	0.281582    	0.206078 	-1        	0.635622
966	47    	0.28695     	0.205216 	-1        	0.635622
967	42    	0.318758    	0.12176  	0.0533699 	0.635622
968	46    	0.321454    	0.099981 	-0.02     	0.635622
969	49    	0.222968    	0.37014  	-1        	0.635622
970	47    	0.239908    	0.269447 	-1        	0.635622
971	43    	0.279553    	0.200169 	-1        	0.46469 
972	47    	0.190792    	0.357326 	-1        	0.46469 
973	48    	0.282296    	0.202536 	-1        	0.543497
974	44    	0.27773     	0.202565 	-1        	0.543497
975	48    	0.214343    	0.321255 	-1        	0.543497
976	42    	0.291788    	0.205193 	-1        	0.469585
977	47    	0.257045    	0.274487 	-1        	0.605857
978	47    	0.256343    	0.276748 	-1        	0.519125
979	43    	0.272978    	0.27872  	-1        	0.587776
980	44    	0.29067     	0.116977 	-0.0175   	0.587776
981	45    	0.214619    	0.372427 	-1        	0.519125
982	44    	0.243815    	0.327389 	-1        	0.519125
983	44    	0.296653    	0.105507 	-0.015    	0.519125
984	46    	0.282519    	0.203603 	-1        	0.479457
985	43    	0.328684    	0.0851187	0.186828  	0.479457
986	48    	0.265028    	0.199414 	-1        	0.476439
987	47    	0.291055    	0.200283 	-1        	0.508297
988	48    	0.304374    	0.0865857	0.105637  	0.554844
989	47    	0.276158    	0.0899669	0.0657665 	0.450278
990	47    	0.241699    	0.26794  	-1        	0.481126
991	44    	0.258916    	0.271164 	-1        	0.516584
992	46    	0.302808    	0.0650946	0.158238  	0.452959
993	48    	0.309666    	0.0695578	0.101471  	0.501312
994	49    	0.271146    	0.198763 	-1        	0.462332
995	43    	0.0702588   	0.540165 	-1        	0.502018
996	48    	0.107109    	0.452905 	-1        	0.474466
997	45    	0.243054    	0.267206 	-1        	0.474466
998	46    	0.138596    	0.428611 	-1        	0.474466
999	45    	0.0658099   	0.504653 	-1        	0.476864
1000	46    	0.134569    	0.464891 	-1        	0.474466
Best individuals:
(0.8261039333277184,) 	-->	 /*9*/DDDBLLFRRBFFUUUL
VMNeuronManager.autoload: Neuro classes added: Delay Light Nn PIDP PIDV SeeLight SeeLight2 S0 S1 Thr 
UserScripts.autoload: 19 user scripts added.
Simulator.load: Loading from 'eval-allcriteria.sim'
Loader.load: Comments read from file follow:
Loader.load:  Sample settings for evaluating many criteria of performance of a Framsticks creature.
Loader.load:  See the "evalcount" parameter if you want to speed the evaluation up or have a more stable result.
Loader.load:  Other important parameters are "Energy0" and "perfperiod".
Loader.load:  Put this file in the "data" subdirectory within the Framsticks distribution.
Simulator.load: Settings loaded from 'eval-allcriteria.sim'
Simulator.load: Loading from 'deterministic.sim'
Loader.load: Comments read from file follow:
Loader.load:  Parameter values that make the evaluation of a Framsticks creature deterministic.
Loader.load:  The values turn off random noise, so evaluation of the same genotype will always yield the same performance.
Loader.load:  The advantage is that you do not need to evaluate a genotype many times, and performance values are reliable.
Loader.load:  The disadvantage is that evolved creatures are "overfitting", i.e. rely entirely on the specific environment,
Loader.load:  and their behavior may be different in any other environment or (even slightly) changed conditions or parameter values,
Loader.load:  so each creature evolved using these settings must be later inspected using exactly the same setup.
Loader.load: 
Loader.load:  Before loading this file, load base settings, e.g. "eval-allcriteria.sim".
Loader.load:  Put this file in the "data" subdirectory within the Framsticks distribution.
Simulator.load: Settings loaded from 'deterministic.sim'
Simulator.load: Loading from 'sample-period-2.sim'
Loader.load: Comments read from file follow:
Loader.load:  Very low "performance sampling period" in the first population to sample performance very often during lifespan
Loader.load:  and avoid overlooking some behavior. Averaged performance of sampled values is returned as the final value.
Loader.load:  See http://www.framsticks.com/a/al_params.html#exper-perfcalc
Loader.load: 
Loader.load:  Before loading this file, load base settings, e.g. "eval-allcriteria.sim".
Loader.load:  Put this file in the "data" subdirectory within the Framsticks distribution.
Simulator.load: Loading from 'f9-mut-050.sim'
Simulator.load: Settings loaded from 'f9-mut-050.sim'
