gen	nevals	avg     	stddev	min     	max     
0  	50    	0.218369	0     	0.218369	0.218369
1  	43    	0.072932	0.12  	-0.016  	0.514537
2  	47    	0.0947637	0.144786	-0.016  	0.514537
3  	46    	0.110577 	0.148219	-0.0166667	0.514579
4  	44    	0.17604  	0.177213	-0.016    	0.812825
5  	46    	0.166885 	0.174566	-0.02     	0.812083
6  	47    	0.192331 	0.168991	-0.02     	0.812083
7  	46    	0.174707 	0.164352	-0.0171429	0.514537
8  	46    	0.192979 	0.198766	-0.0171429	0.582956
9  	46    	0.180506 	0.200343	-0.0166667	0.582956
10 	48    	0.190987 	0.190537	-0.0171429	0.811396
11 	44    	0.224927 	0.224619	-0.0171429	0.811396
12 	47    	0.234012 	0.211931	-0.02     	0.704133
13 	44    	0.223336 	0.247104	-0.017143 	0.706515
14 	46    	0.259587 	0.226097	-0.0175   	0.705842
15 	44    	0.274566 	0.21408 	-0.0171427	0.704133
16 	46    	0.24833  	0.231337	-0.02     	0.811247
17 	48    	0.201308 	0.14709 	-0.0171429	0.537645
18 	45    	0.209353 	0.164012	-0.02     	0.515996
19 	42    	0.203672 	0.176232	-0.02     	0.515996
20 	45    	0.18662  	0.179006	-0.0171429	0.515503
21 	46    	0.174585 	0.156673	-0.0166667	0.514579
22 	48    	0.1965   	0.154527	-0.0166666	0.583866
23 	48    	0.199364 	0.160462	-0.0171429	0.59936 
24 	46    	0.20355  	0.179306	-0.0177778	0.64438 
25 	46    	0.235825 	0.178007	-0.0166667	0.64438 
26 	44    	0.291024 	0.181071	-0.0166667	0.790596
27 	44    	0.26502  	0.218234	-0.0171429	0.790596
28 	48    	0.248393 	0.179393	-0.02     	0.790596
29 	48    	0.189313 	0.169777	-0.0200001	0.790596
30 	47    	0.20809  	0.131304	-0.02     	0.488964
31 	44    	0.222669 	0.152316	-0.02     	0.605256
32 	48    	0.240763 	0.137122	-0.0200001	0.615818
33 	47    	0.238598 	0.139039	-0.02     	0.615818
34 	46    	0.239987 	0.138546	-0.0171428	0.702709
35 	45    	0.268094 	0.153804	-0.0175   	0.702709
36 	45    	0.261458 	0.186261	-0.02     	0.716879
37 	46    	0.199487 	0.162864	-0.0177779	0.702709
38 	44    	0.228989 	0.152591	-0.02     	0.702709
39 	47    	0.211455 	0.155864	-0.02     	0.648116
40 	45    	0.244198 	0.144182	-0.0166667	0.592112
41 	44    	0.278784 	0.162336	-0.02     	0.592112
42 	47    	0.278584 	0.133978	-0.0171429	0.592112
43 	44    	0.284991 	0.158326	-0.02     	0.603225
44 	46    	0.263234 	0.162956	-0.02     	0.603225
45 	48    	0.221661 	0.149442	-0.02     	0.592112
46 	46    	0.245226 	0.163616	-0.02     	0.592112
47 	46    	0.289133 	0.0996805	0.0840135 	0.492457
48 	44    	0.286781 	0.132383 	0.0835733 	0.702732
49 	44    	0.290632 	0.171348 	-0.02     	0.702732
50 	43    	0.267477 	0.186541 	-0.02     	0.702732
51 	46    	0.248911 	0.208525 	-0.0175   	0.703725
52 	44    	0.281243 	0.188722 	-0.02     	0.703725
53 	46    	0.245911 	0.167656 	-0.02     	0.703725
54 	45    	0.255867 	0.164493 	-0.016    	0.703725
55 	45    	0.226447 	0.176887 	-0.02     	0.599344
56 	47    	0.2395   	0.161608 	-0.02     	0.499321
57 	45    	0.202031 	0.164789 	-0.0175   	0.813708
58 	48    	0.203625 	0.136796 	-0.0171429	0.497843
59 	44    	0.222553 	0.144807 	-0.02     	0.515503
60 	46    	0.237732 	0.137216 	-0.018    	0.583225
61 	44    	0.237805 	0.177538 	-0.0200001	0.583225
62 	44    	0.254609 	0.182076 	-0.0171429	0.586871
63 	46    	0.259704 	0.159903 	-0.02     	0.586871
64 	44    	0.252013 	0.181371 	-0.0175   	0.586871
65 	46    	0.281067 	0.164345 	-0.0175   	0.604515
66 	43    	0.267912 	0.201678 	-0.02     	0.605664
67 	45    	0.295716 	0.174865 	-0.0177777	0.790832
68 	47    	0.241489 	0.197648 	-0.02     	0.790832
69 	46    	0.237518 	0.17345  	-0.02     	0.790832
70 	45    	0.291864 	0.169099 	-0.0199999	0.790832
71 	44    	0.258918 	0.189173 	-0.0200001	0.790832
72 	45    	0.270175 	0.208803 	-0.02     	0.790832
73 	46    	0.253631 	0.163448 	-0.02     	0.646204
74 	43    	0.279866 	0.136731 	-0.02     	0.602833
75 	45    	0.272088 	0.145763 	-0.0200001	0.650516
76 	42    	0.285899 	0.1543   	-0.0166666	0.650516
77 	44    	0.298056 	0.159596 	-0.0160001	0.650516
78 	45    	0.271805 	0.179357 	-0.0175   	0.725506
79 	46    	0.244291 	0.168803 	-0.02     	0.725506
80 	45    	0.253898 	0.167438 	-0.02     	0.650516
81 	43    	0.255057 	0.165129 	-0.0199999	0.650516
82 	48    	0.2923   	0.154764 	-0.0175   	0.721792
83 	48    	0.230112 	0.140624 	-0.018    	0.592322
84 	45    	0.251926 	0.130177 	-0.0175   	0.592322
85 	45    	0.297351 	0.131336 	-0.02     	0.592322
86 	46    	0.295719 	0.14514  	-0.0177778	0.592322
87 	47    	0.291653 	0.139505 	-0.0174998	0.628103
88 	44    	0.286732 	0.150143 	-0.02     	0.628103
89 	43    	0.336898 	0.15428  	-0.0177778	0.668791
90 	48    	0.294885 	0.1644   	-0.0183333	0.687705
91 	48    	0.315643 	0.157885 	0.0448193 	0.779964
92 	47    	0.269847 	0.126051 	-0.0166668	0.538299
93 	43    	0.296552 	0.109377 	0.0659304 	0.542111
94 	47    	0.298749 	0.156608 	-0.018    	0.819969
95 	43    	0.326862 	0.173077 	-0.02     	0.819969
96 	49    	0.295115 	0.155846 	-0.0171429	0.597592
97 	44    	0.242158 	0.162584 	-0.0177777	0.597592
98 	45    	0.299396 	0.14336  	-0.02     	0.597592
99 	44    	0.303785 	0.125602 	-0.0199999	0.574069
100	43    	0.302163 	0.136028 	-0.0119544	0.574069
101	48    	0.26221  	0.12927  	-0.02     	0.593719
102	46    	0.271988 	0.12685  	-0.0179999	0.577669
103	44    	0.292035 	0.132264 	0.0901381 	0.577669
104	45    	0.292332 	0.152438 	-0.0175   	0.581583
105	47    	0.253438 	0.124167 	-0.02     	0.577669
106	50    	0.287371 	0.119939 	-0.0166667	0.508216
107	48    	0.269605 	0.112987 	-0.02     	0.563769
108	44    	0.29429  	0.132671 	0.0725978 	0.628842
109	46    	0.26422  	0.130297 	-0.0171429	0.563769
110	42    	0.29314  	0.161603 	-0.018    	0.563769
111	47    	0.289546 	0.109476 	0.123111  	0.563769
112	47    	0.305585 	0.124843 	-0.0166665	0.654594
113	45    	0.273834 	0.16196  	-0.0177778	0.654594
114	47    	0.308806 	0.129124 	0.0754193 	0.627202
115	46    	0.262295 	0.151991 	-0.017143 	0.627202
116	46    	0.230224 	0.147187 	-0.0177778	0.627202
117	48    	0.278606 	0.130189 	-0.0133333	0.627202
118	46    	0.263037 	0.184546 	-0.02     	0.627202
119	47    	0.236495 	0.151888 	-0.0166666	0.627202
120	46    	0.257566 	0.16346  	-0.02     	0.627202
121	46    	0.266798 	0.160181 	-0.0177778	0.706012
122	47    	0.210119 	0.186622 	-0.02     	0.706012
123	46    	0.231318 	0.16675  	-0.0177778	0.596925
124	44    	0.26593  	0.140798 	-0.0200001	0.592358
125	44    	0.281222 	0.138537 	-0.0177778	0.615291
126	44    	0.264833 	0.14593  	-0.0222222	0.644   
127	48    	0.228525 	0.135723 	-0.0166667	0.615291
128	48    	0.24265  	0.146563 	-0.0171428	0.615291
129	47    	0.235831 	0.160827 	-0.0177779	0.615291
130	44    	0.269389 	0.16039  	-0.0177778	0.615291
131	46    	0.279696 	0.129365 	0.0854562 	0.615291
132	46    	0.283608 	0.137669 	0.0636048 	0.639942
133	42    	0.299717 	0.159081 	-0.0233333	0.676588
134	41    	0.308137 	0.177855 	-0.016    	0.676588
135	43    	0.309009 	0.161614 	-0.0133336	0.656368
136	44    	0.302937 	0.170398 	-0.02     	0.666908
137	45    	0.272811 	0.15183  	-0.0177778	0.666908
138	47    	0.252609 	0.134094 	-0.0175   	0.666908
139	44    	0.29264  	0.13095  	-0.0171429	0.666908
140	46    	0.270639 	0.133239 	-0.02     	0.611567
141	47    	0.262317 	0.142608 	-0.0180001	0.611567
142	46    	0.26406  	0.134468 	0.0400606 	0.628786
143	46    	0.248677 	0.133853 	-0.02     	0.645367
144	42    	0.29616  	0.142481 	0.0710365 	0.645367
145	47    	0.279482 	0.172652 	-0.02     	0.645367
146	44    	0.269183 	0.186    	-0.02     	0.645367
147	45    	0.270887 	0.167327 	-0.0171428	0.645367
148	47    	0.279221 	0.157857 	-0.02     	0.645367
149	46    	0.261449 	0.14612  	-0.0181818	0.645367
150	46    	0.284198 	0.149104 	-0.0166667	0.645367
151	48    	0.266955 	0.156577 	-0.018    	0.645367
152	47    	0.266435 	0.145864 	-0.0171426	0.645367
153	47    	0.254514 	0.1563   	-0.0166666	0.645367
154	45    	0.265434 	0.15337  	-0.0166667	0.645367
155	41    	0.267449 	0.156661 	-0.02     	0.645367
156	46    	0.292333 	0.160387 	-0.0166667	0.645367
157	48    	0.275215 	0.152923 	-0.0183333	0.677621
158	45    	0.269628 	0.162737 	-0.0166667	0.677621
159	47    	0.261009 	0.145352 	-0.0166667	0.610892
160	46    	0.224519 	0.235271 	-1        	0.583187
161	49    	0.242639 	0.14838  	-0.02     	0.572424
162	46    	0.229253 	0.13329  	-0.0175   	0.572424
163	47    	0.289854 	0.104903 	0.0760774 	0.60665 
164	46    	0.271863 	0.135028 	-0.0171429	0.60665 
165	43    	0.306607 	0.126464 	-0.02     	0.60665 
166	43    	0.320948 	0.151977 	-0.0177778	0.648097
167	45    	0.305505 	0.151869 	-0.02     	0.648097
168	46    	0.300122 	0.097092 	0.126289  	0.576389
169	47    	0.28451  	0.110424 	0.0481367 	0.576389
170	47    	0.262319 	0.198221 	-1        	0.477225
171	45    	0.306336 	0.106073 	-0.016    	0.693124
172	46    	0.28443  	0.116668 	-0.0171429	0.565506
173	40    	0.292721 	0.136127 	-0.0133334	0.565506
174	44    	0.307035 	0.127629 	-0.0166667	0.565506
175	46    	0.323876 	0.120744 	0.0938616 	0.565506
176	45    	0.296095 	0.10175  	0.112267  	0.55643 
177	42    	0.303132 	0.0899485	0.104869  	0.55643 
178	47    	0.31262  	0.106127 	-0.0150002	0.582863
179	43    	0.288082 	0.212473 	-1        	0.61429 
180	46    	0.306811 	0.12845  	-0.015    	0.623782
181	49    	0.28267  	0.0858371	0.111051  	0.450469
182	45    	0.21828  	0.313626 	-1        	0.425687
183	46    	0.275067 	0.201491 	-1        	0.54136 
184	46    	0.188982 	0.404371 	-1        	0.54136 
185	46    	0.216711 	0.367994 	-1        	0.54136 
186	48    	0.230392 	0.320448 	-1        	0.4816  
187	47    	0.254673 	0.272347 	-1        	0.520767
188	45    	0.226838 	0.327137 	-1        	0.556369
189	47    	0.147778 	0.433015 	-1        	0.556369
190	42    	0.343383 	0.0940691	0.131307  	0.574755
191	47    	0.277618 	0.211615 	-1        	0.574755
192	46    	0.308965 	0.11798  	-0.0177778	0.574755
193	45    	0.187413 	0.405997 	-1        	0.515157
194	45    	0.265961 	0.277256 	-1        	0.52374 
195	48    	0.184499 	0.401769 	-1        	0.515906
196	46    	0.24165  	0.323002 	-1        	0.515906
197	43    	0.19885  	0.408452 	-1        	0.515906
198	48    	0.289612 	0.206302 	-1        	0.527423
199	46    	0.262248 	0.273668 	-1        	0.527423
200	47    	0.215502 	0.324797 	-1        	0.527423
201	46    	0.231071 	0.33023  	-1        	0.548319
202	47    	0.309999 	0.0857543	0.136309  	0.548319
203	46    	0.287523 	0.20889  	-1        	0.556252
204	45    	0.31289  	0.0964234	0.0962518 	0.472133
205	45    	0.288886 	0.0811418	0.111138  	0.458197
206	46    	0.264174 	0.21347  	-1        	0.471646
207	46    	0.213603 	0.318672 	-1        	0.471646
208	46    	0.226029 	0.267529 	-1        	0.471646
209	44    	0.231626 	0.327207 	-1        	0.482314
210	48    	0.247979 	0.269796 	-1        	0.482314
211	48    	0.156355 	0.433044 	-1        	0.482314
212	46    	0.222591 	0.318063 	-1        	0.498739
213	48    	0.241777 	0.321972 	-1        	0.479066
214	46    	0.178114 	0.442254 	-1        	0.510444
215	49    	0.236235 	0.322385 	-1        	0.554989
216	47    	0.310351 	0.0869914	0.045747  	0.485493
217	47    	0.219457 	0.319324 	-1        	0.454517
218	44    	0.250952 	0.329636 	-1        	0.54946 
219	45    	0.242339 	0.273309 	-1        	0.582913
220	47    	0.296543 	0.119559 	-0.0166667	0.582913
221	43    	0.286371 	0.112706 	-0.0166666	0.465696
222	50    	0.279482 	0.200428 	-1        	0.44305 
223	47    	0.189854 	0.359449 	-1        	0.44716 
224	48    	0.227896 	0.321693 	-1        	0.503345
225	46    	0.233547 	0.319233 	-1        	0.493845
226	49    	0.181158 	0.354744 	-1        	0.493845
227	46    	0.179722 	0.402402 	-1        	0.508966
228	42    	0.277647 	0.279935 	-1        	0.55741 
229	46    	0.220193 	0.322625 	-1        	0.508966
230	47    	0.330423 	0.0901196	0.136579  	0.572228
231	46    	0.262838 	0.277478 	-1        	0.592175
232	43    	0.232215 	0.330586 	-1        	0.592175
233	46    	0.229778 	0.336622 	-1        	0.592175
234	45    	0.299213 	0.117658 	-0.0177778	0.592175
235	48    	0.288568 	0.205624 	-1        	0.576884
236	43    	0.29556  	0.099419 	0.0845527 	0.51374 
237	42    	0.327206 	0.0990719	-0.0133333	0.513851
238	46    	0.26658  	0.203436 	-1        	0.546179
239	46    	0.262377 	0.203456 	-1        	0.51374 
240	47    	0.303154 	0.106976 	0.0741521 	0.576738
241	45    	0.258619 	0.216889 	-1        	0.576738
242	49    	0.29897  	0.0837709	0.110682  	0.509674
243	47    	0.222241 	0.273116 	-1        	0.509674
244	48    	0.269375 	0.111456 	-0.015    	0.65196 
245	43    	0.226679 	0.332973 	-1        	0.65196 
246	48    	0.0741014	0.475253 	-1        	0.476116
247	45    	0.139038 	0.430503 	-1        	0.476116
248	44    	0.023993 	0.548841 	-1        	0.512736
249	47    	0.208036 	0.316981 	-1        	0.46044 
250	46    	-0.00494265	0.563234 	-1        	0.46044 
251	46    	0.124263   	0.462559 	-1        	0.706234
252	44    	0.241416   	0.342277 	-1        	0.706234
253	47    	0.249525   	0.172189 	-0.0171429	0.706234
254	44    	0.12371    	0.443468 	-1        	0.706234
255	45    	0.212279   	0.335944 	-1        	0.706234
256	45    	0.145654   	0.34245  	-1        	0.706234
257	47    	0.231795   	0.193447 	-0.02     	0.70647 
258	46    	0.182167   	0.3216   	-1        	0.731322
259	47    	0.230846   	0.167448 	-0.0166664	0.70647 
260	48    	0.215557   	0.199876 	-0.0166667	0.696498
261	45    	0.216446   	0.176252 	-0.02     	0.706515
262	49    	0.200291   	0.157943 	-0.02     	0.706431
263	44    	0.251933   	0.155484 	-0.0166667	0.706431
264	47    	0.231384   	0.140344 	-0.0171429	0.574575
265	45    	0.201352   	0.151625 	-0.02     	0.574575
266	48    	0.228925   	0.158376 	-0.0200001	0.654723
267	47    	0.190107   	0.182953 	-0.0171427	0.813756
268	45    	0.21595    	0.219649 	-0.0199999	0.813756
269	46    	0.210092   	0.248986 	-0.0175001	0.813756
270	48    	0.177948   	0.172364 	-0.0166667	0.813756
271	43    	0.247508   	0.205962 	-0.0171429	0.813756
272	47    	0.18919    	0.157211 	-0.0174999	0.61379 
273	44    	0.220301   	0.144579 	-0.0171428	0.603771
274	45    	0.225996   	0.145151 	-0.02     	0.603771
275	48    	0.227819   	0.150675 	-0.0171429	0.593813
276	47    	0.247157   	0.144524 	-0.0166668	0.522607
277	46    	0.276081   	0.161911 	-0.017143 	0.79999 
278	45    	0.259436   	0.164803 	-0.0175   	0.723708
279	48    	0.219594   	0.16497  	-0.02     	0.723708
280	46    	0.222723   	0.144855 	-0.0171429	0.723708
281	50    	0.236354   	0.142528 	-0.02     	0.512834
282	48    	0.229463   	0.157159 	-0.0175   	0.581368
283	44    	0.238281   	0.159785 	-0.0177778	0.558399
284	47    	0.222712   	0.177252 	-0.0177777	0.583866
285	45    	0.279113   	0.16427  	-0.0166667	0.642388
286	45    	0.253281   	0.177128 	-0.02     	0.837266
287	48    	0.230537   	0.170523 	-0.0177777	0.816219
288	47    	0.234517   	0.175522 	-0.016    	0.816219
289	46    	0.274079   	0.156491 	-0.0177778	0.687441
290	47    	0.266003   	0.151827 	-0.018    	0.687441
291	48    	0.287699   	0.160599 	-0.0180001	0.813981
292	46    	0.301124   	0.151836 	-0.02     	0.813981
293	47    	0.2571     	0.131523 	-0.02     	0.538074
294	43    	0.283537   	0.124129 	-0.015    	0.538074
295	47    	0.274351   	0.134895 	-0.0200001	0.554933
296	46    	0.230532   	0.143118 	-0.02     	0.581123
297	47    	0.312419   	0.153405 	-0.0175   	0.80273 
298	48    	0.276093   	0.120044 	-0.02     	0.613315
299	46    	0.262629   	0.142329 	-0.0233333	0.63596 
300	47    	0.243809   	0.143459 	-0.02     	0.650538
301	44    	0.243914   	0.167314 	-0.0177778	0.650538
302	45    	0.243708   	0.151699 	-0.02     	0.650538
303	48    	0.199285   	0.159726 	-0.02     	0.63596 
304	42    	0.291924   	0.146408 	-0.015    	0.813981
305	46    	0.279656   	0.145803 	-0.02     	0.63596 
306	44    	0.314119   	0.154313 	-0.0177778	0.63596 
307	46    	0.289109   	0.167087 	-0.016    	0.720945
308	45    	0.237915   	0.175824 	-0.02     	0.645806
309	47    	0.240078   	0.150462 	-0.0200001	0.645806
310	49    	0.215153   	0.162124 	-0.02     	0.583565
311	44    	0.257141   	0.140641 	-0.0150002	0.583565
312	40    	0.279679   	0.156112 	-0.02     	0.583565
313	48    	0.264064   	0.135965 	-0.02     	0.583565
314	48    	0.252778   	0.151717 	-0.02     	0.701719
315	46    	0.225887   	0.139679 	-0.02     	0.583565
316	44    	0.285228   	0.141386 	-0.0174999	0.645527
317	46    	0.240107   	0.159466 	-0.02     	0.650796
318	49    	0.228705   	0.156502 	-0.0177778	0.693124
319	43    	0.277952   	0.202066 	-0.02     	0.693124
320	50    	0.260529   	0.150406 	-0.0200001	0.664467
321	47    	0.240431   	0.141019 	-0.0228571	0.52256 
322	47    	0.231456   	0.122517 	-0.0171429	0.52256 
323	46    	0.246741   	0.162963 	-0.018    	0.545737
324	47    	0.234379   	0.139269 	-0.0233333	0.518492
325	45    	0.221965   	0.14273  	-0.02     	0.518492
326	47    	0.230422   	0.140038 	-0.02     	0.615019
327	48    	0.25718    	0.152045 	-0.017143 	0.730142
328	48    	0.244569   	0.137393 	-0.0171429	0.615956
329	47    	0.286182   	0.162468 	-0.0177778	0.670824
330	45    	0.285035   	0.137857 	-0.016    	0.670824
331	45    	0.27002    	0.133966 	-0.018    	0.66453 
332	45    	0.296104   	0.145237 	-0.0199999	0.66453 
333	44    	0.291902   	0.136733 	0.05694   	0.66453 
334	44    	0.302085   	0.122618 	0.0750453 	0.66453 
335	46    	0.251537   	0.122349 	-0.0228571	0.560074
336	49    	0.281932   	0.125328 	-0.015    	0.5269  
337	46    	0.278696   	0.13541  	-0.018    	0.538448
338	48    	0.287645   	0.107795 	-0.0133337	0.520381
339	45    	0.293193   	0.1103   	-0.0175   	0.558786
340	47    	0.287172   	0.100331 	0.0588241 	0.514521
341	47    	0.271083   	0.105695 	-0.0166667	0.529126
342	45    	0.301833   	0.116523 	0.0731639 	0.631834
343	45    	0.310129   	0.131558 	-0.0166666	0.631834
344	49    	0.243535   	0.273439 	-1        	0.631834
345	44    	0.189186   	0.411816 	-1        	0.631834
346	47    	0.119941   	0.46275  	-1        	0.631834
347	48    	0.291996   	0.204633 	-1        	0.631834
348	45    	0.247684   	0.327266 	-1        	0.596776
349	42    	0.304835   	0.276418 	-1        	0.596776
350	42    	0.325902   	0.103281 	0.112791  	0.596776
351	46    	0.322486   	0.111893 	0.0943719 	0.596776
352	47    	0.277737   	0.210076 	-1        	0.596776
353	47    	0.235334   	0.329949 	-1        	0.596776
354	48    	0.274814   	0.207582 	-1        	0.483421
355	45    	0.322301   	0.100078 	0.135876  	0.600678
356	47    	0.263472   	0.286577 	-1        	0.621202
357	49    	0.262185   	0.270866 	-1        	0.52842 
358	47    	0.305251   	0.0843716	0.0568274 	0.467999
359	49    	0.2802     	0.0851596	0.122295  	0.467999
360	45    	0.268181   	0.271989 	-1        	0.503405
361	47    	0.245082   	0.263712 	-1        	0.463212
362	49    	0.246155   	0.266653 	-1        	0.471625
363	49    	0.26585    	0.203877 	-1        	0.498991
364	47    	0.277957   	0.199078 	-1        	0.493883
365	45    	0.279589   	0.203289 	-1        	0.489438
366	47    	0.262105   	0.20585  	-1        	0.532815
367	46    	0.197276   	0.365324 	-1        	0.569994
368	48    	0.292782   	0.207065 	-1        	0.661857
369	48    	0.322126   	0.112159 	0.0797812 	0.661857
370	46    	0.334437   	0.13805  	-0.0171427	0.661857
371	45    	0.32722    	0.127435 	0.103348  	0.661857
372	47    	0.185165   	0.415145 	-1        	0.661857
373	48    	0.196546   	0.384774 	-1        	0.804435
374	47    	0.221559   	0.294546 	-1        	0.804435
375	46    	0.216986   	0.286568 	-1        	0.646118
376	47    	0.296441   	0.138793 	-0.0160001	0.787561
377	49    	0.261614   	0.142504 	-0.0233333	0.58041 
378	46    	0.239241   	0.148285 	-0.0177778	0.58041 
379	48    	0.257418   	0.145546 	-0.0200003	0.537188
380	40    	0.257942   	0.150217 	-0.0175   	0.537188
381	47    	0.237735   	0.159105 	-0.0177778	0.835175
382	49    	0.249962   	0.15765  	-0.02     	0.756791
383	47    	0.234944   	0.16868  	-0.02     	0.756791
384	47    	0.290158   	0.16612  	-0.02     	0.756791
385	42    	0.314269   	0.213776 	-0.0177778	0.813756
386	45    	0.274486   	0.227607 	-0.02     	0.813756
387	44    	0.215692   	0.172825 	-0.0166667	0.813756
388	48    	0.231969   	0.154137 	-0.0183333	0.813756
389	47    	0.270127   	0.183545 	-0.0175001	0.813756
390	44    	0.275236   	0.193563 	-0.0171429	0.813756
391	45    	0.25311    	0.23938  	-0.02     	0.813756
392	47    	0.241433   	0.205555 	-0.0175   	0.813756
393	39    	0.29959    	0.232605 	-0.02     	0.813756
394	42    	0.283412   	0.222902 	-0.0171428	0.813756
395	49    	0.235525   	0.164702 	-0.0171429	0.702995
396	46    	0.276976   	0.194444 	-0.0175   	0.702995
397	46    	0.252687   	0.2021   	-0.0199999	0.704074
398	41    	0.310957   	0.240631 	-0.02     	0.812825
399	46    	0.280423   	0.239707 	-0.017143 	0.812825
400	47    	0.231097   	0.200818 	-0.0175   	0.706012
401	45    	0.207437   	0.201398 	-0.0177779	0.813708
402	48    	0.144662   	0.169024 	-0.02     	0.540103
403	45    	0.174789   	0.163033 	-0.0166667	0.540102
404	48    	0.190007   	0.149659 	-0.0200001	0.582212
405	44    	0.223002   	0.171703 	-0.0166668	0.582212
406	45    	0.260528   	0.142568 	-0.02     	0.582212
407	48    	0.249846   	0.168498 	-0.02     	0.582212
408	42    	0.247384   	0.18481  	-0.02     	0.596908
409	48    	0.171713   	0.164543 	-0.0175   	0.581205
410	46    	0.214741   	0.189852 	-0.0175   	0.811247
411	46    	0.237862   	0.206755 	-0.02     	0.811247
412	49    	0.197825   	0.19259  	-0.02     	0.811396
413	48    	0.179655   	0.213835 	-0.02     	0.813756
414	47    	0.215238   	0.191598 	-0.0171428	0.703466
415	44    	0.212868   	0.193628 	-0.02     	0.703466
416	43    	0.183021   	0.208257 	-0.02     	0.703466
417	48    	0.182069   	0.1917   	-0.0166667	0.813708
418	45    	0.221311   	0.201741 	-0.0171429	0.813708
419	46    	0.202343   	0.18483  	-0.0200002	0.813708
420	44    	0.224597   	0.190968 	-0.02     	0.813708
421	47    	0.183896   	0.195356 	-0.0175   	0.813708
422	46    	0.194603   	0.202795 	-0.02     	0.813756
423	44    	0.242038   	0.243244 	-0.0171429	0.813708
424	45    	0.232944   	0.23044  	-0.0174998	0.813708
425	50    	0.149639   	0.165537 	-0.02     	0.5578  
426	48    	0.236637   	0.169842 	-0.02     	0.654763
427	43    	0.237168   	0.178609 	-0.02     	0.706234
428	45    	0.217255   	0.190802 	-0.02     	0.706234
429	48    	0.253018   	0.178236 	-0.0171429	0.811396
430	43    	0.287075   	0.193934 	-0.0171428	0.811396
431	45    	0.235774   	0.211239 	-0.0200001	0.811396
432	46    	0.250377   	0.208499 	-0.02     	0.811396
433	47    	0.222971   	0.196595 	-0.018    	0.811396
434	45    	0.251449   	0.215145 	-0.0171429	0.811396
435	43    	0.261858   	0.23966  	-0.0171429	0.811396
436	46    	0.225277   	0.175702 	-0.02     	0.68981 
437	45    	0.251513   	0.181573 	-0.0166667	0.655017
438	48    	0.215578   	0.155791 	-0.0171429	0.811396
439	44    	0.219628   	0.152935 	-0.02     	0.514537
440	46    	0.192519   	0.148212 	-0.0171429	0.514537
441	47    	0.177864   	0.15615  	-0.0199999	0.514537
442	46    	0.196186   	0.143719 	-0.02     	0.617766
443	49    	0.194917   	0.140129 	-0.02     	0.514537
444	46    	0.195159   	0.161635 	-0.02     	0.514537
445	45    	0.269087   	0.184832 	-0.0171428	0.812977
446	43    	0.212214   	0.179509 	-0.02     	0.812977
447	47    	0.218545   	0.182037 	-0.0171429	0.557804
448	45    	0.235582   	0.177365 	-0.02     	0.705984
449	45    	0.229304   	0.189491 	-0.0175   	0.705984
450	45    	0.232382   	0.160813 	-0.0175   	0.705984
451	45    	0.266607   	0.180601 	-0.0171428	0.705984
452	45    	0.262477   	0.196423 	-0.02     	0.705984
453	48    	0.224942   	0.191081 	-0.0199999	0.706026
454	45    	0.248079   	0.173109 	-0.02     	0.706026
455	46    	0.242609   	0.169619 	-0.0171428	0.702349
456	47    	0.21345    	0.111989 	-0.0177778	0.513959
457	47    	0.267751   	0.126756 	-0.0171427	0.581321
458	43    	0.296804   	0.142215 	0.0916828 	0.705022
459	45    	0.267042   	0.161503 	-0.017143 	0.589433
460	47    	0.252408   	0.141641 	-0.0181819	0.581321
461	42    	0.240515   	0.156426 	-0.02     	0.581321
462	45    	0.217599   	0.169276 	-0.0166668	0.581321
463	46    	0.239217   	0.161636 	-0.02     	0.581321
464	46    	0.232018   	0.170066 	-0.02     	0.644792
465	50    	0.211133   	0.132763 	-0.0171429	0.630056
466	44    	0.210538   	0.16682  	-0.02     	0.630056
467	43    	0.232929   	0.149542 	-0.0175   	0.572832
468	44    	0.24615    	0.148476 	-0.02     	0.54293 
469	41    	0.280158   	0.115377 	-0.0166666	0.54293 
470	44    	0.288987   	0.124175 	-0.0166667	0.5528  
471	46    	0.276933   	0.111978 	0.080392  	0.522117
472	45    	0.29961    	0.128498 	-0.0133333	0.574168
473	46    	0.277612   	0.122426 	-0.02     	0.522117
474	46    	0.281918   	0.113814 	-0.0175   	0.522117
475	47    	0.311765   	0.126414 	-0.0200001	0.740624
476	47    	0.283467   	0.145035 	-0.0166667	0.751939
477	46    	0.278546   	0.109622 	0.110575  	0.550412
478	48    	0.253509   	0.127934 	-0.0228571	0.550412
479	46    	0.276603   	0.131405 	-0.02     	0.547849
480	45    	0.295898   	0.142791 	-0.0181818	0.57496 
481	47    	0.252184   	0.136195 	-0.016    	0.542719
482	47    	0.272766   	0.140429 	-0.02     	0.650108
483	49    	0.268595   	0.116282 	-0.0177779	0.531089
484	46    	0.270804   	0.114148 	-0.02     	0.531089
485	48    	0.273029   	0.124946 	-0.0171427	0.557506
486	47    	0.302014   	0.113085 	-0.0177778	0.532367
487	47    	0.277797   	0.111485 	0.0516119 	0.487635
488	47    	0.300737   	0.108468 	-0.0233333	0.52468 
489	48    	0.284148   	0.12571  	-0.0177778	0.52468 
490	46    	0.288997   	0.122905 	-0.02     	0.602679
491	49    	0.284846   	0.0942261	-0.0171429	0.570143
492	46    	0.311094   	0.108641 	0.145213  	0.570143
493	45    	0.315154   	0.112346 	0.121593  	0.570143
494	43    	0.291365   	0.221435 	-1        	0.570143
495	47    	0.279749   	0.219552 	-1        	0.573136
496	48    	0.265971   	0.118111 	0.0409557 	0.573136
497	45    	0.275507   	0.110405 	-0.0166667	0.547249
498	43    	0.304174   	0.149551 	-0.016    	0.636778
499	49    	0.288067   	0.0962019	0.11651   	0.547249
500	47    	0.276943   	0.11468  	-0.0133333	0.554737
501	45    	0.318965   	0.108298 	0.0595265 	0.554737
502	48    	0.288554   	0.0987143	0.124663  	0.554737
503	44    	0.316865   	0.118804 	0.0628099 	0.665463
504	44    	0.290964   	0.138939 	-0.0166667	0.638826
505	44    	0.200872   	0.423998 	-1        	0.638826
506	46    	0.284468   	0.210777 	-1        	0.519742
507	48    	0.306848   	0.11009  	-0.016    	0.520358
508	43    	0.214196   	0.371126 	-1        	0.520358
509	44    	0.214542   	0.326196 	-1        	0.519742
510	41    	0.296683   	0.215168 	-1        	0.606254
511	41    	0.267879   	0.284613 	-1        	0.657131
512	46    	0.330875   	0.127062 	0.0679152 	0.675317
513	48    	0.260299   	0.205991 	-1        	0.675317
514	48    	0.249151   	0.205129 	-1        	0.588342
515	45    	0.282701   	0.105692 	-0.0133333	0.468676
516	48    	0.316919   	0.086464 	0.0940854 	0.577012
517	48    	0.290772   	0.113767 	-0.02     	0.596221
518	45    	0.268921   	0.282347 	-1        	0.596221
519	47    	0.278479   	0.0925956	0.0537106 	0.596221
520	45    	0.298109   	0.109985 	0.0492528 	0.558949
521	47    	0.258069   	0.140873 	-0.02     	0.527416
522	47    	0.271421   	0.112452 	-0.015    	0.614557
523	47    	0.295999   	0.118508 	0.0756553 	0.614557
524	45    	0.300367   	0.130438 	-0.0166667	0.614557
525	50    	0.289244   	0.0762994	0.143418  	0.488249
526	49    	0.216137   	0.128963 	-0.02     	0.561667
527	45    	0.294831   	0.128574 	-0.016    	0.56105 
528	44    	0.287269   	0.141272 	-0.0166666	0.56105 
529	46    	0.262193   	0.142508 	-0.0175   	0.56105 
530	49    	0.241215   	0.136469 	-0.02     	0.503744
531	48    	0.239821   	0.134027 	-0.0166667	0.504255
532	46    	0.252295   	0.162392 	-0.02     	0.740479
533	47    	0.224215   	0.148765 	-0.0160001	0.514537
534	47    	0.221626   	0.170035 	-0.0171429	0.649126
535	48    	0.202072   	0.12163  	-0.0175   	0.529797
536	47    	0.246334   	0.115102 	-0.016    	0.529797
537	43    	0.251651   	0.139266 	-0.02     	0.532241
538	45    	0.273468   	0.130281 	-0.0175   	0.669058
539	47    	0.299067   	0.119071 	-0.0183333	0.658469
540	46    	0.294301   	0.112503 	0.070341  	0.61554 
541	49    	0.253119   	0.0980053	-0.02     	0.515749
542	47    	0.23387    	0.117974 	-0.0159998	0.515749
543	49    	0.226221   	0.112272 	-0.016    	0.515749
544	43    	0.277424   	0.13223  	-0.0175   	0.557829
545	46    	0.274229   	0.137143 	-0.0175   	0.557829
546	44    	0.276379   	0.115711 	-0.02     	0.557829
547	39    	0.295011   	0.125707 	-0.0133337	0.568636
548	46    	0.281299   	0.118367 	-0.0160002	0.560072
549	45    	0.275769   	0.113772 	0.0320042 	0.560072
550	46    	0.292072   	0.102329 	-0.0166667	0.560072
551	49    	0.264903   	0.118043 	-0.0171428	0.596377
552	49    	0.303967   	0.100226 	0.03836   	0.480254
553	45    	0.297857   	0.092671 	0.0587293 	0.480254
554	48    	0.302669   	0.111063 	0.0756755 	0.577094
555	45    	0.307157   	0.111813 	0.0411268 	0.577094
556	47    	0.292049   	0.126793 	0.0781664 	0.577094
557	47    	0.274998   	0.0991031	0.0797175 	0.577094
558	46    	0.290468   	0.116588 	-0.02     	0.577094
559	46    	0.266552   	0.10681  	-0.0171429	0.577094
560	46    	0.304666   	0.109247 	-0.0174999	0.577094
561	46    	0.286828   	0.103938 	-0.016    	0.577094
562	45    	0.28936    	0.120766 	-0.0184616	0.577094
563	43    	0.242799   	0.338294 	-1        	0.577094
564	41    	0.304474   	0.220463 	-1        	0.577094
565	47    	0.290659   	0.127297 	-0.015    	0.56695 
566	47    	0.24894    	0.278719 	-1        	0.621698
567	48    	0.278821   	0.215439 	-1        	0.621698
568	46    	0.268706   	0.275391 	-1        	0.577172
569	50    	0.220176   	0.271437 	-1        	0.491124
570	47    	0.102476   	0.486679 	-1        	0.525073
571	43    	0.231087   	0.371551 	-1        	0.551605
572	40    	0.241321   	0.379932 	-1        	0.551605
573	45    	0.258372   	0.2734   	-1        	0.551605
574	45    	0.291248   	0.198763 	-1        	0.525073
575	49    	0.156324   	0.432526 	-1        	0.457377
576	42    	0.291793   	0.204981 	-1        	0.457377
577	45    	0.229336   	0.371393 	-1        	0.502591
578	46    	0.277489   	0.203468 	-1        	0.550893
579	43    	0.270365   	0.126426 	-0.02     	0.551891
580	47    	0.251012   	0.284248 	-1        	0.614509
581	46    	0.285208   	0.143351 	-0.016    	0.614509
582	45    	0.260741   	0.167853 	-0.02     	0.635902
583	46    	0.262266   	0.243526 	-1        	0.635902
584	44    	0.297246   	0.138334 	0.0915507 	0.635902
585	44    	0.277845   	0.151477 	-0.0171426	0.596347
586	48    	0.26401    	0.134831 	-0.0177778	0.596347
587	47    	0.26664    	0.132007 	-0.0171428	0.588563
588	47    	0.241903   	0.156706 	-0.0228571	0.615564
589	46    	0.305749   	0.129559 	0.0594938 	0.615564
590	48    	0.252833   	0.149337 	-0.02     	0.619294
591	47    	0.22683    	0.142679 	-0.02     	0.619294
592	47    	0.236436   	0.142184 	-0.0175   	0.619294
593	41    	0.271629   	0.183185 	-0.0175   	0.77676 
594	47    	0.268212   	0.142449 	-0.0175   	0.774428
595	43    	0.282128   	0.178273 	-0.02     	0.774428
596	46    	0.241589   	0.145609 	-0.0177778	0.774428
597	49    	0.245616   	0.141786 	-0.0166671	0.506086
598	45    	0.273475   	0.102462 	0.0595395 	0.516331
599	47    	0.280381   	0.107149 	0.0971505 	0.741819
600	47    	0.251516   	0.129596 	-0.02     	0.588486
601	46    	0.225218   	0.131085 	-0.0181818	0.588486
602	45    	0.246113   	0.121825 	-0.02     	0.519224
603	47    	0.219817   	0.125385 	-0.0181818	0.519224
604	46    	0.28527    	0.102933 	-0.0133334	0.519224
605	46    	0.279327   	0.108696 	-0.0171428	0.509128
606	45    	0.271668   	0.13252  	-0.02     	0.498831
607	47    	0.3055     	0.0896904	0.130537  	0.581352
608	45    	0.264345   	0.152708 	-0.0166667	0.650578
609	48    	0.266492   	0.157994 	-0.02     	0.650578
610	49    	0.247024   	0.160413 	-0.0171429	0.812977
611	45    	0.207823   	0.18056  	-0.0166667	0.812977
612	44    	0.251155   	0.181667 	-0.0160001	0.812977
613	47    	0.265664   	0.200917 	-0.02     	0.812977
614	45    	0.216483   	0.216427 	-0.02     	0.812825
615	44    	0.232231   	0.230993 	-0.0175   	0.812825
616	44    	0.228783   	0.245107 	-0.0171429	0.812825
617	43    	0.266026   	0.224781 	-0.0177778	0.812825
618	49    	0.1847     	0.179519 	-0.0175   	0.819403
619	49    	0.207796   	0.194371 	-0.0175   	0.702675
620	46    	0.2651     	0.207795 	-0.0175   	0.812977
621	48    	0.209903   	0.206158 	-0.0175   	0.812308
622	45    	0.292939   	0.194793 	-0.0166667	0.705857
623	46    	0.224549   	0.184394 	-0.017143 	0.616425
624	48    	0.248974   	0.195798 	-0.02     	0.699453
625	46    	0.261952   	0.201316 	-0.02     	0.812083
626	47    	0.254472   	0.17872  	-0.0171429	0.705984
627	45    	0.235367   	0.162298 	-0.0171428	0.705984
628	46    	0.206347   	0.177409 	-0.02     	0.812825
629	48    	0.162956   	0.17185  	-0.0175   	0.812825
630	44    	0.23923    	0.185644 	-0.02     	0.812825
631	41    	0.280209   	0.247974 	-0.0166667	0.812825
632	47    	0.206524   	0.212544 	-0.0171429	0.813708
633	45    	0.175271   	0.200806 	-0.0171428	0.812825
634	45    	0.217714   	0.205673 	-0.02     	0.812825
635	49    	0.190858   	0.155155 	-0.02     	0.812825
636	44    	0.295772   	0.159589 	-0.02     	0.812825
637	45    	0.226887   	0.186427 	-0.0166664	0.812825
638	47    	0.194877   	0.16333  	-0.02     	0.813756
639	46    	0.234881   	0.134682 	-0.0166667	0.503754
640	44    	0.246839   	0.147223 	-0.0166667	0.503754
641	44    	0.265178   	0.236164 	-1        	0.514537
642	45    	0.232806   	0.146538 	-0.0199999	0.514579
643	47    	0.26931    	0.106944 	-0.0166667	0.51442 
644	47    	0.228551   	0.220423 	-1        	0.51442 
645	47    	0.208322   	0.334361 	-1        	0.51442 
646	45    	0.266978   	0.281869 	-1        	0.587067
647	44    	0.299689   	0.213905 	-1        	0.587067
648	48    	0.266457   	0.279094 	-1        	0.587067
649	45    	0.261762   	0.278627 	-1        	0.587067
650	43    	0.255083   	0.229442 	-1        	0.612469
651	48    	0.188132   	0.320045 	-1        	0.612469
652	46    	0.254685   	0.286796 	-1        	0.812439
653	43    	0.316522   	0.158779 	-0.0171429	0.812439
654	46    	0.199948   	0.358783 	-1        	0.812439
655	44    	0.314167   	0.257225 	-1        	0.812439
656	44    	0.274776   	0.223821 	-0.02     	0.812439
657	46    	0.296296   	0.180535 	-0.02     	0.812439
658	48    	0.246486   	0.205448 	-0.02     	0.812439
659	46    	0.304182   	0.18702  	-0.0175   	0.811247
660	48    	0.234143   	0.200666 	-0.0166667	0.811247
661	47    	0.235933   	0.243446 	-1        	0.705101
662	49    	0.266816   	0.199595 	-0.02     	0.812308
663	48    	0.202869   	0.205082 	-0.0183333	0.805075
664	48    	0.242807   	0.168742 	-0.0171428	0.812308
665	46    	0.198915   	0.17378  	-0.02     	0.812308
666	47    	0.233812   	0.157114 	-0.0175   	0.68937 
667	44    	0.202753   	0.187317 	-0.02     	0.68937 
668	48    	0.223174   	0.161837 	-0.0171428	0.68937 
669	46    	0.23058    	0.160734 	-0.0171429	0.617164
670	47    	0.241326   	0.155968 	-0.0171429	0.615491
671	48    	0.27545    	0.125796 	-0.0133333	0.61624 
672	44    	0.292494   	0.196893 	-0.02     	0.812308
673	48    	0.240661   	0.159093 	-0.02     	0.697132
674	45    	0.229356   	0.194531 	-0.02     	0.697132
675	46    	0.223564   	0.168291 	-0.0171428	0.581368
676	43    	0.243811   	0.227264 	-0.0177778	0.811396
677	42    	0.255563   	0.235846 	-0.0171428	0.811396
678	48    	0.206276   	0.204663 	-0.02     	0.811396
679	44    	0.230689   	0.222564 	-0.02     	0.811396
680	43    	0.250078   	0.23559  	-0.02     	0.811396
681	44    	0.28481    	0.234167 	-0.0166667	0.811396
682	46    	0.278841   	0.214751 	-0.02     	0.811396
683	43    	0.259302   	0.243192 	-0.02     	0.811396
684	50    	0.165074   	0.162397 	-0.0177778	0.574143
685	45    	0.234426   	0.160247 	-0.0171427	0.581321
686	49    	0.217559   	0.169696 	-0.02     	0.738431
687	45    	0.271283   	0.175655 	-0.018    	0.727743
688	49    	0.217178   	0.150594 	-0.0175   	0.702995
689	44    	0.270453   	0.16134  	-0.0181818	0.702995
690	45    	0.220294   	0.154402 	-0.0175   	0.499426
691	48    	0.234001   	0.153273 	-0.02     	0.533433
692	49    	0.279333   	0.136582 	-0.016    	0.61554 
693	48    	0.235354   	0.171718 	-0.02     	0.625102
694	48    	0.211465   	0.177521 	-0.02     	0.625102
695	49    	0.254921   	0.1695   	-0.02     	0.812825
696	49    	0.245461   	0.13604  	-0.0175   	0.515167
697	47    	0.18994    	0.143395 	-0.0200001	0.485083
698	47    	0.264743   	0.108226 	-0.0183332	0.518372
699	45    	0.271285   	0.103762 	-0.02     	0.518372
700	45    	0.256925   	0.124173 	-0.0175   	0.548729
701	45    	0.282628   	0.118034 	-0.0150003	0.548729
702	46    	0.257188   	0.114233 	-0.0133333	0.548729
703	46    	0.237253   	0.107229 	-0.0183333	0.548729
704	46    	0.288427   	0.125096 	-0.017143 	0.621748
705	44    	0.307278   	0.14539  	-0.015    	0.621748
706	49    	0.282541   	0.122901 	-0.018    	0.552823
707	43    	0.253742   	0.213306 	-1        	0.528244
708	47    	0.263377   	0.111432 	-0.016    	0.563304
709	45    	0.292491   	0.104149 	0.0770986 	0.535807
710	49    	0.278519   	0.103592 	0.0790598 	0.535807
711	45    	0.295582   	0.137363 	-0.0160001	0.575732
712	43    	0.306425   	0.126719 	0.0750796 	0.558809
713	45    	0.285736   	0.146434 	-0.02     	0.558809
714	49    	0.259774   	0.128349 	-0.0174999	0.558809
715	49    	0.28427    	0.118723 	-0.0180001	0.650622
716	43    	0.297237   	0.141085 	-0.016    	0.728645
717	49    	0.267383   	0.12385  	-0.016    	0.649129
718	46    	0.261504   	0.131599 	-0.0177777	0.649129
719	46    	0.287774   	0.118459 	-0.0133333	0.629358
720	44    	0.304997   	0.109114 	0.0827168 	0.568207
721	48    	0.255665   	0.128216 	-0.0179999	0.568207
722	45    	0.2824     	0.112581 	-0.01     	0.559788
723	39    	0.328148   	0.10664  	0.113105  	0.55859 
724	44    	0.288637   	0.115867 	0.0663203 	0.55859 
725	47    	0.305749   	0.112914 	-0.0166667	0.555053
726	47    	0.27687    	0.229834 	-1        	0.597931
727	46    	0.293595   	0.126608 	0.078561  	0.597931
728	45    	0.296558   	0.130167 	0.0653024 	0.597931
729	49    	0.290153   	0.127808 	-0.02     	0.571376
730	45    	0.306807   	0.10313  	-0.0133337	0.537735
731	45    	0.286379   	0.113262 	-0.0133333	0.537735
732	44    	0.337606   	0.111897 	0.116981  	0.553751
733	48    	0.265783   	0.118292 	-0.0181818	0.625724
734	49    	0.296052   	0.0606924	0.169031  	0.458816
735	45    	0.292897   	0.201551 	-1        	0.547767
736	48    	0.204358   	0.321207 	-1        	0.547767
737	49    	0.16932    	0.400981 	-1        	0.516062
738	45    	0.136326   	0.465018 	-1        	0.579552
739	45    	0.0448544  	0.55892  	-1        	0.516062
740	46    	0.269077   	0.272243 	-1        	0.505147
741	47    	0.171868   	0.441019 	-1        	0.596762
742	49    	0.269014   	0.2016   	-1        	0.443633
743	43    	0.334315   	0.0824326	0.166075  	0.529543
744	44    	0.283675   	0.278988 	-1        	0.550628
745	44    	0.325134   	0.108542 	0.116216  	0.550628
746	46    	0.224763   	0.334606 	-1        	0.550628
747	50    	0.209031   	0.367028 	-1        	0.574458
748	48    	0.269803   	0.201287 	-1        	0.574458
749	44    	0.321307   	0.109073 	0.0527661 	0.519344
750	48    	0.282765   	0.205866 	-1        	0.57437 
751	49    	0.173164   	0.399448 	-1        	0.509675
752	48    	0.159615   	0.438995 	-1        	0.594293
753	46    	0.134296   	0.467739 	-1        	0.597847
754	46    	0.234123   	0.330566 	-1        	0.597847
755	45    	0.336067   	0.118887 	0.140714  	0.597847
756	48    	0.274871   	0.212511 	-1        	0.597847
757	47    	0.284721   	0.0958699	-0.0150003	0.469302
758	46    	0.297001   	0.0917453	-0.016    	0.469302
759	45    	0.13958    	0.428238 	-1        	0.469302
760	46    	0.310823   	0.0705675	0.150421  	0.440578
761	49    	0.237132   	0.322619 	-1        	0.589005
762	46    	0.152605   	0.401411 	-1        	0.586104
763	47    	0.249076   	0.19707  	-1        	0.43195 
764	43    	0.263616   	0.205645 	-1        	0.456471
765	45    	0.270402   	0.10852  	-0.0175004	0.483788
766	47    	0.285351   	0.0853161	0.0750625 	0.483788
767	48    	0.278718   	0.0895079	-0.02     	0.450156
768	48    	0.245016   	0.37544  	-1        	0.561107
769	46    	0.257316   	0.273815 	-1        	0.561107
770	47    	0.294122   	0.0872028	0.117954  	0.561107
771	45    	0.297715   	0.093041 	0.126918  	0.561107
772	45    	0.306124   	0.0929021	0.186036  	0.561107
773	48    	0.282101   	0.0969943	-0.0166667	0.517096
774	46    	0.269723   	0.200049 	-1        	0.576698
775	49    	0.264364   	0.267698 	-1        	0.455787
776	46    	0.298552   	0.0804496	0.123197  	0.461447
777	48    	0.226152   	0.320577 	-1        	0.479947
778	48    	0.100248   	0.487928 	-1        	0.512426
779	45    	0.172493   	0.399265 	-1        	0.512426
780	48    	0.26155    	0.273031 	-1        	0.570439
781	45    	0.246595   	0.275265 	-1        	0.512426
782	45    	0.265912   	0.277226 	-1        	0.512426
783	45    	0.152932   	0.431613 	-1        	0.470197
784	46    	0.28455    	0.207303 	-1        	0.571909
785	47    	0.278591   	0.204125 	-1        	0.571909
786	42    	0.287375   	0.279542 	-1        	0.571909
787	46    	0.257319   	0.278548 	-1        	0.618169
788	45    	0.306765   	0.215474 	-1        	0.618169
789	47    	0.32232    	0.102696 	0.181619  	0.618169
790	46    	0.191025   	0.40909  	-1        	0.618169
791	45    	0.197996   	0.367955 	-1        	0.54349 
792	48    	0.208723   	0.367756 	-1        	0.54349 
793	44    	0.0194478  	0.547585 	-1        	0.54349 
794	48    	0.128335   	0.461165 	-1        	0.527434
795	49    	0.141509   	0.466159 	-1        	0.524377
796	47    	0.0999194  	0.487956 	-1        	0.555   
797	46    	-0.0348325 	0.607583 	-1        	0.555   
798	45    	0.331188   	0.119365 	-0.01     	0.601081
799	44    	0.305585   	0.219262 	-1        	0.601081
800	45    	0.235209   	0.382647 	-1        	0.663492
801	44    	0.29054    	0.218592 	-1        	0.601081
802	47    	0.199306   	0.315061 	-1        	0.565639
803	47    	0.150892   	0.430846 	-1        	0.520517
804	46    	0.290824   	0.20908  	-1        	0.566819
805	47    	0.150551   	0.434721 	-1        	0.566819
806	46    	0.229991   	0.326327 	-1        	0.513174
807	50    	0.256883   	0.263581 	-1        	0.446801
808	45    	0.147129   	0.43322  	-1        	0.446801
809	47    	-0.0211177 	0.557263 	-1        	0.458931
810	47    	-0.0808811 	0.604417 	-1        	0.458931
811	46    	0.170826   	0.395632 	-1        	0.458931
812	48    	0.110587   	0.492435 	-1        	0.63855 
813	46    	0.249753   	0.329808 	-1        	0.558288
814	48    	0.311106   	0.210648 	-1        	0.533508
815	47    	0.29758    	0.0988267	-0.0183333	0.518188
816	45    	0.274466   	0.279929 	-1        	0.673427
817	46    	0.301941   	0.211623 	-1        	0.673427
818	46    	0.273287   	0.284225 	-1        	0.673427
819	47    	0.271948   	0.276238 	-1        	0.486393
820	46    	0.259228   	0.206513 	-1        	0.493667
821	46    	0.203204   	0.362757 	-1        	0.482108
822	46    	0.209919   	0.318906 	-1        	0.466876
823	44    	0.294938   	0.202817 	-1        	0.522854
824	44    	0.324699   	0.095707 	0.171732  	0.522854
825	47    	0.301081   	0.103433 	-0.02     	0.522854
826	50    	0.291721   	0.101485 	-0.0150003	0.461392
827	43    	0.318927   	0.100752 	-0.0166666	0.465601
828	46    	0.259985   	0.271016 	-1        	0.487421
829	45    	0.300177   	0.210755 	-1        	0.515781
830	48    	0.278632   	0.200915 	-1        	0.546633
831	46    	0.207535   	0.31589  	-1        	0.546633
832	43    	0.2884     	0.202764 	-1        	0.52713 
833	46    	0.259199   	0.272509 	-1        	0.52713 
834	46    	0.30561    	0.203601 	-1        	0.604566
835	44    	0.0820632  	0.54572  	-1        	0.504773
836	45    	0.276435   	0.280033 	-1        	0.504773
837	46    	0.257199   	0.273841 	-1        	0.511816
838	48    	0.287121   	0.202404 	-1        	0.492286
839	47    	0.260795   	0.269229 	-1        	0.512742
840	46    	0.256323   	0.271409 	-1        	0.486656
841	49    	0.281395   	0.0719712	0.117573  	0.465168
842	46    	0.301726   	0.0996615	0.0918468 	0.520563
843	48    	0.264383   	0.278427 	-1        	0.628773
844	41    	0.286287   	0.212531 	-1        	0.628773
845	49    	0.276508   	0.206753 	-1        	0.551036
846	46    	0.258197   	0.208682 	-1        	0.461151
847	44    	0.273227   	0.275277 	-1        	0.534423
848	45    	0.305893   	0.210647 	-1        	0.666289
849	47    	0.276738   	0.215869 	-1        	0.615503
850	45    	0.334221   	0.0927394	0.0902654 	0.615503
851	43    	0.169839   	0.446864 	-1        	0.615503
852	50    	0.118645   	0.459039 	-1        	0.485752
853	42    	0.335376   	0.079037 	0.163188  	0.485752
854	47    	0.274655   	0.280044 	-1        	0.572334
855	45    	0.323915   	0.114231 	0.0424804 	0.572334
856	47    	0.20946    	0.321886 	-1        	0.522906
857	42    	0.25924    	0.276232 	-1        	0.522906
858	49    	0.202959   	0.315157 	-1        	0.518953
859	50    	0.306964   	0.0835694	0.0421552 	0.511632
860	49    	0.269821   	0.202996 	-1        	0.479087
861	50    	0.304695   	0.0832305	0.158823  	0.572971
862	44    	0.277881   	0.273828 	-1        	0.503049
863	44    	0.263956   	0.274805 	-1        	0.4952  
864	45    	0.2518     	0.273499 	-1        	0.511354
865	46    	0.148771   	0.431299 	-1        	0.511354
866	49    	0.158295   	0.436274 	-1        	0.511354
867	45    	0.314204   	0.205189 	-1        	0.511354
868	48    	0.173472   	0.439772 	-1        	0.511354
869	42    	0.299459   	0.210967 	-1        	0.511354
870	46    	0.147025   	0.436408 	-1        	0.511354
871	45    	0.166795   	0.439997 	-1        	0.511354
872	47    	0.224103   	0.330389 	-1        	0.511354
873	44    	0.226652   	0.372998 	-1        	0.538431
874	46    	-0.018355  	0.58531  	-1        	0.511354
875	46    	0.0461726  	0.529503 	-1        	0.568677
876	46    	0.114164   	0.491237 	-1        	0.568677
877	45    	0.0941498  	0.5193   	-1        	0.568677
878	45    	0.219333   	0.37447  	-1        	0.568677
879	47    	0.311806   	0.215696 	-1        	0.568677
880	42    	0.329778   	0.110583 	0.14588   	0.568677
881	48    	0.264128   	0.207212 	-1        	0.568677
882	43    	0.320785   	0.0877484	0.167865  	0.568677
883	49    	0.255019   	0.270496 	-1        	0.492751
884	45    	0.144819   	0.468973 	-1        	0.492751
885	47    	0.145613   	0.471674 	-1        	0.67457 
886	45    	0.199761   	0.413305 	-1        	0.67457 
887	48    	0.278114   	0.100385 	0.109626  	0.592964
888	46    	0.304692   	0.128786 	-0.0183333	0.607295
889	45    	0.317902   	0.119214 	0.0970898 	0.607295
890	46    	0.291547   	0.12526  	0.0772336 	0.607295
891	49    	0.292591   	0.0907642	0.123386  	0.513813
892	45    	0.306719   	0.0995519	0.0832339 	0.513813
893	45    	0.301361   	0.100873 	0.119924  	0.518484
894	46    	0.299126   	0.100991 	0.0883696 	0.513813
895	48    	0.227102   	0.272058 	-1        	0.513813
896	47    	0.213448   	0.264541 	-1        	0.509222
897	46    	0.267927   	0.215036 	-1        	0.481498
898	49    	0.281398   	0.201491 	-1        	0.551337
899	46    	0.284727   	0.198282 	-1        	0.480736
900	48    	0.262118   	0.208037 	-1        	0.625409
901	47    	0.216508   	0.366041 	-1        	0.545025
902	44    	0.248223   	0.200102 	-1        	0.433817
903	45    	0.295752   	0.0839365	0.114731  	0.550478
904	46    	0.20889    	0.366872 	-1        	0.550478
905	42    	0.249935   	0.330047 	-1        	0.550478
906	47    	0.214896   	0.37281  	-1        	0.5711  
907	47    	0.250473   	0.274285 	-1        	0.587368
908	46    	0.292946   	0.208852 	-1        	0.624438
909	46    	0.288557   	0.103449 	0.0792453 	0.587368
910	45    	0.247253   	0.198501 	-1        	0.587368
911	49    	0.250051   	0.279082 	-1        	0.587368
912	47    	0.274912   	0.213821 	-1        	0.587368
913	49    	0.270302   	0.205188 	-1        	0.54585 
914	44    	0.31036    	0.132553 	-0.0166667	0.54585 
915	48    	0.279163   	0.127089 	-0.02     	0.677352
916	49    	0.232641   	0.205623 	-1        	0.496716
917	40    	0.308691   	0.109845 	0.0828085 	0.553712
918	46    	0.284564   	0.11235  	-0.0184615	0.553712
919	48    	0.284745   	0.115766 	0.0787347 	0.597519
920	48    	0.282595   	0.10148  	0.0659359 	0.502694
921	45    	0.289602   	0.126337 	-0.02     	0.502694
922	46    	0.291379   	0.125978 	-0.0125306	0.555237
923	46    	0.294948   	0.145844 	-0.0225   	0.763627
924	48    	0.272673   	0.122032 	0.0865255 	0.630664
925	46    	0.263884   	0.132594 	-0.02     	0.630664
926	48    	0.251366   	0.107382 	-0.0149999	0.499387
927	47    	0.280764   	0.116077 	-0.02     	0.517291
928	47    	0.272888   	0.120644 	-0.0175   	0.541762
929	46    	0.275579   	0.0970205	-0.016    	0.451626
930	47    	0.274217   	0.101763 	-0.02     	0.492784
931	46    	0.275707   	0.0944755	0.0836346 	0.539174
932	42    	0.34177    	0.138032 	0.0835051 	0.641562
933	45    	0.290031   	0.145064 	-0.02     	0.641562
934	45    	0.303032   	0.134937 	-0.02     	0.6509  
935	45    	0.312862   	0.136997 	-0.0149999	0.655369
936	46    	0.306345   	0.112428 	-0.0177778	0.6509  
937	45    	0.310859   	0.110024 	0.037356  	0.6509  
938	44    	0.278324   	0.141256 	-0.02     	0.6509  
939	45    	0.317619   	0.130324 	0.0608819 	0.6509  
940	45    	0.323596   	0.0994626	0.140886  	0.6509  
941	45    	0.304441   	0.10888  	0.137695  	0.6509  
942	46    	0.28877    	0.123276 	-0.0166667	0.649881
943	45    	0.302548   	0.138161 	-0.016    	0.649881
944	48    	0.276042   	0.120633 	0.072813  	0.67876 
945	46    	0.287157   	0.133808 	-0.0171429	0.67876 
946	45    	0.335594   	0.117843 	0.130592  	0.67876 
947	47    	0.317076   	0.155208 	-0.0175   	0.89337 
948	44    	0.28694    	0.148225 	0.0663899 	0.700927
949	45    	0.279984   	0.150616 	-0.018    	0.700927
950	46    	0.287328   	0.15433  	-0.0175   	0.610866
951	47    	0.292422   	0.147025 	-0.02     	0.647427
952	46    	0.298827   	0.146378 	0.0564426 	0.647427
953	46    	0.278619   	0.0976339	0.113721  	0.468875
954	45    	0.271193   	0.106605 	-0.0177778	0.572507
955	42    	0.294638   	0.143539 	-0.0199999	0.758098
956	48    	0.235722   	0.135781 	-0.0177778	0.513954
957	49    	0.265237   	0.144615 	-0.02     	0.756677
958	46    	0.275495   	0.175887 	-0.02     	0.756677
959	45    	0.255382   	0.170784 	-0.018    	0.713551
960	47    	0.259822   	0.170791 	-0.0175   	0.713551
961	44    	0.267436   	0.161748 	-0.0171428	0.713551
962	48    	0.256546   	0.176032 	-0.0166667	0.730197
963	43    	0.266223   	0.209561 	-0.02     	0.775466
964	46    	0.269642   	0.182992 	-0.02     	0.730197
965	47    	0.309138   	0.16304  	-0.02     	0.730197
966	44    	0.302082   	0.17252  	-0.0175   	0.730197
967	49    	0.247173   	0.16197  	-0.02     	0.64836 
968	43    	0.274461   	0.177809 	-0.0199999	0.734625
969	44    	0.286381   	0.17022  	-0.016    	0.69065 
970	44    	0.282938   	0.141477 	0.0557836 	0.651272
971	46    	0.322825   	0.141325 	-0.015    	0.75341 
972	47    	0.26279    	0.165612 	-0.0181817	0.641433
973	45    	0.285792   	0.194918 	-0.02     	0.864618
974	43    	0.320795   	0.179022 	-0.02     	0.641433
975	47    	0.275704   	0.169747 	-0.0175   	0.840468
976	44    	0.313038   	0.200423 	-0.02     	0.840468
977	46    	0.286616   	0.203196 	-0.0177778	0.834833
978	46    	0.298873   	0.152081 	-0.0175   	0.641433
979	49    	0.230547   	0.172675 	-0.0181818	0.73028 
980	49    	0.228488   	0.111681 	-0.02     	0.582956
981	46    	0.256139   	0.147619 	-0.018    	0.582956
982	44    	0.230794   	0.183667 	-0.0175   	0.739757
983	48    	0.211288   	0.163342 	-0.02     	0.605605
984	45    	0.283579   	0.155639 	-0.0171429	0.600625
985	45    	0.265823   	0.172741 	-0.02     	0.689862
986	43    	0.251705   	0.175059 	-0.0171429	0.689862
987	46    	0.29417    	0.167325 	-0.0171428	0.689862
988	44    	0.268792   	0.167199 	-0.0225   	0.689862
989	45    	0.327274   	0.182139 	-0.0228571	0.689862
990	44    	0.350043   	0.175667 	-0.0225   	0.689862
991	46    	0.282108   	0.13525  	-0.0175   	0.689862
992	46    	0.290326   	0.139633 	-0.016    	0.689862
993	46    	0.297213   	0.141697 	-0.0166666	0.689862
994	44    	0.342113   	0.13913  	0.123124  	0.689862
995	45    	0.320894   	0.16607  	-0.018    	0.789084
996	45    	0.353561   	0.148345 	0.13665   	0.789084
997	47    	0.329202   	0.154603 	-0.02     	0.789084
998	46    	0.304437   	0.151469 	-0.02     	0.789084
999	45    	0.325894   	0.136712 	0.108555  	0.789084
1000	48    	0.309442   	0.150992 	-0.0180001	0.799655