gen	nevals	avg     	stddev	min     	max     
0  	50    	0.218369	0     	0.218369	0.218369
1  	47    	0.0628787	0.122278	-0.0150001	0.514537
2  	46    	0.133279 	0.1581  	-0.0160001	0.514537
3  	46    	0.231118 	0.174537	-0.0166667	0.582913
4  	42    	0.290009 	0.203969	-0.0160001	0.66975 
5  	48    	0.283789 	0.184942	-0.02     	0.66975 
6  	47    	0.409263 	0.225559	-0.0150001	0.732784
7  	47    	0.345271 	0.216791	-0.0175   	0.733539
8  	49    	0.357999 	0.198462	-0.015    	0.739126
9  	46    	0.340224 	0.22947 	-0.02     	0.739126
10 	48    	0.386935 	0.188698	-0.0181818	0.830326
11 	44    	0.361481 	0.222835	-0.02     	0.829725
12 	47    	0.357685 	0.242915	-0.0228572	0.829725
13 	45    	0.353225 	0.239173	-0.0171429	0.829725
14 	46    	0.382859 	0.284585	-0.02     	0.829725
15 	43    	0.48236  	0.280768	-0.02     	0.883301
16 	46    	0.440915 	0.299316	-0.02     	0.972359
17 	47    	0.317763 	0.246968	-0.0233333	0.883301
18 	42    	0.466849 	0.278187	-0.02     	0.883301
19 	43    	0.447982 	0.286207	0.0583124 	0.981506
20 	44    	0.382152 	0.291833	-0.0171428	0.981506
21 	45    	0.413783 	0.306365	-0.0166608	0.981506
22 	41    	0.446404 	0.318403	0.059967  	0.981506
23 	46    	0.380429 	0.311901	-0.0166667	0.981506
24 	48    	0.415209 	0.317188	-0.0166666	0.981506
25 	45    	0.362053 	0.320919	-0.02     	0.981506
26 	45    	0.409488 	0.312523	0.0626226 	0.981506
27 	45    	0.388792 	0.278939	0.0575089 	0.981506
28 	49    	0.344281 	0.267811	-0.0177778	0.981506
29 	47    	0.408953 	0.24813 	-0.016    	0.908434
30 	45    	0.414619 	0.275973	-0.0175001	0.908434
31 	45    	0.47647  	0.286421	0.0830056 	0.910039
32 	47    	0.350384 	0.276381	-0.0133334	0.985364
33 	46    	0.428026 	0.321462	-0.0175   	0.985364
34 	41    	0.457957 	0.331507	-0.0177778	0.985364
35 	45    	0.441355 	0.317129	-0.0133333	0.983976
36 	45    	0.457842 	0.314993	-0.01     	0.983976
37 	48    	0.499624 	0.327405	-0.0183333	0.977187
38 	43    	0.546528 	0.341783	-0.016    	0.983976
39 	47    	0.560997 	0.304854	-0.0150001	0.988454
40 	40    	0.583553 	0.322034	-0.01     	0.989579
41 	49    	0.468519 	0.314519	-0.0166666	0.989579
42 	46    	0.503779 	0.300775	-0.017143 	0.989579
43 	46    	0.424505 	0.302724	-0.016    	1.11521 
44 	45    	0.501167 	0.288347	0.0596034 	1.11521 
45 	45    	0.470459 	0.315454	0.0596015 	1.11521 
46 	48    	0.409471 	0.26015 	0.0537734 	0.985504
47 	44    	0.435101 	0.289868	0.0573697 	0.985504
48 	44    	0.538137 	0.32072 	-0.015    	1.16114 
49 	48    	0.45482  	0.344523	0.0530291 	1.11521 
50 	48    	0.469004 	0.296068	0.0464137 	0.988745
51 	44    	0.585875 	0.298582	0.0758407 	0.988745
52 	44    	0.491898 	0.323321	-0.015    	0.988745
53 	42    	0.560505 	0.307785	-0.015    	1.09843 
54 	46    	0.445028 	0.350025	-0.0171429	1.09843 
55 	45    	0.438912 	0.347974	-0.0171428	1.09843 
56 	47    	0.480868 	0.340205	-0.0166667	1.09843 
57 	45    	0.501663 	0.339588	-0.0177777	1.09843 
58 	45    	0.473496 	0.329486	0.0743076 	1.09843 
59 	49    	0.498208 	0.336152	0.0563473 	1.12289 
60 	47    	0.399197 	0.325179	-0.0171428	1.09843 
61 	45    	0.491356 	0.341933	-0.0166667	1.09843 
62 	44    	0.506538 	0.331244	0.0669071 	1.09843 
63 	46    	0.493863 	0.347427	-0.0133333	1.09843 
64 	48    	0.426695 	0.333504	-0.018    	1.09843 
65 	48    	0.421091 	0.310717	-0.0177778	1.09843 
66 	44    	0.467172 	0.312336	-0.0166665	1.09843 
67 	44    	0.513924 	0.327575	0.074384  	1.09843 
68 	46    	0.495897 	0.338558	-0.0181818	1.09843 
69 	45    	0.394878 	0.336523	-0.0175   	1.09843 
70 	46    	0.457913 	0.305498	-0.0166666	1.09843 
71 	45    	0.482629 	0.332212	-0.0175   	1.05633 
72 	48    	0.520162 	0.309301	0.0450508 	1.06955 
73 	47    	0.484705 	0.318216	-0.018    	1.06955 
74 	45    	0.453922 	0.310529	-0.018    	1.06955 
75 	44    	0.562687 	0.31564 	0.074251  	1.06955 
76 	48    	0.539957 	0.319739	0.0421997 	1.06955 
77 	43    	0.499599 	0.361526	-0.016    	1.06955 
78 	46    	0.474603 	0.327289	-0.0133332	1.06955 
79 	46    	0.475311 	0.320706	0.0593307 	1.06955 
80 	46    	0.497197 	0.349668	-0.0175   	1.06955 
81 	49    	0.449479 	0.327191	-0.016    	1.08794 
82 	45    	0.48278  	0.335309	-0.0159965	1.08794 
83 	46    	0.487729 	0.33648 	-0.016    	1.16106 
84 	44    	0.533329 	0.330466	0.0625301 	1.16106 
85 	46    	0.502932 	0.332722	-0.01     	1.16106 
86 	46    	0.482975 	0.322932	-0.016    	1.042   
87 	45    	0.428527 	0.328747	-0.0166666	1.042   
88 	47    	0.42964  	0.337491	-0.01     	1.042   
89 	48    	0.408946 	0.30853 	0.0643618 	1.12106 
90 	47    	0.447578 	0.30159 	-0.0133333	1.02619 
91 	44    	0.464204 	0.294666	-0.01     	1.02619 
92 	43    	0.535899 	0.278902	0.141161  	1.02619 
93 	46    	0.457705 	0.278368	0.127236  	1.02619 
94 	44    	0.491911 	0.283444	0.105627  	1.02619 
95 	45    	0.480598 	0.319402	-0.0150001	1.02619 
96 	46    	0.471106 	0.329139	-0.0175   	1.02619 
97 	44    	0.51998  	0.34297 	0.0808047 	1.0482  
98 	48    	0.512782 	0.312668	-0.018    	1.03694 
99 	46    	0.596526 	0.294684	0.081717  	1.0482  
100	47    	0.577701 	0.316122	-0.0171429	1.0482  
101	44    	0.531303 	0.330963	-0.0166666	1.0482  
102	44    	0.607763 	0.311009	0.114949  	1.0482  
103	46    	0.593138 	0.340409	0.0574876 	1.12133 
104	45    	0.477267 	0.354984	-0.016    	1.12133 
105	48    	0.427932 	0.361847	-0.016    	1.12133 
106	47    	0.469216 	0.328751	-0.02     	1.09217 
107	45    	0.515409 	0.329646	-0.0159999	1.12445 
108	42    	0.510417 	0.356953	-0.0177777	1.12445 
109	49    	0.479485 	0.327255	-0.0171429	1.04768 
110	44    	0.53298  	0.284208	-0.0175   	0.972239
111	44    	0.498284 	0.300624	-0.016    	0.97147 
112	45    	0.542825 	0.308273	0.0927012 	0.984019
113	47    	0.501655 	0.296313	0.0730896 	1.06439 
114	47    	0.506033 	0.300891	-0.0175002	0.984022
115	50    	0.490054 	0.286137	0.0988103 	1.06694 
116	47    	0.464647 	0.287762	-0.015    	1.04116 
117	48    	0.471642 	0.26848 	0.0856162 	0.974415
118	49    	0.519351 	0.263759	0.175219  	1.06244 
119	46    	0.541479 	0.296516	-0.0175   	1.07036 
120	43    	0.555673 	0.338994	-0.015    	1.13595 
121	47    	0.537741 	0.335052	-0.016    	1.18225 
122	48    	0.509879 	0.319868	-0.016    	1.18225 
123	48    	0.479504 	0.307864	-0.0160001	1.07112 
124	47    	0.478839 	0.310423	-0.0177778	1.07112 
125	46    	0.49746  	0.294745	0.116468  	1.05011 
126	46    	0.465    	0.303357	-0.0150001	1.05011 
127	44    	0.550165 	0.341965	0.107527  	1.07034 
128	45    	0.457041 	0.352289	0.0749593 	1.07034 
129	48    	0.580404 	0.387399	-0.0177778	1.1404  
130	43    	0.591982 	0.398202	0.0804665 	1.1404  
131	45    	0.643558 	0.380999	0.0983006 	1.14368 
132	49    	0.459662 	0.343669	-0.0179956	1.13595 
133	48    	0.448205 	0.335369	-0.0166667	1.07302 
134	47    	0.528481 	0.307077	-0.0166668	1.13595 
135	48    	0.541101 	0.30811 	0.0533628 	1.13595 
136	45    	0.522315 	0.331867	-0.018    	1.13595 
137	48    	0.447569 	0.322591	-0.0177778	1.07728 
138	47    	0.479227 	0.306377	-0.0175   	1.14215 
139	47    	0.51885  	0.337093	0.0684355 	1.14215 
140	46    	0.458956 	0.325784	0.0663525 	1.14215 
141	47    	0.551892 	0.332426	-0.0166664	1.13922 
142	47    	0.532133 	0.33002 	0.0766945 	1.13922 
143	40    	0.666604 	0.327799	-0.0177777	1.13922 
144	48    	0.496458 	0.345586	0.0949923 	1.13922 
145	47    	0.50991  	0.335495	-0.0133333	1.14215 
146	44    	0.57983  	0.362735	0.117552  	1.14579 
147	44    	0.565258 	0.364617	-0.0171428	1.14579 
148	46    	0.572643 	0.359684	0.0952401 	1.14579 
149	46    	0.542154 	0.3891  	-0.0177778	1.14579 
150	47    	0.561837 	0.36652 	0.063405  	1.14579 
151	47    	0.567666 	0.341113	-0.0184614	1.14579 
152	46    	0.560416 	0.337273	0.102549  	1.14579 
153	44    	0.574751 	0.381061	-0.0159999	1.14671 
154	44    	0.659724 	0.375424	0.198293  	1.14671 
155	46    	0.537753 	0.365131	-0.015    	1.14671 
156	43    	0.568279 	0.388866	-0.0166667	1.14671 
157	47    	0.481883 	0.331579	-0.015    	1.14671 
158	41    	0.612388 	0.364663	0.115919  	1.14671 
159	46    	0.51533  	0.362237	-0.0171429	1.14671 
160	43    	0.533932 	0.368819	0.03972   	1.14671 
161	44    	0.558191 	0.353871	-0.0166667	1.14671 
162	45    	0.469786 	0.339727	-0.0171413	1.14671 
163	48    	0.511307 	0.375038	-0.0171429	1.14671 
164	49    	0.518729 	0.32247 	0.0856081 	1.00889 
165	48    	0.460642 	0.287707	0.0993843 	1.01831 
166	46    	0.446744 	0.290872	-0.0175001	1.01831 
167	44    	0.523081 	0.31259 	-0.0174999	1.05182 
168	45    	0.55047  	0.367336	-1        	1.11826 
169	44    	0.59616  	0.294417	0.0744274 	1.11826 
170	49    	0.547439 	0.282951	0.135477  	1.05558 
171	46    	0.460496 	0.458615	-1        	1.05558 
172	47    	0.423287 	0.503511	-1        	0.990055
173	44    	0.547782 	0.359983	-1        	1.074   
174	47    	0.483644 	0.365963	-1        	1.04708 
175	48    	0.595069 	0.369717	-1        	1.04708 
176	48    	0.503339 	0.471065	-1        	0.998877
177	46    	0.547985 	0.275862	0.073432  	1.11217 
178	43    	0.582515 	0.317393	0.0923705 	1.11217 
179	45    	0.639524 	0.346723	0.0359744 	1.11217 
180	48    	0.506708 	0.297941	-0.016    	1.05873 
181	43    	0.502568 	0.349303	-1        	1.05873 
182	44    	0.547014 	0.446479	-1        	1.05873 
183	45    	0.495802 	0.294526	-0.0166634	1.05873 
184	41    	0.557779 	0.341075	-0.0181818	1.11072 
185	45    	0.631959 	0.32806 	0.0836326 	1.11072 
186	45    	0.523726 	0.325174	0.0690033 	1.11072 
187	48    	0.466983 	0.28675 	-0.0159999	1.04803 
188	45    	0.484303 	0.362946	-1        	1.04803 
189	45    	0.566611 	0.301847	-0.016    	1.04803 
190	46    	0.503511 	0.324928	-0.015    	1.07528 
191	43    	0.604692 	0.307714	0.163388  	1.07528 
192	43    	0.529558 	0.335404	-0.016    	1.07528 
193	44    	0.525764 	0.320716	0.148123  	1.07528 
194	47    	0.455036 	0.309262	-0.0171429	1.07528 
195	46    	0.532528 	0.324766	0.108849  	1.07528 
196	49    	0.429647 	0.255833	-0.0171429	0.956436
197	47    	0.502967 	0.260755	0.118941  	0.962646
198	43    	0.480981 	0.267951	0.103255  	0.962646
199	44    	0.548698 	0.304745	-0.018    	0.974608
200	47    	0.519999 	0.282608	0.0992461 	0.962646
201	48    	0.566438 	0.311754	0.156728  	1.09604 
202	45    	0.568693 	0.322008	-0.0171429	1.09604 
203	49    	0.485893 	0.297573	0.117018  	1.18027 
204	45    	0.572655 	0.34451 	0.0597099 	1.18027 
205	46    	0.508833 	0.349477	-0.0171429	1.18027 
206	46    	0.517162 	0.35087 	-0.0177778	1.18027 
207	47    	0.594353 	0.331004	0.0977746 	1.1204  
208	43    	0.589172 	0.314207	0.080373  	1.1204  
209	44    	0.622642 	0.311068	-0.01     	1.03331 
210	45    	0.461003 	0.311806	-0.0166667	1.03331 
211	46    	0.505258 	0.295315	0.139863  	1.18027 
212	44    	0.555483 	0.309046	0.103765  	1.18027 
213	48    	0.453893 	0.310074	-0.0171428	1.07159 
214	47    	0.602074 	0.306556	-0.0181818	1.07191 
215	47    	0.563843 	0.29225 	-0.015    	1.00614 
216	50    	0.59669  	0.279571	-0.0171428	0.999808
217	46    	0.470706 	0.314314	-0.02     	1.00327 
218	47    	0.675787 	0.271294	0.112798  	1.09855 
219	45    	0.573348 	0.329977	0.0405144 	1.09855 
220	47    	0.514694 	0.339389	-0.0181818	1.18027 
221	46    	0.560055 	0.345784	-0.0150001	1.18027 
222	46    	0.587814 	0.3646  	-0.0171429	1.18027 
223	50    	0.48705  	0.289155	-0.0181818	1.17789 
224	43    	0.642153 	0.304329	0.176611  	1.17789 
225	47    	0.561542 	0.33916 	0.0464695 	1.17789 
226	44    	0.607967 	0.348348	-0.0133333	1.17789 
227	46    	0.469706 	0.320913	-0.0133334	1.09604 
228	48    	0.493477 	0.315054	-0.0171415	1.09604 
229	49    	0.510757 	0.304201	-0.0166666	1.08645 
230	46    	0.499281 	0.366604	-1        	1.11009 
231	47    	0.505645 	0.334793	-0.0171428	1.11726 
232	44    	0.569681 	0.360187	-0.02     	1.11726 
233	44    	0.481985 	0.414979	-1        	1.13343 
234	46    	0.509903 	0.351362	0.069312  	1.13343 
235	47    	0.509696 	0.349955	-0.0133333	1.13343 
236	49    	0.544295 	0.334435	-0.0166666	1.10457 
237	45    	0.582236 	0.321669	0.170057  	1.11828 
238	46    	0.577239 	0.347178	0.082099  	1.17789 
239	42    	0.64501  	0.38805 	-0.0150001	1.17789 
240	47    	0.621227 	0.378423	0.101621  	1.17789 
241	46    	0.518173 	0.38484 	-0.018    	1.17687 
242	45    	0.64307  	0.383806	-0.015    	1.18088 
243	47    	0.574937 	0.39615 	-0.0133337	1.17687 
244	47    	0.570159 	0.372362	-0.0175   	1.17628 
245	44    	0.522703 	0.355576	-0.0133333	1.17628 
246	46    	0.554239 	0.350244	-0.0150001	1.17628 
247	45    	0.487379 	0.356318	0.139893  	1.1767  
248	47    	0.47536  	0.350662	-0.0177743	1.1767  
249	48    	0.552257 	0.347303	0.0805291 	1.1196  
250	45    	0.612421 	0.332942	0.0765736 	1.08127 
251	44    	0.576958 	0.386926	-1        	1.1055  
252	45    	0.485391 	0.3212  	-0.0166666	1.08127 
253	44    	0.596964 	0.294719	0.063526  	1.11587 
254	45    	0.500483 	0.300897	0.0756954 	1.11587 
255	49    	0.516569 	0.302773	0.0855297 	1.05422 
256	47    	0.527308 	0.319856	-0.0174999	1.06406 
257	44    	0.549621 	0.347274	-0.02     	1.12233 
258	44    	0.538114 	0.351572	0.151344  	1.12233 
259	45    	0.446859 	0.322608	-0.0171428	1.12233 
260	48    	0.529239 	0.345132	-0.015    	1.12233 
261	45    	0.561173 	0.353688	0.105873  	1.11755 
262	47    	0.521858 	0.337813	0.136655  	1.19174 
263	45    	0.499405 	0.34199 	-0.0166666	1.19174 
264	49    	0.585229 	0.340088	0.107149  	1.19174 
265	47    	0.477088 	0.373731	-0.0175   	1.19174 
266	46    	0.405498 	0.329416	-0.015    	1.19174 
267	48    	0.529845 	0.333108	-0.0150003	1.18574 
268	41    	0.591568 	0.358693	-0.0177768	1.19174 
269	46    	0.548407 	0.355033	0.128267  	1.18574 
270	48    	0.444786 	0.349669	-0.0133333	1.11396 
271	47    	0.44872  	0.301097	0.130523  	1.11396 
272	46    	0.485952 	0.331239	-0.0160001	1.1218  
273	47    	0.594364 	0.329237	0.149107  	1.1218  
274	46    	0.55458  	0.340966	-0.0159967	1.1218  
275	47    	0.527237 	0.333484	0.10976   	1.1218  
276	47    	0.445375 	0.375097	-1        	1.1077  
277	49    	0.407715 	0.280545	0.118968  	1.10651 
278	45    	0.476562 	0.337806	-0.0175   	1.11836 
279	47    	0.499005 	0.335526	0.140191  	1.10651 
280	46    	0.424392 	0.385005	-1        	1.11656 
281	47    	0.446557 	0.300016	-0.0177778	1.11656 
282	46    	0.507981 	0.306693	-0.0166667	1.11656 
283	43    	0.505316 	0.305755	0.143615  	1.11656 
284	45    	0.503977 	0.340987	-0.0171429	1.11656 
285	46    	0.529008 	0.321947	0.117739  	1.11656 
286	48    	0.412559 	0.28312 	0.116688  	1.11385 
287	48    	0.537364 	0.267353	0.207398  	1.11385 
288	45    	0.575288 	0.30414 	0.144585  	1.11385 
289	46    	0.58143  	0.317259	0.151189  	1.11385 
290	47    	0.499935 	0.3342  	-0.0166666	1.11385 
291	47    	0.526329 	0.294348	0.0816396 	1.05495 
292	44    	0.512009 	0.314305	-0.018    	1.12296 
293	45    	0.493866 	0.386483	-1        	1.17642 
294	44    	0.489666 	0.353116	-0.02     	1.17642 
295	47    	0.535233 	0.316478	0.106891  	1.17642 
296	46    	0.551302 	0.328609	-0.0171428	1.08759 
297	44    	0.579193 	0.32631 	0.11425   	1.11115 
298	43    	0.569853 	0.457201	-1        	1.11115 
299	42    	0.59484  	0.404948	-1        	1.19653 
300	44    	0.486659 	0.503252	-1        	1.19653 
301	45    	0.542897 	0.329474	-0.0177777	1.19653 
302	48    	0.55357  	0.389997	-1        	1.19653 
303	44    	0.620293 	0.330743	-0.0180001	1.19653 
304	42    	0.53786  	0.43133 	-1        	1.19653 
305	46    	0.510089 	0.499991	-1        	1.12329 
306	47    	0.604527 	0.408185	-1        	1.12329 
307	46    	0.589122 	0.310587	0.172458  	1.12329 
308	47    	0.494497 	0.369947	-1        	1.11667 
309	45    	0.532388 	0.377575	-1        	1.11667 
310	44    	0.564372 	0.461673	-1        	1.11667 
311	45    	0.558905 	0.413493	-1        	1.11667 
312	46    	0.483297 	0.454862	-1        	1.11667 
313	48    	0.558668 	0.451148	-1        	1.11468 
314	48    	0.459438 	0.428014	-1        	1.11468 
315	46    	0.560701 	0.385459	-1        	1.12407 
316	48    	0.585362 	0.407589	-1        	1.11205 
317	44    	0.55276  	0.390989	-1        	1.11205 
318	46    	0.570589 	0.328462	0.0769245 	1.11424 
319	43    	0.598905 	0.387629	-1        	1.11424 
320	45    	0.675238 	0.351222	0.0798193 	1.11424 
321	42    	0.540102 	0.363274	-0.0166667	1.11429 
322	47    	0.472245 	0.453609	-1        	1.11424 
323	48    	0.539018 	0.405716	-1        	1.1779  
324	45    	0.616127 	0.391461	-1        	1.1779  
325	47    	0.413018 	0.365839	-1        	1.11424 
326	44    	0.598515 	0.425624	-1        	1.11424 
327	46    	0.565896 	0.319617	-0.0160001	1.13977 
328	45    	0.535418 	0.309534	0.108006  	1.13977 
329	43    	0.569993 	0.336342	-0.0171429	1.13977 
330	42    	0.519282 	0.320846	0.0810538 	1.13977 
331	39    	0.58438  	0.366725	0.0995761 	1.13977 
332	44    	0.612165 	0.368801	0.0920491 	1.15033 
333	46    	0.509506 	0.340598	-0.015    	1.07055 
334	41    	0.581438 	0.323403	0.156886  	1.07055 
335	48    	0.508403 	0.315146	0.145256  	1.13977 
336	46    	0.537551 	0.39849 	-1        	1.13977 
337	46    	0.497006 	0.353337	-0.016    	1.13977 
338	45    	0.504981 	0.337905	-0.016    	1.13977 
339	44    	0.561837 	0.348346	-0.0177778	1.14383 
340	45    	0.553585 	0.367714	-0.0166667	1.14383 
341	49    	0.382401 	0.288661	0.102506  	1.0801  
342	44    	0.488099 	0.281284	0.141023  	1.0801  
343	46    	0.51338  	0.307996	0.13586   	1.0801  
344	47    	0.524102 	0.3069  	-0.016    	1.0801  
345	47    	0.498139 	0.300012	-0.0175   	1.0801  
346	44    	0.554076 	0.294467	-0.0175   	1.0801  
347	43    	0.617788 	0.317327	0.173218  	1.0801  
348	46    	0.528883 	0.331564	0.115865  	1.14383 
349	46    	0.513249 	0.342504	-0.01     	1.14383 
350	49    	0.461924 	0.300617	-0.015    	1.0801  
351	47    	0.528175 	0.285224	0.132841  	1.0801  
352	48    	0.451237 	0.298804	-0.0166667	1.0801  
353	46    	0.509563 	0.287496	0.0902342 	1.00808 
354	48    	0.461759 	0.291698	-0.016    	1.01487 
355	44    	0.550746 	0.270546	0.0865666 	1.01487 
356	48    	0.471068 	0.31128 	-0.02     	1.06506 
357	46    	0.482622 	0.287442	-0.0175   	1.01657 
358	48    	0.462175 	0.239646	0.182268  	1.01657 
359	47    	0.471632 	0.277314	-0.0171429	0.993691
360	46    	0.464989 	0.275318	-0.0200001	1.02056 
361	46    	0.476247 	0.252749	0.172015  	1.02056 
362	43    	0.529602 	0.281073	0.0670813 	1.02056 
363	49    	0.429841 	0.278099	0.0886035 	0.981456
364	49    	0.417616 	0.238218	-0.0150003	0.981456
365	47    	0.41367  	0.219977	-0.0150001	0.981456
366	47    	0.435929 	0.237842	0.0516797 	0.981456
367	48    	0.492159 	0.253572	0.164934  	0.993688
368	41    	0.527275 	0.297607	-0.0133334	0.993688
369	48    	0.425969 	0.288163	-0.0171428	0.998071
370	49    	0.378299 	0.235874	-0.0150003	0.993688
371	45    	0.443772 	0.249269	0.124603  	0.975759
372	48    	0.439813 	0.251809	0.0348769 	0.993688
373	47    	0.420256 	0.243646	0.108468  	0.994243
374	45    	0.444834 	0.271937	-0.0133333	1.00814 
375	45    	0.459176 	0.290872	-0.0159976	1.00814 
376	47    	0.414161 	0.260233	-0.0166667	0.90436 
377	49    	0.409262 	0.206206	0.0617232 	0.963159
378	50    	0.436138 	0.227561	-0.016    	0.853591
379	47    	0.530905 	0.219771	0.179646  	0.865994
380	44    	0.455621 	0.285609	-0.0166666	0.893053
381	45    	0.468636 	0.280257	-0.02     	0.866056
382	45    	0.465416 	0.253855	-0.0171429	0.866056
383	46    	0.424447 	0.26957 	-0.0150002	0.909965
384	46    	0.513155 	0.265709	-0.016    	0.985357
385	46    	0.423513 	0.309273	-0.0166667	0.947966
386	48    	0.432771 	0.280005	-0.00671136	0.969542
387	49    	0.444095 	0.280937	-0.0175    	0.947966
388	45    	0.402952 	0.288862	0.0857926  	0.947966
389	47    	0.486867 	0.311724	-0.02      	0.947966
390	44    	0.489448 	0.325683	0.0533943  	0.982121
391	48    	0.476385 	0.305215	-0.0133332 	1.04191 
392	46    	0.436014 	0.300962	0.0747662  	0.982121
393	45    	0.501415 	0.285619	-0.0159966 	0.982121
394	45    	0.446495 	0.297173	-0.0150002 	0.949269
395	45    	0.465459 	0.300614	0.0743437  	0.966579
396	46    	0.444108 	0.285464	-0.015     	0.966579
397	47    	0.453285 	0.264814	-0.0159977 	1.06268 
398	45    	0.428682 	0.310723	0.0730002  	1.06268 
399	50    	0.397904 	0.280567	-0.02      	0.909645
400	44    	0.42562  	0.28975 	-0.0183333 	0.912231
401	45    	0.412828 	0.277357	0.0587777  	0.912231
402	47    	0.440494 	0.269025	0.0587777  	0.982209
403	45    	0.561128 	0.279504	0.0587777  	1.12183 
404	48    	0.546092 	0.345162	0.112987   	1.13356 
405	45    	0.457001 	0.37274 	0.0533337  	1.13405 
406	46    	0.519927 	0.336827	0.0530233  	1.13405 
407	45    	0.474146 	0.329958	0.115791   	1.06926 
408	47    	0.452794 	0.321889	-0.0150003 	1.06926 
409	45    	0.464612 	0.322687	-0.0181818 	1.06926 
410	46    	0.535076 	0.306015	0.0934185  	1.06926 
411	45    	0.508185 	0.327914	-0.0166666 	1.04019 
412	43    	0.546942 	0.323008	0.127908   	1.04019 
413	45    	0.528031 	0.323128	0.0712867  	1.04019 
414	47    	0.466476 	0.327291	0.058833   	1.0688  
415	49    	0.448784 	0.312237	-0.0171428 	1.0688  
416	47    	0.419296 	0.280909	0.0684939  	1.0356  
417	48    	0.444073 	0.313843	-0.0177778 	1.0619  
418	50    	0.496389 	0.301009	-0.0150002 	1.0619  
419	45    	0.478772 	0.329148	-0.02      	1.13328 
420	48    	0.580219 	0.346895	-0.0150001 	1.06754 
421	46    	0.539901 	0.334619	0.0944521  	1.06754 
422	44    	0.557935 	0.327103	-0.0150003 	1.05785 
423	48    	0.47617  	0.338255	-0.0171429 	1.05945 
424	45    	0.529317 	0.290937	-0.0133338 	1.05945 
425	45    	0.498935 	0.317172	-0.0222223 	1.05945 
426	50    	0.486393 	0.27924 	-0.0200001 	1.00138 
427	47    	0.487807 	0.272439	0.126084   	0.986247
428	47    	0.469694 	0.270632	-0.0181818 	0.986247
429	47    	0.437202 	0.256857	-0.017143  	0.990379
430	46    	0.53115  	0.289721	-0.016     	1.06787 
431	47    	0.423918 	0.268623	0.106023   	0.990379
432	48    	0.566051 	0.268889	0.103898   	1.07339 
433	47    	0.484513 	0.295826	0.0890715  	1.07339 
434	46    	0.52109  	0.308986	0.0987369  	1.07339 
435	49    	0.505465 	0.323393	-0.0150001 	1.1205  
436	46    	0.529917 	0.308459	-0.0177778 	0.990537
437	43    	0.579653 	0.300805	0.105019   	0.995091
438	49    	0.491449 	0.274527	0.103322   	1.00794 
439	39    	0.52311  	0.329052	0.0506044  	1.07201 
440	46    	0.33237  	0.274727	-0.015     	1.00794 
441	48    	0.381427 	0.270797	-0.016     	1.00794 
442	45    	0.475035 	0.269076	-0.0177778 	1.00794 
443	46    	0.464216 	0.277356	0.0796374  	1.00794 
444	46    	0.476849 	0.299892	-0.00671136	1.00794 
445	46    	0.5071   	0.306481	-0.01      	1.07324 
446	45    	0.56981  	0.308641	0.123532   	1.00794 
447	47    	0.473993 	0.278652	0.127342   	0.972985
448	46    	0.492631 	0.298032	0.0460341  	1.00769 
449	47    	0.413511 	0.309109	0.0538604  	1.00769 
450	44    	0.530571 	0.327027	-0.0177778 	1.0072  
451	46    	0.498782 	0.32665 	-0.0171415 	1.0072  
452	47    	0.463413 	0.338906	-0.0181818 	1.14647 
453	47    	0.469598 	0.32897 	-0.02      	1.13736 
454	44    	0.521413 	0.343515	0.104504   	1.13736 
455	46    	0.450231 	0.341012	-0.0133333 	1.13736 
456	45    	0.52996  	0.353744	-0.0175    	1.13736 
457	46    	0.518998 	0.337591	0.106778   	1.06822 
458	44    	0.457863 	0.345032	-0.0166666 	1.06222 
459	47    	0.490855 	0.325721	-0.0133333 	1.0591  
460	45    	0.50938  	0.336328	0.0968322  	1.12375 
461	45    	0.468602 	0.328362	0.0832199  	1.0591  
462	46    	0.537732 	0.331147	-0.0133333 	1.07547 
463	44    	0.528354 	0.336578	-0.0150003 	1.07749 
464	47    	0.508113 	0.334668	-0.0133333 	0.992315
465	49    	0.454417 	0.279122	-0.0171429 	1.00241 
466	48    	0.488132 	0.27176 	-0.0166667 	1.00241 
467	46    	0.421967 	0.268652	-0.0174999 	0.934823
468	45    	0.429359 	0.26944 	0.0950091  	0.934823
469	42    	0.513942 	0.29709 	-0.0174999 	1.00498 
470	48    	0.506149 	0.278085	-0.0166665 	1.00498 
471	47    	0.467559 	0.270023	0.125291   	1.00498 
472	47    	0.467489 	0.299622	0.0934883  	1.00498 
473	46    	0.45299  	0.298054	0.0533337  	1.00498 
474	45    	0.430521 	0.3043  	-0.016     	1.00498 
475	47    	0.44102  	0.28089 	0.0861417  	1.00385 
476	47    	0.399988 	0.299218	-0.0160001 	1.00079 
477	47    	0.404387 	0.256451	-0.0133333 	0.916916
478	46    	0.454009 	0.279422	-0.0171428 	1.00385 
479	45    	0.475884 	0.281823	-0.0149999 	0.923526
480	45    	0.4522   	0.258294	-0.0171428 	0.923526
481	46    	0.504342 	0.242776	0.0926283  	0.927371
482	46    	0.466263 	0.261218	-0.0175001 	0.927371
483	45    	0.518088 	0.290008	-0.0133334 	1.00385 
484	48    	0.389873 	0.244582	-0.0160001 	0.922426
485	46    	0.479237 	0.267994	0.115849   	0.98635 
486	46    	0.436996 	0.295524	-0.0150003 	0.98635 
487	48    	0.498968 	0.295311	0.109066   	0.985922
488	48    	0.399794 	0.269046	0.114475   	0.980992
489	46    	0.441592 	0.256088	0.127678   	0.933821
490	47    	0.421256 	0.261861	-0.0133334 	0.935172
491	45    	0.412917 	0.25852 	-0.016     	0.933821
492	49    	0.38928  	0.237209	0.114082   	0.908594
493	46    	0.433591 	0.272178	-0.0133332 	0.918422
494	46    	0.47685  	0.265631	-0.018     	0.970713
495	48    	0.412411 	0.261568	0.148584   	0.977671
496	44    	0.52523  	0.28133 	0.108755   	0.977671
497	47    	0.453051 	0.261521	0.105286   	0.977671
498	42    	0.48155  	0.282673	0.0911078  	0.977671
499	47    	0.477842 	0.243186	0.116592   	0.977671
500	46    	0.477309 	0.24713 	0.0663972  	0.963914
501	46    	0.4705   	0.304722	-0.0175    	0.981322
502	48    	0.468897 	0.281878	0.0587186  	0.989893
503	49    	0.424796 	0.283768	-0.0166666 	0.919394
504	50    	0.511809 	0.238792	-0.0133333 	0.916815
505	44    	0.493228 	0.291491	-0.0166667 	0.989893
506	45    	0.425253 	0.251994	-0.016     	0.989893
507	44    	0.497437 	0.292145	0.0776905  	0.989893
508	47    	0.498005 	0.268488	0.160073   	1.05918 
509	45    	0.579597 	0.283667	-0.0181818 	0.989664
510	42    	0.528053 	0.28594 	0.119254   	0.992912
511	46    	0.48065  	0.294391	0.0590108  	1.02934 
512	47    	0.461653 	0.263007	-0.0166666 	0.984386
513	48    	0.504434 	0.296705	0.0530586  	0.914438
514	42    	0.562746 	0.306275	-0.0133334 	0.987259
515	47    	0.489746 	0.324528	0.0625213  	1.03477 
516	46    	0.434631 	0.330435	-0.015     	1.0708  
517	45    	0.549077 	0.328183	0.0541432  	1.0708  
518	46    	0.57354  	0.342723	0.0665054  	1.0708  
519	44    	0.443432 	0.333695	-0.018     	1.0708  
520	45    	0.481126 	0.319964	0.0418164  	1.06276 
521	45    	0.439228 	0.320128	-0.0166667 	1.06276 
522	50    	0.417891 	0.26989 	-0.0166667 	0.855009
523	43    	0.521    	0.26865 	-0.0133333 	0.855009
524	49    	0.490064 	0.292504	0.0533047  	1.06276 
525	45    	0.406891 	0.296631	-0.016     	1.06276 
526	44    	0.489863 	0.327141	-0.015     	1.06276 
527	43    	0.448284 	0.334931	-0.0175    	1.06276 
528	45    	0.539936 	0.319297	-0.015     	1.06276 
529	48    	0.351292 	0.302183	-0.016     	1.06675 
530	46    	0.428279 	0.322753	-0.0133333 	1.06276 
531	47    	0.399388 	0.315683	-0.016     	1.06276 
532	48    	0.49586  	0.297626	0.0958492  	1.06276 
533	48    	0.447703 	0.295799	-0.0166666 	1.06276 
534	48    	0.415293 	0.322432	-0.0171429 	1.06276 
535	43    	0.450692 	0.32154 	-0.0171428 	1.0511  
536	49    	0.383721 	0.316875	-0.016     	0.987259
537	43    	0.547234 	0.304486	0.0843008  	1.0708  
538	45    	0.484191 	0.327896	0.0667618  	1.0708  
539	46    	0.436705 	0.318847	-0.0133333 	0.986046
540	48    	0.557494 	0.323567	0.116574   	0.986046
541	48    	0.439863 	0.323349	0.0568424  	0.986046
542	48    	0.549185 	0.303942	-0.0133333 	0.991525
543	44    	0.492506 	0.31848 	0.0456721  	0.991525
544	47    	0.426    	0.306986	-0.0177778 	1.11705 
545	39    	0.551493 	0.332493	-0.0166652 	1.11705 
546	47    	0.425028 	0.325266	-0.0181818 	1.11705 
547	46    	0.42806  	0.299391	-0.015     	1.11705 
548	44    	0.499905 	0.352082	-0.0177778 	1.11705 
549	44    	0.481136 	0.34842 	-0.0150001 	1.11705 
550	50    	0.338185 	0.249088	0.0985512  	0.896502
551	45    	0.55155  	0.284403	0.0819582  	0.914667
552	43    	0.51376  	0.291745	-0.015     	0.917125
553	44    	0.592108 	0.283717	-0.018     	0.986202
554	43    	0.512412 	0.32812 	0.0832868  	0.987597
555	44    	0.526983 	0.364004	-0.0177779 	1.1416  
556	44    	0.511622 	0.346631	-0.01      	1.07721 
557	44    	0.546503 	0.335614	0.0750024  	1.07721 
558	48    	0.506032 	0.327392	0.0630558  	1.07775 
559	43    	0.51177  	0.326494	-0.0149999 	1.06199 
560	47    	0.495735 	0.316949	-0.01      	1.07917 
561	47    	0.41991  	0.300882	-0.0175    	1.07775 
562	47    	0.441814 	0.352418	-1         	1.07775 
563	45    	0.471519 	0.414323	-1         	1.07775 
564	44    	0.51873  	0.386169	-1         	1.07775 
565	45    	0.45867  	0.37408 	-1         	1.07775 
566	41    	0.576414 	0.326095	0.0769705  	1.07775 
567	46    	0.477612 	0.328344	0.0774267  	1.07775 
568	46    	0.389767 	0.319005	0.0774267  	1.14149 
569	49    	0.326451 	0.260126	-0.0177778 	1.07356 
570	45    	0.44381  	0.260211	0.102751   	1.07356 
571	45    	0.414172 	0.296391	0.0675526  	1.06993 
572	46    	0.449866 	0.291858	-0.02      	1.06993 
573	48    	0.458362 	0.260804	0.108744   	0.914726
574	49    	0.499696 	0.287326	0.0826226  	0.914776
575	48    	0.522717 	0.297468	0.0671247  	0.988263
576	49    	0.468718 	0.298938	0.113378   	0.969213
577	48    	0.461562 	0.289873	-0.0175    	0.969213
578	46    	0.4896   	0.297753	-0.0177778 	0.969213
579	47    	0.504605 	0.307703	-0.01      	0.969213
580	47    	0.415888 	0.324334	-0.0175    	0.979521
581	45    	0.448544 	0.339956	-0.018     	0.976084
582	46    	0.395708 	0.334531	-0.0175    	0.984286
583	47    	0.522895 	0.313934	-0.015     	1.16094 
584	48    	0.469647 	0.319191	-0.0171428 	1.16094 
585	45    	0.507174 	0.306257	-0.0177778 	1.16095 
586	47    	0.471177 	0.339949	-0.0133333 	1.16095 
587	41    	0.538869 	0.374186	-0.02      	1.16095 
588	49    	0.404779 	0.318289	-0.01      	1.16095 
589	45    	0.52026  	0.338373	-0.0171428 	1.16095 
590	45    	0.50959  	0.366934	-0.0133333 	1.16095 
591	45    	0.528426 	0.377465	-0.0171428 	1.16095 
592	47    	0.50378  	0.350807	-0.02      	1.16095 
593	43    	0.552185 	0.352481	0.0463968  	1.16095 
594	42    	0.610049 	0.357847	-0.0159976 	1.16095 
595	50    	0.564126 	0.358229	-0.015     	1.16095 
596	46    	0.549408 	0.366477	0.081752   	1.16095 
597	50    	0.4019   	0.314128	-0.0175    	0.995079
598	43    	0.598231 	0.290593	-0.0166666 	0.995079
599	46    	0.464088 	0.295565	-0.0175    	1.01702 
600	47    	0.469272 	0.268461	0.122153   	0.942172
601	49    	0.468384 	0.273275	-0.018     	0.940988
602	45    	0.499874 	0.307553	0.0878911  	1.16094 
603	43    	0.577092 	0.307005	-0.0175    	1.05714 
604	41    	0.578953 	0.327533	-0.01      	1.05714 
605	46    	0.500351 	0.307465	0.0695737  	1.05714 
606	48    	0.485126 	0.301936	-0.0171428 	1.05714 
607	44    	0.510631 	0.330347	-0.0150002 	1.16094 
608	43    	0.455158 	0.348367	-0.0175    	1.16094 
609	50    	0.410696 	0.324467	-0.0166667 	0.989107
610	46    	0.547896 	0.303163	-0.018     	1.08064 
611	46    	0.487999 	0.303904	0.0982339  	1.06704 
612	48    	0.5283   	0.308068	-0.0166666 	1.06704 
613	48    	0.525621 	0.300432	-0.00671136	1.06964 
614	42    	0.551329 	0.33052 	-0.0171429 	1.06964 
615	47    	0.556014 	0.314217	-0.0133334 	0.982066
616	45    	0.585717 	0.305193	0.0783898  	1.06704 
617	45    	0.570088 	0.296826	0.106718   	0.970775
618	45    	0.54817  	0.299446	0.118791   	1.06441 
619	47    	0.52331  	0.299758	0.0832255  	0.975463
620	46    	0.486898 	0.302461	-0.0166666 	0.986382
621	48    	0.536779 	0.300887	0.0794756  	0.985796
622	47    	0.558804 	0.285925	0.0820824  	1.05146 
623	48    	0.564487 	0.288778	-0.01      	0.986382
624	48    	0.581494 	0.283984	0.112519   	0.986125
625	46    	0.638647 	0.277776	-0.01      	0.981103
626	47    	0.522008 	0.308413	-0.0159893 	1.06845 
627	43    	0.491726 	0.33411 	-0.02      	1.06845 
628	47    	0.424631 	0.318019	-0.016     	1.00886 
629	50    	0.456566 	0.297719	-0.0175    	0.948758
630	47    	0.501466 	0.302746	-0.0171428 	0.947726
631	46    	0.571842 	0.286482	-0.016     	0.94885 
632	44    	0.605286 	0.288963	0.0750518  	1.00049 
633	45    	0.576143 	0.290219	0.0893581  	1.00049 
634	47    	0.505843 	0.36315 	-1         	1.00049 
635	42    	0.658691 	0.26802 	0.0658515  	1.00049 
636	44    	0.577008 	0.287489	0.148639   	1.00468 
637	47    	0.477922 	0.304237	-0.0177778 	1.00049 
638	44    	0.525677 	0.355873	-1         	1.00049 
639	49    	0.532925 	0.281087	0.168114   	1.00408 
640	45    	0.517825 	0.342813	-1         	0.998224
641	48    	0.451628 	0.418641	-1         	1.00425 
642	47    	0.576467 	0.266526	0.116392   	1.05934 
643	49    	0.480339 	0.339368	-1         	1.00425 
644	44    	0.488218 	0.351731	-1         	1.00425 
645	46    	0.522888 	0.376526	-1         	1.00595 
646	47    	0.550637 	0.301862	0.128422   	1.06872 
647	46    	0.526974 	0.356194	-1         	1.00595 
648	49    	0.49888  	0.298382	-0.0171429 	1.07269 
649	47    	0.555672 	0.263475	0.165958   	0.985264
650	47    	0.568902 	0.26454 	0.189934   	1.05516 
651	47    	0.487905 	0.268477	0.0276043  	0.974613
652	45    	0.514721 	0.339091	-1         	0.941267
653	46    	0.487554 	0.346079	-1         	0.937946
654	47    	0.531641 	0.273952	0.0751521  	0.937946
655	45    	0.461528 	0.345561	-1         	0.934551
656	48    	0.49253  	0.285036	0.0659255  	0.980175
657	44    	0.507399 	0.420636	-1         	1.00133 
658	45    	0.546905 	0.27687 	0.176692   	1.00133 
659	47    	0.513137 	0.279914	0.0622372  	1.00133 
660	44    	0.520621 	0.277545	-0.02      	0.997761
661	45    	0.499314 	0.473118	-1         	0.997761
662	45    	0.56574  	0.278582	0.198684   	1.04018 
663	45    	0.521025 	0.372685	-1         	1.05297 
664	46    	0.445341 	0.368183	-1         	1.06594 
665	46    	0.543901 	0.314879	-0.018     	1.05297 
666	44    	0.525564 	0.294896	0.111243   	1.00311 
667	45    	0.574704 	0.287592	0.166028   	1.00311 
668	44    	0.612987 	0.275289	0.193685   	1.07002 
669	47    	0.571379 	0.305154	0.116756   	1.07333 
670	48    	0.524605 	0.279347	0.12575    	0.999856
671	48    	0.440884 	0.250969	0.113049   	1.01486 
672	48    	0.42388  	0.258034	-0.02      	1.06594 
673	47    	0.523588 	0.283298	0.14595    	1.00542 
674	45    	0.52871  	0.298187	0.18197    	1.00542 
675	41    	0.583385 	0.313186	0.146268   	1.06522 
676	46    	0.537778 	0.3614  	-1         	1.06522 
677	42    	0.546722 	0.383314	-1         	1.07189 
678	46    	0.477157 	0.355276	-1         	1.06522 
679	48    	0.610152 	0.267715	0.0759302  	1.07189 
680	43    	0.579624 	0.288534	0.182348   	1.07189 
681	46    	0.491323 	0.376379	-1         	1.06492 
682	45    	0.599243 	0.303291	0.130797   	1.06492 
683	50    	0.548624 	0.361053	-1         	1.00425 
684	44    	0.614833 	0.28018 	0.0947489  	1.06445 
685	49    	0.476844 	0.389084	-1         	0.995082
686	47    	0.530519 	0.35066 	-1         	0.998937
687	48    	0.58005  	0.333032	-1         	0.998937
688	44    	0.607433 	0.28847 	-0.018     	1.05635 
689	46    	0.50702  	0.34975 	-1         	1.05635 
690	47    	0.524937 	0.299873	-0.0171414 	1.05635 
691	46    	0.570441 	0.281779	0.184694   	1.05635 
692	46    	0.510823 	0.28095 	0.130701   	1.00367 
693	48    	0.541448 	0.304597	0.139225   	1.00367 
694	42    	0.618513 	0.307183	-0.015     	1.05796 
695	48    	0.525927 	0.285683	0.125925   	1.05796 
696	44    	0.573859 	0.297963	-0.0181818 	1.06207 
697	47    	0.560204 	0.276824	0.121356   	1.06207 
698	47    	0.62229  	0.368344	-1         	1.21426 
699	47    	0.485279 	0.279864	0.0748605  	1.06207 
700	45    	0.490431 	0.374369	-1         	1.06207 
701	46    	0.52798  	0.436732	-1         	1.06207 
702	47    	0.490323 	0.382288	-1         	1.06207 
703	47    	0.557907 	0.332396	-0.0133333 	1.12166 
704	46    	0.535425 	0.38968 	-1         	1.12166 
705	46    	0.502632 	0.388634	-1         	1.07303 
706	49    	0.52679  	0.316792	-0.0166666 	1.14447 
707	47    	0.513161 	0.344782	-0.0175    	1.14447 
708	45    	0.507438 	0.335896	0.0923279  	1.12939 
709	46    	0.550794 	0.347468	0.0900254  	1.09282 
710	47    	0.507097 	0.319117	-0.0177778 	1.09282 
711	48    	0.476313 	0.402942	-1         	1.06671 
712	46    	0.47969  	0.325413	0.0742233  	1.06671 
713	47    	0.485288 	0.314087	-0.0171428 	1.06671 
714	40    	0.556421 	0.319817	0.057615   	1.0575  
715	47    	0.438457 	0.312331	-0.018     	1.06158 
716	46    	0.462832 	0.326415	0.0965042  	1.06158 
717	47    	0.463956 	0.34151 	-0.0166667 	1.12939 
718	47    	0.502999 	0.406266	-1         	1.12939 
719	47    	0.540333 	0.334325	0.105078   	1.06813 
720	47    	0.524164 	0.336381	0.125993   	1.12286 
721	47    	0.464929 	0.349995	-0.0166667 	1.12286 
722	43    	0.526414 	0.309271	-0.02      	1.04023 
723	48    	0.525876 	0.329584	-0.0179769 	1.04576 
724	46    	0.439859 	0.315244	-0.0174999 	1.04023 
725	46    	0.51225  	0.307418	-0.0171413 	1.0473  
726	49    	0.457312 	0.303022	0.0704056  	1.04828 
727	42    	0.579644 	0.319593	0.099253   	1.1681  
728	43    	0.522966 	0.392272	-1         	1.1681  
729	48    	0.505037 	0.374172	-1         	1.1681  
730	45    	0.580221 	0.402928	-1         	1.1681  
731	45    	0.491266 	0.389764	-1         	1.1681  
732	48    	0.505585 	0.436932	-1         	1.1681  
733	45    	0.556323 	0.281357	0.119832   	1.0358  
734	45    	0.519567 	0.278915	0.15436    	1.1161  
735	41    	0.550128 	0.3079  	0.13133    	1.03683 
736	49    	0.522589 	0.309697	-0.0171428 	1.0536  
737	45    	0.505648 	0.29844 	0.0593717  	1.03683 
738	45    	0.58789  	0.294048	0.0854426  	1.1107  
739	47    	0.496546 	0.344808	-0.0166667 	1.11619 
740	48    	0.559405 	0.454462	-1         	1.11867 
741	48    	0.55281  	0.393857	-1         	1.11745 
742	49    	0.557672 	0.305158	0.136251   	1.11619 
743	46    	0.580592 	0.382541	-1         	1.11619 
744	47    	0.617516 	0.43917 	-1         	1.1183  
745	49    	0.544202 	0.384042	-1         	1.05373 
746	48    	0.517628 	0.368319	-1         	1.05373 
747	42    	0.603977 	0.309945	-0.0175    	1.05373 
748	46    	0.537354 	0.382304	-1         	1.18212 
749	43    	0.558431 	0.356591	-0.0166667 	1.11263 
750	45    	0.545538 	0.400505	-1         	1.18212 
751	45    	0.546211 	0.342778	0.101343   	1.12485 
752	46    	0.562771 	0.356978	-0.0166665 	1.19144 
753	47    	0.520914 	0.397161	-1         	1.11331 
754	47    	0.591091 	0.392563	-1         	1.11331 
755	46    	0.460621 	0.316663	0.150381   	1.11331 
756	47    	0.501981 	0.348515	-0.016     	1.11331 
757	46    	0.611542 	0.346858	0.116981   	1.11331 
758	43    	0.594026 	0.333983	0.0928702  	1.11331 
759	44    	0.554478 	0.34431 	0.156122   	1.11331 
760	48    	0.583417 	0.355335	-0.018     	1.11331 
761	46    	0.505376 	0.332879	-0.0133333 	1.10856 
762	45    	0.53812  	0.316476	0.17436    	1.11463 
763	45    	0.49466  	0.304955	0.0592587  	1.11331 
764	46    	0.519314 	0.314268	0.160276   	1.1211  
765	48    	0.481407 	0.303818	0.142664   	1.1211  
766	44    	0.572572 	0.306736	0.215224   	1.1211  
767	43    	0.559562 	0.316982	0.164592   	1.1211  
768	47    	0.578501 	0.301529	0.167761   	1.1211  
769	49    	0.463942 	0.308811	-0.0181818 	1.05122 
770	47    	0.554117 	0.317089	-0.0174854 	1.1211  
771	49    	0.439467 	0.256578	-0.0150002 	1.1211  
772	43    	0.51531  	0.35647 	-1         	1.1211  
773	48    	0.478972 	0.270787	-0.0166667 	0.987824
774	49    	0.43258  	0.232689	0.0832568  	0.987824
775	46    	0.51723  	0.322105	-1         	0.980945
776	47    	0.517521 	0.272386	-0.0183333 	1.04757 
777	46    	0.475872 	0.28722 	-0.0175    	1.00118 
778	48    	0.452349 	0.267494	-0.015     	1.00118 
779	47    	0.502387 	0.257838	0.11618    	1.00118 
780	45    	0.563961 	0.288076	0.0852205  	1.06131 
781	47    	0.548249 	0.31063 	-0.02      	1.06131 
782	49    	0.509573 	0.31479 	-0.0133333 	1.03532 
783	43    	0.552652 	0.315198	-0.016     	1.05814 
784	45    	0.516444 	0.320256	0.0726082  	1.05814 
785	47    	0.48173  	0.303926	-0.015     	1.05552 
786	49    	0.500903 	0.285018	0.117744   	1.04441 
787	48    	0.464428 	0.272091	-0.0171429 	0.990299
788	48    	0.559163 	0.25815 	-0.018     	0.985   
789	48    	0.462443 	0.243174	0.126676   	0.924762
790	44    	0.607262 	0.237886	-0.0150003 	0.990679
791	45    	0.452723 	0.411381	-1         	0.990679
792	48    	0.468546 	0.254812	0.161998   	0.990679
793	45    	0.519387 	0.257151	0.176081   	0.993885
794	43    	0.524635 	0.34082 	-1         	0.990679
795	45    	0.520982 	0.348167	-1         	0.991471
796	50    	0.507835 	0.350595	-1         	1.0514  
797	45    	0.50366  	0.350622	-1         	1.02977 
798	47    	0.525711 	0.272811	0.157959   	1.02977 
799	46    	0.476698 	0.285096	0.107991   	1.02977 
800	47    	0.432097 	0.551034	-1         	1.07069 
801	47    	0.450884 	0.400461	-1         	1.07069 
802	48    	0.516643 	0.275963	-0.0171429 	1.07069 
803	41    	0.547942 	0.28786 	0.0487569  	1.07069 
804	45    	0.479537 	0.479465	-1         	1.07069 
805	47    	0.522419 	0.413235	-1         	1.10839 
806	44    	0.525546 	0.329886	-0.016     	1.10637 
807	49    	0.354006 	0.48842 	-1         	1.07069 
808	42    	0.550829 	0.381009	-1         	1.07069 
809	47    	0.393771 	0.38521 	-1         	1.04294 
810	46    	0.583098 	0.256535	0.21727    	1.05217 
811	41    	0.559687 	0.431851	-1         	1.05217 
812	43    	0.57108  	0.362054	-1         	1.05217 
813	47    	0.413891 	0.504287	-1         	1.08629 
814	45    	0.471275 	0.51355 	-1         	1.08629 
815	46    	0.485795 	0.404474	-1         	1.08629 
816	48    	0.418421 	0.484262	-1         	1.05217 
817	45    	0.443884 	0.389853	-1         	1.05217 
818	50    	0.347065 	0.399674	-1         	0.93192 
819	48    	0.446619 	0.362922	-1         	0.873633
820	48    	0.44421  	0.285776	-1         	0.844652
821	44    	0.450597 	0.358428	-1         	1.00766 
822	44    	0.456426 	0.30639 	-1         	1.00766 
823	46    	0.489    	0.306314	-1         	0.952211
824	47    	0.438603 	0.372095	-1         	1.00384 
825	45    	0.36125  	0.520975	-1         	1.04733 
826	43    	0.388231 	0.491378	-1         	1.0066  
827	46    	0.476239 	0.445366	-1         	1.0066  
828	42    	0.5705   	0.422009	-1         	1.05018 
829	47    	0.347125 	0.488579	-1         	1.10744 
830	43    	0.560503 	0.37808 	-1         	1.09576 
831	47    	0.616734 	0.318492	0.123817   	1.11769 
832	48    	0.486756 	0.422544	-1         	1.11769 
833	43    	0.591074 	0.405834	-1         	1.11769 
834	48    	0.615493 	0.322511	-0.016     	1.11769 
835	46    	0.517164 	0.313167	-0.01      	1.11769 
836	46    	0.470607 	0.472619	-1         	1.05906 
837	47    	0.564008 	0.315288	-0.0175    	1.10895 
838	48    	0.640852 	0.307322	-0.0171429 	1.11016 
839	46    	0.623205 	0.339744	0.157121   	1.10895 
840	46    	0.617314 	0.353397	-0.0177778 	1.11675 
841	47    	0.532768 	0.367148	-0.018     	1.11675 
842	47    	0.457498 	0.405532	-1         	1.11665 
843	47    	0.489376 	0.304955	-0.02      	1.11244 
844	48    	0.507764 	0.312882	-0.0133332 	1.12037 
845	47    	0.5568   	0.30523 	-0.016     	1.0561  
846	49    	0.536204 	0.427933	-1         	1.11725 
847	47    	0.462749 	0.374028	-1         	1.11725 
848	46    	0.44924  	0.422547	-1         	1.05861 
849	44    	0.517982 	0.379249	-1         	1.05861 
850	45    	0.593418 	0.367046	-1         	1.05861 
851	45    	0.489775 	0.421584	-1         	1.05861 
852	45    	0.48698  	0.362142	-0.0175    	1.05861 
853	45    	0.559636 	0.353302	-0.0171415 	1.12635 
854	45    	0.561259 	0.349361	0.177448   	1.12635 
855	42    	0.583144 	0.345552	0.199193   	1.12635 
856	44    	0.50645  	0.472226	-1         	1.12635 
857	43    	0.545564 	0.422995	-1         	1.12635 
858	43    	0.41394  	0.36346 	-1         	1.12635 
859	47    	0.416622 	0.340758	-1         	1.12635 
860	42    	0.508582 	0.283605	0.192751   	1.12635 
861	48    	0.40876  	0.339213	-1         	1.12635 
862	47    	0.47593  	0.283114	0.0646161  	1.12635 
863	45    	0.497898 	0.255018	0.188513   	1.12635 
864	48    	0.47869  	0.344574	-1         	1.12635 
865	46    	0.626514 	0.263447	-0.01      	1.05459 
866	47    	0.573212 	0.364246	-1         	1.19189 
867	44    	0.619627 	0.384532	-1         	1.05804 
868	46    	0.554106 	0.312322	0.053011   	1.05804 
869	46    	0.495941 	0.438566	-1         	1.05804 
870	46    	0.642728 	0.333278	0.171979   	1.13328 
871	45    	0.63649  	0.346198	0.0584002  	1.13328 
872	46    	0.50959  	0.352858	0.0624497  	1.13328 
873	48    	0.500247 	0.358525	-0.0174999 	1.13709 
874	49    	0.38727  	0.327733	-0.016     	1.13709 
875	46    	0.498433 	0.343289	0.0804227  	1.13939 
876	44    	0.565227 	0.387467	-0.015     	1.13939 
877	47    	0.455598 	0.360392	0.0900884  	1.14924 
878	47    	0.559686 	0.370066	-0.015     	1.14084 
879	46    	0.49441  	0.350498	-0.0166667 	1.13328 
880	48    	0.51572  	0.343318	-0.0159966 	1.07915 
881	48    	0.456967 	0.31849 	0.0533999  	1.07915 
882	41    	0.535976 	0.329797	0.138527   	1.13939 
883	47    	0.56226  	0.361266	0.0829149  	1.07915 
884	44    	0.538124 	0.365908	-0.0166667 	1.13489 
885	49    	0.450772 	0.335312	-0.0175    	1.07915 
886	41    	0.570869 	0.322854	0.155005   	1.01813 
887	48    	0.432428 	0.272885	0.127651   	1.01813 
888	47    	0.529313 	0.314447	-0.0175001 	1.07433 
889	45    	0.502926 	0.316192	0.0474361  	1.07433 
890	46    	0.412244 	0.296371	-0.00506809	1.07433 
891	45    	0.434077 	0.2951  	-0.0150001 	1.07433 
892	44    	0.406387 	0.278855	-0.017143  	1.07433 
893	45    	0.464193 	0.319539	-0.0174954 	1.07433 
894	47    	0.444542 	0.33068 	-0.0177778 	1.07433 
895	47    	0.425403 	0.307093	0.114168   	1.07433 
896	48    	0.457276 	0.294461	-0.0181818 	1.01072 
897	46    	0.46996  	0.291539	0.106323   	1.06934 
898	46    	0.467605 	0.313703	-0.0160001 	1.01283 
899	46    	0.497044 	0.335934	0.106408   	1.14553 
900	48    	0.510452 	0.324096	-0.0175    	1.14553 
901	45    	0.43806  	0.309185	-0.015     	1.14553 
902	46    	0.457097 	0.301069	-0.0171429 	1.14553 
903	45    	0.418685 	0.292619	-0.0166666 	0.997482
904	47    	0.582082 	0.275854	0.159764   	1.07872 
905	49    	0.336116 	0.228858	-0.0133333 	1.05481 
906	48    	0.374248 	0.327772	-1         	1.07754 
907	46    	0.470606 	0.300688	-0.0160001 	1.07754 
908	45    	0.465019 	0.306083	-0.0175    	1.07754 
909	47    	0.537173 	0.286263	-0.0175    	1.07754 
910	48    	0.50641  	0.296836	-0.016     	1.07754 
911	46    	0.542776 	0.374739	-1         	1.07754 
912	48    	0.509971 	0.40058 	-1         	1.07901 
913	42    	0.558243 	0.350074	-0.018     	1.09537 
914	48    	0.503269 	0.328835	0.103747   	1.14478 
915	47    	0.453069 	0.303489	-0.0159976 	1.14478 
916	48    	0.461902 	0.324811	-0.0171428 	1.14478 
917	43    	0.520255 	0.317546	0.0740773  	1.14905 
918	47    	0.426975 	0.297291	-0.01      	1.08078 
919	47    	0.458242 	0.308439	0.0741898  	1.08078 
920	45    	0.480034 	0.348244	-0.015     	1.09881 
921	47    	0.45226  	0.313042	-0.0177778 	1.09881 
922	44    	0.486429 	0.306264	0.0987535  	1.10409 
923	41    	0.461544 	0.337267	-0.0181818 	1.10409 
924	46    	0.512082 	0.310608	0.142692   	1.10409 
925	48    	0.352285 	0.379063	-1         	1.10409 
926	44    	0.482272 	0.328896	0.0676809  	1.10409 
927	47    	0.490612 	0.345747	-0.02      	1.09892 
928	42    	0.480173 	0.352603	0.095776   	1.09892 
929	44    	0.412645 	0.343447	0.0840609  	1.09892 
930	39    	0.543378 	0.405599	-1         	1.09892 
931	47    	0.397668 	0.311199	-0.02      	1.09892 
932	42    	0.485623 	0.332833	0.0837708  	1.10409 
933	45    	0.411841 	0.317377	-0.0150003 	1.10409 
934	47    	0.407177 	0.311805	-0.0225    	1.09892 
935	44    	0.451177 	0.329437	-0.0166667 	1.09892 
936	47    	0.458547 	0.321946	-0.015     	1.09892 
937	49    	0.400187 	0.310055	-0.0171428 	1.00337 
938	48    	0.397553 	0.395336	-1         	0.937721
939	48    	0.424382 	0.350592	-1         	0.999148
940	43    	0.483552 	0.306954	-0.0177778 	1.01478 
941	46    	0.43204  	0.273903	0.0617573  	0.999148
942	45    	0.416572 	0.266888	-0.0166667 	0.929154
943	43    	0.461427 	0.266781	-0.0175    	0.929154
944	45    	0.488037 	0.268337	0.134339   	0.978918
945	48    	0.488657 	0.283544	0.0890023  	0.983612
946	49    	0.362549 	0.368203	-1         	0.983612
947	47    	0.405071 	0.274231	-0.0177778 	0.931405
948	46    	0.444365 	0.256423	-0.0150001 	0.935445
949	47    	0.402722 	0.389358	-1         	0.998748
950	49    	0.371071 	0.306615	-1         	0.86157 
951	48    	0.459233 	0.243211	-0.0175    	0.918591
952	47    	0.426336 	0.310815	-1         	0.916724
953	48    	0.457451 	0.245248	-0.02      	0.916724
954	47    	0.488585 	0.224791	0.156333   	0.916724
955	46    	0.397142 	0.309527	-1         	0.916724
956	44    	0.540884 	0.252934	0.143389   	0.920072
957	45    	0.461878 	0.262754	0.117386   	0.920072
958	46    	0.484377 	0.279102	0.113933   	0.926468
959	46    	0.516435 	0.291361	-0.0133333 	1.00953 
960	49    	0.501527 	0.269424	-0.016     	1.00953 
961	44    	0.487171 	0.276682	-0.0174999 	1.06015 
962	45    	0.52176  	0.249115	0.172117   	1.06081 
963	47    	0.38629  	0.215802	0.0996086  	1.00953 
964	47    	0.475001 	0.232142	0.15728    	1.00953 
965	47    	0.525996 	0.276998	-0.02      	1.00953 
966	43    	0.461449 	0.297402	-0.015     	1.00953 
967	46    	0.50443  	0.277309	-0.0166667 	1.00953 
968	48    	0.463414 	0.252198	-0.0177778 	1.00953 
969	48    	0.444293 	0.342786	-1         	1.03984 
970	44    	0.493468 	0.241431	0.157274   	1.00953 
971	40    	0.536966 	0.294846	0.0811643  	1.06081 
972	47    	0.387957 	0.327625	-1         	1.10413 
973	44    	0.415049 	0.222794	-0.0166667 	1.00953 
974	40    	0.498559 	0.267265	0.168421   	1.00953 
975	48    	0.491881 	0.275316	0.159      	1.00953 
976	44    	0.51437  	0.27875 	0.123676   	1.00953 
977	47    	0.450608 	0.246078	0.094291   	1.00953 
978	48    	0.38735  	0.252693	-0.0177778 	0.94089 
979	39    	0.546504 	0.240742	0.119806   	0.94089 
980	46    	0.497214 	0.235266	0.171677   	0.94089 
981	46    	0.444848 	0.255163	-0.0171413 	0.97117 
982	47    	0.452608 	0.277148	-0.015     	1.04741 
983	46    	0.421779 	0.256927	0.103079   	1.04741 
984	46    	0.423437 	0.332305	-1         	1.04741 
985	44    	0.547554 	0.321676	-0.0171428 	1.04741 
986	46    	0.482569 	0.287982	-0.02      	1.00286 
987	46    	0.519066 	0.27518 	0.138945   	0.968146
988	43    	0.509498 	0.29509 	0.107788   	0.968146
989	45    	0.444241 	0.314262	-0.0171427 	1.02421 
990	44    	0.570955 	0.305269	0.158131   	1.11095 
991	46    	0.506269 	0.292219	0.151611   	1.02421 
992	47    	0.457279 	0.293925	-0.0166666 	1.02421 
993	47    	0.450368 	0.277129	-0.02      	1.02421 
994	45    	0.527629 	0.27125 	-0.0166667 	1.00365 
995	44    	0.578318 	0.324877	-0.016     	1.12134 
996	47    	0.458644 	0.294366	0.132412   	1.12134 
997	47    	0.514866 	0.289499	-0.0159977 	1.0464  
998	47    	0.568437 	0.299523	0.130953   	1.05738 
999	46    	0.519521 	0.337975	0.112335   	1.05738 
1000	45    	0.459043 	0.335929	-0.018     	1.05738 