Argument values: path=C:\Users\1625203\Downloads\Framsticks50rc22\Framsticks50rc22, lib=None, sim=eval-allcriteria.sim;deterministic.sim;sample-period-2.sim;f9-mut-010.sim, genformat=None, initialgenotype=/*9*/BLU, opt=vertpos, popsize=50, generations=1000, tournament=10, pmut=0.9, pxov=0.2, hof_size=1, hof_savefile=None, max_numparts=30, max_numjoints=None, max_numneurons=None, max_numconnections=None, max_numgenochars=50
Using Framsticks version: 5.0rc22
Home (writable) dir     : C:\Users\1625203\Downloads\Framsticks50rc22\Framsticks50rc22\data
Resources dir           : C:\Users\1625203\Downloads\Framsticks50rc22\Framsticks50rc22\data

Available objects: ['CheckpointEvent', 'Collision', 'CrCollision', 'Creature', 'CreatureSettings', 'CreatureSignals', 'CreatureSnapshot', 'Dictionary', 'ExpProperties', 'ExpState', 'ExtValue', 'File', 'FunctionReference', 'GenMan', 'GenManStats', 'GenePool', 'GenePools', 'Geno', 'Genotype', 'Interface', 'Joint', 'Loader', 'Math', 'MechJoint', 'MechPart', 'MessageCatcher', 'Model', 'ModelGeometry', 'ModelSymmetry', 'Neuro', 'NeuroClass', 'NeuroClassLibrary', 'NeuroDef', 'NeuroSignals', 'NeuronsSimEnabled', 'ODE', 'Orient', 'Part', 'Population', 'Populations', 'Ref', 'Signal', 'SignalView', 'SimilMeasure', 'SimilMeasureDistribution', 'SimilMeasureGreedy', 'SimilMeasureHungarian', 'Simulator', 'SlaveSimulators', 'StopEvent', 'String', 'UserScripts', 'Vector', 'WireframeAppearance', 'World', 'WorldMap', 'WorldSignals', 'XYZ', '__builtins__', '__cached__', '__doc__', '__file__', '__loader__', '__name__', '__package__', '__spec__', 'c_api', 'ctypes', 'home_dir', 'init', 'os', 're', 'res_dir', 'sim_params', 'stats', 'sys']

Performing a basic test 1/2... OK.
Performing a basic test 2/2... OK.
Using settings: ['eval-allcriteria.sim', 'deterministic.sim', 'sample-period-2.sim', 'f9-mut-010.sim']
gen	nevals	avg     	stddev	min     	max     
0  	50    	0.218369	0     	0.218369	0.218369
1  	46    	0.0704851	0.111341	-0.0159999	0.356517
2  	48    	0.109792 	0.135895	-0.02     	0.414587
3  	46    	0.143872 	0.148204	-0.0171428	0.515856
4  	45    	0.235987 	0.124921	-0.0166667	0.515749
5  	47    	0.180735 	0.150252	-0.02     	0.49649 
6  	48    	0.261991 	0.146847	-0.02     	0.706419
7  	46    	0.321347 	0.173456	-0.0174999	0.706419
8  	47    	0.324534 	0.207857	-0.02     	0.706419
9  	45    	0.375307 	0.23625 	-0.0200001	0.706419
10 	48    	0.286629 	0.215133	-0.0166667	0.706419
11 	46    	0.309128 	0.260698	-0.02     	0.830908
12 	44    	0.343681 	0.256607	-0.02     	0.830908
13 	44    	0.361585 	0.253836	-0.02     	0.73105 
14 	44    	0.338301 	0.249622	-0.0171428	0.73105 
15 	47    	0.297823 	0.262801	-0.0175   	0.73105 
16 	47    	0.334452 	0.261287	-0.0174999	0.830908
17 	48    	0.252744 	0.209983	-0.0171429	0.790588
18 	45    	0.316094 	0.248955	-0.02     	0.790588
19 	45    	0.351681 	0.209138	-0.0175   	0.725831
20 	46    	0.326492 	0.241384	-0.0175   	0.731304
21 	47    	0.324084 	0.234332	-0.0175   	0.731304
22 	44    	0.336793 	0.25784 	-0.0175   	0.731304
23 	41    	0.366608 	0.26133 	-0.0175   	0.731304
24 	45    	0.322098 	0.244902	-0.0175   	0.731304
25 	45    	0.316788 	0.236061	-0.0200001	0.731304
26 	48    	0.313581 	0.234259	-0.0175   	0.731304
27 	46    	0.3235   	0.234109	-0.02     	0.706107
28 	42    	0.353038 	0.238692	-0.0174985	0.706515
29 	46    	0.340524 	0.242366	-0.0171429	0.706515
30 	47    	0.333709 	0.241243	-0.02     	0.706515
31 	45    	0.314304 	0.236102	-0.0171429	0.706515
32 	45    	0.311917 	0.228535	-0.02     	0.706515
33 	48    	0.326074 	0.26376 	-0.02     	0.70647 
34 	47    	0.318564 	0.234184	-0.0171428	0.706107
35 	44    	0.279732 	0.256934	-0.0177778	0.706107
36 	44    	0.408405 	0.242787	-0.0171429	0.706107
37 	48    	0.250844 	0.230683	-0.0175   	0.725831
38 	47    	0.34729  	0.245662	-0.0166667	0.79999 
39 	44    	0.310844 	0.248179	-0.02     	0.79999 
40 	47    	0.291653 	0.232575	-0.02     	0.706539
41 	44    	0.328229 	0.248963	-0.02     	0.725741
42 	46    	0.352297 	0.22803 	-0.0171429	0.730832
43 	50    	0.296539 	0.243499	-0.0171429	0.730832
44 	47    	0.334799 	0.257305	-0.02     	0.730832
45 	46    	0.340491 	0.233449	-0.0175   	0.730832
46 	49    	0.296231 	0.231651	-0.0175   	0.730832
47 	43    	0.325382 	0.255441	-0.0171429	0.730832
48 	45    	0.31862  	0.260719	-0.02     	0.729998
49 	47    	0.390671 	0.224357	-0.02     	0.730155
50 	47    	0.375879 	0.239464	-0.02     	0.810192
51 	45    	0.321499 	0.249608	-0.02     	0.810192
52 	49    	0.309534 	0.223575	-0.02     	0.808747
53 	46    	0.271911 	0.241323	-0.02     	0.808747
54 	47    	0.274144 	0.209244	-0.0171429	0.808747
55 	50    	0.308809 	0.25134 	-0.02     	0.790244
56 	47    	0.267587 	0.196208	-0.0166666	0.693195
57 	46    	0.328376 	0.190778	-0.0166666	0.693234
58 	45    	0.3046   	0.205653	-0.0166667	0.706596
59 	47    	0.296363 	0.232796	-0.02     	0.706596
60 	43    	0.285166 	0.217398	-0.0166667	0.706596
61 	47    	0.288872 	0.224579	-0.02     	0.706596
62 	43    	0.368298 	0.270029	-0.0199999	0.706596
63 	44    	0.348087 	0.251538	-0.02     	0.706596
64 	49    	0.27932  	0.198523	-0.0166667	0.706515
65 	46    	0.329836 	0.240033	-0.0171428	0.706596
66 	45    	0.325805 	0.219263	-0.0166667	0.706596
67 	43    	0.339989 	0.229321	-0.0175001	0.706596
68 	46    	0.340017 	0.246043	-0.02     	0.706596
69 	47    	0.344264 	0.236233	-0.0171429	0.706596
70 	49    	0.320714 	0.232635	-0.018    	0.706515
71 	49    	0.284529 	0.242441	-0.0171428	0.726645
72 	47    	0.30476  	0.252476	-0.0171428	0.726645
73 	42    	0.382574 	0.245456	-0.0171429	0.726645
74 	48    	0.282225 	0.225808	-0.0175   	0.706596
75 	48    	0.335391 	0.231633	-0.0171429	0.726645
76 	46    	0.329561 	0.25189 	-0.0175001	0.73019 
77 	46    	0.301663 	0.234649	-0.02     	0.70665 
78 	46    	0.33467  	0.21442 	-0.0175   	0.706515
79 	47    	0.306269 	0.216668	-0.02     	0.706596
80 	47    	0.321846 	0.232386	-0.0171429	0.73119 
81 	46    	0.288276 	0.219228	-0.02     	0.73119 
82 	46    	0.2876   	0.222833	-0.0177779	0.705972
83 	45    	0.32043  	0.21396 	-0.0166667	0.706596
84 	44    	0.341969 	0.22984 	-0.02     	0.70633 
85 	46    	0.321494 	0.24617 	-0.0184616	0.70635 
86 	44    	0.343996 	0.257847	-0.0171429	0.79999 
87 	48    	0.333907 	0.237949	-0.0175   	0.79999 
88 	47    	0.28943  	0.20505 	-0.0171429	0.730613
89 	46    	0.33743  	0.252759	-0.02     	0.706596
90 	40    	0.399671 	0.259925	-0.0175   	0.850379
91 	47    	0.372324 	0.231569	-0.01     	0.850379
92 	46    	0.38349  	0.224197	-0.0149999	0.850379
93 	48    	0.316989 	0.214111	-0.018    	0.850379
94 	46    	0.316837 	0.236024	-0.0171429	0.849058
95 	45    	0.385133 	0.240231	-0.0171429	0.849058
96 	45    	0.366013 	0.224467	-0.02     	0.772705
97 	47    	0.330518 	0.221099	-0.02     	0.772705
98 	46    	0.323675 	0.200655	-0.0166594	0.849058
99 	48    	0.317752 	0.199819	-0.02     	0.772705
100	48    	0.382921 	0.206768	-0.015    	0.729998
101	46    	0.376291 	0.227473	-0.02     	0.729998
102	41    	0.383847 	0.253121	-0.0199999	0.729998
103	47    	0.337293 	0.23887 	-0.02     	0.731322
104	44    	0.367201 	0.24755 	-0.0200001	0.729998
105	47    	0.297152 	0.233819	-0.0171428	0.729998
106	47    	0.347732 	0.213348	-0.0171427	0.729998
107	44    	0.361176 	0.217772	-0.02     	0.729998
108	43    	0.374502 	0.221442	-0.02     	0.731142
109	44    	0.348699 	0.233962	-0.0171428	0.736027
110	44    	0.341168 	0.236859	-0.02     	0.736027
111	47    	0.35305  	0.234361	-0.02     	0.736087
112	45    	0.401185 	0.214284	-0.0175   	0.736087
113	42    	0.409777 	0.220827	-0.0166668	0.736087
114	47    	0.331149 	0.227968	-0.0175   	0.736087
115	48    	0.336112 	0.232954	-0.0171428	0.872287
116	49    	0.372302 	0.244634	-0.0175   	0.764848
117	49    	0.381407 	0.228094	-0.0175   	0.760718
118	46    	0.390177 	0.192066	-0.0175   	0.731196
119	46    	0.396169 	0.220462	-0.0166666	0.736027
120	44    	0.424297 	0.232328	-0.02     	0.736027
121	47    	0.358068 	0.231525	-0.0166668	0.736027
122	45    	0.403115 	0.244271	-0.0175   	0.83112 
123	45    	0.302561 	0.270316	-0.0181818	0.83112 
124	49    	0.358204 	0.23497 	-0.0171427	0.832784
125	48    	0.265607 	0.231096	-0.0171429	0.832784
126	44    	0.376101 	0.235967	-0.0177777	0.832784
127	45    	0.335106 	0.258287	-0.02     	0.832784
128	50    	0.221852 	0.209858	-0.0200001	0.832784
129	44    	0.367072 	0.221673	-0.017143 	0.832784
130	44    	0.346374 	0.274381	-0.018    	0.832784
131	45    	0.344334 	0.280385	-0.0177778	0.832784
132	45    	0.412398 	0.266205	-0.0166667	0.800184
133	47    	0.442515 	0.256691	-0.016    	0.832784
134	46    	0.362411 	0.281523	-0.018    	0.835494
135	42    	0.372618 	0.295989	-0.0175001	0.835494
136	48    	0.369824 	0.290537	-0.02     	0.817772
137	46    	0.344136 	0.244915	-0.02     	0.817772
138	41    	0.423011 	0.259049	-0.0175   	0.835494
139	46    	0.408538 	0.26618 	-0.0175   	0.817772
140	46    	0.360192 	0.292653	-0.02     	0.834751
141	42    	0.391199 	0.285896	-0.02     	0.834751
142	47    	0.379114 	0.272906	-0.02     	0.834751
143	47    	0.358185 	0.247721	-0.02     	0.898959
144	47    	0.354235 	0.271706	-0.02     	0.898959
145	45    	0.330882 	0.271953	-0.02     	0.898959
146	45    	0.326294 	0.267597	-0.02     	0.834751
147	48    	0.353202 	0.222799	-0.0174999	0.736087
148	48    	0.39251  	0.218886	-0.02     	0.78925 
149	46    	0.419161 	0.25558 	-0.0166668	0.895809
150	44    	0.382066 	0.264055	-0.0133333	0.830908
151	43    	0.367102 	0.258113	-0.02     	0.830908
152	45    	0.42824  	0.230408	-0.0166652	0.830908
153	48    	0.231371 	0.217863	-0.0180001	0.830908
154	44    	0.279288 	0.199256	-0.0171427	0.830908
155	46    	0.274203 	0.201885	-0.0160001	0.830908
156	46    	0.300896 	0.228324	-0.0171429	0.72996 
157	45    	0.391605 	0.244358	-0.0166666	0.730078
158	47    	0.345622 	0.234299	-0.02     	0.706431
159	44    	0.374404 	0.230281	-0.0175   	0.706426
160	45    	0.306712 	0.205081	-0.0166668	0.706426
161	50    	0.293278 	0.196413	-0.0177778	0.702954
162	43    	0.31939  	0.197894	-0.0175001	0.698682
163	50    	0.376408 	0.21402 	-0.0175   	0.73105 
164	46    	0.318969 	0.252573	-0.0174999	0.73105 
165	47    	0.293658 	0.258666	-0.02     	0.73105 
166	48    	0.305246 	0.217111	-0.02     	0.73105 
167	45    	0.340521 	0.205684	-0.0133334	0.70647 
168	47    	0.372492 	0.238158	-0.0200001	0.706539
169	46    	0.36169  	0.243864	-0.02     	0.706637
170	45    	0.37651  	0.231341	-0.02     	0.729998
171	44    	0.328961 	0.248819	-0.0200001	0.729998
172	48    	0.271791 	0.213607	-0.0200001	0.73002 
173	48    	0.310882 	0.257756	-0.02     	0.730832
174	46    	0.36601  	0.238958	-0.0200001	0.730832
175	45    	0.371158 	0.25585 	-0.0171429	0.833353
176	47    	0.335181 	0.240836	-0.0175   	0.730832
177	42    	0.32109  	0.262393	-0.0175   	0.730832
178	45    	0.358523 	0.239776	-0.0166666	0.730832
179	47    	0.337495 	0.286283	-0.02     	0.765653
180	45    	0.307573 	0.24818 	-0.0175   	0.765653
181	46    	0.356942 	0.25706 	-0.0199999	0.876466
182	48    	0.32878  	0.229502	-0.0174999	0.730832
183	47    	0.315974 	0.211546	-0.0175   	0.710251
184	45    	0.357937 	0.217464	-0.0181818	0.702748
185	49    	0.367971 	0.207529	-0.0171429	0.702748
186	44    	0.294895 	0.217279	-0.0171428	0.688358
187	44    	0.346081 	0.201294	0.0725077 	0.683943
188	48    	0.308365 	0.256587	-1        	0.713339
189	48    	0.357024 	0.192511	0.0764862 	0.808774
190	44    	0.394073 	0.207883	0.061323  	0.808774
191	48    	0.31863  	0.192572	-0.016    	0.808774
192	48    	0.352629 	0.159754	0.0743286 	0.808774
193	46    	0.295958 	0.20841 	-0.0166666	0.683431
194	46    	0.390665 	0.204834	-0.0200001	0.749684
195	48    	0.342353 	0.202216	-0.02     	0.749684
196	46    	0.377645 	0.213228	-0.015    	0.849675
197	45    	0.431422 	0.220418	0.0858465 	0.849675
198	42    	0.402593 	0.246589	0.0892364 	0.849675
199	46    	0.370052 	0.233506	0.0825023 	0.834394
200	50    	0.324604 	0.262068	-1        	0.786267
201	45    	0.366381 	0.174265	0.11011   	0.745454
202	43    	0.321933 	0.328481	-1        	0.745454
203	47    	0.2832   	0.351833	-1        	0.714662
204	44    	0.35555  	0.244968	-1        	0.711276
205	44    	0.339743 	0.258856	-1        	0.747925
206	43    	0.473071 	0.1673  	0.193026  	0.75511 
207	47    	0.446933 	0.191698	0.130533  	0.765004
208	46    	0.412709 	0.265025	-1        	0.765004
209	44    	0.488795 	0.200434	0.184489  	0.858952
210	45    	0.462993 	0.222199	-0.01     	0.847578
211	46    	0.392456 	0.192533	0.154887  	0.845211
212	46    	0.40463  	0.281938	-1        	0.912691
213	49    	0.348549 	0.278032	-1        	0.893423
214	49    	0.462834 	0.204554	0.1229    	0.942179
215	46    	0.401549 	0.293416	-1        	0.839676
216	47    	0.423405 	0.289592	-1        	0.831287
217	43    	0.446834 	0.235408	0.153606  	0.883968
218	48    	0.31989  	0.451099	-1        	0.975187
219	45    	0.495219 	0.243728	0.125407  	0.920205
220	47    	0.410979 	0.213216	0.163073  	0.975187
221	50    	0.390018 	0.225999	-0.0166667	0.920205
222	45    	0.317342 	0.400819	-1        	0.920205
223	47    	0.363765 	0.398216	-1        	0.920205
224	45    	0.437641 	0.309544	-1        	0.920205
225	46    	0.421446 	0.372213	-1        	0.920205
226	47    	0.406911 	0.205257	0.161824  	0.920205
227	48    	0.416257 	0.244957	-0.0200001	0.920205
228	42    	0.439176 	0.269331	0.108654  	0.942293
229	45    	0.436197 	0.266388	-0.0133332	0.920205
230	49    	0.420789 	0.238068	0.0235119 	0.931629
231	49    	0.382941 	0.207818	0.124897  	0.920205
232	43    	0.506737 	0.271274	-0.02     	0.920205
233	48    	0.366826 	0.215543	0.14258   	0.849063
234	46    	0.457571 	0.211983	0.163844  	0.933915
235	46    	0.351431 	0.233111	0.0553202 	0.933915
236	46    	0.363301 	0.256546	-0.0171428	0.86817 
237	42    	0.405143 	0.250697	0.0681744 	0.87309 
238	43    	0.378784 	0.241259	0.081364  	0.87309 
239	42    	0.433602 	0.292575	0.0905041 	0.934364
240	48    	0.372767 	0.25762 	-0.0133333	0.872501
241	48    	0.382424 	0.26635 	0.0873351 	0.871721
242	44    	0.437283 	0.279318	0.0439919 	0.939866
243	40    	0.533035 	0.284296	0.0969381 	0.872273
244	42    	0.434124 	0.296598	0.0454802 	0.932249
245	46    	0.414811 	0.28179 	0.0942297 	0.932249
246	47    	0.417917 	0.278109	0.0891378 	0.999631
247	48    	0.349784 	0.258124	-0.0175   	0.919926
248	45    	0.412788 	0.292309	-0.0171429	1.02126 
249	44    	0.342978 	0.289092	-0.0171429	0.919926
250	44    	0.349369 	0.276972	-0.02     	0.919926
251	48    	0.285456 	0.211244	0.0943842 	0.919926
252	45    	0.356409 	0.250218	-0.017778 	0.919926
253	47    	0.338576 	0.249573	-0.02     	0.919926
254	46    	0.403506 	0.285204	-0.0150001	0.999631
255	46    	0.353644 	0.271548	0.110315  	0.999631
256	47    	0.294789 	0.24453 	0.0584362 	0.945501
257	45    	0.290787 	0.239907	0.0482245 	0.945501
258	45    	0.387781 	0.240332	0.0655735 	0.871746
259	49    	0.362517 	0.249532	-0.01     	0.950464
260	46    	0.371089 	0.272876	-0.015    	0.950464
261	43    	0.329443 	0.236002	0.0578256 	0.950464
262	48    	0.298979 	0.197629	-0.0171429	0.86996 
263	45    	0.406055 	0.227749	0.124492  	0.86996 
264	45    	0.345265 	0.243726	0.0381695 	0.86996 
265	48    	0.408652 	0.231882	0.0748215 	0.869597
266	47    	0.353959 	0.224072	-0.0149999	0.7964  
267	49    	0.337278 	0.229715	-0.0133334	0.8605  
268	47    	0.306594 	0.197699	-0.016    	0.8605  
269	46    	0.324759 	0.175295	0.113193  	0.8605  
270	49    	0.339018 	0.184286	0.0863135 	0.811628
271	46    	0.364834 	0.19825 	0.102925  	0.858782
272	45    	0.398479 	0.236726	0.052782  	0.866717
273	45    	0.357032 	0.221283	0.125876  	0.858782
274	44    	0.379303 	0.216446	0.0707375 	0.858782
275	43    	0.417123 	0.21589 	0.163882  	0.909116
276	47    	0.332191 	0.222119	0.108216  	0.909116
277	46    	0.333207 	0.213251	-0.02     	0.909116
278	46    	0.349201 	0.237286	-0.0171429	0.917101
279	47    	0.297178 	0.34009 	-1        	0.943524
280	42    	0.387135 	0.314269	-1        	0.99757 
281	48    	0.316737 	0.166725	0.116917  	0.99757 
282	43    	0.361061 	0.2687  	-1        	0.99757 
283	44    	0.362951 	0.243142	-0.0166667	0.99757 
284	49    	0.301743 	0.193369	0.0580227 	0.93886 
285	44    	0.356692 	0.299353	-1        	0.93886 
286	45    	0.302146 	0.301028	-1        	0.93886 
287	44    	0.379177 	0.313001	-1        	0.93886 
288	47    	0.205241 	0.40544 	-1        	0.93886 
289	45    	0.341566 	0.186865	0.0596847 	0.798745
290	49    	0.373879 	0.164915	0.0491597 	0.720043
291	45    	0.375426 	0.214233	-0.02     	0.859572
292	47    	0.400508 	0.198754	0.0541948 	0.743071
293	45    	0.307912 	0.43347 	-1        	0.743071
294	45    	0.387986 	0.205673	0.110893  	0.743071
295	50    	0.314207 	0.174884	0.0871036 	0.71813 
296	44    	0.425213 	0.171828	0.140736  	0.775189
297	47    	0.364617 	0.182704	0.0541237 	0.776815
298	43    	0.383435 	0.270751	-1        	0.776815
299	47    	0.319318 	0.286892	-1        	0.868414
300	47    	0.369282 	0.253267	-0.016    	0.868414
301	47    	0.376883 	0.242893	-0.0166666	0.868414
302	46    	0.391782 	0.275261	-0.02     	0.951564
303	42    	0.339642 	0.297989	-1        	0.951564
304	46    	0.399716 	0.220695	0.099955  	0.951564
305	49    	0.26174  	0.419311	-1        	0.951564
306	48    	0.179293 	0.504695	-1        	0.951564
307	47    	0.303753 	0.371938	-1        	0.951564
308	45    	0.27871  	0.469977	-1        	0.951564
309	48    	0.345594 	0.339401	-1        	0.951564
310	45    	0.384941 	0.420868	-1        	0.977351
311	41    	0.379785 	0.483005	-1        	0.977351
312	47    	0.265816 	0.42747 	-1        	0.977351
313	49    	0.244096 	0.449712	-1        	0.977351
314	42    	0.238332 	0.539673	-1        	0.977351
315	44    	0.31689  	0.444129	-1        	0.977351
316	46    	0.304375 	0.401105	-1        	1.08551 
317	45    	0.233647 	0.470866	-1        	1.08551 
318	46    	0.314353 	0.523664	-1        	1.08551 
319	47    	0.237764 	0.44376 	-1        	0.813328
320	46    	0.286455 	0.41899 	-1        	0.813328
321	44    	0.116047 	0.617124	-1        	0.814492
322	43    	0.313248 	0.383236	-1        	0.814492
323	47    	0.174571 	0.548616	-1        	0.814492
324	45    	0.109261 	0.581753	-1        	0.814492
325	47    	0.216383 	0.479945	-1        	0.814492
326	47    	0.211132 	0.482911	-1        	0.781947
327	49    	0.267465 	0.447643	-1        	0.722103
328	46    	0.185448 	0.507968	-1        	0.755508
329	47    	0.218965 	0.438413	-1        	0.755508
330	46    	0.293449 	0.305283	-1        	0.727977
331	48    	0.245291 	0.445587	-1        	0.727977
332	49    	0.296722 	0.357332	-1        	0.722306
333	48    	0.228361 	0.476606	-1        	0.708139
334	44    	0.297098 	0.416334	-1        	0.708139
335	44    	0.134156 	0.590989	-1        	0.708139
336	49    	0.196681 	0.496112	-1        	0.693097
337	45    	0.12023  	0.535494	-1        	0.693097
338	46    	0.0914476	0.560324	-1        	0.626046
339	44    	0.240434 	0.429953	-1        	0.662134
340	48    	0.301414 	0.347156	-1        	0.683122
341	43    	0.27013  	0.437609	-1        	0.683122
342	46    	0.159452 	0.522753	-1        	0.683122
343	47    	0.339672 	0.296522	-1        	0.653628
344	48    	0.340361 	0.358918	-1        	0.682642
345	47    	0.125013 	0.574716	-1        	0.626167
346	44    	0.360263 	0.304667	-1        	0.626167
347	43    	0.296437 	0.40688 	-1        	0.664429
348	48    	0.374484 	0.232916	-1        	0.703504
349	47    	0.346779 	0.36192 	-1        	0.703504
350	47    	0.335208 	0.308149	-1        	0.704731
351	48    	0.321078 	0.410652	-1        	0.704731
352	44    	0.260416 	0.441379	-1        	0.704731
353	47    	0.260189 	0.435527	-1        	0.61225 
354	45    	0.293808 	0.44848 	-1        	0.694741
355	44    	0.273323 	0.483742	-1        	0.758997
356	46    	0.345515 	0.361946	-1        	0.739206
357	48    	0.262003 	0.481667	-1        	0.649444
358	46    	0.383643 	0.313983	-1        	0.716001
359	43    	0.430898 	0.248685	-1        	0.720096
360	50    	0.237233 	0.518279	-1        	0.783419
361	47    	0.370275 	0.329074	-1        	0.783419
362	48    	0.195518 	0.539184	-1        	0.783419
363	47    	0.279973 	0.406769	-1        	0.783419
364	47    	0.356556 	0.372319	-1        	0.783419
365	48    	0.308221 	0.349823	-1        	0.692932
366	48    	0.28362  	0.394608	-1        	0.625741
367	46    	0.398538 	0.238577	-1        	0.667173
368	45    	0.370341 	0.37758 	-1        	0.746162
369	47    	0.184484 	0.537539	-1        	0.746162
370	45    	0.334028 	0.248925	-1        	0.746162
371	47    	0.336693 	0.308343	-1        	0.77652 
372	46    	0.320105 	0.426596	-1        	0.812328
373	41    	0.412845 	0.295666	-1        	0.812328
374	43    	0.362353 	0.406762	-1        	0.816288
375	48    	0.313727 	0.403219	-1        	0.860263
376	46    	0.250729 	0.455674	-1        	0.860263
377	45    	0.335498 	0.379212	-1        	0.860263
378	46    	0.38132  	0.187983	0.129227  	0.802522
379	43    	0.336802 	0.384606	-1        	0.850793
380	43    	0.414856 	0.298592	-1        	0.850793
381	47    	0.358236 	0.274597	-1        	0.850793
382	48    	0.0729942	0.594325	-1        	0.811268
383	42    	0.257357 	0.502321	-1        	0.811268
384	46    	0.166756 	0.537002	-1        	0.817915
385	45    	0.161984 	0.57885 	-1        	0.952364
386	47    	0.336887 	0.397074	-1        	0.923751
387	45    	0.424624 	0.300044	-1        	0.956392
388	49    	0.315895 	0.331438	-1        	0.814393
389	48    	0.360648 	0.282882	-1        	0.862737
390	43    	0.369614 	0.328501	-1        	0.777217
391	47    	0.457949 	0.176955	0.162532  	0.777592
392	48    	0.416386 	0.272477	-1        	0.783821
393	48    	0.324867 	0.384195	-1        	0.80746 
394	48    	0.329373 	0.429678	-1        	0.80746 
395	46    	0.284408 	0.433784	-1        	0.884931
396	47    	0.303504 	0.315951	-1        	0.842106
397	46    	0.324802 	0.378476	-1        	0.842106
398	45    	0.310645 	0.376478	-1        	0.827802
399	49    	0.230284 	0.484445	-1        	0.738906
400	47    	0.350634 	0.312655	-1        	0.738906
401	47    	0.393449 	0.32863 	-1        	0.829042
402	49    	0.325738 	0.424059	-1        	0.867723
403	47    	0.430988 	0.187514	0.158588  	0.877009
404	46    	0.448349 	0.209786	0.18873   	0.837745
405	49    	0.397867 	0.276721	-1        	0.833388
406	46    	0.375523 	0.331481	-1        	0.833388
407	47    	0.300584 	0.42502 	-1        	0.864929
408	47    	0.367292 	0.24899 	-1        	0.808254
409	46    	0.354789 	0.256027	-1        	0.779806
410	46    	0.366084 	0.259421	-1        	0.779806
411	47    	0.371295 	0.268806	-1        	0.8636  
412	47    	0.367714 	0.270288	-1        	0.760731
413	47    	0.415311 	0.209175	0.1364    	0.883219
414	48    	0.385569 	0.173932	0.15481   	0.883219
415	47    	0.400667 	0.185957	0.0909598 	0.929213
416	45    	0.365524 	0.220568	0.0899592 	0.929213
417	49    	0.329842 	0.275863	-1        	0.94041 
418	47    	0.257037 	0.359338	-1        	0.94041 
419	48    	0.367344 	0.179278	0.0664216 	0.757359
420	47    	0.37158  	0.284593	-1        	0.768762
421	48    	0.377711 	0.166291	-0.016    	0.774368
422	46    	0.336415 	0.251005	-1        	0.757359
423	46    	0.379439 	0.155921	0.0529122 	0.830944
424	48    	0.330755 	0.303334	-1        	0.751186
425	47    	0.286218 	0.406732	-1        	0.751186
426	43    	0.35546  	0.236321	-1        	0.751186
427	47    	0.364561 	0.225545	-1        	0.675314
428	45    	0.346722 	0.298346	-1        	0.678624
429	46    	0.3502   	0.36473 	-1        	0.678624
430	46    	0.406379 	0.131615	0.125066  	0.678624
431	45    	0.426805 	0.133772	0.129254  	0.711367
432	46    	0.359382 	0.304764	-1        	0.711367
433	46    	0.374405 	0.237818	-1        	0.711367
434	48    	0.363522 	0.312896	-1        	0.722394
435	47    	0.336802 	0.317882	-1        	0.722394
436	45    	0.288328 	0.370881	-1        	0.722394
437	50    	0.336563 	0.239552	-1        	0.694019
438	48    	0.311536 	0.368299	-1        	0.712375
439	45    	0.332269 	0.303265	-1        	0.712375
440	43    	0.306072 	0.366627	-1        	0.712375
441	50    	0.381901 	0.118998	0.191645  	0.609655
442	45    	0.266586 	0.39447 	-1        	0.609655
443	43    	0.412765 	0.134871	0.161567  	0.718987
444	44    	0.357848 	0.234269	-1        	0.646421
445	43    	0.389407 	0.235726	-1        	0.699448
446	43    	0.344266 	0.137015	-0.0175   	0.609655
447	47    	0.373805 	0.111348	-0.0171428	0.609655
448	46    	0.33969  	0.286703	-1        	0.609655
449	43    	0.340694 	0.294294	-1        	0.609655
450	47    	0.327833 	0.294436	-1        	0.589672
451	46    	0.263407 	0.43631 	-1        	0.598182
452	46    	0.372047 	0.305152	-1        	0.647291
453	46    	0.379738 	0.237748	-1        	0.685254
454	48    	0.26206  	0.446791	-1        	0.738195
455	46    	0.377987 	0.158252	0.126472  	0.804837
456	44    	0.413482 	0.178296	0.10355   	0.899357
457	50    	0.301664 	0.138071	-0.0175   	0.616216
458	46    	0.381811 	0.11749 	0.134553  	0.726628
459	44    	0.411112 	0.156349	0.124398  	0.818279
460	43    	0.404581 	0.18246 	0.127911  	0.818279
461	41    	0.39277  	0.180501	0.185075  	0.818279
462	48    	0.378875 	0.154903	0.210117  	0.818279
463	46    	0.335165 	0.245126	-1        	0.736517
464	46    	0.387587 	0.168643	-0.0149999	0.808663
465	45    	0.398353 	0.174074	0.184068  	0.808663
466	44    	0.442273 	0.287732	-1        	0.808663
467	43    	0.490514 	0.237917	-0.0177778	0.808663
468	50    	0.437065 	0.185395	0.0801042 	0.892322
469	47    	0.459865 	0.197703	-0.016    	0.866287
470	44    	0.436199 	0.243086	-0.0171428	0.898103
471	43    	0.474916 	0.243844	-0.0133334	0.906833
472	44    	0.405936 	0.269356	-0.0171429	0.937577
473	44    	0.506658 	0.289908	-0.016    	0.94695 
474	47    	0.421826 	0.246922	-0.0133333	0.947944
475	48    	0.342052 	0.230553	-0.02     	0.947944
476	47    	0.448831 	0.205963	0.163619  	0.899686
477	46    	0.489638 	0.213885	0.130781  	0.899686
478	47    	0.337429 	0.193823	-0.02     	0.899686
479	46    	0.388345 	0.209701	0.0963709 	0.884366
480	44    	0.468052 	0.224147	0.095574  	0.899686
481	49    	0.418927 	0.244039	0.144692  	0.899686
482	44    	0.440225 	0.252835	0.125887  	0.900289
483	50    	0.38565  	0.224066	0.0988937 	0.952166
484	46    	0.473276 	0.268478	0.0403826 	0.966165
485	46    	0.452929 	0.27872 	0.0638293 	0.952166
486	45    	0.379154 	0.270566	-0.02     	1.02278 
487	48    	0.390981 	0.242617	-0.0175   	0.952166
488	47    	0.386683 	0.245236	-0.016    	1.00956 
489	45    	0.405204 	0.254942	0.062153  	1.00956 
490	49    	0.370165 	0.249539	-0.0175   	0.947944
491	46    	0.400822 	0.18945 	0.114106  	0.829839
492	45    	0.450716 	0.205919	0.0729444 	0.781862
493	44    	0.449306 	0.217639	0.0510554 	0.898374
494	44    	0.404843 	0.271654	-0.0159999	0.904276
495	44    	0.4391   	0.252976	0.0659189 	0.839291
496	45    	0.337541 	0.270715	-0.0175   	0.967752
497	49    	0.337903 	0.215426	-0.0171428	0.789564
498	45    	0.397187 	0.221145	-0.015    	0.789564
499	47    	0.4492   	0.226003	0.0930286 	0.967752
500	49    	0.437956 	0.241144	-0.0175   	0.967752
501	44    	0.461848 	0.235141	0.118257  	0.967752
502	47    	0.430831 	0.237578	0.133222  	0.899537
503	46    	0.42488  	0.23962 	0.0852412 	0.899537
504	49    	0.388013 	0.234971	0.111726  	0.899537
505	48    	0.419218 	0.239648	0.0736171 	0.909779
506	46    	0.451168 	0.272607	0.0966512 	0.909779
507	45    	0.451202 	0.265651	0.0836564 	0.910023
508	47    	0.343915 	0.302794	-1        	0.899537
509	48    	0.419982 	0.230465	-0.0133332	0.966603
510	46    	0.444281 	0.274028	-0.02     	0.966603
511	46    	0.398788 	0.252742	0.0876563 	0.966603
512	47    	0.462161 	0.278162	-0.016    	0.966726
513	47    	0.359717 	0.256041	-0.0133333	0.966726
514	46    	0.482961 	0.263024	0.144827  	0.966726
515	45    	0.45591  	0.283054	0.0763591 	0.966726
516	48    	0.45884  	0.250385	0.131727  	0.88984 
517	46    	0.409035 	0.2445  	-0.0133333	0.88984 
518	49    	0.388451 	0.238826	-0.0181818	0.88984 
519	47    	0.374442 	0.226968	-0.02     	0.88984 
520	45    	0.417048 	0.232601	0.151545  	0.88984 
521	47    	0.377167 	0.218808	0.12098   	0.78981 
522	47    	0.440313 	0.187043	0.106971  	0.789843
523	46    	0.374645 	0.2108  	-0.0166667	0.883139
524	48    	0.425414 	0.185789	0.164519  	0.847871
525	47    	0.414186 	0.184836	0.10952   	0.847871
526	49    	0.416477 	0.19484 	0.0921671 	0.847871
527	38    	0.436408 	0.222541	0.0972138 	0.847871
528	44    	0.412833 	0.232118	-0.015    	0.847871
529	47    	0.434535 	0.202897	0.087429  	0.847871
530	46    	0.4122   	0.212121	-0.0171429	0.847871
531	49    	0.375578 	0.198374	0.0936004 	0.775513
532	46    	0.400707 	0.189913	-0.0160001	0.729078
533	43    	0.400907 	0.208885	-0.0166667	0.786225
534	48    	0.400261 	0.187465	0.0767482 	0.860111
535	49    	0.398775 	0.229865	-0.0171429	0.89247 
536	47    	0.412526 	0.211707	0.123787  	0.803573
537	48    	0.389564 	0.190045	0.159399  	0.794282
538	46    	0.408551 	0.19684 	0.110893  	0.930056
539	46    	0.363112 	0.276011	-1        	0.930056
540	49    	0.351182 	0.180097	0.0937593 	0.930056
541	46    	0.412913 	0.235188	0.141855  	0.930056
542	50    	0.40331  	0.225085	-0.0171428	0.930056
543	47    	0.37982  	0.210279	-0.015    	0.92703 
544	44    	0.421277 	0.221294	0.0616412 	0.92703 
545	49    	0.374759 	0.199805	-0.0150001	0.790739
546	45    	0.442657 	0.210321	-0.0216667	0.928512
547	44    	0.413241 	0.235571	-0.0215385	0.92703 
548	45    	0.394326 	0.230863	-0.016    	0.837442
549	43    	0.45659  	0.244726	0.100497  	0.837442
550	47    	0.376987 	0.234222	-0.0175   	0.92703 
551	44    	0.440552 	0.237124	0.0959627 	0.861172
552	46    	0.456678 	0.235022	0.138477  	0.894359
553	42    	0.446394 	0.240463	-0.0133333	0.894359
554	46    	0.398142 	0.214776	0.0747355 	0.861172
555	46    	0.374181 	0.202293	0.0616086 	0.861172
556	49    	0.358057 	0.179075	0.091607  	0.833622
557	44    	0.433148 	0.239938	-0.0149998	0.92703 
558	47    	0.41938  	0.238168	-0.02     	0.92703 
559	46    	0.375361 	0.257284	-0.015    	0.92703 
560	48    	0.42121  	0.236159	0.0740587 	0.92703 
561	46    	0.452589 	0.251001	0.0679933 	0.92703 
562	45    	0.392643 	0.217156	0.0623307 	0.861172
563	45    	0.435593 	0.193992	-0.02     	0.861172
564	49    	0.356987 	0.188987	-0.0166666	0.832133
565	41    	0.43734  	0.217427	0.0660221 	0.856086
566	46    	0.418009 	0.222877	-0.0150002	0.856086
567	48    	0.369507 	0.22317 	0.0756737 	0.871696
568	44    	0.38133  	0.234037	0.0552143 	0.859314
569	46    	0.375063 	0.240198	-0.0133332	0.859314
570	43    	0.358741 	0.259248	-0.0181818	0.879402
571	47    	0.379226 	0.267959	-0.0166667	0.879402
572	48    	0.357349 	0.202176	-0.01     	0.871696
573	44    	0.409959 	0.255441	0.0680458 	0.876656
574	47    	0.377202 	0.242024	-0.0166667	0.876656
575	47    	0.371098 	0.23328 	-0.01     	0.876656
576	45    	0.378342 	0.224505	-0.0166668	0.876656
577	47    	0.419229 	0.218062	0.115494  	0.876586
578	47    	0.359548 	0.199175	-0.0166667	0.785591
579	47    	0.405465 	0.200926	-0.0166667	0.787866
580	46    	0.411992 	0.23441 	-0.01     	0.787866
581	43    	0.429947 	0.238938	0.0755983 	0.803701
582	47    	0.423375 	0.239946	-0.016    	0.864549
583	42    	0.487278 	0.249381	-0.0160001	0.864549
584	45    	0.448765 	0.24353 	0.0784876 	0.864549
585	44    	0.485788 	0.238977	0.11473   	0.865168
586	47    	0.449479 	0.2498  	-0.0166667	0.865168
587	44    	0.43536  	0.219366	-0.0166667	0.865168
588	50    	0.430524 	0.232444	0.115294  	0.866562
589	43    	0.502765 	0.218641	0.090389  	0.866562
590	44    	0.485809 	0.262162	-0.0177778	0.866562
591	47    	0.49252  	0.240033	0.141005  	0.867681
592	45    	0.501753 	0.242883	0.115078  	0.864665
593	47    	0.382254 	0.270876	-0.0133338	0.864665
594	43    	0.540712 	0.254888	0.149633  	0.941793
595	42    	0.54417  	0.253278	0.124688  	0.941793
596	44    	0.469846 	0.308687	-0.0175   	0.942187
597	44    	0.469662 	0.271353	0.059152  	0.941793
598	43    	0.488432 	0.298567	-0.016    	0.941793
599	45    	0.441152 	0.281607	-0.018    	0.941793
600	44    	0.368382 	0.261262	-0.0166667	0.864665
601	43    	0.485742 	0.265108	0.0838905 	0.941793
602	42    	0.46075  	0.286869	0.0668381 	0.941793
603	49    	0.412595 	0.256537	-0.0177778	0.864665
604	45    	0.53033  	0.259725	-0.0177778	0.932533
605	49    	0.421238 	0.247025	-0.0177778	0.900352
606	48    	0.402197 	0.220217	-0.02     	0.833709
607	44    	0.454605 	0.204622	0.0660473 	0.833709
608	48    	0.373886 	0.21157 	-0.0171428	0.786871
609	42    	0.415822 	0.218756	0.0859552 	0.850395
610	41    	0.424993 	0.251014	-0.0171429	0.850395
611	46    	0.442207 	0.23637 	0.0748727 	0.876869
612	46    	0.421125 	0.223383	0.0749139 	0.850395
613	47    	0.389966 	0.233678	0.0855095 	0.860487
614	43    	0.412644 	0.260854	-0.0133333	0.869287
615	44    	0.374198 	0.24594 	-0.01     	0.869287
616	45    	0.367793 	0.239247	-0.0166666	0.869287
617	47    	0.339632 	0.219248	-0.016    	0.869287
618	48    	0.376251 	0.232057	-0.0166667	0.841938
619	42    	0.39855  	0.225793	-0.0166666	0.852351
620	41    	0.431681 	0.257128	0.0746439 	0.852351
621	47    	0.380069 	0.245197	-0.0171429	0.852351
622	46    	0.402279 	0.245782	-0.016    	0.852351
623	45    	0.401809 	0.256741	-0.0171429	0.852351
624	48    	0.382224 	0.235436	0.0690459 	0.852351
625	46    	0.319871 	0.20983 	-0.0171428	0.852351
626	50    	0.365936 	0.204651	-0.018    	0.863412
627	47    	0.359062 	0.211558	-0.02     	0.857564
628	48    	0.33705  	0.210508	-0.0175   	0.85424 
629	45    	0.389514 	0.241336	-0.0171429	0.85424 
630	44    	0.423563 	0.258653	-0.0166666	0.861204
631	47    	0.514265 	0.263091	-0.015    	0.970758
632	46    	0.425372 	0.268043	0.0857598 	0.975336
633	47    	0.362349 	0.246227	-0.0133333	0.970758
634	48    	0.421189 	0.238372	0.0593282 	0.877421
635	45    	0.380649 	0.241442	-0.0171415	1.05311 
636	43    	0.42751  	0.263953	0.0729761 	1.05311 
637	44    	0.427499 	0.291974	-0.0171429	1.05311 
638	45    	0.441315 	0.299632	-0.0166667	0.982351
639	49    	0.420495 	0.304538	-0.0177778	1.05311 
640	48    	0.451288 	0.293441	-0.0199999	0.91125 
641	44    	0.429347 	0.289162	-0.0177778	0.91125 
642	49    	0.463479 	0.292764	-0.0175001	0.970913
643	45    	0.435899 	0.305885	0.0631911 	0.983793
644	49    	0.449862 	0.299685	0.0752096 	1.04167 
645	46    	0.499005 	0.330063	0.0453645 	1.06498 
646	49    	0.421641 	0.287486	-0.0166667	0.982799
647	45    	0.426419 	0.286409	-0.0160001	0.982799
648	46    	0.442371 	0.276127	0.0633626 	0.982799
649	47    	0.341967 	0.261438	-0.0175   	0.982799
650	46    	0.411221 	0.25776 	0.0664103 	0.982799
651	45    	0.445611 	0.280008	-0.017777 	0.982799
652	43    	0.497827 	0.296639	-0.02     	0.982799
653	45    	0.463379 	0.301764	0.0442316 	0.982799
654	46    	0.433845 	0.293805	-0.0171427	0.982799
655	45    	0.450022 	0.292809	-0.0166667	0.91682 
656	45    	0.427311 	0.292967	-0.016    	0.91682 
657	47    	0.423293 	0.290665	0.0664637 	1.04167 
658	47    	0.40185  	0.28237 	-0.0166668	1.04167 
659	48    	0.36623  	0.29101 	-0.0177778	1.04167 
660	44    	0.326788 	0.261787	-0.015    	0.905217
661	44    	0.430918 	0.282175	-0.0171428	0.905217
662	46    	0.354404 	0.284541	-0.0175   	0.905217
663	49    	0.344003 	0.226177	-0.0166652	0.838782
664	47    	0.403082 	0.210595	-0.016    	0.838782
665	46    	0.39813  	0.224444	-0.0133337	0.838782
666	45    	0.417106 	0.293532	-0.0171429	0.979823
667	45    	0.434474 	0.304745	-0.0133333	1.03793 
668	48    	0.454528 	0.318001	-0.0171428	1.06103 
669	44    	0.419369 	0.308157	0.0533969 	1.06103 
670	45    	0.421484 	0.319224	0.0732298 	1.06103 
671	47    	0.391411 	0.308257	-0.01     	1.06103 
672	44    	0.477654 	0.300026	-0.0133332	0.992732
673	44    	0.483292 	0.320306	-0.0166667	0.992732
674	46    	0.374131 	0.306081	-0.0175   	0.981113
675	47    	0.453665 	0.303519	0.0534085 	0.940324
676	42    	0.500195 	0.300633	0.0658749 	0.953991
677	48    	0.400435 	0.26223 	-0.0150001	0.940324
678	45    	0.425267 	0.271695	-0.0160001	0.940324
679	45    	0.381189 	0.315731	-0.0177777	0.955926
680	48    	0.33613  	0.231592	-0.015    	0.955926
681	45    	0.445941 	0.203718	0.15968   	0.940324
682	46    	0.455188 	0.24036 	-0.0133334	0.940324
683	44    	0.442738 	0.252624	0.070442  	0.940324
684	46    	0.430076 	0.273175	-0.0171428	0.940324
685	47    	0.410765 	0.247734	0.0836971 	0.940324
686	45    	0.472466 	0.269928	-0.0166652	0.974436
687	46    	0.455982 	0.276973	-0.0166613	0.87226 
688	48    	0.360951 	0.240681	-0.0159966	0.861714
689	48    	0.377622 	0.228285	0.067703  	0.95544 
690	44    	0.380616 	0.239714	-0.0171428	0.863404
691	48    	0.496661 	0.207671	-0.0171429	0.873757
692	46    	0.430346 	0.242346	-0.0166667	0.948872
693	49    	0.424746 	0.269019	-0.02     	0.87755 
694	47    	0.425866 	0.265648	-0.01     	0.947208
695	45    	0.387527 	0.24936 	0.0592683 	0.987404
696	46    	0.404455 	0.273587	-0.015    	0.987404
697	46    	0.397908 	0.257365	-0.0166667	0.987404
698	48    	0.428375 	0.254208	-0.02     	0.947208
699	44    	0.467993 	0.250559	0.0824832 	0.947208
700	46    	0.406283 	0.30062 	-0.0175   	0.947208
701	46    	0.454055 	0.268131	-0.0175001	0.947208
702	42    	0.45168  	0.299918	0.0626632 	0.987404
703	47    	0.338975 	0.283533	-0.02     	0.900813
704	45    	0.389596 	0.2741  	-0.0149999	0.905837
705	47    	0.423438 	0.271692	-0.0177778	0.898788
706	45    	0.46602  	0.293598	-0.0181818	1.02405 
707	46    	0.487429 	0.279355	-0.018    	1.02405 
708	43    	0.458969 	0.284548	-0.0174999	1.02405 
709	48    	0.382268 	0.258985	-0.0166667	0.977225
710	45    	0.45004  	0.265663	0.0758615 	0.977225
711	39    	0.458646 	0.296473	-0.0177778	0.977225
712	43    	0.461331 	0.300615	-0.02     	0.983679
713	46    	0.428559 	0.289497	-0.015    	0.983679
714	45    	0.396107 	0.272131	0.0649668 	0.983679
715	47    	0.396047 	0.264761	-0.018    	0.974954
716	48    	0.377053 	0.274189	-0.018    	0.974954
717	47    	0.406646 	0.220279	-0.0133334	0.899837
718	44    	0.458102 	0.224599	0.0592249 	0.899837
719	46    	0.487491 	0.24589 	-0.0150001	1.07474 
720	42    	0.43991  	0.275749	0.0747231 	0.899837
721	46    	0.466742 	0.265751	-0.0171429	0.899837
722	49    	0.471067 	0.247342	0.090389  	0.899837
723	45    	0.469661 	0.26034 	0.0966576 	0.890888
724	47    	0.474693 	0.269088	-0.0199999	0.890888
725	43    	0.510331 	0.27648 	0.0647949 	0.902584
726	44    	0.477063 	0.304285	-0.0171429	0.902584
727	47    	0.443077 	0.254146	0.0644612 	0.902584
728	48    	0.471935 	0.269661	-0.016    	1.16036 
729	42    	0.52749  	0.303796	-0.02     	1.16036 
730	46    	0.460572 	0.293631	0.0893459 	1.16036 
731	47    	0.432506 	0.303635	-0.0186667	0.9861  
732	47    	0.551465 	0.268743	0.0626632 	0.9861  
733	42    	0.545129 	0.303595	-0.00503074	0.9861  
734	46    	0.461228 	0.312058	-0.015     	0.9861  
735	41    	0.529984 	0.306418	0.0792147  	0.9861  
736	46    	0.507219 	0.307426	0.099267   	0.97135 
737	46    	0.463224 	0.290881	0.0434198  	0.97135 
738	46    	0.459567 	0.29497 	-0.0175    	0.945849
739	46    	0.430296 	0.268668	-0.0171428 	0.906498
740	47    	0.493614 	0.300321	-0.0177778 	0.90557 
741	46    	0.396404 	0.252984	-0.0149999 	0.90557 
742	47    	0.424163 	0.256766	-0.02      	0.981185
743	48    	0.486854 	0.26026 	0.100752   	0.981185
744	47    	0.490513 	0.23069 	0.105862   	0.893082
745	47    	0.413467 	0.210676	0.111155   	0.899549
746	47    	0.506773 	0.230095	-0.0175    	0.901624
747	46    	0.501888 	0.230873	-0.0171427 	0.851483
748	46    	0.469775 	0.250971	-0.015     	0.857623
749	45    	0.454457 	0.25869 	-0.02      	0.983032
750	50    	0.389662 	0.209049	0.110592   	0.900565
751	47    	0.400999 	0.249944	-0.0177778 	0.897422
752	46    	0.359421 	0.189674	0.0857235  	0.897422
753	47    	0.432437 	0.223464	-0.0159957 	0.897422
754	47    	0.467419 	0.203998	0.114927   	0.897422
755	47    	0.395188 	0.253503	-0.0225    	0.897422
756	47    	0.412151 	0.260885	-0.0133334 	0.897422
757	44    	0.553527 	0.257152	0.0944602  	0.984715
758	43    	0.513772 	0.253729	0.146377   	0.984715
759	46    	0.500879 	0.271451	-0.0171429 	0.973293
760	47    	0.420799 	0.229754	0.137157   	0.973328
761	46    	0.477281 	0.26156 	-0.0200001 	0.973328
762	49    	0.435896 	0.222125	0.150644   	0.860268
763	48    	0.418312 	0.224546	0.092218   	0.860268
764	46    	0.406389 	0.257335	-0.01      	0.970186
765	44    	0.531959 	0.247145	-0.02      	0.970186
766	45    	0.46939  	0.275538	0.11658    	0.970186
767	48    	0.379926 	0.210317	0.11589    	0.878551
768	46    	0.402283 	0.221458	-0.0133333 	0.878551
769	48    	0.403215 	0.234434	-0.0166667 	0.956793
770	44    	0.420575 	0.231157	-0.0175    	0.956793
771	46    	0.417962 	0.254737	-0.0166594 	1.00421 
772	45    	0.40047  	0.275841	-0.0150001 	1.00421 
773	44    	0.408305 	0.288621	-0.016     	1.00421 
774	46    	0.405925 	0.277955	-0.015     	1.00421 
775	46    	0.390287 	0.268296	-0.0160002 	0.956793
776	47    	0.503334 	0.263248	0.116727   	0.945995
777	45    	0.441526 	0.247794	0.121438   	0.925078
778	47    	0.455912 	0.253045	0.127104   	0.904406
779	46    	0.484192 	0.297142	-0.015     	1.05623 
780	48    	0.420282 	0.273465	-0.0159977 	0.970196
781	45    	0.426152 	0.275296	-0.0166665 	0.955331
782	47    	0.390162 	0.24726 	-0.02      	0.979627
783	48    	0.417085 	0.242369	-0.00889147	0.869628
784	45    	0.388474 	0.255814	-0.0175    	0.865945
785	43    	0.525244 	0.277946	0.0596307  	0.914641
786	48    	0.393192 	0.244783	0.0897533  	0.940107
787	42    	0.497157 	0.24398 	0.150932   	0.940107
788	46    	0.522052 	0.298995	0.0985854  	0.947674
789	48    	0.423717 	0.288233	0.0769829  	0.95128 
790	46    	0.339988 	0.291779	-0.02      	0.947674
791	47    	0.439863 	0.265869	0.130796   	0.947674
792	48    	0.418806 	0.292569	0.0582851  	1.15855 
793	48    	0.369778 	0.278183	-0.016     	1.07157 
794	45    	0.453428 	0.277547	-0.016     	1.07157 
795	45    	0.426853 	0.292679	-0.0166667 	1.07157 
796	48    	0.365799 	0.277863	-0.016     	1.04198 
797	49    	0.47159  	0.288787	-0.015     	0.981684
798	48    	0.395304 	0.262004	-0.016     	0.868654
799	45    	0.453963 	0.253268	0.0935993  	0.89617 
800	47    	0.376623 	0.277585	-0.016     	0.89617 
801	44    	0.44723  	0.256458	-0.0133337 	0.89617 
802	46    	0.389644 	0.285129	-0.0180001 	1.04198 
803	47    	0.473967 	0.312406	0.0995529  	1.04198 
804	41    	0.469906 	0.321326	0.0860684  	1.04198 
805	49    	0.418036 	0.302912	-0.02      	1.04198 
806	43    	0.446434 	0.308191	-0.0166667 	1.04198 
807	46    	0.391194 	0.282106	-0.015     	1.04198 
808	45    	0.440169 	0.319507	-0.0177778 	1.04198 
809	45    	0.50108  	0.361824	-0.02      	1.05795 
810	46    	0.43082  	0.316315	0.0572379  	1.05714 
811	45    	0.460245 	0.303108	-0.0149998 	1.04199 
812	47    	0.402701 	0.292375	-0.0175    	1.04199 
813	46    	0.444035 	0.292604	0.0642932  	1.04199 
814	45    	0.488786 	0.299839	-0.0166667 	1.04199 
815	49    	0.435223 	0.312367	0.109789   	1.04199 
816	46    	0.405134 	0.278876	-0.02      	0.994803
817	44    	0.505743 	0.311882	-0.0177778 	0.994803
818	43    	0.516931 	0.320542	-0.0219999 	0.994803
819	48    	0.506131 	0.292701	-0.0166666 	0.994803
820	45    	0.47129  	0.309496	-0.0177778 	1.05795 
821	47    	0.461735 	0.283696	-0.0166666 	0.982287
822	39    	0.475705 	0.327979	0.0574647  	1.05795 
823	48    	0.319535 	0.2451  	-0.0175    	0.982287
824	49    	0.386679 	0.26921 	-0.02      	1.05795 
825	46    	0.397139 	0.240634	-0.0175    	0.902935
826	48    	0.368924 	0.23688 	-0.016     	0.862983
827	48    	0.428224 	0.245579	-0.018     	0.982287
828	47    	0.417409 	0.239228	0.0780527  	0.879962
829	46    	0.433075 	0.26924 	-0.02      	0.982287
830	44    	0.411119 	0.268617	-0.02      	0.982287
831	44    	0.410562 	0.288257	0.072275   	0.982287
832	47    	0.399861 	0.264356	-0.0171428 	0.982287
833	43    	0.465203 	0.270785	0.128666   	0.982287
834	46    	0.456552 	0.254612	0.140113   	0.982287
835	49    	0.386489 	0.229108	-0.015     	0.899067
836	45    	0.445437 	0.237292	-0.0171428 	0.901617
837	47    	0.477183 	0.244758	0.150577   	0.894474
838	45    	0.422868 	0.255769	0.0662546  	0.903662
839	46    	0.416529 	0.244527	0.0874872  	0.980877
840	47    	0.407085 	0.246043	-0.0160001 	1.05714 
841	46    	0.43394  	0.247188	0.12148    	0.922031
842	48    	0.401317 	0.210394	-0.0171429 	0.894474
843	45    	0.442033 	0.210772	0.181489   	0.894474
844	44    	0.414738 	0.278044	-0.015     	0.894474
845	49    	0.40991  	0.228941	-0.0181818 	0.939763
846	49    	0.387331 	0.223531	-0.0166665 	0.894474
847	45    	0.401618 	0.19094 	0.0824507  	0.861483
848	47    	0.43765  	0.218976	-0.02      	0.896895
849	47    	0.380267 	0.212546	-0.016     	0.861483
850	48    	0.427097 	0.215519	0.111378   	0.861483
851	48    	0.407454 	0.270844	-0.0166667 	0.932985
852	44    	0.422932 	0.256268	-0.01      	0.932985
853	46    	0.472683 	0.256879	-0.015     	0.932985
854	42    	0.451462 	0.278183	-0.015     	0.932985
855	43    	0.427158 	0.281529	-0.0166666 	0.932985
856	47    	0.421215 	0.221754	0.161833   	0.932985
857	49    	0.393631 	0.227203	-0.0150001 	0.932985
858	48    	0.370035 	0.172703	0.120634   	0.831927
859	49    	0.34979  	0.179662	0.124987   	0.845821
860	45    	0.392227 	0.18429 	-0.015     	0.784437
861	49    	0.35559  	0.183235	-0.0175    	0.862338
862	49    	0.412656 	0.234949	-0.0166667 	0.959162
863	47    	0.352535 	0.232109	-0.0166666 	0.959162
864	46    	0.429924 	0.268139	-0.015     	0.959162
865	47    	0.43699  	0.290145	-0.0184615 	1.06871 
866	45    	0.484894 	0.313585	0.0662714  	1.06871 
867	46    	0.505141 	0.317288	0.0648691  	0.98689 
868	45    	0.526443 	0.325044	-0.0166666 	1.06871 
869	48    	0.441296 	0.309975	-0.0183334 	1.06871 
870	47    	0.414363 	0.283966	-0.015     	0.98689 
871	44    	0.434275 	0.288644	-0.015     	0.98689 
872	48    	0.440357 	0.301604	-0.0166667 	0.98689 
873	49    	0.433622 	0.298443	-0.0160001 	1.15931 
874	49    	0.410698 	0.286323	-0.0150001 	1.07637 
875	45    	0.373997 	0.254813	-0.0171429 	0.995099
876	46    	0.473789 	0.22907 	0.0766493  	0.901834
877	47    	0.408909 	0.277835	-0.0160004 	0.977916
878	47    	0.517488 	0.277948	0.0547089  	0.979143
879	46    	0.451891 	0.29297 	0.0649961  	0.979523
880	45    	0.480924 	0.337225	-0.0150001 	1.06965 
881	46    	0.5226   	0.344085	-0.016     	1.06965 
882	46    	0.390089 	0.316646	-0.016     	1.06965 
883	46    	0.485112 	0.347393	-0.0166667 	1.06965 
884	41    	0.525571 	0.347436	-0.00670266	1.06965 
885	47    	0.437875 	0.293961	0.0916828  	1.06965 
886	50    	0.435629 	0.272289	0.0556623  	0.983757
887	46    	0.481654 	0.28949 	0.0747444  	0.901308
888	47    	0.465001 	0.282133	-0.02      	0.983757
889	47    	0.411382 	0.297021	-0.0171428 	0.983757
890	45    	0.489618 	0.319141	-0.0133338 	1.04752 
891	47    	0.433564 	0.300172	-0.0133333 	1.04752 
892	46    	0.46201  	0.28031 	-0.0166652 	0.977052
893	46    	0.461523 	0.2778  	-0.0150001 	0.984332
894	45    	0.440056 	0.263626	-0.0175001 	0.984332
895	45    	0.517694 	0.24586 	0.122524   	0.984332
896	44    	0.425595 	0.276772	0.128309   	0.984332
897	42    	0.494582 	0.269064	0.0730278  	0.984332
898	49    	0.415746 	0.256324	0.0744615  	0.984332
899	49    	0.348814 	0.222532	-0.0171379 	0.858754
900	45    	0.422199 	0.216636	-0.016     	0.858754
901	49    	0.429506 	0.231873	-0.015     	0.853775
902	46    	0.361963 	0.216702	-0.0133334 	0.797932
903	45    	0.423857 	0.225926	0.119376   	0.863963
904	41    	0.438927 	0.228507	0.0815134  	0.797932
905	45    	0.418332 	0.241354	-0.016     	0.810129
906	47    	0.405207 	0.217781	0.0992805  	0.866804
907	46    	0.451484 	0.221169	0.0711483  	0.936791
908	40    	0.496632 	0.230737	0.132276   	0.930285
909	46    	0.411611 	0.252663	-0.0133333 	0.936791
910	47    	0.397132 	0.260439	-0.0171429 	0.936791
911	45    	0.403329 	0.249893	-0.0175    	0.936791
912	47    	0.376082 	0.249858	0.0809481  	0.936791
913	46    	0.395912 	0.256532	-0.0166666 	1.02899 
914	44    	0.380093 	0.264796	-0.02      	1.02899 
915	46    	0.383645 	0.236962	-0.0133338 	0.912767
916	43    	0.428253 	0.268554	-0.0166666 	0.912767
917	46    	0.370216 	0.282932	-0.0171429 	0.914455
918	43    	0.419961 	0.261231	-0.0166667 	0.912767
919	46    	0.36228  	0.234401	-0.015     	0.832582
920	46    	0.366657 	0.216652	0.0939855  	0.832582
921	46    	0.386226 	0.253323	-0.02      	0.824549
922	45    	0.368342 	0.258602	-0.0166667 	0.836753
923	46    	0.342843 	0.272501	-0.0166666 	0.916664
924	45    	0.422647 	0.245933	-0.0166667 	0.837955
925	41    	0.436593 	0.27368 	-0.0160001 	0.837955
926	48    	0.344607 	0.252668	-0.0166666 	0.898665
927	45    	0.35167  	0.2644  	-0.0166667 	0.898665
928	44    	0.457651 	0.274625	-0.0171429 	0.898665
929	46    	0.345527 	0.306818	-0.0171429 	0.898665
930	48    	0.3978   	0.258568	0.0403645  	0.898665
931	44    	0.515305 	0.276639	0.0761686  	0.898665
932	48    	0.389527 	0.2865  	-0.0166667 	0.902138
933	46    	0.495002 	0.254161	-0.0199999 	0.900261
934	43    	0.497682 	0.25332 	0.097616   	0.909016
935	46    	0.430671 	0.282223	-0.0159998 	0.909016
936	47    	0.445568 	0.253487	-0.0133333 	0.909016
937	48    	0.408446 	0.251972	-0.016     	0.909016
938	47    	0.412355 	0.214102	0.0662164  	0.830914
939	47    	0.502319 	0.205715	0.137669   	0.900195
940	48    	0.462361 	0.214101	-0.0171428 	0.857172
941	45    	0.434342 	0.254394	-0.0149999 	0.899681
942	46    	0.419073 	0.253969	-0.0150001 	0.99495 
943	43    	0.479624 	0.22903 	0.12592    	0.944377
944	41    	0.4682   	0.263367	-0.0133333 	0.899681
945	38    	0.512049 	0.278243	0.0751752  	0.899681
946	43    	0.466836 	0.281354	0.0751579  	0.909849
947	44    	0.421785 	0.288415	-0.018     	0.980699
948	45    	0.411955 	0.267849	-0.0133334 	0.980699
949	47    	0.421837 	0.282939	-0.0166666 	1.06421 
950	46    	0.467079 	0.290742	-0.016     	1.06421 
951	45    	0.339118 	0.281319	-0.0133334 	1.06421 
952	48    	0.375388 	0.261091	-0.0181818 	0.940267
953	49    	0.405676 	0.252174	-0.02      	0.940267
954	46    	0.409003 	0.235102	0.0479746  	0.889974
955	45    	0.466458 	0.281546	-0.0171429 	0.993198
956	48    	0.47296  	0.258793	0.12762    	0.97938 
957	47    	0.410022 	0.276335	-0.00670266	0.97938 
958	46    	0.446689 	0.267242	0.0807102  	0.97938 
959	48    	0.371239 	0.267867	-0.0166664 	1.06335 
960	44    	0.515737 	0.283552	0.131567   	1.06335 
961	44    	0.497509 	0.29714 	-0.0175    	1.06335 
962	46    	0.404079 	0.2798  	-0.015     	1.06335 
963	47    	0.429477 	0.253692	0.0670267  	1.06335 
964	48    	0.389868 	0.207819	-0.02      	0.871459
965	47    	0.479088 	0.221216	0.116509   	0.916902
966	45    	0.424828 	0.236594	0.0636396  	0.846047
967	46    	0.429722 	0.249689	-0.0133333 	0.848689
968	45    	0.45485  	0.22492 	-0.0171428 	0.932565
969	48    	0.448471 	0.249579	-0.0171427 	0.932565
970	47    	0.447111 	0.204401	0.143573   	0.870849
971	47    	0.474002 	0.2     	-0.015     	0.823166
972	44    	0.474485 	0.234196	-0.0177778 	0.98294 
973	43    	0.487994 	0.280429	-0.0166667 	0.985899
974	41    	0.514853 	0.296881	-0.0175    	0.985899
975	42    	0.556308 	0.273929	0.0592594  	0.985899
976	46    	0.472587 	0.303625	-0.016     	1.06095 
977	42    	0.544111 	0.314129	0.0385458  	1.06095 
978	47    	0.470446 	0.318113	-0.0171428 	1.02478 
979	47    	0.464329 	0.305281	0.0666574  	1.0692  
980	47    	0.453425 	0.301299	-0.02      	1.0692  
981	45    	0.490655 	0.311192	-0.0171429 	1.0692  
982	46    	0.480041 	0.290502	-0.018     	1.0692  
983	46    	0.429354 	0.274219	-0.015     	0.985899
984	44    	0.481084 	0.257789	-0.0133334 	1.05265 
985	47    	0.413972 	0.268133	-0.0171428 	1.05265 
986	48    	0.415151 	0.267332	0.0401204  	1.05265 
987	47    	0.406097 	0.254917	0.0782705  	1.05265 
988	45    	0.473327 	0.273019	0.0877632  	1.05265 
989	47    	0.406804 	0.271979	-0.0171428 	0.901139
990	47    	0.450865 	0.263241	-0.0133334 	0.901139
991	47    	0.530096 	0.264678	0.0916047  	0.982772
992	45    	0.503211 	0.265074	-0.015     	0.982772
993	46    	0.470976 	0.300451	0.0951472  	1.05278 
994	42    	0.587386 	0.306561	0.141063   	1.15167 
995	45    	0.460182 	0.30026 	0.0590591  	0.982772
996	49    	0.444955 	0.292971	-0.0150001 	0.938537
997	47    	0.444104 	0.29022 	-0.0177778 	1.0787  
998	48    	0.436507 	0.263589	0.0702684  	1.0787  
999	49    	0.375644 	0.222948	0.0934391  	0.981458
1000	45    	0.381267 	0.241437	-0.016     	0.981458
Best individuals:
(1.1603594111104054,) 	-->	 /*9*/DDDLBRFLBUUUU
VMNeuronManager.autoload: Neuro classes added: Delay Light Nn PIDP PIDV SeeLight SeeLight2 S0 S1 Thr 
UserScripts.autoload: 19 user scripts added.
Simulator.load: Loading from 'eval-allcriteria.sim'
Loader.load: Comments read from file follow:
Loader.load:  Sample settings for evaluating many criteria of performance of a Framsticks creature.
Loader.load:  See the "evalcount" parameter if you want to speed the evaluation up or have a more stable result.
Loader.load:  Other important parameters are "Energy0" and "perfperiod".
Loader.load:  Put this file in the "data" subdirectory within the Framsticks distribution.
Simulator.load: Settings loaded from 'eval-allcriteria.sim'
Simulator.load: Loading from 'deterministic.sim'
Loader.load: Comments read from file follow:
Loader.load:  Parameter values that make the evaluation of a Framsticks creature deterministic.
Loader.load:  The values turn off random noise, so evaluation of the same genotype will always yield the same performance.
Loader.load:  The advantage is that you do not need to evaluate a genotype many times, and performance values are reliable.
Loader.load:  The disadvantage is that evolved creatures are "overfitting", i.e. rely entirely on the specific environment,
Loader.load:  and their behavior may be different in any other environment or (even slightly) changed conditions or parameter values,
Loader.load:  so each creature evolved using these settings must be later inspected using exactly the same setup.
Loader.load: 
Loader.load:  Before loading this file, load base settings, e.g. "eval-allcriteria.sim".
Loader.load:  Put this file in the "data" subdirectory within the Framsticks distribution.
Simulator.load: Settings loaded from 'deterministic.sim'
Simulator.load: Loading from 'sample-period-2.sim'
Loader.load: Comments read from file follow:
Loader.load:  Very low "performance sampling period" in the first population to sample performance very often during lifespan
Loader.load:  and avoid overlooking some behavior. Averaged performance of sampled values is returned as the final value.
Loader.load:  See http://www.framsticks.com/a/al_params.html#exper-perfcalc
Loader.load: 
Loader.load:  Before loading this file, load base settings, e.g. "eval-allcriteria.sim".
Loader.load:  Put this file in the "data" subdirectory within the Framsticks distribution.
Simulator.load: Loading from 'f9-mut-010.sim'
Simulator.load: Settings loaded from 'f9-mut-010.sim'
