gen	nevals	avg     	stddev	min     	max     
0  	50    	0.218369	0     	0.218369	0.218369
1  	48    	0.0526396	0.0988421	-0.0160001	0.233503
2  	45    	0.0913478	0.120586 	-0.02     	0.354154
3  	44    	0.194861 	0.133853 	-0.0166667	0.515522
4  	46    	0.183398 	0.14455  	-0.02     	0.515503
5  	43    	0.214749 	0.144747 	-0.02     	0.654207
6  	45    	0.172998 	0.177323 	-0.02     	0.654207
7  	46    	0.181752 	0.192526 	-0.02     	0.705972
8  	47    	0.180872 	0.134716 	-0.02     	0.654207
9  	48    	0.169308 	0.13429  	-0.02     	0.487006
10 	46    	0.18892  	0.136313 	-0.0166667	0.433242
11 	47    	0.21812  	0.120657 	-0.02     	0.433131
12 	47    	0.234854 	0.084806 	0.0823005 	0.504115
13 	48    	0.240988 	0.115429 	-0.0177778	0.504115
14 	47    	0.226322 	0.111139 	-0.02     	0.489245
15 	47    	0.261786 	0.134902 	-0.0177778	0.513532
16 	46    	0.27188  	0.130051 	-0.015    	0.513532
17 	44    	0.221292 	0.155669 	-0.02     	0.513532
18 	46    	0.195691 	0.149665 	-0.02     	0.573899
19 	47    	0.215294 	0.13659  	-0.02     	0.573899
20 	44    	0.264853 	0.136875 	-0.02     	0.615587
21 	45    	0.253418 	0.153347 	-0.0175   	0.59515 
22 	45    	0.262945 	0.154661 	-0.0177778	0.650465
23 	43    	0.206654 	0.182332 	-0.0166666	0.650465
24 	45    	0.248768 	0.148655 	-0.02     	0.650465
25 	48    	0.212106 	0.15727  	-0.02     	0.69353 
26 	46    	0.229707 	0.161471 	-0.0175   	0.69353 
27 	44    	0.223952 	0.171156 	-0.02     	0.69353 
28 	47    	0.226658 	0.171275 	-0.0200001	0.69353 
29 	47    	0.240754 	0.152758 	-0.0175   	0.560209
30 	43    	0.23016  	0.149864 	-0.02     	0.560209
31 	47    	0.207716 	0.128758 	-0.0177778	0.560209
32 	48    	0.267848 	0.149273 	-0.0171429	0.582956
33 	46    	0.219149 	0.167576 	-0.0171428	0.582956
34 	46    	0.180598 	0.175857 	-0.0181818	0.582956
35 	44    	0.217131 	0.146576 	-0.018    	0.582956
36 	46    	0.213728 	0.165915 	-0.02     	0.690513
37 	48    	0.161422 	0.185735 	-0.02     	0.690513
38 	47    	0.196832 	0.178489 	-0.02     	0.690513
39 	43    	0.199041 	0.194191 	-0.02     	0.690513
40 	44    	0.23998  	0.171964 	-0.0199999	0.553681
41 	44    	0.235339 	0.189718 	-0.02     	0.705984
42 	48    	0.235225 	0.178828 	-0.0175   	0.812977
43 	50    	0.207902 	0.146904 	-0.0200001	0.52069 
44 	45    	0.223059 	0.12676  	-0.02     	0.505718
45 	47    	0.213942 	0.144556 	-0.0171429	0.505718
46 	48    	0.248082 	0.147776 	-0.02     	0.706539
47 	48    	0.217913 	0.131869 	-0.0171428	0.560071
48 	49    	0.232089 	0.153175 	-0.016    	0.812977
49 	45    	0.242656 	0.140037 	-0.0166667	0.812977
50 	48    	0.227687 	0.154076 	-0.0177778	0.549383
51 	46    	0.230639 	0.132587 	-0.0166668	0.549383
52 	44    	0.264788 	0.136718 	-0.0171428	0.549383
53 	47    	0.250292 	0.13708  	-0.02     	0.614416
54 	49    	0.254625 	0.151856 	-0.0171428	0.812977
55 	44    	0.237018 	0.165746 	-0.0189474	0.812977
56 	45    	0.270009 	0.132171 	-0.0175   	0.539474
57 	46    	0.289661 	0.104861 	0.0441409 	0.539474
58 	46    	0.271397 	0.111554 	-0.0171429	0.539474
59 	48    	0.307656 	0.109734 	0.057409  	0.539474
60 	47    	0.291179 	0.118904 	-0.0184615	0.615542
61 	47    	0.285582 	0.119213 	-0.0150002	0.615542
62 	47    	0.273535 	0.10552  	-0.0166666	0.615542
63 	45    	0.306376 	0.110747 	0.0965953 	0.615542
64 	47    	0.319424 	0.120267 	0.0697757 	0.615542
65 	47    	0.275134 	0.133072 	-0.0199999	0.651028
66 	47    	0.274479 	0.0903305	0.0592092 	0.468352
67 	47    	0.223287 	0.327153 	-1        	0.639503
68 	44    	0.252781 	0.268159 	-1        	0.50538 
69 	44    	0.252723 	0.276662 	-1        	0.572659
70 	46    	0.249579 	0.331612 	-1        	0.572659
71 	47    	0.115521 	0.493096 	-1        	0.572659
72 	46    	0.207676 	0.372447 	-1        	0.665366
73 	44    	0.203278 	0.414127 	-1        	0.572659
74 	46    	0.176145 	0.446482 	-1        	0.572659
75 	47    	-0.0153187	0.588984 	-1        	0.572659
76 	45    	0.155289  	0.476056 	-1        	0.572659
77 	43    	0.188129  	0.412443 	-1        	0.572659
78 	46    	0.151064  	0.439139 	-1        	0.572659
79 	46    	0.0692592 	0.54111  	-1        	0.572659
80 	45    	0.194971  	0.410173 	-1        	0.572659
81 	45    	0.149696  	0.470297 	-1        	0.572659
82 	41    	0.269913  	0.334147 	-1        	0.572659
83 	43    	0.0157931 	0.578279 	-1        	0.572659
84 	48    	0.133553  	0.465891 	-1        	0.572659
85 	44    	0.0422216 	0.561834 	-1        	0.572659
86 	45    	0.128282  	0.499768 	-1        	0.572659
87 	47    	-0.0442305	0.603737 	-1        	0.572659
88 	46    	0.00578395	0.571832 	-1        	0.572659
89 	48    	0.204004  	0.366668 	-1        	0.517641
90 	44    	0.16659   	0.438085 	-1        	0.517641
91 	45    	0.118964  	0.49429  	-1        	0.517641
92 	47    	0.0641922 	0.507321 	-1        	0.525857
93 	45    	0.116134  	0.492985 	-1        	0.525857
94 	46    	0.184337  	0.402288 	-1        	0.518844
95 	46    	0.211936  	0.367526 	-1        	0.53731 
96 	46    	0.160226  	0.435279 	-1        	0.53731 
97 	46    	0.164949  	0.436398 	-1        	0.529852
98 	49    	0.120957  	0.458961 	-1        	0.457001
99 	44    	0.134619  	0.46509  	-1        	0.508545
100	46    	0.0716245 	0.507221 	-1        	0.508545
101	47    	0.230724  	0.32148  	-1        	0.508545
102	46    	0.085317  	0.512522 	-1        	0.439185
103	44    	0.0594959 	0.533722 	-1        	0.439185
104	43    	0.0327585 	0.553861 	-1        	0.520956
105	46    	0.156441  	0.435993 	-1        	0.520956
106	47    	0.0775423 	0.475783 	-1        	0.409672
107	48    	-0.0262093	0.58013  	-1        	0.453978
108	47    	0.111459  	0.454175 	-1        	0.453978
109	47    	0.157693  	0.434836 	-1        	0.50651 
110	46    	0.0986412 	0.485479 	-1        	0.47707 
111	48    	0.108052  	0.454044 	-1        	0.497787
112	45    	0.112381  	0.459541 	-1        	0.537165
113	47    	0.142535  	0.436554 	-1        	0.624378
114	45    	0.0390358 	0.55901  	-1        	0.624378
115	47    	0.0965587 	0.519672 	-1        	0.624378
116	48    	0.0300311 	0.552814 	-1        	0.624378
117	49    	0.111553  	0.490316 	-1        	0.518828
118	45    	0.146703  	0.469549 	-1        	0.564503
119	44    	0.197022  	0.405974 	-1        	0.564503
120	50    	0.240656  	0.322179 	-1        	0.497198
121	45    	0.21817   	0.321964 	-1        	0.504782
122	44    	0.184243  	0.403354 	-1        	0.504782
123	47    	0.177231  	0.404448 	-1        	0.500998
124	44    	0.191743  	0.406132 	-1        	0.57857 
125	43    	0.280039  	0.280956 	-1        	0.57857 
126	44    	0.275687  	0.279246 	-1        	0.57857 
127	46    	0.211259  	0.413961 	-1        	0.57857 
128	48    	0.21197   	0.368709 	-1        	0.541422
129	47    	0.266804  	0.274887 	-1        	0.541422
130	45    	0.162987  	0.436478 	-1        	0.541422
131	41    	0.161364  	0.477354 	-1        	0.541422
132	45    	0.191182  	0.408405 	-1        	0.541422
133	44    	0.143961  	0.472649 	-1        	0.541422
134	47    	0.197736  	0.40797  	-1        	0.541422
135	49    	0.0582683 	0.5343   	-1        	0.51224 
136	43    	0.320927  	0.0834989	0.160901  	0.489706
137	45    	0.143133  	0.466428 	-1        	0.504618
138	47    	0.193307  	0.405335 	-1        	0.504618
139	47    	0.196112  	0.361142 	-1        	0.504618
140	44    	0.137829  	0.467095 	-1        	0.54023 
141	50    	0.126677  	0.422365 	-1        	0.417875
142	46    	0.192122  	0.40521  	-1        	0.60975 
143	48    	0.215055  	0.364716 	-1        	0.486589
144	47    	0.262247  	0.264562 	-1        	0.431578
145	49    	0.195537  	0.363744 	-1        	0.473097
146	49    	0.0734763 	0.511285 	-1        	0.697036
147	47    	0.187292  	0.403907 	-1        	0.495434
148	44    	0.183668  	0.404302 	-1        	0.495434
149	47    	0.212406  	0.366615 	-1        	0.495434
150	45    	0.0873366 	0.5195   	-1        	0.704854
151	47    	0.24609   	0.268826 	-1        	0.484588
152	45    	0.177611  	0.400929 	-1        	0.484588
153	43    	0.198507  	0.36607  	-1        	0.50742 
154	48    	0.137481  	0.431786 	-1        	0.573897
155	44    	0.273899  	0.210397 	-1        	0.573897
156	45    	0.190937  	0.326352 	-1        	0.573897
157	45    	0.234156  	0.272956 	-1        	0.523415
158	47    	0.259119  	0.106771 	-0.016    	0.487245
159	45    	0.270238  	0.103531 	-0.0171428	0.449344
160	49    	0.299279  	0.0672431	0.117584  	0.444784
161	45    	0.241384  	0.274736 	-1        	0.54465 
162	46    	0.292331  	0.114686 	-0.016    	0.638763
163	44    	0.301597  	0.110785 	-0.0166666	0.638763
164	48    	0.135289  	0.392675 	-1        	0.47762 
165	48    	0.275415  	0.110698 	0.0538937 	0.487187
166	46    	0.273863  	0.203071 	-1        	0.474353
167	42    	0.265771  	0.209833 	-1        	0.596198
168	46    	0.268061  	0.211667 	-1        	0.596198
169	44    	0.260185  	0.273543 	-1        	0.596198
170	42    	0.273717  	0.281833 	-1        	0.618656
171	46    	0.317165  	0.090911 	0.197223  	0.596198
172	47    	0.309789  	0.0951576	0.157234  	0.596198
173	46    	0.315569  	0.113278 	0.0800529 	0.596198
174	48    	0.242763  	0.274351 	-1        	0.596198
175	43    	0.306124  	0.108787 	0.123355  	0.596198
176	48    	0.246564  	0.0971233	0.0737953 	0.596198
177	49    	0.263289  	0.205853 	-1        	0.50943 
178	44    	0.25936   	0.20713  	-1        	0.50943 
179	45    	0.285383  	0.102519 	0.0847671 	0.50943 
180	46    	0.310352  	0.103048 	0.0988642 	0.50943 
181	44    	0.294123  	0.095083 	0.118309  	0.50943 
182	47    	0.274219  	0.0976486	-0.0184615	0.533927
183	49    	0.252943  	0.196609 	-1        	0.530788
184	45    	0.344533  	0.0825769	0.139755  	0.530788
185	46    	0.267952  	0.201849 	-1        	0.530788
186	46    	0.275882  	0.200083 	-1        	0.493601
187	48    	0.27543   	0.0991156	-0.02     	0.546049
188	46    	0.242738  	0.264071 	-1        	0.546049
189	41    	0.261458  	0.27738  	-1        	0.623718
190	46    	0.300557  	0.0925886	0.169206  	0.58881 
191	48    	0.280045  	0.201601 	-1        	0.508715
192	46    	0.281419  	0.204741 	-1        	0.499213
193	48    	0.326163  	0.0862875	0.159041  	0.538244
194	46    	0.31783   	0.0798663	0.221829  	0.585227
195	46    	0.195956  	0.364628 	-1        	0.585227
196	46    	0.216777  	0.372107 	-1        	0.585227
197	44    	0.158232  	0.438367 	-1        	0.585227
198	45    	0.221971  	0.370095 	-1        	0.585227
199	47    	0.0813669 	0.479475 	-1        	0.477043
200	48    	0.28381   	0.198519 	-1        	0.497511
201	45    	0.269009  	0.196787 	-1        	0.465366
202	46    	0.295268  	0.0867085	-0.016    	0.482434
203	44    	0.237166  	0.32095  	-1        	0.482434
204	44    	0.3155    	0.108332 	-0.0166667	0.502961
205	44    	0.180146  	0.360875 	-1        	0.502961
206	45    	0.0379946 	0.557519 	-1        	0.502961
207	44    	0.108795  	0.491502 	-1        	0.502961
208	46    	0.096173  	0.485948 	-1        	0.502961
209	46    	0.0549775 	0.53609  	-1        	0.539065
210	47    	0.182226  	0.40478  	-1        	0.539065
211	45    	0.281169  	0.20558  	-1        	0.520775
212	44    	0.252595  	0.27455  	-1        	0.547451
213	47    	0.266076  	0.203018 	-1        	0.52569 
214	48    	0.279802  	0.202471 	-1        	0.466308
215	47    	0.248213  	0.270727 	-1        	0.614115
216	46    	0.0822224 	0.478893 	-1        	0.466308
217	49    	0.168346  	0.39572  	-1        	0.45703 
218	42    	0.117144  	0.459501 	-1        	0.506251
219	45    	0.172678  	0.439713 	-1        	0.515181
220	47    	0.125725  	0.464714 	-1        	0.624871
221	45    	0.0730518 	0.512656 	-1        	0.624871
222	49    	0.163691  	0.398331 	-1        	0.56661 
223	44    	0.131315  	0.42767  	-1        	0.494205
224	45    	0.122306  	0.45967  	-1        	0.443327
225	45    	0.188675  	0.404575 	-1        	0.544871
226	47    	0.148096  	0.431518 	-1        	0.544871
227	48    	0.141167  	0.431095 	-1        	0.458292
228	45    	0.194518  	0.362416 	-1        	0.538762
229	46    	0.18264   	0.399041 	-1        	0.457116
230	47    	0.178023  	0.399993 	-1        	0.462723
231	47    	0.191981  	0.361347 	-1        	0.464852
232	46    	0.206813  	0.371432 	-1        	0.500678
233	49    	0.28908   	0.198026 	-1        	0.500678
234	43    	0.280666  	0.205819 	-1        	0.500678
235	46    	0.273799  	0.278264 	-1        	0.526924
236	48    	0.107354  	0.489073 	-1        	0.515551
237	44    	0.183193  	0.407466 	-1        	0.515551
238	46    	0.050342  	0.566601 	-1        	0.55924 
239	42    	0.314748  	0.213374 	-1        	0.55924 
240	46    	0.0960434 	0.519013 	-1        	0.515551
241	47    	-0.0732731	0.610991 	-1        	0.526567
242	46    	0.000281358	0.567852 	-1        	0.526567
243	46    	-0.140663  	0.647424 	-1        	0.473217
244	45    	0.156912   	0.435586 	-1        	0.566146
245	47    	-0.129005  	0.630892 	-1        	0.506272
246	50    	-0.0518424 	0.567399 	-1        	0.47549 
247	45    	0.105076   	0.494034 	-1        	0.661941
248	47    	0.201729   	0.365037 	-1        	0.545098
249	45    	0.197874   	0.367506 	-1        	0.545098
250	44    	0.248228   	0.274188 	-1        	0.673182
251	48    	0.293941   	0.10612  	0.0979325 	0.573033
252	44    	0.31126    	0.107345 	0.0433904 	0.573033
253	46    	0.300418   	0.0956948	0.0763789 	0.573033
254	46    	0.31471    	0.0980582	0.138682  	0.600347
255	45    	0.265686   	0.273948 	-1        	0.600347
256	45    	0.171708   	0.40375  	-1        	0.600347
257	46    	0.247226   	0.209725 	-1        	0.600347
258	47    	0.234408   	0.267909 	-1        	0.600347
259	48    	0.284266   	0.104119 	0.117407  	0.600347
260	49    	0.222758   	0.317213 	-1        	0.487918
261	48    	0.300369   	0.0999421	-0.0133338	0.487918
262	50    	0.202297   	0.318136 	-1        	0.536281
263	47    	0.203851   	0.368348 	-1        	0.536281
264	43    	0.148894   	0.474386 	-1        	0.536281
265	45    	-0.0175865 	0.589657 	-1        	0.528652
266	47    	-0.0238342 	0.583532 	-1        	0.528652
267	45    	-0.0284713 	0.610382 	-1        	0.528652
268	47    	-0.0515936 	0.596372 	-1        	0.475787
269	44    	0.0601651  	0.536994 	-1        	0.475787
270	49    	-0.0161385 	0.557399 	-1        	0.468805
271	46    	0.115423   	0.457292 	-1        	0.50965 
272	46    	0.265442   	0.280206 	-1        	0.50965 
273	46    	0.216216   	0.369573 	-1        	0.50965 
274	45    	0.158984   	0.434926 	-1        	0.50965 
275	48    	0.0287595  	0.52035  	-1        	0.495532
276	43    	0.109593   	0.488632 	-1        	0.495532
277	49    	0.231324   	0.318987 	-1        	0.495532
278	48    	0.293754   	0.0857146	0.106019  	0.495532
279	46    	0.162949   	0.433711 	-1        	0.455896
280	49    	0.213154   	0.315635 	-1        	0.415257
281	44    	0.254114   	0.324376 	-1        	0.473663
282	47    	0.284622   	0.200994 	-1        	0.473663
283	48    	0.275337   	0.200029 	-1        	0.486734
284	44    	0.1508     	0.430497 	-1        	0.477662
285	49    	0.0228262  	0.546807 	-1        	0.471793
286	46    	-0.0205853 	0.58528  	-1        	0.483083
287	45    	-0.00108843	0.567036 	-1        	0.483083
288	49    	-0.172961  	0.650015 	-1        	0.471035
289	48    	0.051362   	0.52889  	-1        	0.502481
290	47    	0.0178198  	0.543917 	-1        	0.502481
291	48    	0.0260497  	0.549254 	-1        	0.529022
292	43    	0.123426   	0.46454  	-1        	0.529022
293	42    	0.121028   	0.497711 	-1        	0.540453
294	49    	0.168891   	0.39964  	-1        	0.557923
295	49    	0.144244   	0.393905 	-1        	0.491377
296	46    	0.128617   	0.426545 	-1        	0.546161
297	48    	0.2586     	0.272413 	-1        	0.546161
298	50    	0.206885   	0.362996 	-1        	0.505578
299	49    	-0.105398  	0.616883 	-1        	0.505578
300	49    	-0.0406396 	0.571672 	-1        	0.438847
301	45    	0.171987   	0.397794 	-1        	0.455614
302	45    	-0.0367408 	0.604612 	-1        	0.529316
303	47    	-0.102093  	0.620681 	-1        	0.51737 
304	42    	0.00837255 	0.602637 	-1        	0.51737 
305	45    	0.0135218  	0.575119 	-1        	0.5642  
306	47    	-0.03406   	0.607396 	-1        	0.5642  
307	47    	0.092354   	0.518862 	-1        	0.5642  
308	45    	0.048049   	0.5295   	-1        	0.5642  
309	48    	0.0575519  	0.532548 	-1        	0.437811
310	44    	0.20838    	0.410145 	-1        	0.549695
311	47    	0.114595   	0.493917 	-1        	0.509031
312	46    	0.0423356  	0.524344 	-1        	0.420288
313	46    	0.0398596  	0.525178 	-1        	0.469953
314	47    	0.0900555  	0.516927 	-1        	0.597805
315	45    	0.0374559  	0.556663 	-1        	0.597805
316	47    	0.14685    	0.470994 	-1        	0.684024
317	46    	0.21379    	0.369917 	-1        	0.597805
318	46    	0.306292   	0.210232 	-1        	0.543484
319	42    	0.26925    	0.338739 	-1        	0.710449
320	46    	0.278437   	0.289975 	-1        	0.710449
321	47    	0.181592   	0.411972 	-1        	0.74572 
322	46    	0.235432   	0.326946 	-1        	0.74572 
323	46    	0.249662   	0.328524 	-1        	0.74572 
324	44    	0.209501   	0.382143 	-1        	0.74572 
325	49    	0.204419   	0.366248 	-1        	0.503697
326	44    	0.255648   	0.331109 	-1        	0.549083
327	47    	0.265069   	0.274204 	-1        	0.549083
328	47    	0.300306   	0.0975575	0.117048  	0.557833
329	47    	0.323946   	0.100799 	-0.016    	0.557833
330	45    	0.263596   	0.273769 	-1        	0.557833
331	49    	0.2998     	0.100348 	0.0237979 	0.557833
332	44    	0.308265   	0.119869 	-0.0133333	0.557833
333	44    	0.277432   	0.210538 	-1        	0.557833
334	48    	0.308496   	0.0988498	0.0657539 	0.679049
335	49    	0.296377   	0.0914336	0.111665  	0.679049
336	47    	0.294921   	0.128695 	-0.02     	0.679049
337	48    	0.291002   	0.0890072	0.160944  	0.593523
338	48    	0.273744   	0.113017 	-0.0181818	0.490294
339	47    	0.285003   	0.0976002	0.063881  	0.509104
340	43    	0.29147    	0.118834 	-0.015    	0.547007
341	47    	0.247909   	0.273329 	-1        	0.574838
342	44    	0.291757   	0.121359 	0.0830995 	0.574838
343	48    	0.264031   	0.208009 	-1        	0.574838
344	45    	0.230413   	0.267587 	-1        	0.574838
345	45    	0.233047   	0.27341  	-1        	0.574838
346	45    	0.284774   	0.102287 	0.0736218 	0.47272 
347	44    	0.292856   	0.098663 	0.0821507 	0.491927
348	46    	0.274853   	0.201306 	-1        	0.47272 
349	49    	0.200985   	0.359811 	-1        	0.417313
350	50    	0.14076    	0.390251 	-1        	0.465344
351	46    	0.139795   	0.426695 	-1        	0.52671 
352	45    	0.179206   	0.401169 	-1        	0.52671 
353	44    	0.170431   	0.404195 	-1        	0.52671 
354	46    	0.222121   	0.326119 	-1        	0.52671 
355	47    	0.274226   	0.271537 	-1        	0.52671 
356	48    	0.0713823  	0.510333 	-1        	0.52671 
357	43    	0.30109    	0.115565 	0.0121558 	0.52671 
358	47    	0.256119   	0.272588 	-1        	0.522255
359	48    	0.14579    	0.431234 	-1        	0.483558
360	45    	0.206925   	0.363378 	-1        	0.485005
361	47    	0.216698   	0.365415 	-1        	0.473409
362	45    	0.235801   	0.329131 	-1        	0.52483 
363	44    	0.30405    	0.117107 	-0.0171429	0.52483 
364	47    	0.156453   	0.393384 	-1        	0.468752
365	47    	0.199036   	0.361166 	-1        	0.468752
366	45    	0.303727   	0.0932112	-0.01     	0.473728
367	44    	0.213932   	0.314416 	-1        	0.497542
368	46    	0.300491   	0.207308 	-1        	0.526217
369	44    	0.266708   	0.280505 	-1        	0.576109
370	47    	0.137944   	0.467836 	-1        	0.585035
371	45    	0.16147    	0.437437 	-1        	0.585035
372	48    	0.289657   	0.202181 	-1        	0.491379
373	45    	0.205307   	0.363877 	-1        	0.491379
374	47    	0.257452   	0.270191 	-1        	0.491379
375	45    	0.149011   	0.432517 	-1        	0.466119
376	47    	0.197939   	0.368375 	-1        	0.515763
377	45    	0.171502   	0.365105 	-1        	0.515763
378	47    	0.168814   	0.361211 	-1        	0.481492
379	45    	0.181825   	0.370385 	-1        	0.483581
380	49    	0.199204   	0.213369 	-1        	0.471513
381	49    	0.286189   	0.114701 	0.0801121 	0.734889
382	46    	0.300951   	0.220195 	-1        	0.734889
383	47    	0.239559   	0.214213 	-1        	0.734889
384	46    	0.292595   	0.104411 	0.0858041 	0.734889
385	49    	0.278809   	0.0941414	0.0892673 	0.479388
386	44    	0.255696   	0.206476 	-1        	0.479388
387	44    	0.266544   	0.212368 	-1        	0.492409
388	47    	0.236841   	0.202233 	-1        	0.512103
389	48    	0.203262   	0.265293 	-1        	0.492409
390	46    	0.259804   	0.208081 	-1        	0.492409
391	46    	0.307439   	0.0861488	0.142074  	0.503357
392	50    	0.251486   	0.198397 	-1        	0.588157
393	45    	0.215083   	0.370635 	-1        	0.530306
394	47    	0.245674   	0.267637 	-1        	0.499314
395	49    	0.225582   	0.318079 	-1        	0.463374
396	45    	0.225638   	0.32469  	-1        	0.539682
397	48    	0.14877    	0.431329 	-1        	0.569481
398	47    	0.125337   	0.498668 	-1        	0.641926
399	48    	0.127751   	0.466889 	-1        	0.569481
400	46    	0.22567    	0.378746 	-1        	0.598357
401	46    	0.207663   	0.370291 	-1        	0.598357
402	46    	0.292817   	0.107979 	0.0459622 	0.569481
403	47    	0.259728   	0.284819 	-1        	0.696991
404	47    	0.226828   	0.329699 	-1        	0.645575
405	44    	0.235844   	0.328837 	-1        	0.645575
406	50    	0.139109   	0.430544 	-1        	0.614993
407	48    	0.182377   	0.364232 	-1        	0.614993
408	48    	0.289598   	0.197659 	-1        	0.452275
409	47    	0.0693805  	0.506877 	-1        	0.452275
410	48    	0.190822   	0.313592 	-1        	0.452275
411	46    	0.0653789  	0.503477 	-1        	0.452275
412	48    	0.0938185  	0.482641 	-1        	0.452275
413	45    	0.0587405  	0.53255  	-1        	0.452275
414	50    	0.129504   	0.423372 	-1        	0.484557
415	46    	0.21016    	0.365728 	-1        	0.484557
416	45    	0.193298   	0.405184 	-1        	0.484557
417	47    	0.252905   	0.268286 	-1        	0.484872
418	47    	0.106967   	0.489447 	-1        	0.496292
419	47    	0.148533   	0.430458 	-1        	0.473639
420	50    	-0.184202  	0.641827 	-1        	0.493292
421	46    	0.182692   	0.400304 	-1        	0.493292
422	48    	0.153566   	0.431913 	-1        	0.493935
423	48    	0.251741   	0.2717   	-1        	0.511504
424	47    	0.260963   	0.26952  	-1        	0.523301
425	47    	0.154533   	0.4348   	-1        	0.523301
426	46    	0.258769   	0.270995 	-1        	0.551814
427	44    	0.229313   	0.326106 	-1        	0.551814
428	47    	0.263717   	0.278645 	-1        	0.543401
429	46    	0.240798   	0.324773 	-1        	0.528035
430	47    	0.186751   	0.365311 	-1        	0.482008
431	47    	0.253156   	0.270147 	-1        	0.475514
432	47    	0.243723   	0.324524 	-1        	0.507071
433	46    	0.219431   	0.370752 	-1        	0.553378
434	47    	0.26544    	0.273041 	-1        	0.534458
435	46    	0.258762   	0.269494 	-1        	0.477756
436	45    	0.241334   	0.327728 	-1        	0.477756
437	49    	0.239654   	0.323194 	-1        	0.514854
438	47    	0.249755   	0.201113 	-1        	0.4781  
439	47    	0.297396   	0.0870279	0.0404664 	0.455609
440	44    	0.308607   	0.105631 	0.0635954 	0.72141 
441	44    	0.287886   	0.129893 	-0.018    	0.72141 
442	40    	0.303204   	0.242175 	-1        	0.72141 
443	46    	0.305697   	0.12211  	-0.02     	0.72141 
444	46    	0.261398   	0.140069 	-0.016    	0.72141 
445	43    	0.268551   	0.222357 	-1        	0.72141 
446	46    	0.286017   	0.125425 	0.0437068 	0.72141 
447	46    	0.26338    	0.132693 	-0.02     	0.512617
448	48    	0.298991   	0.118092 	-0.0133333	0.630452
449	47    	0.282722   	0.133002 	-0.02     	0.666258
450	41    	0.305841   	0.117604 	0.0748317 	0.571765
451	47    	0.28491    	0.106209 	0.0732303 	0.571765
452	43    	0.306152   	0.16161  	-0.0183334	0.741174
453	48    	0.262276   	0.117384 	-0.0171428	0.571765
454	46    	0.245083   	0.122106 	-0.0177778	0.516912
455	46    	0.24922    	0.120755 	-0.0177778	0.491437
456	49    	0.242096   	0.0929924	-0.0171428	0.461609
457	49    	0.246937   	0.107551 	-0.0177778	0.506217
458	46    	0.27297    	0.14915  	-0.02     	0.563825
459	47    	0.287476   	0.0976795	0.0599073 	0.521011
460	48    	0.281872   	0.0941859	0.075731  	0.46689 
461	47    	0.29466    	0.0815327	0.0748078 	0.455188
462	48    	0.275218   	0.0917548	0.117257  	0.508198
463	45    	0.279846   	0.103495 	0.0388887 	0.65403 
464	41    	0.279699   	0.0942808	0.132212  	0.455188
465	47    	0.263135   	0.101563 	-0.02     	0.457793
466	43    	0.285682   	0.0919898	0.0756342 	0.457793
467	42    	0.309784   	0.0972856	-0.02     	0.50665 
468	45    	0.278533   	0.210822 	-1        	0.501999
469	47    	0.28565    	0.108453 	-0.02     	0.563063
470	49    	0.286259   	0.0729183	0.114834  	0.43276 
471	45    	0.288529   	0.1162   	-0.02     	0.755814
472	43    	0.244836   	0.139458 	-0.016    	0.755814
473	48    	0.228562   	0.130803 	-0.02     	0.454076
474	48    	0.278413   	0.205329 	-1        	0.573169
475	44    	0.31466    	0.118058 	0.125232  	0.69326 
476	47    	0.280517   	0.109322 	-0.0133333	0.573169
477	46    	0.281139   	0.114515 	-0.0166667	0.533786
478	44    	0.288509   	0.1022   	0.0768778 	0.486712
479	47    	0.277191   	0.085517 	0.0854356 	0.45951 
480	49    	0.19868    	0.322755 	-1        	0.565114
481	42    	0.275007   	0.124788 	-0.01     	0.565114
482	48    	0.222297   	0.326663 	-1        	0.542637
483	47    	0.225952   	0.323992 	-1        	0.523856
484	46    	0.22101    	0.33122  	-1        	0.523856
485	45    	-0.14399   	0.645439 	-1        	0.523856
486	47    	-0.0577838 	0.619508 	-1        	0.473821
487	48    	0.0669348  	0.505089 	-1        	0.473496
488	39    	0.184155   	0.404265 	-1        	0.473496
489	47    	0.0505887  	0.531327 	-1        	0.499001
490	46    	0.295011   	0.216091 	-1        	0.544736
491	41    	0.311677   	0.20414  	-1        	0.544736
492	46    	0.275894   	0.276924 	-1        	0.544736
493	45    	0.215958   	0.324684 	-1        	0.544736
494	49    	0.208263   	0.315505 	-1        	0.454396
495	46    	0.212215   	0.364966 	-1        	0.454396
496	46    	0.140426   	0.466681 	-1        	0.546506
497	43    	0.219646   	0.369396 	-1        	0.546506
498	45    	0.14403    	0.470999 	-1        	0.50701 
499	43    	0.279792   	0.274891 	-1        	0.50701 
500	46    	0.273248   	0.274616 	-1        	0.50701 
501	45    	0.261998   	0.271438 	-1        	0.50701 
502	49    	0.251077   	0.271926 	-1        	0.553224
503	48    	0.239607   	0.321989 	-1        	0.477745
504	47    	0.283769   	0.196666 	-1        	0.477745
505	46    	0.199706   	0.362276 	-1        	0.480675
506	41    	0.236737   	0.326475 	-1        	0.492226
507	47    	0.22969    	0.324745 	-1        	0.48361 
508	47    	0.156078   	0.400717 	-1        	0.486117
509	44    	0.24985    	0.273511 	-1        	0.525021
510	49    	0.277044   	0.198566 	-1        	0.504741
511	49    	0.274485   	0.208443 	-1        	0.615461
512	46    	0.163886   	0.393953 	-1        	0.45574 
513	47    	0.151205   	0.431165 	-1        	0.45574 
514	45    	0.05682    	0.532665 	-1        	0.473239
515	47    	0.130013   	0.460696 	-1        	0.473239
516	47    	0.110184   	0.490488 	-1        	0.476339
517	43    	0.0956184  	0.519549 	-1        	0.48881 
518	43    	0.23106    	0.37551  	-1        	0.497758
519	50    	0.0827567  	0.479094 	-1        	0.467417
520	47    	0.0139742  	0.545505 	-1        	0.482018
521	46    	0.275158   	0.27393  	-1        	0.633952
522	46    	0.0933847  	0.484122 	-1        	0.5007  
523	47    	0.162844   	0.434813 	-1        	0.479279
524	46    	0.0977042  	0.484102 	-1        	0.479279
525	49    	0.0866298  	0.51632  	-1        	0.630538
526	45    	0.132845   	0.467127 	-1        	0.630538
527	48    	0.289721   	0.101932 	-0.016    	0.630538
528	48    	0.264888   	0.201093 	-1        	0.630538
529	48    	0.294925   	0.0844209	0.115177  	0.476619
530	49    	0.170161   	0.397339 	-1        	0.476619
531	47    	0.219539   	0.321932 	-1        	0.475856
532	46    	0.236231   	0.373175 	-1        	0.524728
533	47    	0.1229     	0.460774 	-1        	0.543978
534	45    	0.241434   	0.325214 	-1        	0.543978
535	49    	0.116285   	0.460907 	-1        	0.543978
536	49    	0.112027   	0.455432 	-1        	0.495535
537	46    	0.151652   	0.433841 	-1        	0.495535
538	48    	0.156419   	0.436339 	-1        	0.492292
539	48    	0.226243   	0.318555 	-1        	0.492292
540	48    	0.141807   	0.428314 	-1        	0.492292
541	49    	0.186666   	0.360369 	-1        	0.455813
542	49    	0.0925089  	0.482786 	-1        	0.438988
543	44    	0.234088   	0.269895 	-1        	0.456984
544	48    	0.189901   	0.359299 	-1        	0.466857
545	45    	0.246659   	0.266992 	-1        	0.46163 
546	47    	0.215584   	0.322603 	-1        	0.488784
547	48    	0.298863   	0.0793456	0.125702  	0.488784
548	44    	0.279478   	0.205787 	-1        	0.483562
549	46    	0.233066   	0.326626 	-1        	0.541095
550	47    	0.27232    	0.275688 	-1        	0.626646
551	45    	0.292832   	0.2193   	-1        	0.626646
552	45    	0.284961   	0.206879 	-1        	0.626646
553	48    	0.314725   	0.213685 	-1        	0.754108
554	46    	0.306183   	0.211499 	-1        	0.754108
555	44    	0.311759   	0.104934 	-0.016    	0.754108
556	44    	0.301635   	0.212565 	-1        	0.754108
557	43    	0.168141   	0.442762 	-1        	0.754108
558	47    	0.0734408  	0.512017 	-1        	0.577334
559	48    	-0.115741  	0.609451 	-1        	0.49281 
560	47    	0.192215   	0.360949 	-1        	0.539251
561	45    	0.183131   	0.402824 	-1        	0.539251
562	47    	0.152776   	0.432701 	-1        	0.539251
563	46    	0.224506   	0.322974 	-1        	0.539251
564	48    	0.200502   	0.363865 	-1        	0.539251
565	49    	0.244974   	0.263985 	-1        	0.460661
566	45    	0.029255   	0.551988 	-1        	0.460661
567	50    	0.136197   	0.4291   	-1        	0.510217
568	48    	0.146037   	0.432919 	-1        	0.510217
569	49    	0.181486   	0.402128 	-1        	0.493338
570	45    	0.136795   	0.465411 	-1        	0.481098
571	46    	0.177418   	0.439466 	-1        	0.481098
572	45    	0.133759   	0.465025 	-1        	0.503992
573	46    	-0.0153176 	0.560748 	-1        	0.479208
574	45    	0.0973397  	0.485174 	-1        	0.479208
575	46    	0.0432744  	0.5267   	-1        	0.48112 
576	48    	0.220391   	0.315247 	-1        	0.461684
577	47    	0.140789   	0.465214 	-1        	0.459159
578	48    	0.217581   	0.317172 	-1        	0.459159
579	48    	0.194806   	0.40413  	-1        	0.484559
580	46    	0.127627   	0.460653 	-1        	0.471892
581	45    	0.250857   	0.274481 	-1        	0.490447
582	49    	0.17667    	0.355014 	-1        	0.485274
583	42    	0.233378   	0.371196 	-1        	0.485274
584	45    	0.226654   	0.318381 	-1        	0.485274
585	44    	0.0908123  	0.517096 	-1        	0.448522
586	44    	0.107878   	0.487535 	-1        	0.448522
587	47    	0.100787   	0.484738 	-1        	0.463388
588	46    	0.263618   	0.27313  	-1        	0.4771  
589	46    	0.105708   	0.486875 	-1        	0.465136
590	49    	0.165425   	0.435517 	-1        	0.517093
591	45    	0.0594772  	0.534706 	-1        	0.517093
592	47    	0.115254   	0.493154 	-1        	0.517093
593	46    	0.170082   	0.404808 	-1        	0.57251 
594	48    	0.175211   	0.314328 	-1        	0.496179
595	46    	0.266902   	0.21372  	-1        	0.605525
596	47    	0.282499   	0.0823176	0.0957484 	0.472687
597	46    	0.276932   	0.206972 	-1        	0.65364 
598	44    	0.307797   	0.0945366	-0.018    	0.472687
599	46    	0.21541    	0.321856 	-1        	0.518611
600	47    	0.274023   	0.198864 	-1        	0.472687
601	45    	0.178151   	0.400843 	-1        	0.518825
602	45    	0.217488   	0.378876 	-1        	0.740656
603	45    	0.294914   	0.215548 	-1        	0.712411
604	46    	0.291925   	0.214978 	-1        	0.605471
605	48    	0.298857   	0.0858754	0.120248  	0.579315
606	47    	0.284964   	0.094028 	-0.0175   	0.516726
607	45    	0.260495   	0.19672  	-1        	0.516726
608	47    	0.201224   	0.317793 	-1        	0.516726
609	49    	0.257154   	0.196166 	-1        	0.516726
610	44    	0.264213   	0.216239 	-1        	0.516726
611	48    	0.263898   	0.107904 	-0.02     	0.478717
612	47    	0.285933   	0.1092   	-0.0166667	0.478717
613	45    	0.275815   	0.125096 	-0.0177778	0.534227
614	47    	0.295378   	0.105012 	0.0828865 	0.478717
615	47    	0.252743   	0.199521 	-1        	0.478717
616	47    	0.27938    	0.102597 	0.0775452 	0.510766
617	48    	0.273331   	0.0978702	0.0587111 	0.505925
618	46    	0.295459   	0.098364 	-0.01     	0.494925
619	47    	0.296494   	0.111642 	0.0744177 	0.687817
620	48    	0.236414   	0.2682   	-1        	0.499446
621	48    	0.267193   	0.271929 	-1        	0.465123
622	49    	0.216534   	0.318914 	-1        	0.451933
623	42    	0.247373   	0.327462 	-1        	0.459403
624	46    	0.275909   	0.198581 	-1        	0.451933
625	46    	0.196003   	0.363518 	-1        	0.531815
626	45    	0.198701   	0.366113 	-1        	0.531815
627	43    	0.27172    	0.276923 	-1        	0.531815
628	49    	0.296352   	0.111827 	-0.0133334	0.662094
629	44    	0.286512   	0.215708 	-1        	0.662094
630	46    	0.276414   	0.206489 	-1        	0.510333
631	38    	0.328365   	0.112785 	-0.0166667	0.510333
632	42    	0.283923   	0.276379 	-1        	0.510333
633	48    	0.167754   	0.403125 	-1        	0.565737
634	44    	0.117805   	0.493981 	-1        	0.565737
635	44    	0.224959   	0.371424 	-1        	0.565737
636	47    	0.273318   	0.281056 	-1        	0.573868
637	49    	0.105791   	0.489244 	-1        	0.573868
638	48    	0.0513195  	0.531241 	-1        	0.573868
639	46    	-0.0814115 	0.635034 	-1        	0.552149
640	48    	0.143563   	0.429743 	-1        	0.552149
641	46    	0.223831   	0.371947 	-1        	0.552149
642	46    	0.216324   	0.371409 	-1        	0.602999
643	45    	0.319797   	0.106915 	0.130379  	0.602999
644	47    	0.238918   	0.280517 	-1        	0.602999
645	43    	0.287122   	0.225365 	-1        	0.609802
646	45    	0.272114   	0.216359 	-1        	0.609802
647	48    	0.302202   	0.114084 	-0.015    	0.609802
648	47    	0.307386   	0.123358 	0.0613253 	0.612782
649	45    	0.319793   	0.116986 	0.125665  	0.612782
650	46    	0.320258   	0.133935 	-0.0133334	0.612782
651	49    	0.26816    	0.214127 	-1        	0.608862
652	48    	0.252103   	0.101615 	-0.016    	0.557304
653	48    	0.280176   	0.0982862	0.100581  	0.624124
654	48    	0.229255   	0.201219 	-1        	0.54962 
655	45    	0.260963   	0.094845 	0.0780676 	0.54962 
656	43    	0.299914   	0.0942272	0.123778  	0.54962 
657	45    	0.292593   	0.0978206	0.120196  	0.54962 
658	46    	0.297117   	0.109251 	0.0895376 	0.54962 
659	44    	0.29971    	0.1103   	-0.017143 	0.54962 
660	45    	0.252345   	0.26821  	-1        	0.449083
661	47    	0.265358   	0.198287 	-1        	0.500706
662	44    	0.182206   	0.402576 	-1        	0.500706
663	42    	0.238718   	0.275716 	-1        	0.500706
664	47    	0.268745   	0.209566 	-1        	0.593718
665	44    	0.227223   	0.326596 	-1        	0.593718
666	47    	0.239752   	0.266882 	-1        	0.443814
667	48    	0.277384   	0.198113 	-1        	0.474872
668	49    	0.245285   	0.204542 	-1        	0.537955
669	43    	0.2337     	0.324509 	-1        	0.537955
670	50    	0.231417   	0.324449 	-1        	0.656871
671	44    	0.159758   	0.434159 	-1        	0.484505
672	46    	0.181124   	0.402156 	-1        	0.498343
673	46    	0.194093   	0.361506 	-1        	0.498343
674	46    	0.202576   	0.365436 	-1        	0.501905
675	46    	0.24638    	0.279831 	-1        	0.501905
676	46    	0.273461   	0.270891 	-1        	0.501905
677	47    	0.275329   	0.205813 	-1        	0.510422
678	42    	0.199118   	0.411388 	-1        	0.564418
679	45    	0.215455   	0.325484 	-1        	0.564418
680	45    	0.278254   	0.209193 	-1        	0.643798
681	46    	0.183505   	0.362726 	-1        	0.643798
682	46    	0.299812   	0.0893178	0.11056   	0.538727
683	46    	0.290847   	0.0940451	0.103639  	0.538727
684	45    	0.282303   	0.205716 	-1        	0.538727
685	44    	0.289971   	0.208697 	-1        	0.538727
686	49    	0.24941    	0.2701   	-1        	0.504098
687	48    	0.226367   	0.264346 	-1        	0.439243
688	45    	0.203404   	0.362947 	-1        	0.443663
689	44    	0.116838   	0.457474 	-1        	0.451286
690	46    	0.0976861  	0.519303 	-1        	0.504932
691	48    	0.028086   	0.551166 	-1        	0.480244
692	45    	0.147731   	0.430817 	-1        	0.506339
693	47    	-0.0352395 	0.577085 	-1        	0.506339
694	47    	-0.00564299	0.593772 	-1        	0.526886
695	44    	0.0557476  	0.564938 	-1        	0.506339
696	44    	0.1025     	0.522685 	-1        	0.536088
697	46    	-0.412287  	0.667066 	-1        	0.508156
698	48    	-0.498708  	0.64284  	-1        	0.506339
699	49    	-0.0993274 	0.621627 	-1        	0.57622 
700	46    	-0.158655  	0.635293 	-1        	0.481714
701	47    	-0.1969    	0.659822 	-1        	0.481714
702	48    	-0.0594828 	0.590914 	-1        	0.515947
703	44    	-0.000923238	0.568135 	-1        	0.515947
704	47    	-0.0446458  	0.602062 	-1        	0.541629
705	44    	0.0584233   	0.538113 	-1        	0.541629
706	46    	0.199207    	0.368847 	-1        	0.541629
707	44    	0.224113    	0.374628 	-1        	0.541629
708	47    	0.13615     	0.464319 	-1        	0.541629
709	43    	0.263978    	0.279636 	-1        	0.541629
710	42    	0.228831    	0.330558 	-1        	0.541629
711	46    	0.308175    	0.101802 	0.112074  	0.541629
712	48    	0.275183    	0.0959586	0.0370861 	0.541629
713	47    	0.303951    	0.0734435	0.113328  	0.424558
714	49    	0.253503    	0.0966429	-0.0181818	0.433023
715	45    	0.224617    	0.320314 	-1        	0.545116
716	50    	0.141276    	0.391363 	-1        	0.419174
717	46    	0.20119     	0.371095 	-1        	0.60581 
718	47    	0.248064    	0.267122 	-1        	0.446132
719	45    	0.228279    	0.319481 	-1        	0.458442
720	47    	0.209528    	0.365019 	-1        	0.54962 
721	47    	0.263587    	0.212017 	-1        	0.54962 
722	48    	0.235672    	0.323243 	-1        	0.549154
723	48    	0.263972    	0.269271 	-1        	0.549154
724	48    	0.145531    	0.435643 	-1        	0.549154
725	48    	0.208906    	0.317204 	-1        	0.490096
726	48    	0.243796    	0.268321 	-1        	0.546727
727	45    	0.291454    	0.217725 	-1        	0.546727
728	50    	0.288891    	0.0898424	0.100371  	0.507524
729	47    	0.197858    	0.361139 	-1        	0.507524
730	47    	0.312797    	0.0924631	-0.01     	0.498784
731	45    	0.147787    	0.435688 	-1        	0.493325
732	49    	0.0868169   	0.481835 	-1        	0.453797
733	44    	0.102571    	0.487431 	-1        	0.46994 
734	46    	0.19675     	0.368179 	-1        	0.500706
735	46    	0.303712    	0.0887408	0.0940311 	0.500706
736	45    	0.221293    	0.322115 	-1        	0.599152
737	46    	0.243305    	0.275342 	-1        	0.599152
738	47    	0.24903     	0.221618 	-1        	0.599152
739	47    	0.273536    	0.213476 	-1        	0.599152
740	45    	0.299857    	0.120215 	-0.0133333	0.548217
741	48    	0.288779    	0.116102 	-0.02     	0.570925
742	47    	0.291048    	0.123267 	-0.0166667	0.524544
743	46    	0.312239    	0.110302 	-0.0171429	0.524544
744	46    	0.290538    	0.115273 	-0.0133333	0.524544
745	47    	0.267247    	0.103231 	-0.0177778	0.541005
746	49    	0.232449    	0.199074 	-1        	0.458916
747	47    	0.247148    	0.209071 	-1        	0.490547
748	46    	0.263623    	0.205064 	-1        	0.490547
749	44    	0.294032    	0.2087   	-1        	0.505983
750	46    	0.24126     	0.331023 	-1        	0.620176
751	47    	0.26587     	0.222771 	-1        	0.620176
752	46    	0.108074    	0.455509 	-1        	0.490547
753	46    	0.281623    	0.197526 	-1        	0.490547
754	42    	0.295024    	0.100086 	-0.0160001	0.490547
755	41    	0.216755    	0.28066  	-1        	0.490547
756	45    	0.24596     	0.272541 	-1        	0.490547
757	47    	0.256779    	0.117985 	0.0836124 	0.553574
758	47    	0.202051    	0.258282 	-1        	0.408894
759	44    	0.256237    	0.0853655	-0.018    	0.449945
760	43    	0.291988    	0.0851093	-0.018    	0.461956
761	48    	0.170486    	0.355575 	-1        	0.519773
762	49    	0.242936    	0.264694 	-1        	0.567282
763	46    	0.269466    	0.212181 	-1        	0.567282
764	46    	0.28781     	0.138362 	-0.016    	0.646544
765	46    	0.279091    	0.119096 	-0.0199999	0.567282
766	48    	0.300577    	0.0953367	0.0590096 	0.567282
767	46    	0.302646    	0.086974 	0.0984254 	0.567282
768	45    	0.251061    	0.208285 	-1        	0.527041
769	45    	0.194467    	0.319422 	-1        	0.527041
770	42    	0.279806    	0.107448 	-0.0181818	0.527041
771	46    	0.257564    	0.201033 	-1        	0.527041
772	45    	0.226638    	0.269273 	-1        	0.527041
773	45    	0.285433    	0.211336 	-1        	0.624094
774	48    	0.272735    	0.20514  	-1        	0.624094
775	44    	0.270158    	0.276915 	-1        	0.624094
776	47    	0.297088    	0.203511 	-1        	0.575085
777	45    	0.296288    	0.215952 	-1        	0.575085
778	47    	0.208252    	0.319365 	-1        	0.5018  
779	46    	0.224867    	0.321099 	-1        	0.5018  
780	45    	0.276765    	0.204409 	-1        	0.505294
781	45    	0.258895    	0.274807 	-1        	0.58713 
782	45    	0.231847    	0.328129 	-1        	0.58713 
783	46    	0.272638    	0.115621 	-0.02     	0.58713 
784	42    	0.261699    	0.22348  	-1        	0.58713 
785	47    	0.272321    	0.208922 	-1        	0.58713 
786	48    	0.276966    	0.20103  	-1        	0.555281
787	46    	0.263098    	0.270379 	-1        	0.555281
788	42    	0.225187    	0.376033 	-1        	0.555281
789	45    	0.263504    	0.276616 	-1        	0.555281
790	48    	0.297284    	0.100699 	-0.0166667	0.555281
791	48    	0.305503    	0.0922258	0.163434  	0.555281
792	47    	0.30857     	0.0940534	0.104003  	0.555281
793	45    	0.299715    	0.100529 	0.132132  	0.511275
794	46    	0.201842    	0.363814 	-1        	0.54589 
795	48    	0.270713    	0.202531 	-1        	0.511275
796	44    	0.220106    	0.370145 	-1        	0.511275
797	48    	0.205161    	0.362068 	-1        	0.511275
798	44    	0.272626    	0.204688 	-1        	0.511275
799	47    	0.172096    	0.39765  	-1        	0.511275
800	44    	0.314552    	0.0923303	0.107691  	0.555913
801	45    	0.301914    	0.212148 	-1        	0.555913
802	47    	0.298247    	0.208078 	-1        	0.555913
803	48    	0.275239    	0.208524 	-1        	0.553267
804	46    	0.203898    	0.368805 	-1        	0.79047 
805	46    	0.273051    	0.200147 	-1        	0.447932
806	46    	0.261131    	0.272799 	-1        	0.57405 
807	47    	0.260596    	0.26927  	-1        	0.505446
808	48    	0.0598232   	0.505173 	-1        	0.52575 
809	47    	0.225119    	0.319729 	-1        	0.52575 
810	47    	0.245138    	0.205329 	-1        	0.558136
811	45    	0.282616    	0.207928 	-1        	0.558136
812	46    	0.226258    	0.322705 	-1        	0.558136
813	47    	0.183491    	0.40736  	-1        	0.558136
814	43    	0.132308    	0.464231 	-1        	0.558136
815	49    	0.212777    	0.319409 	-1        	0.458912
816	46    	-0.038398   	0.57301  	-1        	0.436938
817	46    	0.200717    	0.364346 	-1        	0.472921
818	49    	0.270894    	0.193039 	-1        	0.436118
819	46    	0.135886    	0.463905 	-1        	0.454047
820	44    	0.176394    	0.403742 	-1        	0.469385
821	45    	0.229581    	0.369532 	-1        	0.489925
822	45    	0.126684    	0.464345 	-1        	0.544511
823	45    	0.236489    	0.269193 	-1        	0.544511
824	47    	0.0392976   	0.524909 	-1        	0.493565
825	46    	0.232436    	0.260598 	-1        	0.456282
826	47    	0.277908    	0.0963845	0.0754768 	0.610259
827	47    	0.239078    	0.263523 	-1        	0.513694
828	42    	0.285229    	0.0924231	-0.0166667	0.513694
829	48    	0.302132    	0.0861737	0.0783369 	0.54537 
830	46    	0.294001    	0.201514 	-1        	0.521711
831	49    	0.214917    	0.321174 	-1        	0.507069
832	45    	0.215564    	0.318687 	-1        	0.507069
833	48    	0.269327    	0.196751 	-1        	0.503757
834	48    	0.254661    	0.267158 	-1        	0.503757
835	49    	0.186333    	0.361407 	-1        	0.455433
836	45    	0.236723    	0.325112 	-1        	0.47393 
837	49    	0.0907028   	0.482349 	-1        	0.472899
838	47    	-0.005709   	0.562197 	-1        	0.543724
839	47    	0.0565293   	0.535997 	-1        	0.543724
840	45    	0.106049    	0.524485 	-1        	0.543724
841	48    	-0.0199677  	0.584874 	-1        	0.511237
842	39    	0.18129     	0.44797  	-1        	0.511237
843	48    	0.165494    	0.438971 	-1        	0.587725
844	44    	0.137222    	0.504948 	-1        	0.587725
845	45    	0.161485    	0.438007 	-1        	0.587725
846	48    	0.110916    	0.457208 	-1        	0.587725
847	49    	0.133625    	0.460558 	-1        	0.494454
848	47    	-0.0881987  	0.600738 	-1        	0.481439
849	48    	0.244189    	0.264246 	-1        	0.481439
850	44    	-0.0229811  	0.584131 	-1        	0.508078
851	46    	0.180429    	0.408535 	-1        	0.771032
852	42    	0.183811    	0.45638  	-1        	0.771032
853	45    	0.0669933   	0.547446 	-1        	0.771032
854	41    	0.152388    	0.486036 	-1        	0.771032
855	46    	0.251028    	0.335471 	-1        	0.771032
856	47    	0.183272    	0.404775 	-1        	0.540323
857	47    	0.106216    	0.490476 	-1        	0.502567
858	46    	0.0901476   	0.486168 	-1        	0.502567
859	47    	0.0317962   	0.521923 	-1        	0.502567
860	49    	0.178146    	0.35521  	-1        	0.434873
861	45    	0.272185    	0.101662 	-0.015    	0.463918
862	47    	0.230687    	0.267947 	-1        	0.520561
863	46    	0.276922    	0.107692 	0.0571929 	0.59298 
864	46    	0.262067    	0.211845 	-1        	0.502879
865	49    	0.203477    	0.321226 	-1        	0.48119 
866	47    	0.126203    	0.465112 	-1        	0.521745
867	45    	0.212979    	0.369743 	-1        	0.552609
868	45    	0.183668    	0.405924 	-1        	0.521745
869	43    	0.307748    	0.10549  	0.107225  	0.521745
870	47    	0.283844    	0.0818818	0.040045  	0.521745
871	47    	0.307412    	0.0967624	0.161534  	0.553024
872	47    	0.274341    	0.211474 	-1        	0.576313
873	47    	0.209672    	0.267705 	-1        	0.553024
874	43    	0.264036    	0.204499 	-1        	0.484864
875	44    	0.211231    	0.322423 	-1        	0.450982
876	41    	0.18202     	0.445295 	-1        	0.512306
877	48    	0.2085      	0.321879 	-1        	0.521682
878	45    	0.187045    	0.404845 	-1        	0.521682
879	48    	0.185343    	0.40345  	-1        	0.522908
880	43    	0.0951689   	0.518029 	-1        	0.468487
881	46    	-0.00502047 	0.565023 	-1        	0.468487
882	46    	0.0545111   	0.531647 	-1        	0.468487
883	45    	-0.0249502  	0.582746 	-1        	0.468487
884	47    	0.0910118   	0.516364 	-1        	0.528983
885	42    	0.101912    	0.48871  	-1        	0.528983
886	44    	0.139933    	0.469397 	-1        	0.528983
887	46    	0.120116    	0.458906 	-1        	0.528983
888	43    	0.170912    	0.441723 	-1        	0.528983
889	44    	0.295582    	0.203696 	-1        	0.528983
890	47    	0.261588    	0.205085 	-1        	0.528983
891	45    	0.256448    	0.27234  	-1        	0.528983
892	44    	0.318663    	0.0803321	0.153811  	0.528983
893	48    	0.199754    	0.367297 	-1        	0.528983
894	47    	0.292393    	0.20655  	-1        	0.528983
895	46    	0.239132    	0.26858  	-1        	0.51686 
896	49    	0.173928    	0.400489 	-1        	0.51686 
897	49    	0.258338    	0.202983 	-1        	0.545322
898	46    	0.163673    	0.39409  	-1        	0.463187
899	47    	0.205559    	0.312119 	-1        	0.417697
900	46    	0.272232    	0.200712 	-1        	0.466411
901	46    	0.251064    	0.274644 	-1        	0.570413
902	45    	0.278333    	0.213866 	-1        	0.525404
903	47    	0.288333    	0.204545 	-1        	0.525404
904	48    	0.302637    	0.0929441	0.0687172 	0.525404
905	44    	0.277807    	0.205102 	-1        	0.488307
906	44    	0.31307     	0.109246 	0.0749387 	0.572276
907	48    	0.260713    	0.207048 	-1        	0.589734
908	47    	0.199193    	0.362513 	-1        	0.589734
909	46    	0.259976    	0.279544 	-1        	0.625152
910	44    	0.281692    	0.277499 	-1        	0.625152
911	45    	0.28561     	0.20704  	-1        	0.625152
912	45    	0.144238    	0.432726 	-1        	0.516222
913	46    	0.13517     	0.465361 	-1        	0.516222
914	45    	-0.0136429  	0.59333  	-1        	0.561872
915	46    	-0.0476988  	0.59988  	-1        	0.500392
916	47    	0.0292859   	0.553081 	-1        	0.500392
917	46    	0.0226036   	0.549603 	-1        	0.500392
918	43    	0.314387    	0.218041 	-1        	0.706056
919	48    	0.178471    	0.44494  	-1        	0.585645
920	43    	0.309017    	0.211466 	-1        	0.52309 
921	42    	0.186808    	0.446982 	-1        	0.52309 
922	44    	0.307983    	0.207067 	-1        	0.553309
923	43    	0.193405    	0.36968  	-1        	0.553309
924	48    	0.287663    	0.126868 	-0.0166667	0.57491 
925	40    	0.282153    	0.287137 	-1        	0.57491 
926	44    	0.24493     	0.244151 	-1        	0.57491 
927	43    	0.266413    	0.172621 	-0.0200001	0.57491 
928	46    	0.260588    	0.173134 	-0.0174999	0.645946
929	46    	0.299936    	0.165755 	-0.0175   	0.64633 
930	46    	0.313833    	0.187772 	-0.0171428	0.781405
931	46    	0.229726    	0.202414 	-0.02     	0.781405
932	48    	0.217785    	0.186859 	-0.02     	0.781405
933	45    	0.242244    	0.173024 	-0.0177778	0.724948
934	48    	0.257593    	0.143798 	-0.016    	0.724948
935	43    	0.220551    	0.135521 	-0.02     	0.466947
936	47    	0.25531     	0.120551 	-0.02     	0.576508
937	48    	0.251806    	0.104027 	-0.0166667	0.423234
938	48    	0.262847    	0.124456 	-0.02     	0.520856
939	44    	0.27428     	0.100652 	-0.0177778	0.520856
940	45    	0.268547    	0.110943 	-0.018    	0.514584
941	45    	0.274871    	0.115601 	-0.02     	0.514584
942	48    	0.267239    	0.102245 	-0.0166667	0.514584
943	46    	0.240263    	0.26866  	-1        	0.514584
944	45    	0.214103    	0.272075 	-1        	0.514584
945	45    	0.225517    	0.219692 	-1        	0.514584
946	49    	0.25255     	0.105536 	-0.0133337	0.453424
947	45    	0.23858     	0.122882 	-0.02     	0.49061 
948	47    	0.259777    	0.10543  	-0.0150001	0.482346
949	46    	0.210579    	0.319821 	-1        	0.479296
950	46    	0.203798    	0.316185 	-1        	0.440195
951	46    	0.236427    	0.266527 	-1        	0.529129
952	45    	0.26773     	0.272403 	-1        	0.529129
953	47    	0.311074    	0.0990201	-0.0106186	0.529129
954	47    	0.29909     	0.0923788	-0.02     	0.529129
955	46    	0.221712    	0.325011 	-1        	0.529129
956	44    	0.222826    	0.379582 	-1        	0.617428
957	44    	0.12383     	0.502554 	-1        	0.617428
958	46    	0.0284298   	0.552619 	-1        	0.617428
959	46    	0.0889768   	0.489812 	-1        	0.617428
960	50    	0.175502    	0.402571 	-1        	0.467979
961	49    	0.188744    	0.359048 	-1        	0.442338
962	49    	0.142964    	0.431288 	-1        	0.505553
963	46    	0.170729    	0.440429 	-1        	0.505553
964	47    	0.0977559   	0.48746  	-1        	0.483762
965	48    	0.0745543   	0.477214 	-1        	0.483762
966	45    	0.209329    	0.365674 	-1        	0.483762
967	48    	0.14135     	0.42809  	-1        	0.473862
968	46    	0.0160757   	0.543098 	-1        	0.471353
969	49    	0.216754    	0.318715 	-1        	0.612237
970	47    	0.190586    	0.35959  	-1        	0.444719
971	43    	0.186455    	0.405571 	-1        	0.48603 
972	48    	0.213408    	0.368774 	-1        	0.48603 
973	47    	0.156497    	0.435339 	-1        	0.48603 
974	43    	0.221138    	0.369984 	-1        	0.574983
975	46    	0.25422     	0.325527 	-1        	0.478402
976	46    	0.31556     	0.0850777	0.125304  	0.478402
977	45    	0.220385    	0.370274 	-1        	0.512505
978	46    	0.243075    	0.269491 	-1        	0.517496
979	47    	0.188322    	0.359863 	-1        	0.512505
980	42    	0.270418    	0.276027 	-1        	0.545655
981	47    	0.145616    	0.467889 	-1        	0.575143
982	48    	0.233291    	0.322063 	-1        	0.545655
983	46    	0.193927    	0.364626 	-1        	0.545655
984	44    	0.269959    	0.273483 	-1        	0.49974 
985	47    	0.29042     	0.10793  	-0.0149998	0.513955
986	45    	0.259438    	0.204609 	-1        	0.482542
987	48    	0.267383    	0.199074 	-1        	0.46264 
988	45    	0.218652    	0.321272 	-1        	0.491766
989	45    	0.204072    	0.364009 	-1        	0.486129
990	47    	0.232445    	0.320668 	-1        	0.486129
991	48    	0.275827    	0.199678 	-1        	0.450104
992	44    	0.215165    	0.317056 	-1        	0.45556 
993	46    	0.307665    	0.214498 	-1        	0.6616  
994	49    	0.274963    	0.0797328	0.0915095 	0.500876
995	47    	0.240547    	0.204997 	-1        	0.459027
996	48    	0.287528    	0.0874366	-0.016    	0.484935
997	47    	0.191832    	0.360218 	-1        	0.489125
998	49    	0.283693    	0.196793 	-1        	0.511246
999	48    	0.266302    	0.196847 	-1        	0.429606
1000	50    	0.263877    	0.206023 	-1        	0.487047
