gen	nevals	avg     	stddev	min     	max     
0  	50    	0.218369	0     	0.218369	0.218369
1  	41    	0.0705707	0.110429	-0.0150001	0.296062
2  	50    	0.12611  	0.149326	-0.0160001	0.514537
3  	50    	0.195144 	0.155723	-0.0166667	0.581238
4  	47    	0.214875 	0.192771	-0.0166667	0.591908
5  	48    	0.269047 	0.215692	-0.0166668	0.591908
6  	50    	0.231544 	0.213269	-0.0171428	0.730155
7  	46    	0.287947 	0.218922	-0.0175   	0.706515
8  	48    	0.358138 	0.24831 	-0.0171429	0.730155
9  	45    	0.377076 	0.264578	-0.02     	0.835693
10 	47    	0.317761 	0.249158	-0.0200001	0.824212
11 	42    	0.412434 	0.269862	-0.0175   	0.824212
12 	43    	0.439835 	0.293669	-0.0171429	0.833493
13 	48    	0.457001 	0.266668	-0.017143 	0.820916
14 	45    	0.362086 	0.259423	-0.0175   	0.820916
15 	48    	0.333265 	0.287446	-0.02     	0.834856
16 	47    	0.347523 	0.269266	-0.0166667	0.812083
17 	47    	0.243895 	0.212629	-0.0199999	0.812083
18 	46    	0.366947 	0.237356	-0.0175   	0.833094
19 	47    	0.450702 	0.264282	-0.0177776	0.898959
20 	48    	0.338114 	0.285042	-0.018    	0.898959
21 	46    	0.417868 	0.292232	-0.0171428	0.898959
22 	46    	0.433109 	0.267785	-0.0177779	0.83986 
23 	48    	0.381345 	0.272941	-0.02     	0.83986 
24 	43    	0.484239 	0.236811	-0.02     	0.83986 
25 	49    	0.421939 	0.237017	-0.0133337	0.83986 
26 	46    	0.548061 	0.249644	0.0666782 	0.900666
27 	47    	0.478294 	0.286132	-0.0177778	1.06134 
28 	46    	0.50511  	0.308302	-0.015    	0.982318
29 	47    	0.527991 	0.297218	-0.016    	0.970685
30 	45    	0.441843 	0.314414	0.0738642 	0.970685
31 	44    	0.522986 	0.290865	0.0771822 	0.97871 
32 	48    	0.474232 	0.290928	0.121328  	0.970685
33 	47    	0.423419 	0.297245	-0.0166667	0.970685
34 	46    	0.393037 	0.293092	-0.017143 	0.970685
35 	44    	0.460082 	0.263092	0.0845961 	0.968421
36 	43    	0.482965 	0.281243	-0.018    	0.970685
37 	45    	0.480207 	0.24737 	-0.0133332	0.970685
38 	46    	0.455616 	0.257179	0.0905977 	0.970685
39 	47    	0.462464 	0.23691 	0.161642  	0.940982
40 	44    	0.499963 	0.256122	0.0465064 	0.954157
41 	49    	0.44577  	0.320518	-1        	0.858281
42 	46    	0.469536 	0.24651 	-0.0150001	0.851605
43 	48    	0.455603 	0.302688	-1        	0.851605
44 	46    	0.507996 	0.216642	0.115626  	0.896453
45 	43    	0.558934 	0.335681	-1        	0.97179 
46 	48    	0.460397 	0.285114	-0.0183333	0.97179 
47 	45    	0.534182 	0.266619	0.172889  	0.912404
48 	44    	0.556368 	0.269621	0.0593137 	0.912404
49 	46    	0.549511 	0.265631	0.0994862 	0.968154
50 	44    	0.545507 	0.271265	0.0842041 	0.977914
51 	46    	0.511611 	0.261621	0.173245  	0.977914
52 	47    	0.499535 	0.301297	0.0823896 	0.977914
53 	43    	0.500889 	0.315257	-0.015    	0.969149
54 	41    	0.547199 	0.308046	0.143055  	0.969149
55 	50    	0.421726 	0.307411	-0.0175   	1.03596 
56 	45    	0.445847 	0.28006 	0.0860074 	1.03745 
57 	50    	0.446906 	0.335172	-1        	0.96054 
58 	45    	0.51419  	0.277505	0.131023  	0.966806
59 	46    	0.464531 	0.274119	-0.0171428	0.966806
60 	44    	0.506448 	0.271943	-0.0171416	0.963915
61 	45    	0.563306 	0.309377	-0.0177777	1.09754 
62 	46    	0.498108 	0.270125	0.131804  	1.02315 
63 	48    	0.455634 	0.271476	-0.0166667	1.02315 
64 	45    	0.467557 	0.279401	0.121612  	1.00468 
65 	44    	0.517126 	0.282071	0.105402  	1.0254  
66 	49    	0.495676 	0.285819	-0.0177778	0.980342
67 	49    	0.510222 	0.292937	0.106474  	1.04989 
68 	46    	0.522828 	0.289299	0.133297  	0.982094
69 	46    	0.579631 	0.289578	0.0916027 	1.0466  
70 	50    	0.432519 	0.285939	-0.0166666	0.906741
71 	44    	0.480235 	0.276519	0.083539  	0.906741
72 	47    	0.493785 	0.300351	-0.017143 	0.981849
73 	45    	0.477428 	0.310372	-0.0166667	0.982094
74 	45    	0.418574 	0.283448	0.0620443 	0.982094
75 	46    	0.413426 	0.281556	0.0591698 	0.982094
76 	44    	0.442421 	0.288332	0.0827314 	0.979051
77 	47    	0.376794 	0.281883	-0.0175   	0.979051
78 	45    	0.48773  	0.286102	-0.0133333	0.984233
79 	46    	0.477417 	0.30027 	-0.0133333	0.979051
80 	46    	0.478626 	0.276919	-0.0166666	0.984233
81 	45    	0.438804 	0.299868	-0.0177778	0.984233
82 	47    	0.443001 	0.288135	-0.016    	0.979051
83 	46    	0.456942 	0.292407	-0.0175   	0.97588 
84 	46    	0.434294 	0.273717	0.074067  	0.984233
85 	43    	0.466686 	0.278022	-0.015    	0.984233
86 	47    	0.504318 	0.266099	0.0746548 	0.967085
87 	46    	0.421746 	0.280353	-0.0177778	0.911121
88 	45    	0.471383 	0.284738	-0.01     	0.983752
89 	45    	0.395296 	0.257918	-0.0166666	0.83789 
90 	49    	0.486403 	0.280107	-0.018    	0.903826
91 	45    	0.501687 	0.284192	-0.02     	0.982113
92 	48    	0.456984 	0.274353	-0.016    	0.903826
93 	43    	0.523849 	0.278477	-0.0149999	0.907653
94 	49    	0.582925 	0.29266 	-0.018    	0.969431
95 	47    	0.512442 	0.290381	-0.015    	0.914054
96 	46    	0.493583 	0.280365	0.125794  	0.969431
97 	45    	0.516439 	0.304485	-0.0177778	1.06396 
98 	46    	0.538208 	0.301766	0.0963528 	1.06396 
99 	47    	0.494216 	0.3336  	-0.0177778	0.9869  
100	45    	0.516507 	0.324677	-0.0174922	1.07176 
101	46    	0.54754  	0.319406	0.108527  	1.07176 
102	49    	0.436912 	0.326169	0.0357474 	1.07176 
103	47    	0.450731 	0.309702	-0.0171428	1.05502 
104	46    	0.525831 	0.312209	-0.0160001	1.05502 
105	46    	0.478436 	0.336381	-0.0177778	1.05502 
106	47    	0.506233 	0.328288	-0.0150003	1.07576 
107	47    	0.444948 	0.312546	-0.0166667	1.05502 
108	45    	0.450382 	0.290964	-0.016    	1.05502 
109	46    	0.457018 	0.323472	0.103009  	1.05502 
110	43    	0.537959 	0.340289	0.11668   	1.05502 
111	44    	0.496008 	0.335485	0.0888114 	1.07576 
112	48    	0.372146 	0.281406	-0.0166667	1.05502 
113	44    	0.526568 	0.3075  	0.126369  	1.03673 
114	43    	0.478813 	0.324629	0.107596  	0.986873
115	46    	0.419983 	0.319073	-0.017143 	1.06706 
116	48    	0.402512 	0.281572	0.102652  	1.06706 
117	46    	0.448375 	0.302968	-0.0171429	1.06706 
118	44    	0.487505 	0.31874 	0.0707236 	1.06706 
119	46    	0.39848  	0.323218	-0.0166667	1.07844 
120	46    	0.458064 	0.335745	-0.0166666	1.07844 
121	47    	0.429904 	0.315778	-0.0149999	1.07844 
122	45    	0.45884  	0.307807	0.0668192 	1.07844 
123	46    	0.426433 	0.293571	-0.0133333	1.07844 
124	48    	0.388515 	0.301782	-0.0166652	1.07844 
125	47    	0.389428 	0.252908	-0.015    	1.07844 
126	45    	0.447616 	0.2436  	0.106741  	0.985461
127	44    	0.485802 	0.251896	0.116475  	0.982249
128	43    	0.519678 	0.288805	-0.0175001	0.982249
129	48    	0.425047 	0.277882	0.154341  	0.982249
130	40    	0.468742 	0.307605	0.0653096 	1.00171 
131	48    	0.49153  	0.309325	-0.0166667	0.995057
132	46    	0.475466 	0.297071	0.0533173 	1.04093 
133	46    	0.510225 	0.32771 	0.075858  	1.0074  
134	49    	0.430115 	0.2848  	0.0609547 	1.00488 
135	47    	0.50057  	0.263783	0.119646  	0.942857
136	46    	0.502988 	0.291704	0.0994903 	0.948024
137	47    	0.520658 	0.309624	-0.0177778	1.00545 
138	46    	0.5347   	0.31261 	0.139853  	1.07174 
139	46    	0.528143 	0.337019	-0.0166667	1.1484  
140	47    	0.549414 	0.31789 	-0.01     	1.15386 
141	44    	0.622873 	0.32712 	0.145901  	1.15386 
142	47    	0.490137 	0.338128	-0.0177778	1.15386 
143	47    	0.601025 	0.340206	-0.0133333	1.15386 
144	47    	0.582497 	0.35132 	-0.016    	1.15386 
145	47    	0.563213 	0.339814	0.0663311 	1.15386 
146	45    	0.680525 	0.341111	0.0869593 	1.15386 
147	45    	0.523095 	0.328376	0.171388  	1.07962 
148	41    	0.656681 	0.340415	0.026876  	1.1484  
149	47    	0.505993 	0.335946	-0.0133333	1.1484  
150	48    	0.62082  	0.277014	0.161475  	1.00951 
151	45    	0.522733 	0.2987  	0.0915569 	1.00951 
152	47    	0.55943  	0.2994  	-0.0175   	1.00951 
153	46    	0.611092 	0.305698	0.0460356 	1.15092 
154	49    	0.505732 	0.341912	-0.015    	1.15092 
155	46    	0.562591 	0.321192	0.166971  	1.14329 
156	44    	0.502414 	0.340139	-0.0166667	1.14329 
157	48    	0.533034 	0.319838	0.146703  	1.15092 
158	46    	0.483021 	0.31388 	0.0530152 	1.15092 
159	46    	0.554478 	0.342126	-0.0171429	1.13233 
160	45    	0.54935  	0.384227	-0.0181818	1.15092 
161	44    	0.535863 	0.368041	-0.015    	1.15092 
162	47    	0.458487 	0.334034	0.0625902 	1.13233 
163	45    	0.575931 	0.352566	0.101451  	1.13233 
164	44    	0.557852 	0.351541	0.135455  	1.07636 
165	47    	0.459654 	0.341273	-0.0181818	1.15092 
166	47    	0.453187 	0.318003	0.127309  	1.0746  
167	42    	0.519113 	0.315878	-0.0174999	1.0746  
168	46    	0.53587  	0.350687	-0.0171428	1.15157 
169	47    	0.464411 	0.390805	-1        	1.15157 
170	45    	0.459455 	0.355341	-0.0166666	1.15157 
171	45    	0.424558 	0.365736	-0.016    	1.15157 
172	43    	0.551502 	0.405598	-0.0177778	1.15157 
173	45    	0.543664 	0.407334	0.0750609 	1.15157 
174	45    	0.468463 	0.37085 	-0.0177778	1.15157 
175	49    	0.506816 	0.34126 	-0.0166667	1.15157 
176	44    	0.607516 	0.33874 	-0.0171426	1.07085 
177	46    	0.535097 	0.335971	-0.015    	1.0687  
178	49    	0.443802 	0.288682	0.126417  	1.06868 
179	47    	0.512774 	0.29445 	0.10882   	1.0301  
180	45    	0.50404  	0.304102	-0.016    	1.0301  
181	46    	0.555022 	0.297276	0.106686  	1.07831 
182	45    	0.524455 	0.327972	0.0762468 	1.07831 
183	47    	0.459395 	0.325202	0.0480746 	1.07831 
184	44    	0.542932 	0.35208 	-0.0133333	1.07948 
185	47    	0.648743 	0.337496	0.112681  	1.07847 
186	45    	0.573239 	0.337072	0.120865  	1.07847 
187	48    	0.555131 	0.321351	0.141661  	1.14897 
188	49    	0.517981 	0.333992	-0.0177778	1.07834 
189	47    	0.538868 	0.312963	0.11609   	1.07555 
190	44    	0.563552 	0.329342	0.138747  	1.14237 
191	47    	0.431546 	0.384881	-1        	1.14237 
192	45    	0.464022 	0.339319	-0.0166666	1.14237 
193	47    	0.555172 	0.341114	-0.0175   	1.07139 
194	41    	0.634864 	0.355625	0.107461  	1.07139 
195	47    	0.538282 	0.359764	-0.0175   	1.07139 
196	45    	0.568266 	0.34474 	-0.0181818	1.01773 
197	47    	0.446966 	0.324699	-0.0159976	1.01773 
198	45    	0.461373 	0.296651	0.0638582 	1.01773 
199	47    	0.481397 	0.287507	-0.0150002	0.995385
200	48    	0.51373  	0.302585	0.17731   	1.01758 
201	45    	0.520007 	0.33231 	-0.0180001	1.01758 
202	45    	0.50636  	0.322858	-0.016    	1.01758 
203	49    	0.474857 	0.276235	0.162485  	1.01758 
204	47    	0.518582 	0.291736	0.0805221 	1.0047  
205	47    	0.493537 	0.310556	0.0795376 	1.00596 
206	44    	0.536367 	0.337223	-0.0171231	1.13802 
207	48    	0.499191 	0.350738	-0.0171429	1.15012 
208	47    	0.567219 	0.337128	-0.0133333	1.15012 
209	45    	0.565328 	0.346657	-0.0133338	1.15012 
210	46    	0.4864   	0.338897	-0.0175   	1.15012 
211	49    	0.47592  	0.294528	0.116403  	1.0011  
212	44    	0.560839 	0.289958	-0.02     	1.06621 
213	44    	0.517933 	0.305054	-0.0177778	1.06621 
214	43    	0.621618 	0.290221	0.121104  	1.06621 
215	48    	0.535693 	0.330863	-0.0171428	1.06855 
216	48    	0.469345 	0.287395	-0.0166583	1.07451 
217	46    	0.526844 	0.284329	0.160845  	1.07451 
218	46    	0.497377 	0.286798	-0.0133338	1.07451 
219	49    	0.445741 	0.262353	-0.01     	1.07451 
220	45    	0.548785 	0.299473	-0.0150003	1.07451 
221	47    	0.549768 	0.302097	0.153479  	1.07451 
222	47    	0.482539 	0.306241	-0.0133333	1.07451 
223	48    	0.491006 	0.274419	0.183467  	1.00061 
224	43    	0.50958  	0.290267	0.115417  	1.00052 
225	46    	0.498158 	0.278756	-0.0177778	0.997862
226	46    	0.41096  	0.256333	0.0367911 	0.99274 
227	44    	0.499171 	0.282117	0.117843  	0.994137
228	49    	0.476054 	0.280486	-0.0166667	0.940221
229	48    	0.491613 	0.268745	0.0703354 	0.928698
230	47    	0.424255 	0.268722	-0.0160002	1.07884 
231	48    	0.567068 	0.290253	-0.016    	1.15105 
232	45    	0.566034 	0.306132	0.0533014 	1.07884 
233	43    	0.545117 	0.295247	0.11177   	1.07884 
234	47    	0.408855 	0.269949	-0.0133333	0.940062
235	44    	0.550756 	0.245588	0.190048  	0.982118
236	43    	0.555142 	0.292354	0.137274  	1.00868 
237	48    	0.555305 	0.329816	-0.0149999	1.11424 
238	45    	0.521494 	0.38759 	-1        	1.05329 
239	47    	0.469646 	0.311923	-0.0166667	1.05329 
240	46    	0.528026 	0.321532	0.0949096 	1.05068 
241	47    	0.523202 	0.377323	-1        	1.05068 
242	46    	0.607345 	0.314102	-0.018    	1.05068 
243	46    	0.430245 	0.275623	0.147007  	1.05068 
244	46    	0.49936  	0.326462	-0.02     	1.05068 
245	46    	0.527022 	0.321779	-0.0171429	1.06855 
246	44    	0.472677 	0.304525	-0.0159999	1.06855 
247	46    	0.461622 	0.294173	-0.0175001	1.05068 
248	45    	0.496406 	0.326135	-0.0171429	1.05068 
249	46    	0.485839 	0.301463	0.1152    	1.05068 
250	49    	0.496922 	0.240481	0.212917  	0.958955
251	43    	0.545479 	0.285555	-0.016    	0.969518
252	47    	0.533634 	0.270036	0.132627  	1.03229 
253	42    	0.596822 	0.305265	0.0674513 	1.12946 
254	45    	0.538403 	0.334314	0.0947374 	1.12946 
255	48    	0.478837 	0.391004	-1        	1.12946 
256	49    	0.565176 	0.308485	0.136482  	1.12946 
257	45    	0.568818 	0.309264	0.101772  	1.05412 
258	42    	0.62803  	0.301383	0.202111  	1.05412 
259	45    	0.610585 	0.351192	0.0463821 	1.11445 
260	44    	0.607302 	0.339344	0.166551  	1.19131 
261	47    	0.6036   	0.367985	-0.0133333	1.11654 
262	47    	0.523353 	0.351175	0.0810737 	1.1071  
263	47    	0.417349 	0.323296	-0.018    	1.11595 
264	48    	0.47646  	0.306752	-0.015    	1.04217 
265	49    	0.489109 	0.285747	-0.0175   	0.972188
266	48    	0.553062 	0.296147	-0.0166666	1.04883 
267	49    	0.565763 	0.309508	0.105883  	1.01651 
268	45    	0.615554 	0.319967	-0.0166666	1.04842 
269	47    	0.585176 	0.315566	0.0952295 	1.04675 
270	46    	0.500556 	0.311107	-0.00670266	1.04675 
271	45    	0.523308 	0.33982 	-0.0175    	1.04186 
272	48    	0.50323  	0.313652	-0.018     	1.04186 
273	46    	0.560753 	0.356297	-1         	1.11685 
274	50    	0.582106 	0.29317 	0.0529647  	0.985115
275	47    	0.549318 	0.294361	-0.0160001 	0.973923
276	44    	0.592272 	0.316902	-0.0166652 	0.974377
277	48    	0.510414 	0.310686	-0.015     	0.966761
278	49    	0.528843 	0.277085	0.124251   	1.04428 
279	48    	0.494055 	0.29091 	0.0945056  	1.04428 
280	46    	0.543896 	0.322074	-0.018     	1.04428 
281	44    	0.559155 	0.325315	0.0945056  	1.04428 
282	48    	0.463795 	0.32488 	-0.0166667 	1.04428 
283	43    	0.535972 	0.299592	0.0822065  	1.04428 
284	47    	0.462648 	0.317937	-0.0166667 	1.04428 
285	48    	0.475448 	0.322861	-0.016     	1.04428 
286	46    	0.489465 	0.311295	-0.0166667 	1.04177 
287	43    	0.582805 	0.326496	0.114489   	1.1245  
288	46    	0.52801  	0.34469 	-0.0175    	1.1245  
289	47    	0.444757 	0.316683	0.0626086  	1.04674 
290	45    	0.521627 	0.316008	0.0740183  	1.04674 
291	47    	0.503981 	0.326914	0.093653   	1.04719 
292	47    	0.478585 	0.313783	-0.0171429 	1.04674 
293	44    	0.510316 	0.314254	0.0996643  	1.04719 
294	48    	0.480372 	0.356221	-0.0177779 	1.04719 
295	47    	0.531806 	0.333175	-0.0166556 	1.12448 
296	45    	0.473828 	0.325353	-0.0166666 	0.966317
297	45    	0.543987 	0.299973	-0.0166667 	0.957991
298	43    	0.536328 	0.316956	0.0663554  	0.971279
299	47    	0.468993 	0.310875	-0.0149999 	0.974227
300	44    	0.601702 	0.286766	-0.00503074	0.974227
301	46    	0.508552 	0.322847	-0.0171428 	0.974227
302	43    	0.486381 	0.306626	-0.015     	0.974227
303	47    	0.575184 	0.292985	0.100653   	0.975074
304	44    	0.487429 	0.311368	-0.02      	1.04719 
305	45    	0.491891 	0.309016	-0.0133333 	1.04719 
306	48    	0.505045 	0.373836	-1         	1.03749 
307	47    	0.462512 	0.29767 	-0.0166667 	1.04726 
308	47    	0.462078 	0.316495	-0.0160001 	0.977358
309	47    	0.549049 	0.303824	-0.0166592 	0.977358
310	48    	0.639521 	0.300067	0.116217   	1.09937 
311	45    	0.557714 	0.33423 	0.0966589  	1.04783 
312	46    	0.413088 	0.313225	-0.0171381 	1.03356 
313	47    	0.552433 	0.305784	0.127429   	1.02442 
314	45    	0.449276 	0.314875	-0.0175    	1.02442 
315	46    	0.459566 	0.321345	-0.017143  	1.12409 
316	46    	0.466165 	0.33113 	0.127083   	1.12409 
317	46    	0.441096 	0.355201	0.104967   	1.12409 
318	49    	0.397349 	0.327338	-0.0166667 	1.06768 
319	49    	0.501854 	0.329877	-0.0166667 	0.973943
320	46    	0.498977 	0.306403	-0.0133337 	0.968707
321	45    	0.489727 	0.283323	0.0857874  	0.968707
322	43    	0.585981 	0.283147	0.0909306  	0.968707
323	48    	0.480116 	0.254737	-0.0160001 	0.968707
324	46    	0.5389   	0.282521	-0.0171428 	0.968707
325	43    	0.590778 	0.281604	0.147359   	0.971042
326	45    	0.471844 	0.249138	0.133441   	0.971042
327	45    	0.584678 	0.234433	-0.0200001 	0.968707
328	48    	0.499829 	0.238768	-0.0160001 	0.968707
329	47    	0.557629 	0.232659	0.196286   	0.971042
330	44    	0.546874 	0.272637	0.094583   	1.04915 
331	49    	0.46293  	0.278512	-0.015     	1.04059 
332	49    	0.48538  	0.265723	0.13915    	1.04059 
333	44    	0.566563 	0.272752	0.13915    	1.04059 
334	46    	0.4984   	0.317555	0.13582    	1.04059 
335	46    	0.546186 	0.320756	-0.0133334 	1.12553 
336	44    	0.569419 	0.332385	-0.0149999 	1.04831 
337	45    	0.490682 	0.334778	-0.0133334 	1.04831 
338	45    	0.583804 	0.3326  	-0.018     	1.04831 
339	47    	0.583548 	0.316947	0.0464161  	1.04831 
340	47    	0.562868 	0.346728	-0.0160001 	1.04831 
341	48    	0.538509 	0.343981	0.10523    	1.12494 
342	50    	0.464809 	0.320775	-0.016     	1.04679 
343	44    	0.515363 	0.316448	-0.0133333 	1.04389 
344	49    	0.377917 	0.246773	-0.0133333 	0.965766
345	46    	0.454231 	0.247209	0.0531518  	0.965766
346	44    	0.55008  	0.247219	0.153898   	0.970637
347	45    	0.557397 	0.29191 	-0.0159999 	1.01228 
348	44    	0.515938 	0.325247	-0.016     	1.01228 
349	45    	0.420503 	0.33298 	-0.0133334 	1.03127 
350	44    	0.494736 	0.331083	0.0966834  	1.03127 
351	39    	0.578486 	0.305504	0.06418    	0.986818
352	47    	0.457934 	0.313248	0.0664936  	1.04906 
353	45    	0.533551 	0.310876	-0.016     	0.984685
354	48    	0.642309 	0.313027	0.123943   	1.1217  
355	44    	0.529178 	0.337659	0.0639842  	1.11509 
356	46    	0.478132 	0.306606	-0.0175    	1.04906 
357	49    	0.519988 	0.314761	0.114461   	1.04079 
358	46    	0.591497 	0.327539	0.115847   	1.0492  
359	44    	0.485853 	0.340101	-0.015     	1.11635 
360	48    	0.474886 	0.323732	-0.0160001 	1.11635 
361	48    	0.462271 	0.321271	-0.02      	1.0492  
362	47    	0.517109 	0.304109	-0.018     	1.0492  
363	46    	0.548576 	0.290337	-0.015     	1.04837 
364	47    	0.557107 	0.281079	0.0936304  	0.97641 
365	49    	0.447271 	0.320393	-0.0181776 	1.0492  
366	48    	0.532933 	0.316529	-0.015     	1.04837 
367	48    	0.494006 	0.326318	-0.0133338 	1.04837 
368	47    	0.53929  	0.299973	-0.016     	1.04306 
369	45    	0.611986 	0.298767	0.104977   	1.04306 
370	46    	0.485752 	0.324495	-0.0133333 	1.03628 
371	47    	0.584716 	0.290742	0.151849   	1.04791 
372	46    	0.545811 	0.335827	0.130229   	1.04736 
373	47    	0.456168 	0.331442	-0.0174999 	1.04736 
374	43    	0.495244 	0.34179 	-0.0166667 	1.03805 
375	46    	0.554606 	0.317075	0.0978122  	1.12528 
376	48    	0.479341 	0.329667	0.123966   	1.03805 
377	42    	0.53987  	0.333188	-0.0149999 	1.03805 
378	45    	0.538512 	0.351952	-0.0177778 	1.04148 
379	46    	0.568563 	0.351367	0.109283   	1.04436 
380	50    	0.481009 	0.304617	-0.0160001 	1.04729 
381	48    	0.497678 	0.293614	-0.02      	1.04729 
382	46    	0.617798 	0.297681	0.135008   	1.10029 
383	46    	0.496423 	0.333027	-0.0150001 	1.10029 
384	45    	0.539314 	0.338363	-0.018     	1.04796 
385	47    	0.544106 	0.314917	0.0824135  	1.12545 
386	45    	0.623066 	0.354681	0.0748721  	1.12545 
387	48    	0.559557 	0.348686	-0.0199999 	1.0454  
388	45    	0.430682 	0.293336	-0.02      	1.0454  
389	43    	0.551742 	0.324009	0.133455   	1.0454  
390	44    	0.489925 	0.333367	-0.018     	1.0454  
391	46    	0.437031 	0.333982	-0.0199999 	1.0454  
392	46    	0.489237 	0.326591	0.118332   	1.04951 
393	45    	0.51924  	0.298831	0.104186   	1.0454  
394	46    	0.503806 	0.312351	0.0915524  	1.0454  
395	48    	0.521891 	0.308424	0.14413    	1.04521 
396	48    	0.474521 	0.327978	-0.0160001 	1.04498 
397	46    	0.493279 	0.324908	-0.02      	1.04498 
398	45    	0.535862 	0.301713	0.111059   	1.02007 
399	45    	0.561504 	0.316241	-0.0175    	1.0475  
400	43    	0.613689 	0.319991	0.146885   	1.04275 
401	46    	0.490321 	0.34672 	-0.016     	1.04275 
402	47    	0.491999 	0.312911	-0.0166666 	1.04649 
403	46    	0.539529 	0.343908	0.136817   	1.04738 
404	44    	0.619534 	0.337988	0.115233   	1.12715 
405	46    	0.468545 	0.360497	-0.0175    	1.12715 
406	45    	0.600879 	0.337957	0.114901   	1.12715 
407	45    	0.512906 	0.369742	-0.0166666 	1.12715 
408	47    	0.423858 	0.345414	-0.0150002 	1.12715 
409	46    	0.453653 	0.327949	-0.0175    	1.12559 
410	46    	0.519246 	0.335555	-0.0166667 	1.12559 
411	44    	0.553742 	0.348821	0.104156   	1.15154 
412	45    	0.525756 	0.362697	-0.01      	1.12559 
413	48    	0.5189   	0.346189	-0.0166666 	1.12484 
414	46    	0.569098 	0.358115	-0.0166666 	1.0475  
415	46    	0.559549 	0.346417	-0.0166638 	1.10623 
416	48    	0.553158 	0.30357 	-0.02      	1.03288 
417	44    	0.526953 	0.308821	0.10496    	0.995474
418	46    	0.548938 	0.30023 	-0.0159977 	0.995474
419	45    	0.524955 	0.298858	-0.0166667 	1.05043 
420	45    	0.481679 	0.308035	0.0770484  	0.995474
421	48    	0.491023 	0.274367	-0.0160001 	0.98997 
422	45    	0.513977 	0.271204	-0.0171429 	0.98997 
423	46    	0.468524 	0.301461	-0.015     	0.985015
424	45    	0.520367 	0.30637 	-0.0166667 	0.985015
425	47    	0.562844 	0.334688	-1         	0.985015
426	48    	0.515281 	0.271737	0.127883   	0.975781
427	46    	0.539147 	0.346206	-1         	0.975781
428	46    	0.531271 	0.328546	-1         	0.975781
429	48    	0.460393 	0.210253	0.210753   	0.947242
430	45    	0.551325 	0.309862	-1         	0.915359
431	44    	0.600397 	0.220895	-0.0171321 	0.915359
432	44    	0.593961 	0.238833	0.120678   	0.969529
433	44    	0.543306 	0.281906	0.139302   	1.05051 
434	44    	0.546226 	0.44547 	-1         	1.05051 
435	47    	0.535383 	0.377619	-1         	1.05052 
436	49    	0.485201 	0.384516	-1         	1.05051 
437	47    	0.465971 	0.416821	-1         	1.04794 
438	45    	0.574485 	0.306104	0.109362   	1.11945 
439	46    	0.51934  	0.295268	-0.0199995 	1.11945 
440	46    	0.54436  	0.331348	-0.0200001 	1.11945 
441	46    	0.472421 	0.324934	-0.015     	1.11945 
442	45    	0.53279  	0.295722	-0.0177778 	1.11945 
443	47    	0.540812 	0.347055	-1         	0.980028
444	43    	0.552214 	0.305387	-0.0133334 	1.04882 
445	43    	0.561598 	0.296301	0.0662584  	1.04882 
446	49    	0.432122 	0.347349	-1         	1.04952 
447	49    	0.54803  	0.280461	0.155656   	1.04861 
448	46    	0.526528 	0.31235 	-0.016     	1.04861 
449	45    	0.641517 	0.322479	0.0824192  	1.04861 
450	46    	0.561963 	0.305237	0.122761   	1.04861 
451	50    	0.524082 	0.308576	0.0770717  	0.982693
452	44    	0.574115 	0.305298	-0.0183333 	0.985833
453	45    	0.505721 	0.370113	-1         	0.982693
454	44    	0.526872 	0.320019	0.133559   	0.982693
455	45    	0.551921 	0.316993	-0.0171431 	1.12099 
456	46    	0.462047 	0.41881 	-1         	1.12099 
457	45    	0.583645 	0.29493 	-0.016     	1.05735 
458	45    	0.529682 	0.301991	-0.0171428 	1.05735 
459	49    	0.456868 	0.240867	0.054082   	1.02839 
460	48    	0.522005 	0.25733 	0.0957414  	0.959938
461	44    	0.425309 	0.395935	-1         	0.960226
462	48    	0.457119 	0.349651	-1         	0.959938
463	46    	0.484231 	0.30219 	0.0792823  	1.04751 
464	44    	0.540537 	0.30711 	0.130351   	0.982747
465	44    	0.610568 	0.281789	0.117456   	0.982747
466	46    	0.59155  	0.319706	-0.0166667 	1.12491 
467	45    	0.543887 	0.312776	-0.0174998 	1.12491 
468	45    	0.552142 	0.325354	0.106681   	1.04731 
469	44    	0.539914 	0.333002	-0.0149999 	1.11335 
470	46    	0.553109 	0.338495	0.116694   	1.11335 
471	47    	0.47691  	0.318632	-0.0177778 	1.11335 
472	46    	0.616877 	0.322257	0.0996512  	1.1142  
473	44    	0.549628 	0.457828	-1         	1.1142  
474	45    	0.472177 	0.317939	-0.01      	1.1142  
475	49    	0.499114 	0.383324	-1         	1.10704 
476	47    	0.530463 	0.325358	0.0745972  	1.10704 
477	43    	0.679713 	0.299325	0.192374   	1.10704 
478	49    	0.592841 	0.311406	0.219307   	1.0935  
479	45    	0.631695 	0.350425	0.14162    	1.18286 
480	48    	0.569478 	0.319292	0.178149   	1.18286 
481	50    	0.498109 	0.376233	-1         	1.05613 
482	46    	0.459811 	0.410747	-1         	1.11745 
483	43    	0.613864 	0.310243	0.0774904  	1.18908 
484	47    	0.487111 	0.318071	-0.0175    	1.18908 
485	43    	0.617101 	0.356415	0.0759042  	1.18908 
486	44    	0.586819 	0.352269	0.0903789  	1.11975 
487	47    	0.476173 	0.340978	-0.0177778 	1.1878  
488	45    	0.524626 	0.408505	-1         	1.1878  
489	44    	0.531314 	0.410481	-1         	1.1878  
490	45    	0.449147 	0.361066	-0.0150001 	1.1878  
491	46    	0.501193 	0.349672	0.0530983  	1.18972 
492	49    	0.470096 	0.349753	-0.016     	1.18972 
493	48    	0.443694 	0.333235	-0.0174999 	1.18972 
494	47    	0.551182 	0.346224	0.0644283  	1.18972 
495	46    	0.541543 	0.408984	-1         	1.18167 
496	46    	0.486228 	0.332757	-0.0171429 	1.13736 
497	46    	0.475986 	0.321566	0.0558766  	1.13736 
498	47    	0.526361 	0.314218	-0.0149999 	1.13736 
499	45    	0.582378 	0.330653	0.0829666  	1.07528 
500	44    	0.581146 	0.309161	0.154985   	1.07528 
501	44    	0.541294 	0.330705	-0.0179999 	1.07547 
502	44    	0.636971 	0.32619 	0.12721    	1.13714 
503	43    	0.634287 	0.355206	0.0981558  	1.08487 
504	45    	0.515932 	0.339762	-0.015     	1.07547 
505	43    	0.544743 	0.330599	-0.0175001 	1.07547 
506	46    	0.57369  	0.308882	0.11777    	1.07547 
507	47    	0.444298 	0.293306	0.0866813  	1.07547 
508	45    	0.481965 	0.305038	0.0821043  	1.07547 
509	42    	0.511686 	0.330207	0.13212    	1.07547 
510	47    	0.51017  	0.327237	0.0609438  	1.14303 
511	46    	0.517432 	0.322801	-0.01      	1.06734 
512	47    	0.457196 	0.300073	-0.0133333 	1.06734 
513	48    	0.521105 	0.300534	0.138157   	1.07385 
514	49    	0.465825 	0.274909	0.126608   	1.10794 
515	42    	0.552694 	0.286779	0.0785039  	1.06255 
516	44    	0.520149 	0.312766	-0.0166666 	1.06255 
517	48    	0.478505 	0.29106 	0.115435   	1.06255 
518	48    	0.55071  	0.270803	0.105793   	1.06291 
519	43    	0.490936 	0.350122	-0.02      	1.06291 
520	44    	0.605551 	0.308676	0.138655   	1.06291 
521	50    	0.59109  	0.293583	0.13311    	1.07582 
522	47    	0.518746 	0.272254	0.163503   	1.07582 
523	43    	0.558603 	0.329403	-0.0166668 	1.06291 
524	49    	0.47232  	0.312193	-0.0166666 	1.143   
525	50    	0.468941 	0.261909	-0.015     	0.977472
526	46    	0.521448 	0.291399	-0.0133337 	1.14707 
527	44    	0.55381  	0.324458	-0.0160001 	1.14707 
528	48    	0.511528 	0.332378	0.106848   	1.14707 
529	47    	0.455588 	0.298163	0.0962505  	1.14313 
530	47    	0.398727 	0.266485	-0.015     	1.03475 
531	45    	0.405376 	0.23615 	0.0923577  	1.03475 
532	42    	0.435178 	0.326438	-1         	1.03475 
533	48    	0.378191 	0.321231	-1         	0.937165
534	41    	0.493375 	0.413593	-1         	1.03151 
535	44    	0.617094 	0.303353	-0.016     	1.07229 
536	47    	0.53752  	0.316765	0.0648871  	1.05083 
537	47    	0.570101 	0.30377 	-0.0166667 	1.11513 
538	42    	0.613138 	0.305908	-0.02      	1.11513 
539	45    	0.441479 	0.475357	-1         	1.11513 
540	42    	0.527816 	0.381757	-1         	1.09973 
541	48    	0.415318 	0.338875	-1         	1.07886 
542	44    	0.43967  	0.424127	-1         	1.1878  
543	48    	0.398349 	0.293239	0.0743029  	1.1878  
544	46    	0.465082 	0.369127	-1         	1.1878  
545	46    	0.532578 	0.309338	0.165286   	1.1878  
546	46    	0.423668 	0.421596	-1         	1.09782 
547	48    	0.403598 	0.247567	0.128185   	1.04515 
548	45    	0.507293 	0.277039	0.130913   	1.04515 
549	48    	0.467343 	0.331564	-1         	0.987168
550	45    	0.363333 	0.441542	-1         	1.03771 
551	49    	0.474376 	0.27233 	0.116944   	1.03771 
552	47    	0.51953  	0.264149	0.184175   	1.00699 
553	45    	0.447695 	0.404294	-1         	1.00699 
554	46    	0.541067 	0.267017	0.112686   	1.00699 
555	43    	0.558266 	0.27039 	0.17119    	1.00875 
556	48    	0.510661 	0.291164	0.0488945  	1.04494 
557	48    	0.51458  	0.353147	-1         	1.04494 
558	49    	0.592133 	0.282793	-0.0160001 	1.04507 
559	48    	0.52547  	0.282131	0.171718   	1.10964 
560	45    	0.579488 	0.358755	-1         	0.993795
561	46    	0.513439 	0.317303	-0.02      	0.993795
562	42    	0.528174 	0.370832	-1         	1.04248 
563	47    	0.527934 	0.380289	-1         	1.10449 
564	43    	0.508398 	0.321005	0.105777   	1.10449 
565	44    	0.528852 	0.305974	0.11697    	1.10449 
566	46    	0.517101 	0.327987	-0.0149999 	1.18817 
567	45    	0.546266 	0.343091	0.157961   	1.18817 
568	45    	0.490958 	0.324941	0.0976861  	1.18817 
569	46    	0.416441 	0.3263  	-0.0160001 	1.11064 
570	47    	0.519324 	0.30778 	0.0903342  	1.04282 
571	48    	0.493609 	0.296027	0.10697    	1.05805 
572	48    	0.464844 	0.295991	-0.0175    	1.03505 
573	45    	0.466494 	0.25998 	0.166156   	1.03505 
574	44    	0.477891 	0.305774	0.115304   	1.11064 
575	46    	0.419613 	0.332086	-1         	1.02334 
576	50    	0.570988 	0.302728	-0.0177778 	1.03883 
577	49    	0.461642 	0.278826	0.0757975  	1.08017 
578	46    	0.535624 	0.292533	-0.016     	1.00269 
579	43    	0.496643 	0.272611	0.169401   	1.00269 
580	46    	0.565595 	0.281796	0.116242   	1.00269 
581	46    	0.532556 	0.28646 	0.156639   	1.00266 
582	45    	0.472451 	0.261785	0.111536   	0.934624
583	48    	0.474929 	0.256265	0.11724    	1.00269 
584	47    	0.563184 	0.25221 	0.145816   	1.00269 
585	42    	0.508178 	0.300471	-0.0159976 	1.00269 
586	45    	0.521262 	0.314473	0.116871   	1.00269 
587	45    	0.446758 	0.309974	-0.016     	1.08017 
588	43    	0.489852 	0.311845	-0.016     	1.08017 
589	46    	0.504257 	0.314172	0.136638   	1.04952 
590	44    	0.489527 	0.292485	0.140172   	1.04952 
591	46    	0.426613 	0.291349	0.0856922  	1.04375 
592	46    	0.536365 	0.307659	-0.018     	1.04375 
593	47    	0.386576 	0.283674	-0.0174999 	1.04375 
594	47    	0.488979 	0.258422	0.0959266  	1.04375 
595	46    	0.43334  	0.256575	-0.0177778 	0.917974
596	49    	0.50387  	0.324348	-1         	0.933591
597	44    	0.50246  	0.271669	0.117121   	0.978904
598	41    	0.577946 	0.359812	-1         	1.04981 
599	43    	0.553742 	0.326712	-0.0171429 	1.05058 
600	48    	0.402826 	0.257902	0.111086   	1.05097 
601	48    	0.451748 	0.275096	-0.016     	1.00291 
602	44    	0.518056 	0.295731	-0.016     	1.00882 
603	47    	0.43392  	0.270972	0.133668   	1.03339 
604	45    	0.494617 	0.281534	0.150674   	1.03339 
605	44    	0.512298 	0.44404 	-1         	1.11641 
606	46    	0.509044 	0.308896	0.133284   	1.11641 
607	45    	0.56266  	0.315315	0.111464   	1.11641 
608	48    	0.40397  	0.256203	-0.0166665 	1.11641 
609	46    	0.472637 	0.270881	-0.0175001 	1.11641 
610	47    	0.540834 	0.287525	-0.0171428 	1.11641 
611	46    	0.515914 	0.303865	-0.0175    	1.11641 
612	47    	0.404124 	0.277604	-0.0166654 	0.972168
613	47    	0.54861  	0.285206	0.0977423  	0.972168
614	46    	0.477509 	0.270261	-0.0171428 	0.972168
615	46    	0.493915 	0.292623	-0.02      	1.10862 
616	45    	0.546261 	0.28747 	0.157071   	1.10862 
617	48    	0.455909 	0.263577	0.116456   	0.972168
618	48    	0.543386 	0.27097 	-0.02      	1.04661 
619	48    	0.492883 	0.28674 	0.0911167  	1.04661 
620	44    	0.556517 	0.292124	-0.0166666 	1.04661 
621	46    	0.592698 	0.303264	-0.0133334 	1.11607 
622	45    	0.502825 	0.303935	0.0716759  	1.0458  
623	47    	0.556002 	0.31845 	-0.0150001 	1.04475 
624	47    	0.534152 	0.313441	-0.0133334 	1.03226 
625	47    	0.546742 	0.326309	-0.0171373 	1.12439 
626	47    	0.4908   	0.332908	0.0573135  	1.03141 
627	48    	0.474229 	0.296118	-0.0171429 	1.02183 
628	47    	0.48433  	0.290197	-0.0159892 	1.02183 
629	41    	0.564128 	0.291698	0.156366   	1.02183 
630	45    	0.535186 	0.296092	0.138288   	1.02851 
631	45    	0.554144 	0.305512	0.0673005  	1.03399 
632	46    	0.50572  	0.29771 	0.0839615  	1.0369  
633	42    	0.476794 	0.321597	-0.02      	1.0369  
634	45    	0.520379 	0.310718	-0.0171428 	1.04619 
635	47    	0.508344 	0.299447	0.109619   	1.04619 
636	45    	0.478925 	0.306074	0.116387   	1.12549 
637	47    	0.460589 	0.308137	-0.0171428 	1.12549 
638	47    	0.496509 	0.288875	-0.016     	1.12549 
639	47    	0.442428 	0.259697	0.112017   	1.04287 
640	45    	0.526198 	0.281947	0.123938   	1.04287 
641	46    	0.557159 	0.285333	0.127715   	1.04287 
642	47    	0.617554 	0.267804	-0.0166667 	1.04287 
643	48    	0.508382 	0.278676	0.0797126  	1.04287 
644	47    	0.525144 	0.305028	-0.0175    	1.04287 
645	44    	0.527776 	0.334192	-0.0150001 	1.1149  
646	46    	0.604795 	0.314818	-0.0179865 	1.11515 
647	45    	0.527326 	0.346287	-0.0160001 	1.11515 
648	48    	0.465365 	0.302494	0.0989832  	1.0453  
649	46    	0.626892 	0.313288	0.086009   	1.0453  
650	44    	0.571277 	0.3134  	-0.015     	1.0453  
651	47    	0.467949 	0.291861	0.123812   	1.0453  
652	47    	0.480129 	0.306841	-0.0177778 	1.0446  
653	47    	0.522143 	0.317994	-0.0150001 	1.05817 
654	48    	0.591808 	0.306654	-0.0175    	1.04432 
655	49    	0.505969 	0.299269	-0.0175    	0.980732
656	46    	0.546124 	0.330495	-0.016     	1.11889 
657	43    	0.566005 	0.348903	0.0401744  	1.11889 
658	46    	0.650818 	0.329235	0.147395   	1.11889 
659	45    	0.485974 	0.351898	-0.018     	1.11889 
660	48    	0.57125  	0.315576	0.13086    	1.11889 
661	46    	0.591987 	0.345163	0.118559   	1.12246 
662	47    	0.534034 	0.39688 	-1         	1.12246 
663	44    	0.477108 	0.412108	-1         	1.12246 
664	46    	0.552698 	0.365764	-0.016     	1.12423 
665	45    	0.517818 	0.36699 	0.109213   	1.11451 
666	48    	0.447858 	0.3079  	0.14038    	1.05337 
667	44    	0.459068 	0.303634	-0.0171429 	1.05104 
668	47    	0.413208 	0.284702	-0.0166667 	1.03306 
669	47    	0.478902 	0.278051	0.14306    	1.03511 
670	49    	0.444581 	0.308838	-0.0174925 	1.11679 
671	48    	0.478878 	0.310268	-0.0166667 	1.11486 
672	46    	0.449092 	0.302951	0.123151   	1.10594 
673	45    	0.524549 	0.303394	-0.0171428 	1.05336 
674	47    	0.47406  	0.374566	-1         	1.10594 
675	44    	0.480763 	0.323552	-0.0175    	1.09703 
676	46    	0.533877 	0.384801	-1         	1.0525  
677	49    	0.495346 	0.309073	0.107395   	1.09703 
678	42    	0.598492 	0.321726	-0.015     	1.11758 
679	45    	0.543825 	0.326386	0.0725141  	1.11758 
680	44    	0.523574 	0.344018	0.124561   	1.11274 
681	47    	0.484365 	0.308106	0.116271   	1.04898 
682	46    	0.497993 	0.323683	-0.016     	1.04898 
683	47    	0.573855 	0.31133 	-0.0171428 	1.04898 
684	46    	0.473583 	0.293791	0.168151   	1.04913 
685	48    	0.534061 	0.292257	-0.0175    	0.978528
686	49    	0.438716 	0.268524	-0.0181818 	1.04775 
687	46    	0.536888 	0.289854	0.074418   	0.978528
688	46    	0.546692 	0.320409	-0.0133333 	1.04619 
689	47    	0.510762 	0.320603	-0.018     	1.05008 
690	46    	0.543656 	0.321633	-0.0177777 	1.05008 
691	45    	0.486865 	0.32296 	-0.0150001 	1.12429 
692	47    	0.44652  	0.331328	0.0831261  	1.12429 
693	41    	0.621541 	0.327066	-0.0171429 	1.12429 
694	45    	0.550626 	0.356598	-0.016     	1.12429 
695	47    	0.484498 	0.353863	-0.0177778 	1.12429 
696	47    	0.494244 	0.322674	0.117016   	1.12368 
697	46    	0.591088 	0.321824	-0.0133333 	1.12368 
698	47    	0.594783 	0.31863 	-0.0171429 	1.11339 
699	48    	0.572933 	0.336734	-0.016     	1.12368 
700	46    	0.526441 	0.338162	0.0746468  	1.11339 
701	45    	0.521326 	0.358024	-0.0175    	1.12589 
702	48    	0.476334 	0.314084	-0.0133333 	1.11339 
703	48    	0.506532 	0.304714	0.0503593  	1.04451 
704	45    	0.431982 	0.297013	-0.015     	1.04451 
705	41    	0.554964 	0.300973	-0.0177778 	1.04451 
706	47    	0.548213 	0.284803	-0.0166666 	1.04825 
707	43    	0.540002 	0.302804	-0.015     	1.04825 
708	46    	0.580827 	0.316894	0.127767   	1.12041 
709	47    	0.531837 	0.352214	0.116461   	1.12057 
710	48    	0.465054 	0.356943	0.0532628  	1.1222  
711	48    	0.53567  	0.359671	-0.016     	1.1222  
712	48    	0.595604 	0.342123	0.107041   	1.1222  
713	46    	0.553551 	0.368605	-0.0166667 	1.04834 
714	50    	0.480794 	0.332276	-0.0159966 	1.1222  
715	43    	0.539947 	0.373435	-0.0171428 	1.1222  
716	49    	0.477863 	0.352369	-0.0133332 	1.04579 
717	48    	0.467387 	0.317573	0.0684958  	1.04579 
718	45    	0.548878 	0.347276	-0.018     	1.0511  
719	48    	0.492915 	0.307833	-0.0171415 	0.98091 
720	48    	0.525172 	0.288529	-0.0133333 	1.04578 
721	50    	0.526611 	0.286812	-0.0177778 	1.11994 
722	49    	0.378057 	0.279037	-0.016     	0.967905
723	47    	0.480113 	0.244746	-0.0166667 	0.967905
724	48    	0.523252 	0.262013	-0.015     	0.973179
725	48    	0.563247 	0.246636	-0.016     	0.974328
726	46    	0.503313 	0.260897	0.194513   	0.974328
727	44    	0.533327 	0.296464	0.149695   	0.973179
728	46    	0.537465 	0.280962	-0.0133334 	0.975715
729	42    	0.592494 	0.257802	0.157614   	0.975715
730	45    	0.525782 	0.271862	0.153483   	0.973179
731	48    	0.500807 	0.286616	0.076881   	1.04638 
732	48    	0.479096 	0.302419	-0.0177777 	1.03564 
733	44    	0.519031 	0.291037	-0.016     	0.973179
734	44    	0.493553 	0.259168	0.181441   	0.973179
735	45    	0.463674 	0.294951	-0.0171413 	0.957384
736	49    	0.520616 	0.319077	-0.016     	0.977413
737	47    	0.46172  	0.299384	-0.0199999 	0.97684 
738	44    	0.576462 	0.301802	0.0757351  	0.977168
739	47    	0.533312 	0.303406	-0.0166667 	0.97684 
740	46    	0.594945 	0.278398	0.156101   	0.97684 
741	42    	0.550595 	0.321613	-0.02      	1.10052 
742	46    	0.471919 	0.407262	-1         	1.10052 
743	48    	0.509665 	0.362096	-1         	1.06913 
744	46    	0.350485 	0.358311	-1         	0.960434
745	49    	0.372706 	0.468782	-1         	0.976395
746	45    	0.521199 	0.3362  	-1         	0.981589
747	46    	0.581454 	0.340785	-1         	1.09706 
748	46    	0.576503 	0.324886	-0.00503074	1.09706 
749	45    	0.52392  	0.400626	-1         	1.09706 
750	47    	0.546435 	0.330553	0.116281   	1.09706 
751	46    	0.510621 	0.324317	-0.0133333 	1.09706 
752	48    	0.551794 	0.281836	0.153427   	1.0222  
753	47    	0.617235 	0.336917	-1         	0.984465
754	46    	0.531661 	0.354827	-1         	0.965517
755	46    	0.56929  	0.241253	0.106271   	0.922303
756	46    	0.600205 	0.348788	-1         	1.0435  
757	45    	0.527434 	0.280108	0.0588293  	0.978723
758	43    	0.527613 	0.282397	0.106265   	0.978723
759	48    	0.413233 	0.417538	-1         	1.11726 
760	47    	0.432367 	0.275663	-0.0175    	0.968747
761	42    	0.617907 	0.243138	0.179459   	0.982107
762	43    	0.544548 	0.320693	0.169673   	0.997933
763	45    	0.537451 	0.31017 	-0.0166667 	0.997933
764	43    	0.48326  	0.295896	-0.016     	0.968747
765	45    	0.544267 	0.31607 	-0.0133333 	1.0608  
766	46    	0.471942 	0.332327	-0.015     	1.0608  
767	48    	0.522503 	0.329752	0.101165   	1.0608  
768	49    	0.479782 	0.305797	-0.0171429 	1.0697  
769	47    	0.529555 	0.336573	0.1203     	1.15216 
770	45    	0.473251 	0.321906	0.117333   	1.15216 
771	42    	0.464961 	0.323404	-0.016     	1.06361 
772	47    	0.445958 	0.30749 	0.143495   	1.06448 
773	47    	0.462281 	0.299345	-0.016     	1.04933 
774	46    	0.512171 	0.298112	0.11545    	1.06448 
775	44    	0.531387 	0.30352 	0.137936   	1.07524 
776	50    	0.45731  	0.305329	-0.0177778 	0.998042
777	46    	0.479171 	0.270103	0.126551   	0.994952
778	48    	0.429794 	0.284661	-0.0150001 	1.05232 
779	46    	0.469669 	0.30165 	-0.018     	1.13918 
780	45    	0.578885 	0.312404	-0.0166666 	1.07021 
781	45    	0.551017 	0.31118 	0.117245   	1.06694 
782	47    	0.533133 	0.323959	0.132416   	1.13918 
783	48    	0.527169 	0.33892 	-0.0133333 	1.04934 
784	44    	0.510282 	0.324338	0.1548     	1.04934 
785	46    	0.439814 	0.305225	-0.0171429 	0.998127
786	46    	0.462146 	0.295741	0.116744   	1.0401  
787	46    	0.505228 	0.320181	-0.0133333 	1.05539 
788	46    	0.502358 	0.311072	-0.0181818 	1.0092  
789	46    	0.530942 	0.298057	0.0968502  	1.0401  
790	45    	0.554966 	0.298759	0.0822166  	1.0401  
791	49    	0.512269 	0.336145	-0.0174999 	1.07382 
792	48    	0.479806 	0.296202	0.153951   	1.07635 
793	45    	0.469733 	0.477287	-1         	1.07635 
794	41    	0.57758  	0.306003	0.119268   	1.07635 
795	45    	0.530852 	0.306746	-0.0175    	1.07635 
796	48    	0.468161 	0.311225	0.132922   	1.07635 
797	49    	0.464255 	0.299092	0.0838193  	1.0663  
798	48    	0.546096 	0.32465 	0.0655257  	1.11227 
799	45    	0.550898 	0.363713	-0.015     	1.11227 
800	45    	0.513975 	0.371287	0.0969392  	1.11227 
801	48    	0.462921 	0.316371	-0.01      	1.103   
802	44    	0.585046 	0.303967	0.163131   	1.103   
803	45    	0.542474 	0.33181 	-0.0171429 	1.103   
804	45    	0.527627 	0.358993	-0.0175    	1.11332 
805	47    	0.47903  	0.339035	-0.018     	1.103   
806	47    	0.562886 	0.338031	-0.018     	1.0744  
807	46    	0.469669 	0.32994 	0.0669045  	1.0744  
808	46    	0.449594 	0.278265	-0.015     	1.07018 
809	46    	0.576408 	0.269571	0.149334   	1.01913 
810	47    	0.595734 	0.286528	-0.0149998 	1.07018 
811	45    	0.590542 	0.310004	0.158856   	1.05302 
812	46    	0.570837 	0.341829	0.0718526  	1.06725 
813	46    	0.473869 	0.301703	-0.0133333 	1.05302 
814	49    	0.36948  	0.252373	-0.0166667 	0.964844
815	48    	0.415085 	0.236756	0.102565   	0.909734
816	48    	0.455179 	0.250151	-0.015     	0.909734
817	46    	0.481385 	0.241903	0.127413   	0.921246
818	47    	0.499286 	0.278845	-0.0175    	0.975678
819	46    	0.517158 	0.279098	0.160757   	1.06023 
820	45    	0.516398 	0.286066	-0.0166667 	1.01144 
821	48    	0.553865 	0.269485	0.111428   	1.01144 
822	45    	0.591612 	0.264846	0.18996    	1.01144 
823	43    	0.563735 	0.288117	0.145141   	1.05851 
824	47    	0.464144 	0.290335	-0.016     	1.01144 
825	45    	0.460462 	0.30741 	-0.016     	1.01671 
826	48    	0.567654 	0.288866	0.118679   	1.01671 
827	48    	0.479972 	0.2714  	0.0870462  	1.01575 
828	43    	0.536477 	0.267561	0.0413386  	1.01575 
829	47    	0.470891 	0.285444	0.0555332  	1.01575 
830	48    	0.440942 	0.280004	0.0312827  	1.01575 
831	48    	0.499578 	0.273191	-0.015     	1.01575 
832	45    	0.565686 	0.278541	-0.016     	1.01575 
833	47    	0.467694 	0.29136 	-0.015     	1.01575 
834	45    	0.520249 	0.317646	0.109294   	1.01575 
835	48    	0.434222 	0.264873	-0.015     	1.01876 
836	44    	0.480813 	0.292305	-0.0166652 	1.01575 
837	47    	0.405289 	0.273817	-0.0171429 	1.01575 
838	46    	0.420036 	0.244234	-0.0112807 	1.01575 
839	46    	0.405525 	0.244518	-0.0150001 	1.01575 
840	46    	0.431869 	0.227943	-0.0171428 	1.01575 
841	50    	0.343576 	0.161121	0.0756127  	0.779172
842	44    	0.403682 	0.180489	0.0833047  	0.779172
843	43    	0.498916 	0.188985	-0.0133334 	0.779172
844	46    	0.412389 	0.216469	-0.01      	0.858011
845	47    	0.423695 	0.2479  	0.0987558  	0.862927
846	47    	0.496301 	0.274893	0.0853163  	0.913681
847	45    	0.45964  	0.278495	0.0909896  	0.913681
848	47    	0.397058 	0.271241	0.0747088  	0.936539
849	45    	0.430695 	0.252887	0.106158   	1.04092 
850	45    	0.475728 	0.292381	0.0756949  	0.936539
851	43    	0.437812 	0.290736	-0.015     	0.936539
852	44    	0.406795 	0.28436 	0.0777005  	0.936539
853	45    	0.485009 	0.27846 	0.08539    	0.900406
854	45    	0.401867 	0.281993	-0.016     	0.935359
855	47    	0.504028 	0.273045	0.0661829  	0.941876
856	46    	0.425213 	0.309308	-0.0175    	0.941876
857	45    	0.401775 	0.293785	-0.0133332 	0.941876
858	48    	0.522377 	0.306795	-0.0175001 	1.04092 
859	45    	0.597823 	0.315801	0.0632952  	1.04092 
860	48    	0.488928 	0.318546	0.0594247  	1.04092 
861	46    	0.477663 	0.316108	0.0758429  	0.991449
862	45    	0.487528 	0.330162	-0.016     	0.995439
863	45    	0.452344 	0.305827	0.103605   	0.995439
864	47    	0.399308 	0.284899	-0.015     	0.991449
865	47    	0.367074 	0.279982	-0.0171429 	1.04098 
866	45    	0.476004 	0.300362	0.119219   	1.15858 
867	42    	0.471967 	0.345247	-0.0133333 	1.04561 
868	50    	0.472963 	0.307673	0.0626251  	1.05173 
869	47    	0.414791 	0.315443	-0.0166667 	1.05173 
870	48    	0.464595 	0.283439	0.0671249  	0.981483
871	43    	0.47455  	0.289699	-0.015     	0.981483
872	45    	0.511112 	0.280887	0.144831   	1.04561 
873	50    	0.43802  	0.298317	-0.016     	1.04561 
874	46    	0.469023 	0.307932	-0.0133333 	1.04561 
875	43    	0.453178 	0.310362	-0.0133338 	1.04561 
876	48    	0.513266 	0.291167	-0.0133334 	0.975111
877	48    	0.398331 	0.256066	-0.0166666 	0.936706
878	47    	0.481043 	0.247491	0.126471   	0.90113 
879	44    	0.571924 	0.282295	-0.016     	0.982212
880	46    	0.521072 	0.282002	-0.0133333 	0.969475
881	47    	0.479466 	0.303722	-0.0166667 	0.982212
882	44    	0.473043 	0.284288	-0.016     	0.972796
883	43    	0.511867 	0.275633	0.0978016  	0.972799
884	45    	0.556732 	0.27605 	0.136191   	0.978307
885	45    	0.498808 	0.290166	-0.01      	0.972796
886	44    	0.525647 	0.277739	0.0959127  	0.980622
887	45    	0.567135 	0.312397	-0.0133332 	1.06938 
888	44    	0.638655 	0.318744	-0.0133337 	1.06938 
889	47    	0.554364 	0.321401	0.0739948  	1.06932 
890	48    	0.483299 	0.304404	0.117285   	1.06932 
891	43    	0.553374 	0.306231	-0.0159893 	1.06932 
892	49    	0.4167   	0.301073	-0.016     	1.06932 
893	45    	0.473671 	0.311731	-0.0133333 	1.06932 
894	45    	0.555674 	0.306967	0.0542626  	1.06932 
895	50    	0.418172 	0.28222 	0.109411   	1.06932 
896	47    	0.554928 	0.286375	0.113654   	0.987335
897	43    	0.475769 	0.31253 	-0.01      	1.06863 
898	47    	0.542479 	0.318335	0.037922   	1.06863 
899	42    	0.46967  	0.309837	0.0877484  	1.06863 
900	45    	0.512256 	0.316055	-0.016     	1.06863 
901	47    	0.34712  	0.263087	-0.0177778 	1.06863 
902	49    	0.363686 	0.241999	-0.0181819 	1.06863 
903	44    	0.503497 	0.293704	-0.0177778 	1.06863 
904	45    	0.494611 	0.325857	-0.0166667 	1.06932 
905	43    	0.538079 	0.311322	0.0821432  	1.06932 
906	46    	0.468221 	0.316056	-0.0177778 	1.06932 
907	49    	0.521526 	0.283547	0.0313558  	0.994717
908	45    	0.511873 	0.375391	-1         	0.994717
909	44    	0.476011 	0.309873	-0.0171428 	0.994717
910	48    	0.440819 	0.281079	-0.0150001 	0.994717
911	49    	0.539643 	0.248292	0.145977   	0.942433
912	46    	0.474554 	0.271211	-0.0175    	1.04197 
913	50    	0.456199 	0.291001	-0.015     	1.06195 
914	44    	0.475271 	0.324177	-0.0175    	1.06195 
915	46    	0.469348 	0.309099	-0.0184615 	1.06195 
916	45    	0.529835 	0.324264	-0.0171428 	0.990362
917	47    	0.523157 	0.304451	0.0883153  	1.04556 
918	47    	0.492086 	0.421519	-1         	0.989141
919	49    	0.498889 	0.262655	-0.01      	0.930526
920	44    	0.503155 	0.291673	0.113606   	1.03297 
921	48    	0.530379 	0.299729	-0.0133333 	1.03297 
922	46    	0.484589 	0.377634	-1         	1.03297 
923	44    	0.494061 	0.372103	-1         	0.990892
924	49    	0.391681 	0.333751	-1         	0.989141
925	48    	0.516336 	0.358692	-1         	0.990892
926	45    	0.540837 	0.279788	0.127076   	0.990892
927	46    	0.541681 	0.283757	0.160125   	0.990892
928	45    	0.58386  	0.287788	-0.016     	0.985191
929	46    	0.475201 	0.413143	-1         	0.965087
930	46    	0.530984 	0.357718	-1         	0.988164
931	45    	0.551888 	0.254912	-0.0177778 	0.988164
932	46    	0.534219 	0.343761	-1         	0.988164
933	43    	0.602163 	0.258254	0.0839091  	0.988164
934	46    	0.4513   	0.390697	-1         	0.988164
935	49    	0.418882 	0.432968	-1         	0.980136
936	46    	0.449586 	0.37182 	-1         	0.961632
937	44    	0.495758 	0.384938	-1         	0.961632
938	48    	0.505635 	0.377206	-1         	0.990724
939	48    	0.466697 	0.493225	-1         	1.11453 
940	44    	0.580953 	0.250464	0.204639   	1.11453 
941	46    	0.348813 	0.56767 	-1         	1.11453 
942	48    	0.384075 	0.533192	-1         	1.11453 
943	48    	0.479187 	0.328947	-1         	1.05087 
944	44    	0.512157 	0.401752	-1         	0.985695
945	39    	0.498142 	0.449058	-1         	0.985695
946	43    	0.593306 	0.400322	-1         	0.985695
947	47    	0.576169 	0.318005	-1         	1.07705 
948	45    	0.463977 	0.436845	-1         	0.932729
949	46    	0.468196 	0.487376	-1         	0.938041
950	48    	0.610519 	0.222853	0.1165     	1.05418 
951	46    	0.35509  	0.592897	-1         	1.05418 
952	44    	0.330697 	0.633953	-1         	1.09807 
953	47    	0.303517 	0.585733	-1         	1.09807 
954	49    	0.422451 	0.481582	-1         	1.04937 
955	50    	0.437117 	0.372922	-1         	1.0438  
956	45    	0.371874 	0.545679	-1         	1.0438  
957	43    	0.347523 	0.547008	-1         	1.0438  
958	46    	0.275593 	0.642095	-1         	1.05661 
959	46    	0.362958 	0.608494	-1         	1.05661 
960	45    	0.494244 	0.41239 	-1         	1.0438  
961	46    	0.482816 	0.394475	-1         	1.0438  
962	43    	0.382421 	0.533664	-1         	1.0438  
963	46    	0.43923  	0.387631	-1         	1.0438  
964	44    	0.4605   	0.456127	-1         	1.04862 
965	43    	0.305483 	0.620989	-1         	1.0438  
966	47    	0.372541 	0.567295	-1         	1.1067  
967	45    	0.429455 	0.539624	-1         	1.1067  
968	45    	0.356451 	0.617689	-1         	1.04646 
969	47    	0.351294 	0.571346	-1         	1.0514  
970	44    	0.530213 	0.460511	-1         	1.0514  
971	47    	0.416458 	0.487147	-1         	0.975534
972	43    	0.499145 	0.322526	-1         	0.975534
973	47    	0.379271 	0.435164	-1         	0.979687
974	47    	0.254947 	0.594097	-1         	0.975534
975	43    	0.341647 	0.549232	-1         	0.975534
976	48    	0.313881 	0.569578	-1         	0.921382
977	48    	0.478152 	0.367393	-1         	0.932869
978	48    	0.312138 	0.485519	-1         	0.887529
979	45    	0.306911 	0.565048	-1         	0.884045
980	46    	0.441938 	0.342391	-1         	0.875485
981	49    	0.332278 	0.535435	-1         	0.943498
982	44    	0.427815 	0.528478	-1         	1.02997 
983	47    	0.522933 	0.426372	-1         	1.08641 
984	44    	0.520199 	0.475742	-1         	1.09875 
985	46    	0.515541 	0.494289	-1         	1.14883 
986	47    	0.453045 	0.514146	-1         	1.1398  
987	44    	0.204343 	0.698756	-1         	1.1398  
988	47    	0.387938 	0.579659	-1         	1.1398  
989	44    	0.141354 	0.69605 	-1         	1.11893 
990	44    	0.275258 	0.589653	-1         	1.11893 
991	45    	0.42148  	0.497753	-1         	1.11893 
992	45    	0.479194 	0.416563	-1         	1.18961 
993	47    	0.548605 	0.367921	-0.0166666 	1.18961 
994	48    	0.52387  	0.430252	-1         	1.11678 
995	46    	0.492784 	0.340685	-0.0177778 	1.11678 
996	46    	0.472537 	0.329553	0.0856095  	1.11678 
997	45    	0.550811 	0.328444	0.127439   	1.11678 
998	47    	0.495213 	0.323613	-0.0175001 	1.11678 
999	44    	0.557376 	0.378958	-1         	1.11678 
1000	47    	0.557503 	0.382284	-1         	1.11678 
