gen	nevals	avg     	stddev	min     	max     
0  	50    	0.218369	0     	0.218369	0.218369
1  	46    	0.0625648	0.11071	-0.016  	0.356517
2  	48    	0.0842725	0.142226	-0.02   	0.583036
3  	49    	0.121957 	0.13525 	-0.0171429	0.58318 
4  	45    	0.205585 	0.138917	-0.02     	0.583036
5  	43    	0.228697 	0.169289	-0.02     	0.628542
6  	46    	0.283412 	0.209988	-0.0175   	0.767292
7  	44    	0.282268 	0.213024	-0.02     	0.647481
8  	47    	0.263279 	0.223699	-0.02     	0.835596
9  	43    	0.328361 	0.234544	-0.0175   	0.835596
10 	42    	0.356246 	0.276828	-0.02     	0.835596
11 	47    	0.242836 	0.265979	-0.0175   	0.837266
12 	47    	0.249182 	0.232984	-0.0177778	0.76019 
13 	47    	0.229763 	0.204768	-0.0177779	0.837266
14 	46    	0.249992 	0.223741	-0.0166667	0.835596
15 	44    	0.271263 	0.25151 	-0.02     	0.836468
16 	47    	0.268643 	0.241274	-0.02     	0.837965
17 	49    	0.306819 	0.223141	-0.02     	0.727881
18 	45    	0.371167 	0.215907	0.0757348 	0.728295
19 	48    	0.276404 	0.207693	-0.02     	0.728295
20 	45    	0.319582 	0.213229	-0.0175   	0.729878
21 	48    	0.281577 	0.204038	-0.02     	0.729878
22 	47    	0.301129 	0.193262	-0.0175   	0.748452
23 	45    	0.309928 	0.225171	-0.02     	0.751303
24 	46    	0.297204 	0.204294	-0.0225   	0.751303
25 	46    	0.308541 	0.208312	-0.0200001	0.751303
26 	47    	0.247668 	0.193811	-0.02     	0.751303
27 	46    	0.303024 	0.187891	-0.0166666	0.751303
28 	49    	0.276401 	0.1882  	-0.018    	0.751303
29 	50    	0.301859 	0.170136	-0.0171429	0.730348
30 	50    	0.269799 	0.158982	-0.02     	0.645718
31 	41    	0.343369 	0.165786	-0.0225   	0.644662
32 	48    	0.280331 	0.175621	-0.0160003	0.719484
33 	45    	0.35268  	0.185281	0.0974236 	0.719484
34 	45    	0.287753 	0.207796	-0.0177778	0.719484
35 	49    	0.33878  	0.213599	-0.0177777	0.719484
36 	47    	0.301942 	0.198639	-0.0171429	0.719484
37 	47    	0.309434 	0.193073	-0.0150003	0.751256
38 	50    	0.276838 	0.198825	-0.0183334	0.730872
39 	47    	0.347834 	0.187833	0.0719686 	0.730872
40 	47    	0.341112 	0.13001 	0.122067  	0.719124
41 	42    	0.348142 	0.198689	-0.015    	0.756632
42 	49    	0.358424 	0.178307	0.0657393 	0.807252
43 	47    	0.352066 	0.19461 	-0.0150001	0.807252
44 	48    	0.323933 	0.183235	-0.0177778	0.807252
45 	46    	0.304233 	0.192191	-0.0171429	0.647936
46 	46    	0.350946 	0.163437	-0.02     	0.647936
47 	44    	0.322973 	0.213831	-0.0175001	0.753791
48 	45    	0.331757 	0.201215	-0.02     	0.753791
49 	46    	0.301937 	0.21032 	-0.0175001	0.832037
50 	45    	0.332157 	0.19601 	-0.0175   	0.832037
51 	46    	0.297648 	0.211004	-0.02     	0.832037
52 	48    	0.258802 	0.196044	-0.02     	0.837857
53 	47    	0.308041 	0.226139	-0.02     	0.837857
54 	45    	0.270455 	0.203448	-0.0175   	0.730459
55 	42    	0.325598 	0.187635	-0.0166667	0.730459
56 	45    	0.312704 	0.190208	-0.0166667	0.730459
57 	45    	0.316641 	0.202787	-0.0177776	0.730459
58 	49    	0.282817 	0.19609 	-0.017778 	0.814701
59 	42    	0.346781 	0.224232	-0.016    	0.814701
60 	43    	0.35453  	0.233137	-0.0159999	0.826625
61 	43    	0.367405 	0.246874	-0.0177741	0.834616
62 	45    	0.287763 	0.223673	-0.02     	0.834616
63 	44    	0.314214 	0.203798	-0.02     	0.834616
64 	41    	0.393579 	0.192699	0.090389  	0.834616
65 	46    	0.343707 	0.214089	-0.016    	0.826625
66 	44    	0.342708 	0.219069	-0.0171429	0.826625
67 	47    	0.342424 	0.183742	0.0863104 	0.826625
68 	44    	0.365331 	0.231647	-0.0175   	0.826625
69 	49    	0.28658  	0.148854	-0.015    	0.826625
70 	44    	0.324651 	0.174747	0.0772081 	0.826625
71 	47    	0.338559 	0.189177	-0.0171429	0.770771
72 	46    	0.356913 	0.214896	-0.0171428	0.826625
73 	49    	0.286276 	0.171489	-0.02     	0.768589
74 	44    	0.326598 	0.215088	-0.02     	0.826625
75 	47    	0.334282 	0.205094	-0.016    	0.768589
76 	45    	0.32932  	0.212327	-0.02     	0.852158
77 	48    	0.317969 	0.215357	-0.0181819	0.768589
78 	46    	0.325669 	0.228765	-0.0171428	0.775264
79 	46    	0.362608 	0.202748	-0.02     	0.750089
80 	49    	0.326076 	0.180937	-0.0171429	0.716751
81 	45    	0.336852 	0.173479	-0.02     	0.716751
82 	46    	0.360912 	0.209766	-0.0175   	0.72558 
83 	46    	0.371394 	0.188927	-0.0150001	0.72558 
84 	45    	0.322168 	0.221519	-0.02     	0.72558 
85 	45    	0.346563 	0.245103	-0.02     	0.729653
86 	46    	0.366084 	0.228483	-0.0166666	0.815381
87 	44    	0.351536 	0.278524	-0.02     	0.815381
88 	48    	0.337976 	0.221838	-0.0175001	0.815381
89 	48    	0.35695  	0.229755	-0.0175   	0.815381
90 	48    	0.371456 	0.23287 	-0.0171429	0.899718
91 	50    	0.281904 	0.198271	-0.02     	0.753193
92 	48    	0.321298 	0.223824	-0.0177778	0.810758
93 	47    	0.331832 	0.215894	-0.02     	0.810758
94 	45    	0.37423  	0.20931 	-0.0133337	0.832288
95 	46    	0.310395 	0.230574	-0.02     	0.832288
96 	46    	0.372735 	0.241317	-0.02     	0.832288
97 	48    	0.359884 	0.235065	-0.0175   	0.832435
98 	47    	0.337487 	0.232867	-0.0199999	0.832288
99 	48    	0.333712 	0.221049	-0.0166667	0.832288
100	48    	0.332908 	0.199709	-0.02     	0.736005
101	46    	0.316054 	0.221433	-0.02     	0.736005
102	45    	0.321396 	0.231593	-0.0200001	0.736005
103	47    	0.355566 	0.210678	-0.02     	0.736036
104	47    	0.329312 	0.246816	-0.02     	0.832288
105	44    	0.309999 	0.252657	-0.02     	0.832288
106	48    	0.289255 	0.208419	-0.02     	0.824569
107	48    	0.289575 	0.222155	-0.0181818	0.824569
108	44    	0.383017 	0.260225	-0.02     	0.820083
109	45    	0.359627 	0.255347	-0.02     	0.829557
110	44    	0.409908 	0.240396	-0.0171428	0.821737
111	45    	0.326708 	0.256956	-0.02     	0.820083
112	43    	0.387609 	0.239699	-0.02     	0.820083
113	47    	0.339999 	0.27765 	-0.0200001	0.820498
114	47    	0.281173 	0.246041	-0.0183333	0.820083
115	46    	0.318579 	0.203411	-0.02     	0.732498
116	47    	0.293806 	0.175579	-0.018    	0.646638
117	47    	0.343406 	0.16427 	-0.0166667	0.728458
118	46    	0.330366 	0.211148	-0.0177778	0.699265
119	45    	0.350907 	0.211093	-0.0200001	0.89852 
120	45    	0.373605 	0.233883	0.0587533 	0.89852 
121	44    	0.399461 	0.210816	0.085986  	0.951197
122	49    	0.333459 	0.176637	0.0660638 	0.773129
123	48    	0.302335 	0.148665	-0.015    	0.773129
124	46    	0.303386 	0.137292	-0.0166667	0.641757
125	48    	0.312013 	0.147903	-0.0175   	0.698545
126	45    	0.33438  	0.138586	-0.0133334	0.698545
127	46    	0.362032 	0.174318	-0.0133332	0.720804
128	43    	0.365271 	0.207975	-0.0166667	0.788804
129	45    	0.382581 	0.204849	-0.0166667	0.788804
130	44    	0.394569 	0.210977	-0.015    	0.792503
131	48    	0.348759 	0.207172	-0.0133338	0.788804
132	45    	0.402037 	0.184131	0.141995  	0.788804
133	47    	0.342751 	0.191693	-0.0199999	0.78082 
134	47    	0.323536 	0.153695	0.0848808 	0.722674
135	43    	0.340697 	0.178813	0.0686095 	0.811396
136	44    	0.341907 	0.218644	-0.0166667	0.811396
137	47    	0.338421 	0.216632	-0.0166667	0.813756
138	47    	0.27765  	0.199038	-0.0171429	0.733896
139	46    	0.310797 	0.176792	-0.016    	0.665153
140	48    	0.369343 	0.167621	0.16467   	0.775174
141	43    	0.417441 	0.203677	-0.0166667	0.77678 
142	44    	0.365256 	0.207762	-0.015    	0.77678 
143	47    	0.316687 	0.181564	-0.0133334	0.780204
144	47    	0.360708 	0.184657	0.0849844 	0.780204
145	47    	0.374679 	0.210257	-0.0133333	0.853646
146	47    	0.355796 	0.185094	0.0659948 	0.853646
147	47    	0.407845 	0.195194	0.109096  	0.853646
148	48    	0.315478 	0.20446 	-0.02     	0.853646
149	43    	0.327849 	0.189063	-0.0171429	0.772778
150	47    	0.341775 	0.19352 	-0.016    	0.782343
151	47    	0.397936 	0.200925	0.08397   	0.960934
152	46    	0.393198 	0.2284  	-0.0166667	0.960934
153	47    	0.379509 	0.229009	-0.0166667	0.792771
154	47    	0.341894 	0.217275	-0.0166667	0.840709
155	46    	0.376388 	0.225854	-0.0177778	0.845695
156	43    	0.380779 	0.207866	0.107675  	0.845695
157	46    	0.376071 	0.210458	-0.0171429	0.942552
158	44    	0.406234 	0.227756	-0.01     	0.942552
159	43    	0.404279 	0.237956	0.0662782 	0.866757
160	43    	0.448586 	0.241284	0.0985731 	0.951523
161	46    	0.384504 	0.246245	-0.016    	0.951523
162	46    	0.415635 	0.258207	-0.0159976	0.951523
163	47    	0.374372 	0.221742	-0.0133334	0.864843
164	47    	0.390287 	0.230725	-0.0171413	0.871152
165	46    	0.36557  	0.232676	-0.01     	0.871152
166	48    	0.312682 	0.188622	-0.015    	0.791574
167	45    	0.341667 	0.201113	-0.0133332	0.864678
168	46    	0.333838 	0.200049	-0.02     	0.864678
169	45    	0.426154 	0.22862 	-0.0133333	0.864678
170	44    	0.335725 	0.242939	-0.0171428	0.864678
171	47    	0.368883 	0.203863	-0.0199999	0.864678
172	47    	0.415352 	0.242993	-0.018    	0.864678
173	47    	0.35533  	0.240046	-0.0133333	0.849067
174	46    	0.353656 	0.252723	-0.0166668	0.863146
175	44    	0.361381 	0.253962	-0.0175   	0.866372
176	41    	0.395677 	0.246611	-0.0160001	0.866372
177	49    	0.354318 	0.23852 	-0.00671136	0.947986
178	48    	0.291855 	0.197037	-0.0166667 	0.790778
179	46    	0.348034 	0.192228	-0.0200001 	0.790778
180	47    	0.357643 	0.201504	-0.0133333 	0.790778
181	48    	0.337691 	0.202248	-0.015     	0.84016 
182	45    	0.313774 	0.171936	-0.0106474 	0.84016 
183	47    	0.361493 	0.213173	-0.0177777 	0.84016 
184	48    	0.31578  	0.180885	0.066332   	0.84016 
185	43    	0.368859 	0.205831	-0.0166667 	0.84016 
186	42    	0.38097  	0.232665	0.0755414  	0.84016 
187	50    	0.33013  	0.145748	0.0855413  	0.770873
188	46    	0.351966 	0.190565	-0.016     	0.84016 
189	46    	0.326206 	0.182781	-0.02      	0.84016 
190	48    	0.304266 	0.159926	0.0748927  	0.751529
191	46    	0.320971 	0.177268	-0.02      	0.751529
192	47    	0.330937 	0.176253	-0.0166666 	0.761702
193	44    	0.361259 	0.162588	-0.0199999 	0.751529
194	49    	0.303068 	0.162447	-0.0133338 	0.751529
195	45    	0.373511 	0.190294	-0.0166668 	0.750807
196	47    	0.29165  	0.142458	-0.015     	0.71511 
197	42    	0.333935 	0.167706	0.0907128  	0.76971 
198	45    	0.308001 	0.176431	0.0529552  	0.76971 
199	46    	0.287148 	0.185087	-0.02      	0.71511 
200	48    	0.328157 	0.172465	-0.0166666 	0.716105
201	47    	0.301192 	0.168146	-0.0171429 	0.72437 
202	46    	0.325019 	0.137687	0.0771358  	0.72437 
203	44    	0.315941 	0.154652	-0.0133333 	0.72437 
204	44    	0.339104 	0.160396	0.0611679  	0.701132
205	40    	0.371769 	0.18011 	-0.016     	0.717128
206	43    	0.34633  	0.191208	-0.0166667 	0.717498
207	45    	0.385976 	0.189899	-0.018     	0.717498
208	47    	0.397738 	0.181158	0.0993331  	0.717128
209	48    	0.348795 	0.166737	-0.01      	0.682027
210	46    	0.356583 	0.183895	-0.015     	0.682027
211	48    	0.371255 	0.163403	0.135906   	0.78364 
212	47    	0.384704 	0.205993	0.116631   	0.811247
213	47    	0.317054 	0.205127	-0.0166667 	0.811247
214	48    	0.305264 	0.177881	-0.02      	0.734496
215	46    	0.322179 	0.25089 	-1         	0.830587
216	48    	0.33458  	0.172747	-0.0166666 	0.804374
217	44    	0.410977 	0.163856	-0.01      	0.687167
218	48    	0.362768 	0.177316	-0.016     	0.782535
219	47    	0.365384 	0.168535	0.067336   	0.78352 
220	47    	0.378772 	0.171053	0.119876   	0.78352 
221	47    	0.353239 	0.174785	0.0726943  	0.78352 
222	46    	0.315439 	0.152333	0.0924486  	0.696376
223	47    	0.306147 	0.111865	0.0631552  	0.555561
224	44    	0.354064 	0.153549	-0.0133333 	0.648561
225	43    	0.352154 	0.19309 	-0.0166667 	0.680363
226	49    	0.391351 	0.18166 	0.138181   	0.842803
227	48    	0.405477 	0.172145	0.158469   	0.906413
228	43    	0.415549 	0.203361	-0.0160001 	0.897877
229	41    	0.43076  	0.231078	0.135845   	0.897877
230	48    	0.363826 	0.22154 	-0.02      	0.897877
231	47    	0.360795 	0.205051	-0.0150002 	0.897877
232	45    	0.37411  	0.213579	0.108871   	0.914259
233	45    	0.359546 	0.229616	-0.0149999 	0.914259
234	48    	0.367856 	0.220815	-0.0199999 	0.905466
235	47    	0.389414 	0.212589	-0.0181818 	0.891878
236	44    	0.361937 	0.205028	-0.0133334 	0.805907
237	44    	0.330814 	0.20253 	0.0660088  	0.804946
238	47    	0.339499 	0.264865	-1         	0.804946
239	40    	0.422008 	0.190532	0.0810347  	0.804946
240	47    	0.35193  	0.203414	-0.0133334 	0.804946
241	48    	0.356864 	0.188788	0.0924062  	0.805539
242	47    	0.356291 	0.213196	-0.0166666 	0.805539
243	47    	0.363429 	0.196973	0.0735511  	0.806986
244	48    	0.353679 	0.201355	0.058281   	0.806986
245	48    	0.328953 	0.151204	0.0484172  	0.806986
246	43    	0.391041 	0.132227	0.112184   	0.627454
247	44    	0.388501 	0.166504	-0.0166666 	0.709554
248	45    	0.339265 	0.162271	0.0930447  	0.709554
249	46    	0.378697 	0.17881 	-0.02      	0.723744
250	47    	0.328764 	0.162766	0.0976742  	0.739784
251	46    	0.380169 	0.176741	-0.0183334 	0.739784
252	50    	0.343668 	0.146639	-0.02      	0.686192
253	44    	0.369816 	0.170101	-0.0171429 	0.686192
254	43    	0.339866 	0.186486	-0.016     	0.686192
255	43    	0.416501 	0.16714 	-0.0133333 	0.686192
256	46    	0.328102 	0.177537	-0.0166667 	0.686192
257	50    	0.333452 	0.168209	-0.02      	0.769012
258	45    	0.364311 	0.168663	0.0658607  	0.769012
259	48    	0.320001 	0.17631 	-0.016     	0.769012
260	46    	0.294654 	0.196471	-0.0200001 	0.769012
261	46    	0.323524 	0.167264	-0.0133334 	0.769012
262	44    	0.346574 	0.167384	-0.0166667 	0.769012
263	45    	0.32932  	0.14355 	0.110683   	0.769012
264	45    	0.349457 	0.147652	0.107938   	0.769012
265	47    	0.355675 	0.178797	-0.0166666 	0.816601
266	49    	0.284022 	0.159785	-0.0175    	0.688852
267	45    	0.346147 	0.16444 	-0.0174999 	0.721038
268	50    	0.288114 	0.177798	-0.0166667 	0.718042
269	46    	0.301632 	0.182502	-0.0166667 	0.718042
270	45    	0.277133 	0.171113	-0.0171428 	0.602237
271	45    	0.335977 	0.154281	0.109365   	0.702397
272	45    	0.330516 	0.211065	-0.02      	0.754309
273	47    	0.367692 	0.206503	-0.0171429 	0.841368
274	40    	0.370327 	0.249823	-0.018     	0.841368
275	45    	0.351474 	0.254139	-0.0200001 	0.841368
276	48    	0.324308 	0.219061	-0.0166667 	0.841368
277	47    	0.329948 	0.223093	-0.015     	0.885171
278	44    	0.357065 	0.240269	-0.0177779 	0.885171
279	46    	0.379589 	0.254265	-0.0171429 	0.885203
280	47    	0.354796 	0.215103	-0.0199999 	0.75774 
281	47    	0.313668 	0.19708 	-0.02      	0.776853
282	44    	0.333233 	0.178861	-0.02      	0.75774 
283	46    	0.31419  	0.215064	-0.02      	0.766557
284	49    	0.280583 	0.165009	-0.0166667 	0.702126
285	44    	0.368147 	0.183442	0.0642175  	0.722622
286	44    	0.389455 	0.202133	0.0709031  	0.817025
287	48    	0.334517 	0.174231	-0.015     	0.6984  
288	47    	0.333234 	0.15582 	-0.0222222 	0.621214
289	45    	0.354687 	0.172629	-0.0133334 	0.753359
290	48    	0.327981 	0.175221	-0.0171428 	0.757762
291	47    	0.357085 	0.180425	-0.0233333 	0.766963
292	47    	0.325992 	0.18656 	-0.02      	0.817556
293	45    	0.34472  	0.186881	0.0759733  	0.817556
294	46    	0.37708  	0.210174	0.0983186  	0.818907
295	46    	0.404159 	0.241965	-0.016     	0.812308
296	46    	0.322266 	0.280928	-0.0166667 	0.813756
297	46    	0.29826  	0.267231	-0.02      	0.813708
298	49    	0.202831 	0.200893	-0.0166667 	0.812308
299	43    	0.227914 	0.189752	-0.02      	0.812308
300	47    	0.222011 	0.197861	-0.02      	0.813756
301	46    	0.211109 	0.184966	-0.0166666 	0.813756
302	46    	0.287125 	0.166501	-0.0171429 	0.704658
303	49    	0.314801 	0.176371	-0.0175    	0.732505
304	46    	0.324196 	0.196442	-0.0159997 	0.732505
305	43    	0.26724  	0.21973 	-0.02      	0.702675
306	47    	0.276901 	0.184816	-0.0177778 	0.674543
307	48    	0.336748 	0.198804	-0.0171429 	0.702183
308	47    	0.324885 	0.191213	-0.0177778 	0.782278
309	48    	0.338619 	0.198925	-0.02      	0.820816
310	43    	0.411827 	0.224555	-0.0166662 	0.855345
311	45    	0.34235  	0.237085	-0.016     	0.855345
312	41    	0.442447 	0.25205 	0.0568999  	0.855345
313	46    	0.363208 	0.227877	0.0626751  	0.868914
314	43    	0.344007 	0.214577	-0.0150001 	0.855345
315	44    	0.388927 	0.215154	-0.0159977 	0.855345
316	46    	0.376488 	0.212478	-0.0171429 	0.855345
317	49    	0.323082 	0.166126	-0.0171429 	0.772768
318	46    	0.303086 	0.180598	-0.0177778 	0.706014
319	47    	0.361255 	0.216607	-0.02      	0.813708
320	46    	0.338755 	0.223989	-0.02      	0.811247
321	49    	0.259582 	0.243755	-0.0171429 	0.813708
322	46    	0.240822 	0.216612	-0.02      	0.812825
323	45    	0.266455 	0.247752	-0.0171429 	0.812825
324	49    	0.202865 	0.229182	-0.0171429 	0.811396
325	49    	0.271091 	0.188536	-0.0166667 	0.811247
326	46    	0.351986 	0.205036	-0.0166667 	0.811247
327	46    	0.301802 	0.215015	-0.0160001 	0.732974
328	44    	0.317078 	0.246651	-0.0171428 	0.813708
329	46    	0.270059 	0.230487	-0.0171429 	0.704808
330	45    	0.319574 	0.251934	-0.0166667 	0.811396
331	45    	0.333412 	0.233442	-0.0171429 	0.811396
332	44    	0.254642 	0.250747	-0.0175001 	0.811247
333	47    	0.296025 	0.238685	-0.0166667 	0.811247
334	46    	0.365365 	0.236611	-0.0166667 	0.811247
335	47    	0.279168 	0.225628	-0.0171428 	0.811247
336	48    	0.232031 	0.204585	-0.0175001 	0.811247
337	47    	0.205204 	0.215516	-0.0175    	0.811247
338	42    	0.277436 	0.218471	-0.0171429 	0.811247
339	43    	0.264966 	0.249787	-0.02      	0.813708
340	45    	0.31379  	0.253603	-0.02      	0.813756
341	49    	0.250014 	0.248395	-0.0171429 	0.811396
342	46    	0.269866 	0.222621	-0.0171429 	0.811396
343	45    	0.325407 	0.260303	-0.0171429 	0.811396
344	44    	0.33117  	0.262606	-0.0171429 	0.813708
345	45    	0.295887 	0.263213	-0.0171429 	0.813756
346	48    	0.272361 	0.24458 	-0.0171429 	0.813756
347	48    	0.265469 	0.271639	-0.02      	0.813756
348	43    	0.281183 	0.297004	-0.0171429 	0.813756
349	45    	0.282189 	0.268607	-0.0166667 	0.813756
350	44    	0.318864 	0.26883 	-0.0166668 	0.813756
351	47    	0.213301 	0.235978	-0.0166668 	0.813756
352	46    	0.251002 	0.203345	-0.0166667 	0.581321
353	47    	0.221487 	0.191531	-0.0166667 	0.813756
354	45    	0.308587 	0.226731	-0.016     	0.813756
355	50    	0.201408 	0.21787 	-0.02      	0.813756
356	46    	0.271987 	0.192385	-0.02      	0.813708
357	46    	0.243014 	0.198009	-0.0175    	0.704133
358	43    	0.288807 	0.212447	-0.0166667 	0.813708
359	41    	0.274071 	0.214562	-0.0166667 	0.813708
360	41    	0.343418 	0.272671	-0.02      	0.81995 
361	45    	0.247623 	0.254391	-0.0171429 	0.813756
362	46    	0.273401 	0.227261	-0.02      	0.813756
363	47    	0.246072 	0.243903	-0.0171429 	0.813756
364	47    	0.307529 	0.260177	-0.0166667 	0.813756
365	48    	0.243439 	0.232842	-0.0166667 	0.813756
366	46    	0.265181 	0.266827	-0.0175    	0.813708
367	46    	0.318784 	0.256769	-0.0171429 	0.813708
368	45    	0.281103 	0.233032	-0.0171429 	0.813708
369	49    	0.223521 	0.225384	-0.0171429 	0.813756
370	46    	0.248593 	0.212596	-0.0171429 	0.812977
371	45    	0.281318 	0.211374	-0.0175    	0.834784
372	50    	0.190692 	0.194744	-0.0177778 	0.703401
373	46    	0.231602 	0.191496	-0.0171428 	0.813708
374	47    	0.291564 	0.21017 	-0.0199999 	0.813756
375	50    	0.288156 	0.214582	-0.02      	0.704074
376	46    	0.241561 	0.227792	-0.0199999 	0.729753
377	47    	0.29175  	0.178248	-0.0171429 	0.702995
378	46    	0.301307 	0.20116 	-0.0171429 	0.718965
379	45    	0.325759 	0.22243 	-0.0171429 	0.813708
380	42    	0.340809 	0.271685	-0.0200001 	0.813708
381	46    	0.22536  	0.242709	-0.0171429 	0.813708
382	49    	0.267589 	0.198328	-0.0175001 	0.703608
383	46    	0.300775 	0.182811	-0.0175    	0.727366
384	48    	0.285653 	0.20645 	-0.02      	0.727366
385	44    	0.350531 	0.206815	-0.0175    	0.729582
386	43    	0.351684 	0.218579	-0.0166667 	0.813708
387	47    	0.31108  	0.213906	-0.0175    	0.813708
388	46    	0.315094 	0.213106	-0.0175001 	0.813708
389	48    	0.223507 	0.194102	-0.02      	0.732935
390	49    	0.302384 	0.217841	-0.0200001 	0.812083
391	49    	0.258505 	0.175583	-0.0177778 	0.702382
392	45    	0.284481 	0.196236	-0.0199999 	0.703401
393	47    	0.279753 	0.221795	-0.0175    	0.813756
394	45    	0.33111  	0.248529	-0.0171429 	0.811396
395	47    	0.275607 	0.232269	-0.0171429 	0.813756
396	49    	0.19282  	0.199661	-0.0171429 	0.813756
397	49    	0.265044 	0.191819	-0.0166668 	0.813708
398	45    	0.34604  	0.249264	-0.0171428 	0.813708
399	45    	0.309557 	0.293638	-0.0166667 	0.813708
400	45    	0.319625 	0.248807	-0.0171431 	0.819334
401	42    	0.34154  	0.289408	-0.02      	0.819334
402	47    	0.322352 	0.291017	-0.0175    	0.819403
403	44    	0.367597 	0.265279	-0.02      	0.819334
404	47    	0.322988 	0.249186	-0.02      	0.819403
405	45    	0.360677 	0.26668 	-0.0199999 	0.819403
406	47    	0.238705 	0.240785	-0.0171429 	0.813756
407	45    	0.320474 	0.242325	-0.0171429 	0.812977
408	45    	0.26321  	0.195291	-0.0177778 	0.705837
409	48    	0.26925  	0.234447	-0.0177778 	0.705837
410	50    	0.30456  	0.235912	-0.02      	0.813708
411	48    	0.290849 	0.231195	-0.0171415 	0.728858
412	45    	0.323115 	0.274843	-0.02      	0.833493
413	46    	0.33193  	0.269525	-0.0199999 	0.853807
414	42    	0.378454 	0.279635	-0.02      	0.856757
415	48    	0.36334  	0.268783	-0.0175    	0.856757
416	48    	0.282197 	0.225915	-0.02      	0.825552
417	46    	0.32723  	0.201726	-0.0233333 	0.719896
418	45    	0.29422  	0.219956	-0.02      	0.835399
419	46    	0.301166 	0.189227	-0.0177778 	0.812083
420	47    	0.339943 	0.197867	-0.0166666 	0.812083
421	48    	0.307234 	0.216776	-0.0177778 	0.808707
422	45    	0.347711 	0.186966	0.0739511  	0.808707
423	43    	0.312336 	0.254097	-0.0175    	0.809561
424	44    	0.382755 	0.262854	-0.0166667 	0.809561
425	43    	0.388765 	0.267448	-0.0175    	0.809561
426	45    	0.308302 	0.264297	-0.02      	0.809561
427	45    	0.342087 	0.23619 	-0.0166667 	0.809561
428	47    	0.333725 	0.209731	-0.016     	0.816954
429	49    	0.325267 	0.18831 	-0.0174999 	0.7271  
430	46    	0.34549  	0.176372	-0.018     	0.7271  
431	46    	0.358392 	0.200775	-0.0177778 	0.726504
432	46    	0.348746 	0.197699	-0.0171429 	0.726504
433	43    	0.373803 	0.196903	0.0794717  	0.726504
434	46    	0.369297 	0.201898	0.0841686  	0.726504
435	48    	0.301882 	0.206673	-0.0177778 	0.813954
436	47    	0.310784 	0.184874	-0.0150003 	0.707252
437	47    	0.276774 	0.204038	-0.0175    	0.707252
438	47    	0.333579 	0.205391	-0.0175    	0.830908
439	47    	0.344929 	0.230498	-0.02      	0.73105 
440	46    	0.338771 	0.240323	-0.0175    	0.797563
441	42    	0.361473 	0.260496	-0.02      	0.797563
442	50    	0.239648 	0.207883	-0.0175    	0.729998
443	46    	0.292078 	0.212428	-0.0171428 	0.729998
444	44    	0.292605 	0.243374	-0.02      	0.731304
445	46    	0.319431 	0.240993	-0.02      	0.731322
446	41    	0.36607  	0.271169	-0.02      	0.834784
447	45    	0.305567 	0.24415 	-0.0175    	0.834784
448	44    	0.284113 	0.251094	-0.018     	0.731304
449	49    	0.331633 	0.23811 	-0.0228572 	0.83537 
450	46    	0.311546 	0.21581 	-0.02      	0.83537 
451	49    	0.343412 	0.217841	-0.0166666 	0.83537 
452	48    	0.308077 	0.20226 	-0.0175    	0.731536
453	46    	0.319541 	0.206496	-0.0166667 	0.83112 
454	44    	0.3019   	0.210781	-0.0171429 	0.83112 
455	47    	0.266468 	0.207899	-0.02      	0.83112 
456	49    	0.256697 	0.185275	-0.0171429 	0.801679
457	49    	0.284219 	0.199559	-0.0228571 	0.72996 
458	43    	0.333688 	0.190065	-0.0171429 	0.789847
459	46    	0.335959 	0.199537	-0.0166643 	0.789847
460	44    	0.329319 	0.208067	-0.0171429 	0.75584 
461	45    	0.276025 	0.194612	-0.02      	0.75584 
462	46    	0.308484 	0.198053	-0.0200001 	0.75584 
463	43    	0.297803 	0.206796	-0.02      	0.75584 
464	46    	0.350704 	0.232209	-0.02      	0.818132
465	44    	0.339459 	0.263563	-0.02      	0.835026
466	45    	0.345795 	0.248347	-0.02      	0.835122
467	46    	0.376915 	0.239034	-0.02      	0.835026
468	45    	0.313263 	0.238931	-0.02      	0.835026
469	47    	0.395911 	0.217419	-0.0166666 	0.835026
470	47    	0.33079  	0.261944	-0.0200001 	0.844026
471	46    	0.29734  	0.259349	-0.0177778 	0.835026
472	47    	0.311491 	0.256563	-0.0200002 	0.835026
473	44    	0.275662 	0.277064	-0.0200001 	0.835026
474	43    	0.309497 	0.285282	-0.0200001 	0.835026
475	47    	0.349722 	0.256906	-0.02      	0.835026
476	45    	0.340293 	0.272014	-0.0200001 	0.835026
477	42    	0.358466 	0.273493	-0.0171428 	0.835026
478	49    	0.322214 	0.25767 	-0.0174999 	0.835026
479	46    	0.271205 	0.240722	-0.0200001 	0.790832
480	43    	0.378866 	0.233867	-0.015     	0.835026
481	45    	0.340002 	0.300461	-0.0200001 	0.835026
482	44    	0.394245 	0.265029	-0.02      	0.835026
483	48    	0.297384 	0.2497  	-0.0175    	0.835026
484	49    	0.356808 	0.239071	-0.0175    	0.835026
485	47    	0.368153 	0.254995	-0.0175    	0.835026
486	48    	0.31795  	0.234071	-0.02      	0.835026
487	49    	0.329483 	0.230093	-0.0171428 	0.835026
488	45    	0.350961 	0.24194 	-0.0171429 	0.835026
489	50    	0.342643 	0.232749	-0.016     	0.729998
490	47    	0.277411 	0.236269	-0.02      	0.730832
491	44    	0.336123 	0.235653	-0.02      	0.817772
492	46    	0.301028 	0.268452	-0.0200001 	0.817772
493	47    	0.35233  	0.254685	-0.02      	0.818261
494	47    	0.350847 	0.23423 	-0.0200001 	0.817772
495	47    	0.356022 	0.252186	-0.0175    	0.835494
496	44    	0.347038 	0.249506	-0.0133333 	0.835494
497	44    	0.373784 	0.262572	-0.02      	0.835494
498	45    	0.34943  	0.260141	-0.0175    	0.835693
499	46    	0.379224 	0.249771	-0.02      	0.835494
500	46    	0.390222 	0.229115	-0.0175001 	0.808318
501	46    	0.326012 	0.259317	-0.0200001 	0.808318
502	48    	0.338018 	0.218348	-0.0177778 	0.808318
503	48    	0.320431 	0.211035	-0.0200001 	0.750227
504	44    	0.360007 	0.220608	-0.02      	0.750227
505	43    	0.363734 	0.211324	-0.0175    	0.825783
506	45    	0.349391 	0.239375	-0.016     	0.825783
507	46    	0.353989 	0.248542	-0.0166667 	0.834893
508	46    	0.390072 	0.226921	-0.0177778 	0.834893
509	50    	0.317625 	0.194772	-0.0171428 	0.753315
510	44    	0.328295 	0.214583	-0.02      	0.753315
511	47    	0.37884  	0.222582	-0.0171428 	0.753315
512	48    	0.318813 	0.21131 	-0.0166667 	0.753315
513	46    	0.405401 	0.205215	0.0626413  	0.753766
514	46    	0.347195 	0.185923	0.096288   	0.810241
515	44    	0.404794 	0.247573	-0.0177778 	0.818826
516	44    	0.303399 	0.258059	-0.02      	0.818826
517	48    	0.339973 	0.247117	-0.02      	0.810241
518	47    	0.331433 	0.231497	-0.0177779 	0.723708
519	42    	0.3425   	0.230005	-0.0177777 	0.723673
520	48    	0.299689 	0.226633	-0.018     	0.75685 
521	45    	0.33606  	0.204897	-0.0175    	0.727688
522	43    	0.359787 	0.213581	-0.02      	0.73408 
523	42    	0.395031 	0.225321	-0.0175    	0.812825
524	48    	0.293327 	0.197463	-0.0166667 	0.75685 
525	45    	0.318883 	0.224053	-0.02      	0.832288
526	48    	0.401545 	0.243826	-0.0175    	0.824845
527	47    	0.332272 	0.231642	-0.02      	0.824845
528	46    	0.32525  	0.230107	-0.02      	0.824845
529	45    	0.404923 	0.206637	-0.02      	0.733054
530	43    	0.433947 	0.193399	-0.02      	0.734639
531	49    	0.370984 	0.226653	0.0672175  	0.804758
532	46    	0.360037 	0.228169	-0.0177778 	0.804758
533	48    	0.39354  	0.228201	-0.015     	0.888716
534	46    	0.305234 	0.224656	-0.0199999 	0.890799
535	48    	0.377742 	0.226819	-0.02      	0.790825
536	46    	0.404233 	0.223696	-0.02      	0.80607 
537	45    	0.368277 	0.219111	-0.0177778 	0.813557
538	47    	0.382271 	0.218779	-0.01      	0.813557
539	46    	0.378679 	0.235474	-0.015     	0.813557
540	47    	0.368833 	0.224395	-0.0177778 	0.808052
541	44    	0.410429 	0.216636	0.0846794  	0.80607 
542	47    	0.325715 	0.194957	-0.02      	0.750232
543	46    	0.355315 	0.202152	0.07545    	0.742721
544	48    	0.346563 	0.178263	-0.016     	0.82492 
545	45    	0.377347 	0.216453	-0.02      	0.893242
546	48    	0.303462 	0.21457 	-0.02      	0.978817
547	46    	0.343544 	0.210965	-0.015     	0.840297
548	44    	0.416647 	0.220573	-0.02      	0.840297
549	46    	0.394123 	0.262262	-0.0177778 	0.840297
550	48    	0.377887 	0.190077	-0.0133333 	0.840297
551	45    	0.385367 	0.192059	0.133599   	0.785432
552	43    	0.398009 	0.234368	-0.016     	0.785432
553	49    	0.297961 	0.228139	-0.0175    	0.812977
554	47    	0.341756 	0.251266	-0.02      	0.829732
555	48    	0.262414 	0.19985 	-0.0160001 	0.755729
556	43    	0.352252 	0.232281	-0.0183333 	0.83416 
557	45    	0.355928 	0.240723	-0.0183334 	0.83416 
558	45    	0.390777 	0.231978	-0.0133333 	0.83416 
559	43    	0.402539 	0.201364	0.0769905  	0.83416 
560	48    	0.330848 	0.17936 	-0.0150002 	0.803703
561	44    	0.365698 	0.17673 	0.111461   	0.803703
562	44    	0.363444 	0.19763 	-0.016     	0.803703
563	44    	0.343048 	0.197134	-0.0133333 	0.803703
564	46    	0.321776 	0.180205	-0.0133333 	0.712887
565	45    	0.363037 	0.169476	0.0731039  	0.712887
566	48    	0.308648 	0.15105 	-0.0184615 	0.655973
567	48    	0.318679 	0.170138	-0.0175    	0.755026
568	42    	0.444526 	0.189537	-0.0166666 	0.801738
569	47    	0.35921  	0.19058 	-0.0133333 	0.801738
570	42    	0.381733 	0.210893	-0.0171429 	0.801738
571	49    	0.330038 	0.168238	0.0746264  	0.801738
572	48    	0.34062  	0.178495	-0.0133334 	0.801738
573	48    	0.336547 	0.158932	0.0993763  	0.801738
574	45    	0.339958 	0.17645 	-0.02      	0.773381
575	45    	0.347901 	0.173932	-0.0150001 	0.685549
576	47    	0.302088 	0.180071	-0.02      	0.688242
577	45    	0.322542 	0.160074	-0.0166667 	0.721045
578	45    	0.328076 	0.157818	0.0325933  	0.739267
579	46    	0.365624 	0.154471	0.104716   	0.739267
580	48    	0.303221 	0.181941	-0.0177778 	0.776204
581	47    	0.349279 	0.182101	0.111374   	0.827032
582	43    	0.410255 	0.212721	-0.0166667 	0.827032
583	47    	0.392677 	0.202131	0.118127   	0.827032
584	47    	0.406492 	0.212733	0.115291   	0.900442
585	46    	0.340236 	0.22554 	-0.0171429 	0.827235
586	45    	0.361584 	0.207447	0.115129   	0.906473
587	46    	0.357002 	0.220991	-0.016     	0.824032
588	47    	0.414146 	0.238034	-0.0149999 	0.909642
589	46    	0.366446 	0.257232	-0.02      	0.909642
590	43    	0.455193 	0.246271	0.0574638  	0.909642
591	48    	0.322287 	0.22431 	-0.0166667 	0.909642
592	49    	0.351621 	0.238983	-0.0150001 	0.909642
593	46    	0.379263 	0.248217	-0.0166667 	0.909642
594	44    	0.368242 	0.255242	-0.018     	0.909642
595	47    	0.3754   	0.243598	-0.0200001 	0.909642
596	47    	0.334153 	0.237864	-0.0171429 	0.91347 
597	47    	0.308112 	0.226949	-0.02      	0.91347 
598	48    	0.326325 	0.231677	-0.0199999 	0.826067
599	48    	0.364002 	0.203832	-0.02      	0.826067
600	46    	0.408573 	0.246162	-0.0171429 	0.864525
601	44    	0.391386 	0.256331	-0.02      	0.897446
602	47    	0.351297 	0.230041	-0.018     	0.866763
603	43    	0.405792 	0.244229	-0.0175    	0.811751
604	44    	0.390564 	0.228736	-0.015     	0.971077
605	43    	0.40087  	0.21317 	0.0549152  	0.971077
606	46    	0.381051 	0.21851 	-0.0166667 	0.971077
607	42    	0.437592 	0.219689	0.0750381  	0.971077
608	44    	0.36544  	0.242733	-0.0166666 	0.971077
609	42    	0.417877 	0.242095	0.0227269  	0.971077
610	46    	0.367324 	0.257488	-0.015     	0.971077
611	45    	0.421959 	0.248791	0.113773   	0.971077
612	47    	0.356521 	0.220062	-0.0159999 	0.971077
613	45    	0.429734 	0.240615	-0.01      	0.971077
614	48    	0.325669 	0.24159 	-0.02      	0.971077
615	48    	0.306086 	0.184907	-0.0166667 	0.904158
616	48    	0.361942 	0.187506	-0.02      	0.82398 
617	48    	0.290929 	0.149305	0.0592274  	0.823482
618	49    	0.304717 	0.13554 	0.0275947  	0.635667
619	44    	0.375639 	0.133272	0.0827665  	0.646543
620	45    	0.344473 	0.160988	-0.0171428 	0.635667
621	47    	0.328797 	0.194984	-0.02      	0.790427
622	49    	0.265987 	0.155992	-0.02      	0.64734 
623	47    	0.275488 	0.158557	-0.02      	0.60017 
624	47    	0.318097 	0.137276	-0.0166667 	0.730107
625	44    	0.318388 	0.140952	-0.0149999 	0.730107
626	42    	0.345041 	0.177439	0.0513588  	0.738159
627	48    	0.366904 	0.190728	-0.0150002 	0.802673
628	43    	0.393683 	0.228865	-0.02      	0.802673
629	43    	0.425714 	0.221951	0.102592   	0.802673
630	49    	0.313208 	0.204947	-0.018     	0.805995
631	47    	0.38178  	0.19716 	-0.0171428 	0.756553
632	41    	0.429745 	0.20308 	-0.015     	0.756553
633	43    	0.309173 	0.196581	-0.016     	0.756553
634	48    	0.345928 	0.185198	0.0747496  	0.790527
635	48    	0.328967 	0.188352	-0.0199999 	0.731931
636	44    	0.320432 	0.18798 	-0.0175    	0.731931
637	45    	0.356693 	0.214706	-0.0177778 	0.756553
638	47    	0.355596 	0.224769	-0.0177778 	0.839462
639	46    	0.330903 	0.232214	-0.0179999 	0.839462
640	43    	0.394055 	0.234172	-0.02      	0.897471
641	44    	0.318574 	0.21985 	-0.0166667 	0.897471
642	48    	0.320961 	0.217327	-0.0177779 	0.821447
643	46    	0.3748   	0.242806	-0.02      	0.835277
644	48    	0.36463  	0.241431	-0.0171428 	0.836975
645	47    	0.406233 	0.240465	-0.02      	0.821447
646	43    	0.390532 	0.241615	0.069371   	0.827097
647	44    	0.401808 	0.239661	-0.0133333 	0.827097
648	44    	0.396581 	0.265181	-0.0175001 	0.827119
649	46    	0.339692 	0.24789 	-0.02      	0.827809
650	45    	0.413798 	0.25079 	-0.02      	0.900491
651	47    	0.455817 	0.261045	-0.0166667 	0.900271
652	46    	0.405663 	0.264408	-0.0171415 	0.900271
653	48    	0.316795 	0.24936 	-0.0166667 	0.904209
654	44    	0.371334 	0.248679	-0.0160001 	0.904209
655	49    	0.33667  	0.241167	-0.0177778 	0.904209
656	49    	0.281117 	0.167288	-0.016     	0.848501
657	45    	0.297186 	0.140161	-0.0171428 	0.618163
658	47    	0.305265 	0.169149	-0.0171429 	0.65188 
659	48    	0.33634  	0.187678	-0.015     	0.68546 
660	42    	0.420282 	0.191465	-0.0171429 	0.866569
661	48    	0.297451 	0.206502	-0.0171429 	0.855687
662	45    	0.340946 	0.212236	-0.0175    	0.855687
663	46    	0.400605 	0.222847	0.0644166  	0.855687
664	48    	0.345633 	0.2064  	-0.0177776 	0.855687
665	41    	0.439267 	0.218219	0.0806343  	0.956238
666	46    	0.37679  	0.239664	-0.0177778 	0.86343 
667	46    	0.391246 	0.223941	0.0798894  	0.86343 
668	49    	0.375756 	0.198417	-0.0166667 	0.832435
669	47    	0.332881 	0.219751	-0.02      	0.834818
670	48    	0.351123 	0.233358	-0.0175    	0.832435
671	46    	0.390856 	0.259426	-0.02      	0.945821
672	48    	0.409002 	0.268033	-0.0166666 	0.945821
673	45    	0.350901 	0.251437	-0.0171429 	0.945821
674	43    	0.321593 	0.253595	-0.0177778 	0.945821
675	48    	0.338356 	0.257007	-0.018     	0.973916
676	49    	0.295317 	0.219537	-0.0175    	0.832256
677	46    	0.375118 	0.193553	0.0992589  	0.832256
678	45    	0.341354 	0.184956	0.0777076  	0.832256
679	47    	0.316866 	0.200136	-0.0175    	0.832256
680	44    	0.349852 	0.211097	-0.01      	0.727499
681	41    	0.385457 	0.219776	-0.0171429 	0.865778
682	46    	0.344908 	0.225297	-0.0159999 	0.805718
683	44    	0.34987  	0.240162	-0.0171429 	0.858759
684	46    	0.322662 	0.203556	-0.0171429 	0.805718
685	48    	0.333956 	0.21298 	-0.02      	0.902704
686	44    	0.378867 	0.192352	-0.0133334 	0.861156
687	48    	0.339833 	0.217519	-0.02      	0.902704
688	48    	0.311105 	0.198003	-0.018     	0.840208
689	48    	0.355004 	0.209028	-0.018     	0.93838 
690	47    	0.308393 	0.175687	-0.018     	0.75859 
691	47    	0.330923 	0.170892	-0.0166666 	0.75859 
692	41    	0.355495 	0.191545	-0.02      	0.75859 
693	43    	0.372547 	0.199452	-0.02      	0.769015
694	49    	0.335761 	0.184165	-0.015     	0.832152
695	46    	0.277684 	0.179878	-0.0174999 	0.832152
696	44    	0.378268 	0.186643	0.15236    	0.832152
697	47    	0.379834 	0.213331	0.0799131  	0.941545
698	46    	0.384353 	0.216369	0.115125   	0.941545
699	46    	0.370745 	0.238022	-0.0133333 	0.969156
700	47    	0.36345  	0.234997	-0.0171428 	0.969156
701	46    	0.354175 	0.222941	-0.0171428 	1.04191 
702	46    	0.383427 	0.233188	-0.0149999 	1.04191 
703	45    	0.410521 	0.260487	-0.017143  	1.04191 
704	47    	0.370807 	0.227112	-0.0175    	0.887275
705	44    	0.398562 	0.219466	0.0992719  	0.887275
706	48    	0.356215 	0.195753	0.0649467  	0.887275
707	46    	0.335417 	0.203502	-0.0228572 	0.817587
708	46    	0.33885  	0.154205	0.141808   	0.814183
709	49    	0.351862 	0.163629	-0.015     	0.843633
710	47    	0.357103 	0.180401	0.0932245  	0.821921
711	45    	0.34542  	0.225657	-0.015     	0.821921
712	45    	0.359931 	0.224651	0.0612248  	0.821921
713	46    	0.391998 	0.187629	-0.015     	0.821921
714	45    	0.346099 	0.221998	-0.02      	0.821921
715	47    	0.342693 	0.219497	-0.015     	0.821921
716	44    	0.363835 	0.206798	-0.018     	0.821921
717	47    	0.361304 	0.194305	0.0791459  	0.821921
718	43    	0.42494  	0.205332	0.0755755  	0.810984
719	47    	0.367378 	0.207253	-0.0133333 	0.884319
720	49    	0.3552   	0.191351	-0.0177778 	0.802967
721	45    	0.371318 	0.200884	-0.015     	0.802967
722	48    	0.340279 	0.161427	0.0722093  	0.745642
723	42    	0.348972 	0.178433	-0.0133337 	0.745411
724	45    	0.353395 	0.191638	-0.01      	0.745411
725	47    	0.379222 	0.197262	0.0774636  	0.755148
726	47    	0.307336 	0.171113	-0.015     	0.745411
727	44    	0.340109 	0.149892	0.0987143  	0.682717
728	48    	0.320004 	0.138723	0.112479   	0.717227
729	46    	0.347274 	0.161957	-0.016     	0.717227
730	47    	0.327662 	0.126165	0.081405   	0.717227
731	46    	0.344069 	0.141546	0.0850832  	0.700558
732	49    	0.299272 	0.148531	-0.015     	0.685427
733	48    	0.394656 	0.151021	0.129622   	0.8258  
734	48    	0.360993 	0.164493	-0.0133334 	0.765567
735	49    	0.333596 	0.138035	0.0681537  	0.700675
736	45    	0.373254 	0.151933	0.0989644  	0.700675
737	45    	0.393303 	0.188453	-0.0166667 	0.819547
738	47    	0.391243 	0.17134 	-0.016     	0.819547
739	44    	0.399819 	0.192336	-0.0133333 	0.73496 
740	44    	0.407018 	0.197731	-0.0183334 	0.899712
741	45    	0.360801 	0.223143	-0.0171429 	0.899712
742	47    	0.355668 	0.187066	0.0620687  	0.899712
743	48    	0.34419  	0.167961	-0.01      	0.801761
744	45    	0.366813 	0.202658	-0.0200001 	0.858629
745	46    	0.367395 	0.203079	-0.0181819 	0.801761
746	48    	0.334717 	0.210349	-0.02      	0.801761
747	45    	0.30896  	0.204389	-0.0175    	0.801761
748	44    	0.360726 	0.223773	-0.0175    	0.877515
749	46    	0.335743 	0.218668	0.0531121  	0.806107
750	48    	0.333732 	0.187155	-0.018182  	0.801761
751	49    	0.315049 	0.16583 	-0.0160001 	0.695608
752	46    	0.354415 	0.154653	-0.0177778 	0.695608
753	45    	0.373522 	0.177276	-0.016     	0.702193
754	47    	0.34057  	0.182089	-0.0171428 	0.852661
755	46    	0.354703 	0.150237	0.102462   	0.852661
756	47    	0.334379 	0.183925	-0.0159892 	0.852661
757	48    	0.334999 	0.166763	-0.02      	0.837451
758	45    	0.347614 	0.183531	-0.0166667 	0.84139 
759	48    	0.348355 	0.164249	0.0855126  	0.84139 
760	49    	0.311571 	0.125297	0.0622527  	0.653079
761	46    	0.294185 	0.125115	-0.0149999 	0.653079
762	49    	0.320381 	0.150295	-0.018     	0.730688
763	44    	0.323119 	0.170757	-0.02      	0.730688
764	49    	0.325957 	0.160863	-0.0171429 	0.700327
765	48    	0.359124 	0.137697	0.0834014  	0.647365
766	45    	0.316794 	0.185419	-0.02      	0.694701
767	43    	0.318176 	0.197618	-0.0171429 	0.702382
768	47    	0.345821 	0.217944	-0.0166667 	0.811396
769	46    	0.32123  	0.226757	-0.0171429 	0.812308
770	48    	0.298712 	0.214021	-0.0171429 	0.705337
771	45    	0.285772 	0.2186  	-0.0200001 	0.706026
772	47    	0.318701 	0.220069	-0.0175    	0.705337
773	46    	0.262046 	0.219037	-0.02      	0.73237 
774	46    	0.314707 	0.213535	-0.0171429 	0.705337
775	47    	0.315232 	0.239243	-0.02      	0.812977
776	46    	0.317694 	0.221795	-0.018     	0.820163
777	43    	0.349159 	0.218716	-0.02      	0.820163
778	48    	0.298617 	0.19901 	-0.0171428 	0.704954
779	49    	0.307674 	0.237147	-0.02      	0.805742
780	48    	0.281196 	0.21483 	-0.0199999 	0.804169
781	45    	0.345195 	0.239603	-0.0175    	0.812308
782	45    	0.304462 	0.261257	-0.0171429 	0.813708
783	49    	0.253471 	0.243447	-0.0171428 	0.813756
784	44    	0.311347 	0.243205	-0.0171429 	0.813756
785	47    	0.329826 	0.248531	-0.0171428 	0.812977
786	43    	0.317376 	0.266562	-0.0166667 	0.812977
787	47    	0.278126 	0.271437	-0.0171429 	0.819403
788	47    	0.267557 	0.239079	-0.0166667 	0.812825
789	46    	0.300442 	0.179238	-0.0171429 	0.705022
790	49    	0.248716 	0.184323	-0.0177778 	0.703401
791	46    	0.295113 	0.204728	-0.0171428 	0.703725
792	48    	0.249857 	0.170281	-0.0171429 	0.698515
793	47    	0.27222  	0.196401	-0.02      	0.705842
794	50    	0.289063 	0.205766	-0.02      	0.81995 
795	45    	0.307964 	0.242635	-0.0171429 	0.81995 
796	45    	0.300873 	0.215637	-0.0177778 	0.811247
797	43    	0.261854 	0.245772	-0.0171429 	0.811247
798	46    	0.31516  	0.239862	-0.0166667 	0.811247
799	47    	0.316185 	0.256778	-0.0171429 	0.819317
800	46    	0.334473 	0.281248	-0.0166667 	0.844542
801	46    	0.258491 	0.235224	-0.0166667 	0.844542
802	49    	0.290515 	0.232406	-0.0166667 	0.844542
803	44    	0.302641 	0.245782	-0.0171429 	0.844542
804	48    	0.247051 	0.237752	-0.02      	0.844542
805	43    	0.343807 	0.247795	-0.0166666 	0.841765
806	46    	0.339995 	0.222266	-0.0171428 	0.840119
807	44    	0.345291 	0.212075	-0.0175    	0.810304
808	45    	0.318169 	0.182664	0.0748184  	0.810304
809	45    	0.337777 	0.214839	-0.0166667 	0.851395
810	47    	0.314216 	0.189083	-0.0175    	0.746976
811	47    	0.358038 	0.21048 	-0.02      	0.856196
812	48    	0.300655 	0.200021	-0.0159893 	0.832326
813	46    	0.319876 	0.230637	-0.017143  	0.832326
814	45    	0.381192 	0.237446	-0.0166667 	0.947795
815	45    	0.377891 	0.24629 	-0.015     	0.947795
816	47    	0.358    	0.234919	-0.0171429 	0.947795
817	45    	0.345681 	0.209427	-0.0171429 	0.947795
818	48    	0.368008 	0.200302	-0.01      	0.947795
819	46    	0.403897 	0.245058	-0.0180001 	0.947795
820	44    	0.376625 	0.227592	0.0659938  	0.947795
821	47    	0.380219 	0.244062	-0.0181817 	0.947795
822	48    	0.301093 	0.169549	-0.02      	0.686538
823	47    	0.3618   	0.180353	0.0587626  	0.782144
824	47    	0.34155  	0.188275	0.0533328  	0.77745 
825	47    	0.310336 	0.185841	-0.0183334 	0.718432
826	46    	0.344845 	0.204237	-0.0175    	0.799703
827	45    	0.391725 	0.228616	-0.0166667 	0.857668
828	46    	0.315499 	0.19544 	-0.0171429 	0.830542
829	45    	0.350508 	0.203404	-0.0166666 	0.830542
830	46    	0.377645 	0.222759	-0.02      	0.900309
831	45    	0.375192 	0.221451	-0.0175    	0.900309
832	45    	0.381007 	0.240886	-0.0171428 	0.905389
833	46    	0.375682 	0.229208	0.0588552  	0.906405
834	43    	0.39019  	0.242711	-0.0175    	0.906405
835	48    	0.340905 	0.242685	-0.0179999 	0.906405
836	46    	0.357923 	0.245884	-0.0171428 	0.820223
837	48    	0.380682 	0.237017	-0.016     	0.903755
838	49    	0.398677 	0.211924	-0.0177778 	0.898735
839	42    	0.421923 	0.205662	-0.0175001 	0.795891
840	47    	0.410722 	0.200125	-0.02      	0.800863
841	42    	0.384598 	0.223125	-0.0177777 	0.800863
842	45    	0.371386 	0.205877	0.0818779  	0.81438 
843	47    	0.454483 	0.218044	0.0788504  	0.822433
844	44    	0.344371 	0.241372	-0.015     	0.822433
845	46    	0.389667 	0.247847	0.0522268  	0.822433
846	48    	0.368883 	0.214071	-0.016     	0.819498
847	44    	0.369683 	0.233338	-0.0171428 	0.819498
848	47    	0.371697 	0.217914	0.0708704  	0.820034
849	45    	0.396377 	0.197984	0.0959206  	0.820034
850	48    	0.33684  	0.226968	-0.02      	0.825469
851	49    	0.387158 	0.182118	-0.01      	0.762575
852	46    	0.38111  	0.204864	-0.0171412 	0.762449
853	46    	0.396067 	0.217697	-0.0175    	0.827995
854	41    	0.446987 	0.248833	-0.02      	0.827995
855	44    	0.415821 	0.234187	-0.0177778 	0.827995
856	48    	0.382596 	0.213178	-0.018     	0.954832
857	46    	0.375627 	0.210074	-0.0177778 	0.762572
858	46    	0.404058 	0.204215	0.0381246  	0.762585
859	47    	0.441279 	0.248015	-0.0171428 	1.14616 
860	48    	0.354592 	0.220045	-0.0159999 	0.913479
861	48    	0.383052 	0.196978	-0.015     	0.826319
862	46    	0.421941 	0.225715	-0.0133332 	0.919128
863	40    	0.456407 	0.249486	-0.0185714 	0.919128
864	45    	0.343679 	0.246134	0.0591766  	0.919128
865	48    	0.376734 	0.213471	0.0983215  	0.833485
866	48    	0.389392 	0.212205	-0.0166666 	0.759125
867	45    	0.445941 	0.200414	0.0591595  	0.81468 
868	42    	0.426226 	0.228742	-0.0171428 	0.81468 
869	43    	0.3859   	0.262973	-0.0171428 	0.832539
870	43    	0.399068 	0.239043	-0.0171428 	0.820751
871	45    	0.366045 	0.23147 	0.0507889  	0.81468 
872	47    	0.40661  	0.236744	-0.0166667 	0.81468 
873	48    	0.439564 	0.226175	-0.016     	0.813708
874	46    	0.315431 	0.245596	-0.0181818 	0.813708
875	43    	0.355277 	0.255661	-0.0166666 	0.813708
876	44    	0.295667 	0.275636	-0.0166667 	0.811247
877	46    	0.300142 	0.239284	-0.0166667 	0.811396
878	47    	0.236339 	0.243714	-0.0177777 	0.813708
879	48    	0.264951 	0.205556	-0.0166667 	0.813708
880	46    	0.298231 	0.25745 	-0.02      	0.813708
881	48    	0.18842  	0.19365 	-0.0171429 	0.811247
882	49    	0.196607 	0.1731  	-0.0166666 	0.811247
883	47    	0.242566 	0.204067	-0.02      	0.813708
884	46    	0.257678 	0.227813	-0.02      	0.813708
885	47    	0.240027 	0.247034	-0.02      	0.813708
886	48    	0.216013 	0.205212	-0.02      	0.811396
887	46    	0.287169 	0.193826	-0.016     	0.812977
888	48    	0.263628 	0.214193	-0.0177778 	0.812825
889	42    	0.343723 	0.255171	-0.0171429 	0.812825
890	46    	0.287237 	0.265989	-0.0171429 	0.812825
891	45    	0.317988 	0.263466	-0.0166667 	0.812825
892	42    	0.339149 	0.286398	-0.0166667 	0.812977
893	44    	0.285899 	0.281108	-0.0171429 	0.812977
894	44    	0.267346 	0.2583  	-0.02      	0.812977
895	46    	0.225689 	0.255753	-0.0166667 	0.812977
896	46    	0.288142 	0.245683	-0.02      	0.812977
897	44    	0.348964 	0.258985	-0.02      	0.813708
898	47    	0.275485 	0.237785	-0.0171428 	0.729582
899	44    	0.307227 	0.237619	-0.02      	0.718292
900	48    	0.327191 	0.217088	-0.02      	0.753315
901	45    	0.301234 	0.227082	-0.0200001 	0.753315
902	46    	0.333023 	0.223012	-0.02      	0.753315
903	46    	0.324511 	0.216948	-0.0177778 	0.753315
904	46    	0.338357 	0.245962	-0.02      	0.821737
905	45    	0.346826 	0.219009	0.0870218  	0.821737
906	47    	0.295105 	0.221258	-0.0171429 	0.753116
907	44    	0.384145 	0.212784	0.0626736  	0.808915
908	46    	0.316649 	0.232345	-0.0177778 	0.831579
909	44    	0.32333  	0.221733	-0.02      	0.808915
910	43    	0.34411  	0.225581	-0.0174999 	0.812825
911	47    	0.293701 	0.242653	-0.0166667 	0.812977
912	46    	0.265591 	0.238506	-0.0177778 	0.812825
913	46    	0.272473 	0.205954	-0.0171428 	0.812825
914	48    	0.249308 	0.179638	-0.0171429 	0.812825
915	46    	0.291808 	0.193602	-0.0177778 	0.702349
916	43    	0.342378 	0.209123	-0.02      	0.812825
917	47    	0.298046 	0.229367	-0.0177778 	0.812825
918	49    	0.237757 	0.205763	-0.018     	0.812308
919	46    	0.254752 	0.224915	-0.0166667 	0.812308
920	44    	0.309206 	0.242393	-0.0171428 	0.732661
921	50    	0.296862 	0.22164 	-0.0171429 	0.819334
922	47    	0.277057 	0.225597	-0.0171429 	0.819334
923	45    	0.30047  	0.260096	-0.0171429 	0.812308
924	45    	0.292358 	0.24061 	-0.0171429 	0.812308
925	45    	0.259945 	0.245055	-0.0171429 	0.812308
926	42    	0.32189  	0.256184	-0.0166666 	0.812308
927	45    	0.282404 	0.301925	-0.02      	0.819334
928	49    	0.256256 	0.209106	-0.0175001 	0.812825
929	46    	0.184879 	0.233185	-0.0171429 	0.812825
930	45    	0.191936 	0.234681	-0.0166667 	0.812977
931	47    	0.230529 	0.197824	-0.02      	0.812825
932	50    	0.205901 	0.19463 	-0.0171428 	0.580007
933	43    	0.259759 	0.205608	-0.0171428 	0.58002 
934	44    	0.294849 	0.168395	-0.0166667 	0.580091
935	48    	0.258502 	0.180709	-0.0171429 	0.581321
936	47    	0.270597 	0.178336	-0.0171429 	0.580091
937	46    	0.306734 	0.19277 	-0.0166667 	0.581321
938	49    	0.24411  	0.195493	-0.0166668 	0.581321
939	45    	0.266941 	0.180164	-0.0166667 	0.592322
940	46    	0.241217 	0.225946	-0.0166668 	0.689533
941	45    	0.282738 	0.215641	-0.0166666 	0.813364
942	45    	0.263363 	0.211697	-0.02      	0.813364
943	44    	0.354045 	0.210229	-0.0171429 	0.813364
944	41    	0.32933  	0.267922	-0.02      	0.832826
945	47    	0.273393 	0.23341 	-0.02      	0.814342
946	47    	0.289014 	0.197946	-0.0175    	0.813364
947	46    	0.326077 	0.18945 	-0.02      	0.813364
948	45    	0.261483 	0.215769	-0.02      	0.813364
949	47    	0.262291 	0.181408	-0.02      	0.728721
950	48    	0.28303  	0.161752	-0.0177778 	0.644   
951	47    	0.309023 	0.20544 	-0.02      	0.645459
952	47    	0.278093 	0.17961 	-0.0175    	0.645459
953	44    	0.29589  	0.182176	-0.0200001 	0.756895
954	44    	0.339213 	0.197779	-0.018     	0.86195 
955	48    	0.317544 	0.196341	-0.015     	0.852134
956	48    	0.344951 	0.224   	-0.0150001 	0.869134
957	48    	0.298165 	0.199329	-0.02      	0.869134
958	48    	0.384387 	0.226574	-0.02      	0.869134
959	47    	0.327572 	0.218048	-0.0166666 	0.869134
960	47    	0.297643 	0.16972 	0.0832595  	0.869134
961	48    	0.355946 	0.189723	-0.0133333 	0.766708
962	47    	0.284629 	0.201626	-0.02      	0.786607
963	47    	0.279655 	0.22674 	-0.02      	0.786607
964	46    	0.263964 	0.201666	-0.0171429 	0.786607
965	46    	0.338136 	0.20205 	-0.0175    	0.869134
966	47    	0.332305 	0.182121	-0.0175    	0.843711
967	45    	0.348797 	0.179712	0.0903093  	0.698136
968	44    	0.303281 	0.205253	-0.02      	0.698136
969	48    	0.379119 	0.197507	-0.016     	0.797563
970	49    	0.302579 	0.200141	-0.02      	0.797563
971	48    	0.325837 	0.212021	-0.02      	0.812159
972	45    	0.291972 	0.175894	-0.02      	0.812159
973	46    	0.328233 	0.168815	-0.02      	0.814727
974	46    	0.318449 	0.145864	-0.0150001 	0.654047
975	46    	0.309782 	0.15236 	-0.0199999 	0.654313
976	48    	0.284849 	0.139118	-0.016     	0.654313
977	46    	0.324142 	0.152242	-0.02      	0.62849 
978	45    	0.320951 	0.160599	-0.02      	0.62849 
979	44    	0.326078 	0.148852	-0.0177778 	0.664467
980	49    	0.309675 	0.159476	-0.02      	0.693092
981	41    	0.298873 	0.196587	-0.02      	0.653167
982	42    	0.34344  	0.209481	-0.018     	0.757994
983	46    	0.369558 	0.187955	-0.015     	0.757994
984	47    	0.322583 	0.202497	-0.0171428 	0.815851
985	44    	0.381334 	0.205841	-0.02      	0.721792
986	47    	0.354596 	0.242005	-0.02      	0.817693
987	46    	0.310034 	0.208603	-0.0183333 	0.754504
988	49    	0.291336 	0.200231	-0.02      	0.71083 
989	47    	0.3117   	0.204469	-0.0199999 	0.659611
990	48    	0.322471 	0.208976	-0.0171428 	0.721012
991	45    	0.401767 	0.200742	-0.0171429 	0.749638
992	46    	0.340985 	0.218289	-0.0150002 	0.749638
993	46    	0.340487 	0.247638	-0.0171428 	0.833493
994	46    	0.353263 	0.237397	-0.0175    	0.833493
995	48    	0.321283 	0.227963	-0.0199999 	0.785036
996	46    	0.373447 	0.235131	-0.018     	0.826037
997	49    	0.31944  	0.208756	-0.0175001 	0.785036
998	49    	0.306977 	0.205449	-0.0175    	0.820481
999	43    	0.377349 	0.225525	-0.01      	0.832826
1000	48    	0.328483 	0.23025 	-0.0171429 	0.834818
