Argument values: path=C:\Users\1625203\Downloads\Framsticks50rc22\Framsticks50rc22, lib=None, sim=eval-allcriteria.sim;deterministic.sim;sample-period-2.sim;f9-mut-050.sim, genformat=None, initialgenotype=/*9*/BLU, opt=vertpos, popsize=50, generations=1000, tournament=10, pmut=0.9, pxov=0.2, hof_size=1, hof_savefile=None, max_numparts=30, max_numjoints=None, max_numneurons=None, max_numconnections=None, max_numgenochars=50
Using Framsticks version: 5.0rc22
Home (writable) dir     : C:\Users\1625203\Downloads\Framsticks50rc22\Framsticks50rc22\data
Resources dir           : C:\Users\1625203\Downloads\Framsticks50rc22\Framsticks50rc22\data

Available objects: ['CheckpointEvent', 'Collision', 'CrCollision', 'Creature', 'CreatureSettings', 'CreatureSignals', 'CreatureSnapshot', 'Dictionary', 'ExpProperties', 'ExpState', 'ExtValue', 'File', 'FunctionReference', 'GenMan', 'GenManStats', 'GenePool', 'GenePools', 'Geno', 'Genotype', 'Interface', 'Joint', 'Loader', 'Math', 'MechJoint', 'MechPart', 'MessageCatcher', 'Model', 'ModelGeometry', 'ModelSymmetry', 'Neuro', 'NeuroClass', 'NeuroClassLibrary', 'NeuroDef', 'NeuroSignals', 'NeuronsSimEnabled', 'ODE', 'Orient', 'Part', 'Population', 'Populations', 'Ref', 'Signal', 'SignalView', 'SimilMeasure', 'SimilMeasureDistribution', 'SimilMeasureGreedy', 'SimilMeasureHungarian', 'Simulator', 'SlaveSimulators', 'StopEvent', 'String', 'UserScripts', 'Vector', 'WireframeAppearance', 'World', 'WorldMap', 'WorldSignals', 'XYZ', '__builtins__', '__cached__', '__doc__', '__file__', '__loader__', '__name__', '__package__', '__spec__', 'c_api', 'ctypes', 'home_dir', 'init', 'os', 're', 'res_dir', 'sim_params', 'stats', 'sys']

Performing a basic test 1/2... OK.
Performing a basic test 2/2... OK.
Using settings: ['eval-allcriteria.sim', 'deterministic.sim', 'sample-period-2.sim', 'f9-mut-050.sim']
gen	nevals	avg     	stddev	min     	max     
0  	50    	0.218369	0     	0.218369	0.218369
1  	44    	0.0728041	0.106906	-0.016  	0.235176
2  	45    	0.0972149	0.124115	-0.02   	0.441351
3  	40    	0.143817 	0.13439 	-0.0171428	0.441351
4  	48    	0.133259 	0.138522	-0.02     	0.515503
5  	46    	0.143116 	0.14353 	-0.0166667	0.515503
6  	50    	0.100964 	0.117316	-0.02     	0.364424
7  	46    	0.184162 	0.158837	-0.02     	0.615066
8  	45    	0.188931 	0.14766 	-0.0171429	0.615066
9  	43    	0.20591  	0.128988	-0.02     	0.615066
10 	48    	0.203833 	0.14815 	-0.02     	0.473896
11 	43    	0.227395 	0.153332	-0.02     	0.592146
12 	44    	0.256641 	0.161108	-0.0181818	0.596925
13 	45    	0.260191 	0.168545	-0.0166667	0.596925
14 	43    	0.282184 	0.157309	-0.02     	0.596925
15 	45    	0.221534 	0.177219	-0.02     	0.596925
16 	47    	0.220547 	0.170774	-0.0171429	0.653053
17 	46    	0.217033 	0.151145	-0.0166667	0.617254
18 	47    	0.231891 	0.138562	-0.0175   	0.614273
19 	49    	0.244684 	0.14038 	-0.02     	0.599437
20 	48    	0.226236 	0.137726	-0.02     	0.599437
21 	47    	0.200559 	0.139482	-0.02     	0.457693
22 	46    	0.239712 	0.126064	-0.02     	0.647814
23 	47    	0.232172 	0.149744	-0.0171429	0.647814
24 	47    	0.222567 	0.13424 	-0.0166667	0.601763
25 	45    	0.263119 	0.156597	-0.02     	0.807829
26 	46    	0.236276 	0.146741	-0.0166667	0.694416
27 	49    	0.217026 	0.152116	-0.02     	0.812308
28 	43    	0.280029 	0.158075	-0.015    	0.812308
29 	47    	0.246903 	0.165598	-0.0171429	0.812308
30 	44    	0.254872 	0.174468	-0.02     	0.812308
31 	49    	0.200277 	0.127915	-0.02     	0.616251
32 	49    	0.193179 	0.139664	-0.02     	0.616251
33 	46    	0.217212 	0.157211	-0.0174996	0.701953
34 	49    	0.205466 	0.142772	-0.02     	0.701953
35 	44    	0.255541 	0.172322	-0.0175   	0.701953
36 	47    	0.208947 	0.16758 	-0.02     	0.813708
37 	47    	0.212114 	0.139259	-0.0175   	0.701953
38 	45    	0.212726 	0.144193	-0.02     	0.646394
39 	45    	0.233522 	0.14697 	-0.02     	0.531002
40 	47    	0.206681 	0.147804	-0.02     	0.531002
41 	44    	0.238182 	0.135232	-0.02     	0.531002
42 	45    	0.24199  	0.149849	-0.02     	0.615368
43 	45    	0.242911 	0.144005	-0.0174999	0.615368
44 	50    	0.195689 	0.125712	-0.0200001	0.555732
45 	45    	0.261148 	0.132155	-0.0171429	0.555732
46 	43    	0.239836 	0.182875	-0.0181818	0.557782
47 	46    	0.239299 	0.171104	-0.02     	0.575689
48 	46    	0.20867  	0.164592	-0.02     	0.702212
49 	45    	0.249469 	0.182705	-0.0175   	0.702212
50 	49    	0.21889  	0.17096 	-0.02     	0.812083
51 	49    	0.199952 	0.149086	-0.02     	0.609824
52 	46    	0.240165 	0.148397	-0.02     	0.833493
53 	49    	0.220718 	0.11148 	-0.0200001	0.533558
54 	45    	0.210175 	0.112602	-0.0175   	0.480052
55 	49    	0.244091 	0.12764 	-0.0177778	0.564672
56 	45    	0.25999  	0.121448	-0.0171428	0.431272
57 	45    	0.245688 	0.139679	-0.0183333	0.58318 
58 	48    	0.212164 	0.130747	-0.02     	0.58318 
59 	47    	0.207129 	0.137618	-0.02     	0.58318 
60 	45    	0.217584 	0.153234	-0.02     	0.58318 
61 	46    	0.264604 	0.169515	-0.0171428	0.58318 
62 	45    	0.237058 	0.185254	-0.02     	0.706637
63 	44    	0.20385  	0.198969	-0.0171429	0.812083
64 	42    	0.227106 	0.20134 	-0.0166667	0.812083
65 	48    	0.19839  	0.192871	-0.0171429	0.695309
66 	45    	0.206577 	0.199663	-0.02     	0.70503 
67 	45    	0.248137 	0.219376	-0.02     	0.811247
68 	45    	0.235463 	0.231079	-0.0166667	0.811247
69 	45    	0.264474 	0.201109	-0.0177778	0.753311
70 	43    	0.254637 	0.239455	-0.02     	0.753311
71 	47    	0.256374 	0.17807 	-0.0177778	0.753311
72 	47    	0.239134 	0.127959	-0.02     	0.535733
73 	47    	0.204808 	0.142051	-0.018    	0.536115
74 	44    	0.265667 	0.167553	-0.02     	0.704681
75 	48    	0.216676 	0.150149	-0.02     	0.559635
76 	49    	0.197695 	0.135604	-0.0171429	0.706014
77 	47    	0.259369 	0.141114	-0.0225   	0.706014
78 	47    	0.241219 	0.139315	-0.0171429	0.596931
79 	48    	0.261236 	0.119125	-0.0166668	0.596931
80 	49    	0.270403 	0.123424	-0.0166667	0.706014
81 	46    	0.295251 	0.138628	-0.02     	0.732214
82 	44    	0.26008  	0.173868	-0.0166667	0.706014
83 	45    	0.291305 	0.200387	-0.0171428	0.706014
84 	49    	0.224429 	0.15146 	-0.02     	0.698515
85 	47    	0.211815 	0.139174	-0.02     	0.503986
86 	45    	0.200738 	0.164283	-0.02     	0.503986
87 	47    	0.212911 	0.151806	-0.02     	0.583096
88 	48    	0.181148 	0.115785	-0.0175   	0.428392
89 	48    	0.242066 	0.133355	-0.018    	0.55172 
90 	45    	0.233116 	0.161671	-0.02     	0.706046
91 	49    	0.218022 	0.158909	-0.0175   	0.604445
92 	43    	0.232299 	0.157037	-0.0166667	0.696506
93 	45    	0.278681 	0.166653	-0.0160001	0.696506
94 	48    	0.193178 	0.15962 	-0.02     	0.583096
95 	46    	0.160309 	0.167827	-0.0166667	0.583096
96 	46    	0.21098  	0.156047	-0.0175   	0.583096
97 	45    	0.198942 	0.164256	-0.02     	0.583096
98 	39    	0.246523 	0.185316	-0.0166667	0.706285
99 	47    	0.217759 	0.178394	-0.02     	0.706285
100	48    	0.209884 	0.173682	-0.02     	0.706285
101	43    	0.241951 	0.179774	-0.0171429	0.706285
102	50    	0.204015 	0.189751	-0.0175   	0.693521
103	46    	0.224198 	0.182147	-0.0199999	0.7028  
104	46    	0.135195 	0.132018	-0.0177778	0.515996
105	44    	0.163132 	0.131892	-0.02     	0.515522
106	46    	0.195816 	0.152028	-0.0171429	0.51442 
107	46    	0.234463 	0.170577	-0.02     	0.583187
108	47    	0.179635 	0.154129	-0.0171429	0.515766
109	46    	0.179067 	0.13738 	-0.0175   	0.453138
110	46    	0.179484 	0.146127	-0.0166667	0.496969
111	47    	0.194061 	0.120855	-0.0171429	0.499382
112	48    	0.191141 	0.153312	-0.0171429	0.499342
113	47    	0.213024 	0.148397	-0.0175001	0.514252
114	48    	0.187433 	0.150114	-0.02     	0.553074
115	46    	0.224483 	0.133365	-0.0177778	0.514579
116	47    	0.161922 	0.15248 	-0.0166667	0.542847
117	47    	0.216411 	0.126404	-0.0166667	0.516247
118	49    	0.21384  	0.131206	-0.0175001	0.543399
119	44    	0.199234 	0.166702	-0.02     	0.51442 
120	47    	0.197174 	0.190305	-0.0181818	0.64416 
121	49    	0.221179 	0.188967	-0.02     	0.583103
122	47    	0.233325 	0.172165	-0.0174999	0.732974
123	46    	0.205087 	0.177249	-0.02     	0.732974
124	45    	0.219855 	0.175081	-0.0171429	0.666418
125	48    	0.186538 	0.144996	-0.0177778	0.666418
126	45    	0.251074 	0.172552	-0.02     	0.736128
127	44    	0.250731 	0.185928	-0.0225   	0.704074
128	47    	0.223317 	0.155594	-0.0177778	0.704074
129	45    	0.226502 	0.150849	-0.0175   	0.704074
130	48    	0.224715 	0.115959	-0.02     	0.510306
131	44    	0.241632 	0.138427	-0.0175   	0.581279
132	47    	0.186149 	0.155871	-0.02     	0.58128 
133	48    	0.20532  	0.121859	-0.0166666	0.435159
134	41    	0.261499 	0.118615	-0.02     	0.534096
135	48    	0.227143 	0.130927	-0.02     	0.56384 
136	48    	0.202935 	0.116262	-0.0180001	0.593118
137	42    	0.272731 	0.120663	-0.02     	0.593118
138	47    	0.258874 	0.151812	-0.0175   	0.648019
139	47    	0.255159 	0.126637	-0.016    	0.629997
140	47    	0.218596 	0.140291	-0.0171429	0.527402
141	47    	0.242697 	0.135629	-0.0166667	0.58128 
142	47    	0.234061 	0.131812	-0.02     	0.555813
143	43    	0.270854 	0.12469 	-0.0150001	0.555813
144	46    	0.235868 	0.110505	-0.0166667	0.471897
145	45    	0.248117 	0.112249	-0.0177778	0.471897
146	48    	0.23273  	0.126882	-0.02     	0.524123
147	46    	0.257355 	0.130195	-0.0199999	0.615241
148	46    	0.231823 	0.164951	-0.0225   	0.805742
149	48    	0.274664 	0.175662	-0.0171429	0.812977
150	46    	0.218514 	0.185246	-0.0166667	0.805742
151	45    	0.219699 	0.183785	-0.02     	0.805742
152	47    	0.213272 	0.153239	-0.02     	0.51442 
153	46    	0.215382 	0.160225	-0.0166667	0.51442 
154	42    	0.189178 	0.19114 	-0.02     	0.51442 
155	48    	0.166719 	0.187726	-0.0177778	0.670096
156	48    	0.221477 	0.163724	-0.0160001	0.755705
157	50    	0.188456 	0.153693	-0.02     	0.721929
158	43    	0.26334  	0.149232	-0.0175   	0.721929
159	46    	0.260215 	0.161153	-0.0171429	0.616709
160	46    	0.265542 	0.119274	-0.016    	0.616709
161	46    	0.262065 	0.120481	-0.0177778	0.553191
162	49    	0.227982 	0.152757	-0.0177777	0.553191
163	45    	0.255256 	0.13712 	-0.0166667	0.599164
164	44    	0.26779  	0.145463	-0.02     	0.604925
165	45    	0.269876 	0.13861 	-0.0199999	0.604925
166	49    	0.2338   	0.141448	-0.0175   	0.604925
167	44    	0.266181 	0.133335	-0.0175   	0.604925
168	47    	0.264325 	0.129257	-0.02     	0.705944
169	49    	0.257204 	0.106139	-0.0171428	0.604925
170	50    	0.284943 	0.140497	-0.0175   	0.705921
171	49    	0.246278 	0.129816	-0.0171429	0.705921
172	46    	0.237903 	0.150327	-0.0171428	0.538864
173	44    	0.267453 	0.133738	-0.016    	0.532387
174	48    	0.249533 	0.114372	-0.0200001	0.532387
175	48    	0.257629 	0.118716	-0.015    	0.522863
176	47    	0.245349 	0.113957	-0.02     	0.522863
177	47    	0.274188 	0.0904446	0.0915593 	0.500673
178	49    	0.269909 	0.0961971	-0.0181818	0.478124
179	47    	0.308013 	0.122431 	0.0615195 	0.677503
180	45    	0.220541 	0.334494 	-1        	0.677503
181	45    	0.300646 	0.145213 	-0.0181818	0.677503
182	44    	0.289045 	0.145053 	-0.0175   	0.677503
183	47    	0.279548 	0.154653 	-0.02     	0.677503
184	48    	0.250588 	0.142176 	-0.0166667	0.624756
185	43    	0.273469 	0.13712  	-0.02     	0.624756
186	48    	0.268863 	0.121269 	-0.0120008	0.639346
187	42    	0.265446 	0.124036 	-0.016    	0.542356
188	45    	0.299196 	0.112525 	0.0730999 	0.542356
189	43    	0.305955 	0.131457 	0.089583  	0.641413
190	46    	0.290668 	0.147798 	-0.0175   	0.63342 
191	42    	0.289874 	0.140385 	-0.0183333	0.63342 
192	43    	0.273097 	0.14018  	-0.0222222	0.63342 
193	44    	0.268871 	0.126042 	-0.0185714	0.542356
194	45    	0.298168 	0.116094 	-0.0228572	0.542356
195	48    	0.256522 	0.116266 	-0.02     	0.591808
196	48    	0.293169 	0.116881 	-0.0177778	0.755649
197	46    	0.241868 	0.15133  	-0.02     	0.755649
198	46    	0.23578  	0.141851 	-0.0171428	0.663687
199	43    	0.247294 	0.160976 	-0.0225   	0.663687
200	48    	0.256183 	0.138164 	-0.0199999	0.700351
201	48    	0.267714 	0.138409 	-0.02     	0.646904
202	47    	0.21542  	0.124404 	-0.02     	0.516907
203	43    	0.256656 	0.139787 	-0.02     	0.610922
204	47    	0.230086 	0.149569 	-0.02     	0.610986
205	46    	0.242022 	0.157036 	-0.02     	0.610986
206	46    	0.257737 	0.141975 	-0.02     	0.610922
207	47    	0.249573 	0.123665 	-0.016    	0.610922
208	41    	0.307349 	0.132453 	-0.0225   	0.610922
209	42    	0.290294 	0.148629 	-0.0150001	0.610922
210	45    	0.284052 	0.160853 	-0.0171427	0.610922
211	47    	0.260598 	0.135298 	-0.02     	0.610922
212	43    	0.28912  	0.156441 	-0.0177777	0.610922
213	47    	0.245913 	0.127497 	-0.0177778	0.593142
214	46    	0.246986 	0.119061 	-0.0171429	0.53985 
215	47    	0.254511 	0.121866 	-0.0177777	0.580282
216	46    	0.252316 	0.134991 	-0.018    	0.560671
217	47    	0.244919 	0.127344 	-0.025    	0.630766
218	42    	0.27166  	0.15413  	-0.0199999	0.630766
219	48    	0.255006 	0.12696  	-0.0175   	0.645214
220	48    	0.280996 	0.133473 	-0.0175   	0.645214
221	47    	0.250597 	0.142465 	-0.0166667	0.613825
222	45    	0.267687 	0.12845  	-0.0171429	0.566369
223	48    	0.27164  	0.110644 	-0.0180001	0.580472
224	43    	0.263498 	0.113757 	-0.02     	0.580472
225	46    	0.295663 	0.12921  	0.051044  	0.590706
226	45    	0.281821 	0.116484 	0.0702812 	0.590706
227	46    	0.277407 	0.12651  	-0.02     	0.590706
228	43    	0.2841   	0.221831 	-1        	0.590706
229	47    	0.283343 	0.0870823	0.0804361 	0.463321
230	44    	0.297506 	0.127099 	-0.0133333	0.862635
231	45    	0.296368 	0.131892 	0.0605796 	0.862635
232	47    	0.293153 	0.155055 	-0.02     	0.862635
233	47    	0.281296 	0.140497 	-0.01     	0.725162
234	45    	0.293976 	0.141555 	-0.0166667	0.725162
235	44    	0.299235 	0.152796 	-0.015    	0.725162
236	45    	0.311822 	0.158309 	-0.0185714	0.725162
237	47    	0.260496 	0.142272 	-0.0183333	0.725162
238	46    	0.275195 	0.118574 	-0.0183333	0.725162
239	47    	0.293848 	0.132085 	-0.02     	0.725162
240	45    	0.29707  	0.143342 	-0.015    	0.725162
241	48    	0.288075 	0.109754 	0.131088  	0.743887
242	43    	0.295137 	0.147788 	-0.02     	0.743887
243	46    	0.293437 	0.163688 	-0.0199999	0.743887
244	48    	0.246342 	0.141084 	-0.015    	0.743887
245	49    	0.272079 	0.122568 	-0.0166667	0.504055
246	42    	0.270282 	0.147891 	-0.0171428	0.504055
247	48    	0.248962 	0.159638 	-0.0177778	0.610886
248	49    	0.237845 	0.11393  	-0.02     	0.514252
249	46    	0.210624 	0.163354 	-0.0166667	0.616174
250	48    	0.196444 	0.12997  	-0.02     	0.508728
251	48    	0.305304 	0.123194 	0.0642397 	0.608618
252	46    	0.276081 	0.143236 	-0.0199999	0.617138
253	45    	0.269867 	0.128331 	-0.02     	0.617138
254	47    	0.24309  	0.131652 	-0.0225   	0.537373
255	47    	0.226543 	0.126804 	-0.0171428	0.466953
256	43    	0.268774 	0.124615 	-0.0199999	0.504055
257	46    	0.263518 	0.161221 	-0.0175   	0.598688
258	46    	0.209886 	0.162649 	-0.02     	0.598688
259	46    	0.238055 	0.142894 	-0.0177778	0.598688
260	43    	0.256122 	0.146157 	-0.0171429	0.583926
261	43    	0.229985 	0.122348 	-0.02     	0.514348
262	46    	0.262036 	0.119441 	-0.0175   	0.456258
263	45    	0.275591 	0.11203  	-0.02     	0.515528
264	46    	0.269826 	0.129716 	-0.0177778	0.610681
265	47    	0.267537 	0.11598  	-0.0133332	0.553988
266	45    	0.27328  	0.121131 	-0.0166667	0.515528
267	45    	0.279282 	0.133626 	-0.0175   	0.685502
268	48    	0.292857 	0.100584 	0.12415   	0.585865
269	42    	0.3132   	0.116355 	0.146625  	0.585865
270	48    	0.295456 	0.101337 	-0.0133334	0.546115
271	47    	0.276581 	0.113955 	-0.015    	0.546115
272	47    	0.211986 	0.19773  	-1        	0.515528
273	46    	0.263373 	0.0983551	-0.018    	0.515528
274	47    	0.273711 	0.0982143	-0.016    	0.520789
275	44    	0.287818 	0.101449 	0.0756295 	0.520789
276	46    	0.3006   	0.112666 	0.0994957 	0.642006
277	45    	0.292977 	0.141317 	-0.015    	0.642006
278	43    	0.324758 	0.139511 	-0.0199999	0.642006
279	46    	0.269178 	0.15261  	-0.0175001	0.651021
280	46    	0.296972 	0.126313 	-0.02     	0.651021
281	45    	0.263155 	0.121315 	-0.015    	0.642006
282	47    	0.253643 	0.0935075	-0.02     	0.49846 
283	46    	0.289636 	0.0977405	-0.0166667	0.503479
284	47    	0.266096 	0.0959359	-0.0177776	0.503479
285	47    	0.276112 	0.0899283	0.0990424 	0.523022
286	47    	0.233705 	0.105093 	-0.0171429	0.409765
287	45    	0.26577  	0.107657 	-0.02     	0.514252
288	49    	0.189672 	0.124363 	-0.016    	0.445859
289	46    	0.227057 	0.112441 	-0.0175   	0.40588 
290	45    	0.253543 	0.10472  	-0.0175001	0.487945
291	46    	0.292144 	0.0965045	-0.015    	0.546445
292	47    	0.285024 	0.0900482	0.0445069 	0.546445
293	46    	0.280239 	0.106822 	0.0395292 	0.55955 
294	49    	0.279441 	0.080792 	-0.018    	0.448307
295	46    	0.272455 	0.0776258	0.111447  	0.448307
296	47    	0.282216 	0.200992 	-1        	0.479791
297	45    	0.288921 	0.0970391	0.0896807 	0.495097
298	48    	0.267902 	0.196432 	-1        	0.481372
299	48    	0.214761 	0.323908 	-1        	0.520459
300	49    	-0.0389873	0.574838 	-1        	0.535369
301	49    	-0.0150454	0.557821 	-1        	0.535369
302	45    	0.0513516 	0.532135 	-1        	0.535369
303	46    	-0.0962822	0.62266  	-1        	0.535369
304	46    	-0.000449128	0.567415 	-1        	0.539858
305	43    	0.184955    	0.407377 	-1        	0.539858
306	43    	0.180599    	0.448098 	-1        	0.539858
307	46    	0.275984    	0.274366 	-1        	0.539858
308	46    	0.284235    	0.207549 	-1        	0.55897 
309	45    	0.262965    	0.277381 	-1        	0.55996 
310	43    	0.336181    	0.0982494	0.0773777 	0.55996 
311	45    	0.248163    	0.273703 	-1        	0.550595
312	47    	0.165379    	0.400383 	-1        	0.552964
313	47    	0.305824    	0.100891 	-0.0133333	0.552964
314	47    	0.291025    	0.112327 	-0.02     	0.552964
315	47    	0.318835    	0.126527 	0.131037  	0.702443
316	47    	0.289848    	0.150302 	-0.02     	0.702443
317	45    	0.295226    	0.128557 	-0.015    	0.702443
318	47    	0.270651    	0.123084 	-0.0177778	0.548767
319	44    	0.324768    	0.120355 	-0.0183333	0.548767
320	47    	0.296608    	0.101063 	0.0782418 	0.548767
321	45    	0.284187    	0.217766 	-1        	0.581179
322	49    	0.280365    	0.0757581	0.112649  	0.509159
323	48    	0.238772    	0.195496 	-1        	0.436823
324	47    	0.265263    	0.195342 	-1        	0.436823
325	47    	0.256833    	0.27039  	-1        	0.484704
326	45    	0.214371    	0.364629 	-1        	0.480104
327	46    	-0.00902442 	0.561216 	-1        	0.480104
328	47    	0.0384986   	0.523943 	-1        	0.435828
329	45    	0.0947836   	0.48471  	-1        	0.467088
330	45    	0.0557348   	0.53112  	-1        	0.444137
331	47    	0.00623564  	0.57062  	-1        	0.51645 
332	48    	-0.0601226  	0.589861 	-1        	0.474037
333	47    	0.258796    	0.270156 	-1        	0.479738
334	46    	0.284277    	0.200692 	-1        	0.479738
335	45    	0.251315    	0.269328 	-1        	0.481968
336	47    	0.198327    	0.364285 	-1        	0.511748
337	47    	0.119795    	0.4596   	-1        	0.479738
338	45    	0.185363    	0.401235 	-1        	0.479738
339	45    	0.198623    	0.362484 	-1        	0.479738
340	47    	0.225156    	0.321426 	-1        	0.531252
341	46    	0.203608    	0.360578 	-1        	0.507403
342	45    	0.234823    	0.322828 	-1        	0.540464
343	49    	0.240895    	0.26414  	-1        	0.540464
344	48    	0.197424    	0.360359 	-1        	0.507645
345	44    	0.152137    	0.432262 	-1        	0.507645
346	47    	0.149642    	0.435896 	-1        	0.507645
347	46    	0.173712    	0.399981 	-1        	0.507645
348	42    	0.204361    	0.412466 	-1        	0.507645
349	46    	0.164896    	0.440242 	-1        	0.529529
350	44    	0.195396    	0.369096 	-1        	0.529529
351	47    	0.226538    	0.319666 	-1        	0.529529
352	47    	0.185266    	0.402898 	-1        	0.529529
353	45    	0.00040684  	0.569689 	-1        	0.529529
354	43    	0.0143341   	0.576573 	-1        	0.529529
355	46    	0.175076    	0.402075 	-1        	0.529529
356	47    	0.232981    	0.322471 	-1        	0.470577
357	47    	0.135935    	0.463775 	-1        	0.497955
358	44    	0.165494    	0.437812 	-1        	0.504477
359	43    	0.219246    	0.414187 	-1        	0.504477
360	46    	0.203114    	0.408537 	-1        	0.489008
361	45    	0.0397265   	0.5565   	-1        	0.489008
362	47    	0.112095    	0.492381 	-1        	0.528872
363	48    	0.165361    	0.438443 	-1        	0.559507
364	46    	0.0586448   	0.536362 	-1        	0.559507
365	47    	0.0710808   	0.513204 	-1        	0.572438
366	46    	-0.0126601  	0.563051 	-1        	0.559507
367	45    	0.29337     	0.0913235	0.12569   	0.503579
368	41    	0.305644    	0.211346 	-1        	0.54022 
369	45    	0.243832    	0.329244 	-1        	0.594458
370	49    	0.202889    	0.364154 	-1        	0.54022 
371	44    	0.259008    	0.266348 	-1        	0.491963
372	47    	0.168641    	0.438132 	-1        	0.526725
373	45    	0.285032    	0.203896 	-1        	0.544294
374	46    	0.253303    	0.273959 	-1        	0.544294
375	47    	0.153249    	0.433285 	-1        	0.544294
376	47    	0.206114    	0.36651  	-1        	0.544294
377	44    	0.158356    	0.435851 	-1        	0.544294
378	45    	0.204517    	0.367988 	-1        	0.544294
379	46    	0.251648    	0.275639 	-1        	0.544294
380	49    	0.152147    	0.431276 	-1        	0.502183
381	45    	0.176901    	0.402976 	-1        	0.711583
382	43    	0.230183    	0.3706   	-1        	0.556207
383	46    	0.236876    	0.32436  	-1        	0.556207
384	47    	0.194622    	0.408796 	-1        	0.58053 
385	46    	0.198511    	0.414898 	-1        	0.79828 
386	47    	0.296363    	0.213701 	-1        	0.79828 
387	49    	0.25396     	0.26738  	-1        	0.451987
388	45    	0.210305    	0.363995 	-1        	0.546637
389	48    	0.116815    	0.456565 	-1        	0.469647
390	49    	0.173041    	0.398206 	-1        	0.478606
391	47    	0.170763    	0.397237 	-1        	0.419706
392	45    	0.274791    	0.196605 	-1        	0.545673
393	44    	0.241365    	0.324419 	-1        	0.545673
394	46    	0.264454    	0.19662  	-1        	0.545673
395	49    	0.23525     	0.266593 	-1        	0.577033
396	49    	0.288792    	0.0899771	0.0362125 	0.475458
397	49    	0.240096    	0.26812  	-1        	0.498698
398	43    	0.282197    	0.205358 	-1        	0.498698
399	46    	0.240395    	0.323806 	-1        	0.498698
400	43    	0.262201    	0.271454 	-1        	0.498698
401	44    	0.267285    	0.273605 	-1        	0.498698
402	43    	0.2517      	0.329403 	-1        	0.55264 
403	46    	0.177004    	0.401219 	-1        	0.506926
404	41    	0.292413    	0.278715 	-1        	0.506926
405	45    	0.279698    	0.210738 	-1        	0.506926
406	47    	0.216472    	0.367813 	-1        	0.506926
407	46    	0.253058    	0.329834 	-1        	0.607299
408	44    	0.183182    	0.406278 	-1        	0.607299
409	49    	0.120098    	0.461244 	-1        	0.607299
410	47    	0.0703064   	0.509938 	-1        	0.607299
411	45    	0.226389    	0.326416 	-1        	0.672217
412	47    	0.193079    	0.362289 	-1        	0.672217
413	44    	0.20954     	0.37126  	-1        	0.672217
414	44    	0.231444    	0.327491 	-1        	0.672217
415	43    	0.318302    	0.129921 	-0.0133333	0.672217
416	49    	0.16151     	0.393192 	-1        	0.484436
417	45    	0.241009    	0.324034 	-1        	0.621823
418	48    	0.233074    	0.325328 	-1        	0.621823
419	48    	0.243456    	0.268929 	-1        	0.602608
420	43    	0.264817    	0.279383 	-1        	0.602608
421	44    	0.233406    	0.384738 	-1        	0.606698
422	44    	0.314646    	0.14145  	-0.016    	0.606698
423	49    	0.253815    	0.270074 	-1        	0.602608
424	49    	0.169743    	0.357008 	-1        	0.602608
425	45    	0.229798    	0.328798 	-1        	0.722947
426	48    	0.260071    	0.219906 	-1        	0.722947
427	46    	0.30248     	0.130174 	0.0483292 	0.722947
428	45    	0.302743    	0.152308 	-0.0200001	0.722947
429	47    	0.214962    	0.281377 	-1        	0.554548
430	49    	0.288409    	0.106145 	-0.02     	0.598233
431	48    	0.298397    	0.10592  	0.137608  	0.657839
432	47    	0.125677    	0.463061 	-1        	0.546689
433	47    	-0.0303367  	0.579147 	-1        	0.546689
434	49    	0.0428978   	0.526997 	-1        	0.478895
435	46    	0.0779381   	0.511454 	-1        	0.468785
436	46    	0.0511368   	0.529934 	-1        	0.468785
437	44    	0.202962    	0.408991 	-1        	0.509599
438	48    	0.0550145   	0.532064 	-1        	0.483645
439	48    	0.191216    	0.407339 	-1        	0.554594
440	46    	0.133778    	0.462752 	-1        	0.483849
441	43    	0.26413     	0.277834 	-1        	0.483849
442	47    	0.325166    	0.0877279	0.18711   	0.60514 
443	49    	0.266927    	0.107833 	-0.02     	0.483849
444	44    	0.252005    	0.207142 	-1        	0.483849
445	47    	0.291803    	0.0824239	0.178033  	0.483849
446	47    	0.17324     	0.353683 	-1        	0.483849
447	46    	0.266349    	0.200468 	-1        	0.490313
448	46    	0.26789     	0.205096 	-1        	0.499799
449	46    	0.306686    	0.100763 	0.0777418 	0.515772
450	47    	0.181251    	0.358764 	-1        	0.496293
451	45    	0.181217    	0.401506 	-1        	0.496293
452	47    	0.29279     	0.208864 	-1        	0.607431
453	47    	0.306832    	0.0970456	0.169794  	0.607431
454	46    	0.3028      	0.216377 	-1        	0.607431
455	46    	0.286864    	0.214294 	-1        	0.607431
456	49    	0.232923    	0.264526 	-1        	0.443403
457	45    	0.288667    	0.207273 	-1        	0.524336
458	44    	0.30469     	0.216698 	-1        	0.667291
459	47    	0.301558    	0.105378 	0.085358  	0.667291
460	49    	0.141741    	0.427958 	-1        	0.478691
461	49    	0.29647     	0.0979373	0.161885  	0.714989
462	48    	0.280207    	0.0906462	0.0501164 	0.471213
463	46    	0.284479    	0.202631 	-1        	0.514294
464	43    	0.211152    	0.367504 	-1        	0.514294
465	46    	0.235258    	0.324407 	-1        	0.560082
466	45    	0.305198    	0.105921 	-0.016    	0.560082
467	49    	0.296765    	0.0762128	0.137935  	0.514294
468	44    	0.322776    	0.100214 	0.108118  	0.550344
469	43    	0.256482    	0.277764 	-1        	0.550344
470	48    	0.261842    	0.201628 	-1        	0.659245
471	45    	0.29755     	0.219684 	-1        	0.659245
472	45    	0.283818    	0.209211 	-1        	0.659245
473	48    	0.233282    	0.26678  	-1        	0.530836
474	44    	0.316495    	0.0874216	0.130949  	0.576085
475	47    	0.175958    	0.404635 	-1        	0.576085
476	48    	0.22023     	0.318425 	-1        	0.552407
477	45    	-0.0835447  	0.605805 	-1        	0.552407
478	45    	0.0635755   	0.540784 	-1        	0.552407
479	46    	0.217595    	0.369768 	-1        	0.552407
480	48    	0.109464    	0.455055 	-1        	0.45963 
481	45    	0.227534    	0.32011  	-1        	0.504011
482	47    	0.220904    	0.317854 	-1        	0.447514
483	47    	0.0952618   	0.482246 	-1        	0.442936
484	46    	0.0929801   	0.485845 	-1        	0.540073
485	43    	0.177745    	0.399364 	-1        	0.48001 
486	47    	0.210665    	0.318564 	-1        	0.48001 
487	47    	0.194259    	0.35909  	-1        	0.48001 
488	46    	0.22801     	0.258969 	-1        	0.400324
489	46    	0.178254    	0.397568 	-1        	0.413857
490	45    	0.239809    	0.32151  	-1        	0.467704
491	47    	0.196398    	0.361395 	-1        	0.489975
492	42    	0.195669    	0.365155 	-1        	0.502708
493	44    	0.119588    	0.49656  	-1        	0.549967
494	46    	0.0770621   	0.510542 	-1        	0.549967
495	47    	0.0952642   	0.486473 	-1        	0.543937
496	45    	0.061036    	0.504244 	-1        	0.488042
497	47    	-0.0591721  	0.593745 	-1        	0.478819
498	45    	0.0101523   	0.571861 	-1        	0.478819
499	47    	0.0226774   	0.548407 	-1        	0.523486
500	46    	0.0857022   	0.482729 	-1        	0.530787
501	43    	0.0868854   	0.515614 	-1        	0.577923
502	45    	0.0992685   	0.485323 	-1        	0.577923
503	44    	0.00310809  	0.569246 	-1        	0.496711
504	48    	0.124951    	0.461952 	-1        	0.496711
505	48    	0.0838733   	0.479999 	-1        	0.556841
506	45    	0.0829001   	0.513537 	-1        	0.556841
507	47    	0.112656    	0.491508 	-1        	0.492064
508	45    	0.0437295   	0.527512 	-1        	0.470787
509	49    	0.189831    	0.403718 	-1        	0.509896
510	44    	0.214785    	0.367993 	-1        	0.509896
511	46    	0.0755856   	0.510525 	-1        	0.491475
512	45    	0.240901    	0.326183 	-1        	0.529553
513	43    	0.335442    	0.0920381	0.150904  	0.568452
514	48    	0.313559    	0.0970943	0.0551135 	0.568452
515	47    	0.243582    	0.271145 	-1        	0.529553
516	47    	0.268891    	0.197289 	-1        	0.473137
517	46    	0.264876    	0.27553  	-1        	0.697722
518	46    	0.198522    	0.360988 	-1        	0.466832
519	44    	0.302523    	0.206192 	-1        	0.518553
520	48    	0.181296    	0.400384 	-1        	0.466832
521	43    	0.327816    	0.0879711	0.171426  	0.516259
522	46    	0.263139    	0.27681  	-1        	0.575357
523	50    	0.155821    	0.390835 	-1        	0.41151 
524	44    	0.296956    	0.0905296	-0.0133333	0.448082
525	45    	0.212982    	0.366783 	-1        	0.486044
526	48    	0.262541    	0.270823 	-1        	0.485839
527	45    	0.282383    	0.205434 	-1        	0.492973
528	47    	0.131848    	0.46207  	-1        	0.492973
529	46    	0.220509    	0.319215 	-1        	0.492973
530	44    	0.15292     	0.431277 	-1        	0.492973
531	45    	0.14164     	0.431223 	-1        	0.492973
532	45    	0.0338309   	0.551965 	-1        	0.504428
533	44    	-0.134992   	0.62401  	-1        	0.459535
534	47    	0.0155837   	0.575008 	-1        	0.529435
535	44    	-0.015791   	0.617155 	-1        	0.529435
536	45    	-0.241907   	0.674071 	-1        	0.529435
537	48    	-0.188152   	0.665929 	-1        	0.529435
538	45    	-0.43451    	0.666995 	-1        	0.529435
539	44    	-0.252881   	0.665364 	-1        	0.487709
540	43    	-0.0109924  	0.592647 	-1        	0.500706
541	47    	0.0326332   	0.552947 	-1        	0.497973
542	44    	0.0712864   	0.508853 	-1        	0.497973
543	44    	0.114623    	0.495837 	-1        	0.591653
544	44    	-0.00547968 	0.598492 	-1        	0.656676
545	45    	-0.0177792  	0.592477 	-1        	0.591653
546	42    	-0.342176   	0.691705 	-1        	0.591653
547	42    	-0.228051   	0.692892 	-1        	0.591653
548	43    	-0.336524   	0.697348 	-1        	0.591653
549	50    	-0.533208   	0.624638 	-1        	0.397075
550	48    	-0.469545   	0.651664 	-1        	0.466428
551	44    	-0.160195   	0.633517 	-1        	0.466428
552	45    	-0.17372    	0.651246 	-1        	0.606681
553	48    	-0.0250964  	0.586051 	-1        	0.532241
554	49    	-0.0755772  	0.582937 	-1        	0.55912 
555	48    	-0.15675    	0.638601 	-1        	0.55912 
556	48    	-0.0155581  	0.561321 	-1        	0.555939
557	44    	0.180412    	0.40377  	-1        	0.555939
558	44    	-0.00698148 	0.593352 	-1        	0.555939
559	47    	0.0695045   	0.540341 	-1        	0.528315
560	43    	0.0732545   	0.543996 	-1        	0.528315
561	47    	-0.0704729  	0.611833 	-1        	0.528315
562	45    	-0.0477749  	0.597698 	-1        	0.500653
563	45    	-0.060082   	0.59128  	-1        	0.500653
564	45    	-0.0770733  	0.609797 	-1        	0.48952 
565	47    	0.0108041   	0.571853 	-1        	0.52776 
566	48    	-0.141237   	0.622624 	-1        	0.479368
567	42    	-0.0845845  	0.630793 	-1        	0.478687
568	48    	0.0179924   	0.575221 	-1        	0.469808
569	44    	0.0622444   	0.536185 	-1        	0.524079
570	44    	0.0338543   	0.556127 	-1        	0.596246
571	47    	0.0506261   	0.536768 	-1        	0.596246
572	45    	0.0245959   	0.5844   	-1        	0.596246
573	48    	0.00859007  	0.571642 	-1        	0.53076 
574	45    	0.0203055   	0.578359 	-1        	0.53076 
575	48    	-0.0169471  	0.586411 	-1        	0.484052
576	47    	0.208659    	0.367805 	-1        	0.484052
577	46    	0.281865    	0.20275  	-1        	0.517803
578	48    	0.30096     	0.0968442	0.086178  	0.544959
579	41    	0.290624    	0.280882 	-1        	0.544959
580	44    	0.3175      	0.106234 	0.132363  	0.544959
581	46    	0.311864    	0.102503 	0.0661224 	0.544959
582	47    	0.257862    	0.267829 	-1        	0.544959
583	45    	0.15267     	0.431743 	-1        	0.544959
584	48    	0.307072    	0.0919389	-0.0133332	0.522299
585	44    	0.268146    	0.272622 	-1        	0.481893
586	45    	0.189947    	0.365915 	-1        	0.509499
587	43    	0.251877    	0.269682 	-1        	0.481893
588	44    	0.299772    	0.202845 	-1        	0.505352
589	47    	0.217225    	0.315919 	-1        	0.481893
590	46    	0.265225    	0.275639 	-1        	0.512504
591	48    	0.247686    	0.26873  	-1        	0.481253
592	43    	0.308742    	0.206698 	-1        	0.515384
593	44    	0.198493    	0.363354 	-1        	0.515384
594	47    	0.226943    	0.317234 	-1        	0.475579
595	48    	0.0748207   	0.474842 	-1        	0.475579
596	45    	0.179335    	0.441889 	-1        	0.569637
597	46    	0.29004     	0.20771  	-1        	0.519016
598	45    	0.286578    	0.207935 	-1        	0.519016
599	48    	0.283091    	0.201926 	-1        	0.550404
600	46    	0.291037    	0.205129 	-1        	0.550404
601	46    	0.302023    	0.0996607	-0.016    	0.536714
602	45    	0.242594    	0.269707 	-1        	0.536714
603	45    	0.109714    	0.45777  	-1        	0.650792
604	47    	0.181139    	0.36449  	-1        	0.650792
605	47    	0.179176    	0.403186 	-1        	0.650792
606	45    	-0.00725934 	0.562079 	-1        	0.444272
607	45    	0.154061    	0.432145 	-1        	0.444272
608	49    	0.151479    	0.43225  	-1        	0.484709
609	44    	0.12925     	0.463183 	-1        	0.530774
610	45    	0.205032    	0.409973 	-1        	0.530774
611	45    	0.135487    	0.467531 	-1        	0.530774
612	44    	-0.0193224  	0.586798 	-1        	0.530774
613	47    	0.00587939  	0.568945 	-1        	0.497985
614	47    	0.0120306   	0.574316 	-1        	0.505279
615	46    	0.0792985   	0.512716 	-1        	0.484709
616	48    	0.0354993   	0.555414 	-1        	0.577221
617	45    	0.1031      	0.48967  	-1        	0.577221
618	45    	0.0867631   	0.515458 	-1        	0.457581
619	49    	0.15719     	0.435747 	-1        	0.609717
620	44    	0.236635    	0.329277 	-1        	0.609717
621	48    	0.198011    	0.320655 	-1        	0.609717
622	46    	0.173333    	0.401308 	-1        	0.609717
623	44    	0.0936016   	0.488899 	-1        	0.609717
624	47    	0.188068    	0.36587  	-1        	0.609717
625	44    	0.229493    	0.27696  	-1        	0.609717
626	46    	0.141661    	0.443327 	-1        	0.680349
627	46    	0.314633    	0.144775 	0.0407382 	0.694286
628	46    	0.273883    	0.134066 	-0.0149999	0.680349
629	48    	0.265968    	0.125972 	-0.0177778	0.680349
630	44    	0.210674    	0.32492  	-1        	0.510214
631	47    	0.151629    	0.439855 	-1        	0.502146
632	47    	0.129812    	0.466092 	-1        	0.510238
633	47    	0.00655495  	0.545949 	-1        	0.510238
634	47    	0.084822    	0.481559 	-1        	0.446265
635	46    	0.182717    	0.408721 	-1        	0.550851
636	45    	-0.0563829  	0.593097 	-1        	0.535456
637	43    	0.0980576   	0.453873 	-1        	0.535456
638	45    	0.115411    	0.491683 	-1        	0.446265
639	44    	-0.0720237  	0.613944 	-1        	0.493756
640	47    	0.0853486   	0.481747 	-1        	0.567402
641	46    	-0.211247   	0.647886 	-1        	0.567402
642	45    	-0.0550069  	0.623457 	-1        	0.61397 
643	44    	-0.0997789  	0.655299 	-1        	0.61397 
644	46    	-0.0932267  	0.627875 	-1        	0.61397 
645	46    	0.0170832   	0.580362 	-1        	0.61397 
646	46    	0.0864922   	0.514631 	-1        	0.591725
647	46    	-0.116093   	0.637973 	-1        	0.591725
648	43    	0.00158761  	0.601106 	-1        	0.591725
649	45    	0.0708654   	0.544156 	-1        	0.591725
650	44    	0.0539349   	0.569882 	-1        	0.591725
651	46    	-0.0952201  	0.626531 	-1        	0.591725
652	42    	0.0237919   	0.580617 	-1        	0.591725
653	45    	-0.163418   	0.634096 	-1        	0.591725
654	43    	0.0324506   	0.58836  	-1        	0.591725
655	46    	-0.288384   	0.687692 	-1        	0.591725
656	44    	0.0389478   	0.558608 	-1        	0.591725
657	43    	0.0695386   	0.541165 	-1        	0.515116
658	48    	-0.0549059  	0.593105 	-1        	0.499005
659	47    	0.113837    	0.489988 	-1        	0.499005
660	45    	0.161107    	0.433772 	-1        	0.443115
661	47    	0.0580604   	0.534782 	-1        	0.521299
662	48    	0.0448674   	0.526735 	-1        	0.459713
663	47    	0.168603    	0.40126  	-1        	0.458758
664	45    	0.121045    	0.456854 	-1        	0.471486
665	45    	0.159974    	0.435113 	-1        	0.487289
666	48    	0.0660401   	0.506262 	-1        	0.488613
667	44    	0.26963     	0.269496 	-1        	0.488613
668	45    	0.262498    	0.328366 	-1        	0.551026
669	47    	0.130177    	0.502443 	-1        	0.561717
670	45    	0.149992    	0.473294 	-1        	0.551026
671	47    	0.110745    	0.494353 	-1        	0.551026
672	45    	-0.0532245  	0.6247   	-1        	0.551026
673	48    	-0.00914781 	0.563527 	-1        	0.551026
674	45    	0.0192715   	0.577848 	-1        	0.533319
675	48    	0.15181     	0.396078 	-1        	0.533319
676	46    	0.235635    	0.378757 	-1        	0.766445
677	46    	0.184195    	0.368432 	-1        	0.534192
678	49    	0.126969    	0.426833 	-1        	0.533319
679	43    	0.250213    	0.271639 	-1        	0.533319
680	47    	0.24624     	0.268555 	-1        	0.533319
681	44    	0.296599    	0.207168 	-1        	0.611491
682	45    	0.319019    	0.129368 	-0.0166667	0.611491
683	49    	0.31098     	0.0911063	0.11724   	0.611491
684	47    	0.302867    	0.0808934	0.0903785 	0.49091 
685	48    	0.332562    	0.11325  	0.120785  	0.652618
686	49    	0.262461    	0.272604 	-1        	0.544632
687	48    	0.163894    	0.440056 	-1        	0.573866
688	44    	0.291355    	0.211498 	-1        	0.573866
689	45    	0.294121    	0.210338 	-1        	0.573866
690	45    	0.304692    	0.101322 	0.115455  	0.573866
691	47    	0.308273    	0.0791159	0.169317  	0.485788
692	48    	0.296092    	0.0937314	0.0875289 	0.506897
693	43    	0.337164    	0.111986 	0.0914426 	0.653579
694	46    	0.254141    	0.279975 	-1        	0.653579
695	46    	0.299518    	0.0944426	-0.0177777	0.562908
696	48    	0.300523    	0.0981843	-0.01     	0.504   
697	47    	0.232116    	0.326577 	-1        	0.494153
698	47    	0.307672    	0.0846623	0.117116  	0.462849
699	48    	0.252266    	0.272149 	-1        	0.529513
700	47    	0.271482    	0.204055 	-1        	0.589521
701	43    	0.293578    	0.212814 	-1        	0.589521
702	45    	0.28697     	0.209958 	-1        	0.589521
703	46    	0.293801    	0.0982963	0.0841697 	0.504811
704	46    	0.288675    	0.11143  	-0.016    	0.558497
705	46    	0.259052    	0.105561 	0.11248   	0.504811
706	48    	0.282257    	0.123299 	-0.016    	0.623646
707	45    	0.294036    	0.131806 	-0.016    	0.623646
708	48    	0.265822    	0.134352 	-0.02     	0.569639
709	49    	0.27352     	0.0887502	-0.01     	0.472272
710	44    	0.25509     	0.101128 	-0.0175   	0.455725
711	48    	0.272225    	0.100722 	-0.0166667	0.517354
712	46    	0.289321    	0.123434 	-0.0149999	0.526069
713	47    	0.25008     	0.28108  	-1        	0.66582 
714	48    	0.257126    	0.212131 	-1        	0.66582 
715	47    	0.26228     	0.202938 	-1        	0.542361
716	45    	0.29981     	0.107116 	-0.0133333	0.511462
717	44    	0.296244    	0.10671  	-0.016    	0.511462
718	46    	0.275505    	0.271259 	-1        	0.502226
719	48    	0.274671    	0.208118 	-1        	0.502149
720	48    	0.248798    	0.271578 	-1        	0.462649
721	46    	0.275331    	0.202867 	-1        	0.534018
722	46    	0.288989    	0.106859 	-0.0166665	0.534018
723	48    	0.265572    	0.271824 	-1        	0.482681
724	44    	0.194773    	0.404426 	-1        	0.478733
725	47    	0.17222     	0.398783 	-1        	0.496563
726	46    	0.094905    	0.485472 	-1        	0.520867
727	44    	0.242687    	0.324302 	-1        	0.464467
728	47    	0.20532     	0.316814 	-1        	0.542728
729	48    	0.18101     	0.358827 	-1        	0.511967
730	47    	0.253978    	0.274233 	-1        	0.69832 
731	46    	0.277964    	0.121767 	-0.016    	0.69832 
732	48    	0.296081    	0.0903979	0.13962   	0.599024
733	44    	0.308625    	0.102736 	0.103985  	0.599024
734	47    	0.298099    	0.121159 	-0.0177778	0.599024
735	48    	0.264181    	0.207884 	-1        	0.599024
736	44    	0.29166     	0.202713 	-1        	0.49147 
737	49    	0.250376    	0.20076  	-1        	0.499609
738	44    	0.282809    	0.111001 	-0.02     	0.488201
739	47    	0.299766    	0.0945624	0.120361  	0.555489
740	49    	0.28778     	0.0857832	0.10596   	0.555489
741	47    	0.248466    	0.328944 	-1        	0.555489
742	42    	0.273844    	0.280704 	-1        	0.555489
743	45    	0.307157    	0.108187 	-0.0166667	0.555489
744	41    	0.300619    	0.116275 	-0.0160001	0.555489
745	48    	0.222912    	0.269337 	-1        	0.555489
746	49    	0.290838    	0.0944965	0.0860767 	0.506511
747	45    	0.299357    	0.089853 	0.12529   	0.506511
748	47    	0.289674    	0.0914508	-0.0133332	0.461866
749	45    	0.265532    	0.200673 	-1        	0.464034
750	47    	0.29657     	0.0992655	-0.016    	0.555915
751	46    	0.274626    	0.219409 	-1        	0.555915
752	45    	0.295726    	0.0865879	0.127102  	0.498779
753	42    	0.304064    	0.0910717	0.0890806 	0.496528
754	44    	0.308041    	0.098557 	0.114952  	0.496528
755	45    	0.279238    	0.109296 	-0.0133338	0.496528
756	46    	0.259718    	0.208367 	-1        	0.496528
757	46    	0.313183    	0.077814 	0.154368  	0.487183
758	46    	0.285528    	0.0945751	-0.0133334	0.487183
759	48    	0.303458    	0.074326 	0.137781  	0.457724
760	45    	0.293398    	0.0997731	-0.0133334	0.457724
761	43    	0.290191    	0.211601 	-1        	0.652644
762	46    	0.17015     	0.400343 	-1        	0.652644
763	45    	0.225653    	0.324856 	-1        	0.488915
764	45    	0.26766     	0.207649 	-1        	0.512066
765	38    	0.291166    	0.285326 	-1        	0.518001
766	44    	0.186634    	0.413299 	-1        	0.547734
767	48    	0.196471    	0.321895 	-1        	0.535627
768	47    	0.248068    	0.129103 	-0.02     	0.535627
769	46    	0.279598    	0.114098 	-0.016    	0.525656
770	48    	0.234177    	0.277103 	-1        	0.514706
771	50    	0.243511    	0.264016 	-1        	0.479546
772	43    	0.237196    	0.323251 	-1        	0.460766
773	43    	0.298605    	0.205073 	-1        	0.460766
774	48    	0.225863    	0.320685 	-1        	0.553819
775	48    	0.179541    	0.403465 	-1        	0.509329
776	45    	0.158158    	0.439728 	-1        	0.595071
777	50    	0.18737     	0.402215 	-1        	0.510072
778	48    	0.0183708   	0.548126 	-1        	0.664082
779	45    	0.301559    	0.0884826	0.122364  	0.510072
780	43    	0.125118    	0.464238 	-1        	0.510072
781	50    	0.252841    	0.268899 	-1        	0.486024
782	48    	0.248917    	0.193297 	-1        	0.443614
783	44    	0.153189    	0.439093 	-1        	0.488227
784	48    	0.22533     	0.320529 	-1        	0.488227
785	43    	0.290908    	0.206774 	-1        	0.49918 
786	44    	0.273141    	0.279178 	-1        	0.49918 
787	50    	0.201533    	0.406561 	-1        	0.510637
788	48    	0.00731825  	0.570395 	-1        	0.510599
789	47    	0.067021    	0.505402 	-1        	0.510599
790	42    	0.0506711   	0.532737 	-1        	0.510599
791	50    	0.111189    	0.455727 	-1        	0.587567
792	45    	0.174012    	0.401521 	-1        	0.587567
793	47    	0.261924    	0.197123 	-1        	0.499592
794	47    	0.280125    	0.0775975	0.105761  	0.555224
795	45    	0.313991    	0.0791141	0.151547  	0.555224
796	45    	0.188546    	0.367094 	-1        	0.555224
797	48    	0.100307    	0.489245 	-1        	0.607876
798	42    	0.129444    	0.500995 	-1        	0.607876
799	46    	-0.000344063	0.569966 	-1        	0.607876
800	43    	-0.0242496  	0.58697  	-1        	0.607876
801	49    	-0.133427   	0.625343 	-1        	0.448158
802	46    	-0.0715398  	0.584456 	-1        	0.429197
803	48    	0.172749    	0.40124  	-1        	0.455761
804	47    	0.0470394   	0.50061  	-1        	0.475515
805	47    	0.231451    	0.269011 	-1        	0.475515
806	46    	0.250689    	0.207371 	-1        	0.475515
807	47    	0.203175    	0.362894 	-1        	0.475515
808	44    	0.26585     	0.192322 	-1        	0.475515
809	48    	0.280499    	0.201163 	-1        	0.502622
810	43    	0.252887    	0.269308 	-1        	0.502622
811	46    	0.232055    	0.32358  	-1        	0.502622
812	47    	0.2277      	0.319122 	-1        	0.502622
813	46    	0.155564    	0.434362 	-1        	0.490586
814	46    	0.198296    	0.360022 	-1        	0.425091
815	46    	0.0622443   	0.501382 	-1        	0.421814
816	41    	0.178041    	0.439689 	-1        	0.473126
817	47    	0.181315    	0.401105 	-1        	0.468465
818	47    	0.207914    	0.3666   	-1        	0.581689
819	48    	0.181783    	0.355222 	-1        	0.448509
820	44    	-0.0374421  	0.578207 	-1        	0.504405
821	47    	0.0909599   	0.483874 	-1        	0.459081
822	42    	0.290864    	0.275842 	-1        	0.510369
823	47    	0.231052    	0.325187 	-1        	0.468622
824	47    	0.258621    	0.202679 	-1        	0.553488
825	47    	0.246643    	0.267446 	-1        	0.520748
826	45    	0.250277    	0.2745   	-1        	0.520748
827	43    	0.214402    	0.366947 	-1        	0.513995
828	47    	0.172258    	0.439562 	-1        	0.535909
829	50    	0.121781    	0.386665 	-1        	0.557537
830	47    	0.285214    	0.109046 	0.0613746 	0.557537
831	46    	0.269346    	0.205119 	-1        	0.557537
832	49    	0.257168    	0.203334 	-1        	0.558073
833	45    	0.289076    	0.106906 	0.0760809 	0.537028
834	44    	0.313113    	0.112837 	0.0435139 	0.537028
835	46    	0.296228    	0.214991 	-1        	0.563668
836	49    	0.274139    	0.198121 	-1        	0.524981
837	43    	0.273437    	0.276059 	-1        	0.524981
838	48    	0.113131    	0.491841 	-1        	0.543962
839	48    	0.145216    	0.428991 	-1        	0.543962
840	48    	0.176794    	0.400564 	-1        	0.519884
841	46    	0.15003     	0.47253  	-1        	0.58923 
842	47    	0.269207    	0.206962 	-1        	0.58923 
843	47    	0.269234    	0.207727 	-1        	0.58923 
844	49    	0.251208    	0.201349 	-1        	0.499682
845	48    	0.192749    	0.316513 	-1        	0.444768
846	46    	0.0500922   	0.502546 	-1        	0.434745
847	48    	-0.0423783  	0.575212 	-1        	0.494571
848	47    	-0.0585252  	0.593527 	-1        	0.527669
849	46    	0.0537816   	0.534989 	-1        	0.527669
850	47    	0.133645    	0.39123  	-1        	0.527669
851	46    	0.292132    	0.113383 	-0.0181818	0.527669
852	50    	0.280653    	0.0835753	0.068902  	0.48223 
853	48    	0.282952    	0.0913713	0.0396049 	0.489484
854	43    	0.260504    	0.20362  	-1        	0.476282
855	49    	0.305082    	0.0867055	0.0747212 	0.541273
856	45    	0.277307    	0.215991 	-1        	0.632643
857	48    	0.271562    	0.201588 	-1        	0.562447
858	49    	0.120057    	0.424766 	-1        	0.472456
859	45    	0.25475     	0.276138 	-1        	0.551065
860	46    	0.293932    	0.0917766	-0.0166667	0.507832
861	43    	0.301288    	0.102904 	0.0702714 	0.507832
862	48    	0.277396    	0.097396 	0.0740172 	0.537226
863	43    	0.29412     	0.0834801	0.129662  	0.537226
864	45    	0.283765    	0.203806 	-1        	0.537226
865	46    	0.263596    	0.208355 	-1        	0.482699
866	44    	0.236378    	0.276105 	-1        	0.482699
867	49    	0.229077    	0.26917  	-1        	0.50657 
868	44    	0.27959     	0.201394 	-1        	0.50657 
869	46    	0.304435    	0.0809238	0.134645  	0.50657 
870	48    	0.219211    	0.261272 	-1        	0.446308
871	46    	0.26245     	0.201456 	-1        	0.457417
872	46    	0.300306    	0.0963758	0.0406159 	0.494513
873	45    	0.273137    	0.203981 	-1        	0.494513
874	46    	0.289496    	0.107714 	-0.0166667	0.642187
875	43    	0.297237    	0.113527 	-0.0220001	0.642187
876	44    	0.27598     	0.289205 	-1        	0.674577
877	47    	0.319588    	0.120637 	0.125325  	0.674577
878	49    	0.259816    	0.203913 	-1        	0.471287
879	47    	0.283911    	0.203851 	-1        	0.454665
880	46    	0.23801     	0.269665 	-1        	0.46186 
881	46    	0.217125    	0.320513 	-1        	0.47715 
882	45    	0.12923     	0.463426 	-1        	0.528971
883	47    	0.0337505   	0.554665 	-1        	0.528971
884	47    	0.290827    	0.100444 	-0.015    	0.528971
885	45    	0.225285    	0.319626 	-1        	0.528971
886	47    	0.289596    	0.20806  	-1        	0.530142
887	44    	0.282126    	0.208595 	-1        	0.528971
888	48    	0.251351    	0.26771  	-1        	0.528971
889	46    	0.295705    	0.0941483	0.139934  	0.528971
890	46    	0.324851    	0.0960642	0.139923  	0.528971
891	47    	0.231092    	0.324735 	-1        	0.528971
892	46    	0.237653    	0.324937 	-1        	0.519399
893	47    	0.294946    	0.205164 	-1        	0.519399
894	43    	0.217995    	0.371137 	-1        	0.519399
895	46    	0.302645    	0.120342 	-0.02     	0.655447
896	49    	0.272405    	0.0958394	-0.0150001	0.525631
897	42    	0.296967    	0.105266 	-0.0166667	0.531083
898	47    	0.273375    	0.122518 	-0.02     	0.549884
899	40    	0.316441    	0.0959241	0.143024  	0.549884
900	50    	0.280337    	0.101296 	-0.0166667	0.544932
901	44    	0.285147    	0.104634 	-0.0175   	0.544932
902	48    	0.292924    	0.10536  	0.10806   	0.565471
903	48    	0.267028    	0.21965  	-1        	0.679379
904	46    	0.291068    	0.105296 	-0.0166667	0.536211
905	44    	0.309659    	0.105729 	0.130749  	0.536211
906	43    	0.318644    	0.122727 	-0.0133332	0.550708
907	43    	0.294824    	0.116727 	0.133945  	0.563465
908	43    	0.324885    	0.115452 	0.0415891 	0.560071
909	48    	0.280483    	0.0893961	0.0881576 	0.560071
910	46    	0.242089    	0.2733   	-1        	0.560071
911	44    	0.279171    	0.203687 	-1        	0.560071
912	45    	0.261891    	0.279655 	-1        	0.587944
913	46    	0.157512    	0.438722 	-1        	0.587944
914	47    	0.177828    	0.401543 	-1        	0.587944
915	43    	0.175112    	0.443804 	-1        	0.587944
916	44    	0.0286824   	0.558547 	-1        	0.587944
917	44    	0.145496    	0.474622 	-1        	0.587944
918	48    	-0.0683     	0.619518 	-1        	0.836533
919	49    	-0.0309709  	0.582896 	-1        	0.836533
920	45    	0.214228    	0.374235 	-1        	0.836533
921	47    	0.263078    	0.215403 	-1        	0.836533
922	46    	0.191358    	0.410833 	-1        	0.836533
923	44    	0.270451    	0.294587 	-1        	0.836533
924	46    	0.199698    	0.377818 	-1        	0.836533
925	45    	0.3258      	0.15331  	-0.0177778	0.836533
926	47    	0.289213    	0.108523 	-0.016    	0.557475
927	43    	0.311762    	0.109954 	-0.0149999	0.557475
928	49    	0.250171    	0.202505 	-1        	0.569288
929	47    	0.247466    	0.208051 	-1        	0.569288
930	47    	0.262101    	0.11125  	-0.016    	0.488112
931	47    	0.281456    	0.0868474	0.0595407 	0.488112
932	49    	0.275184    	0.0919576	-0.0181818	0.488112
933	44    	0.276048    	0.101029 	-0.01     	0.488112
934	47    	0.294521    	0.0801172	0.128163  	0.488112
935	45    	0.274087    	0.107172 	-0.0133333	0.488112
936	47    	0.285904    	0.0794989	0.0743106 	0.488112
937	48    	0.285761    	0.0754909	0.160906  	0.48814 
938	45    	0.306986    	0.0993703	0.0942874 	0.48814 
939	45    	0.255052    	0.272126 	-1        	0.525004
940	49    	0.289081    	0.0923561	-0.0166667	0.48814 
941	44    	0.294489    	0.101713 	-0.0177778	0.552477
942	47    	0.212962    	0.320965 	-1        	0.48814 
943	48    	0.275791    	0.0960378	-0.02     	0.48814 
944	45    	0.300601    	0.0859186	0.143234  	0.509415
945	44    	0.265202    	0.114303 	-0.0175   	0.509415
946	44    	0.273996    	0.117185 	-0.0183333	0.522885
947	43    	0.295651    	0.116635 	-0.02     	0.522885
948	46    	0.291839    	0.107614 	0.0842389 	0.654561
949	42    	0.323713    	0.133386 	0.0762489 	0.746364
950	45    	0.284467    	0.15271  	-0.02     	0.654561
951	44    	0.259167    	0.160769 	-0.0222222	0.654561
952	47    	0.248822    	0.150509 	-0.02     	0.654561
953	46    	0.27248     	0.147542 	-0.02     	0.654561
954	45    	0.277149    	0.177264 	-0.02     	0.654561
955	48    	0.243202    	0.130117 	-0.0181818	0.654561
956	48    	0.257739    	0.142574 	-0.02     	0.654561
957	47    	0.242149    	0.104231 	-0.018    	0.520907
958	45    	0.260207    	0.101616 	-0.0166667	0.47135 
959	45    	0.237065    	0.127512 	-0.02     	0.47135 
960	45    	0.27428     	0.134367 	-0.0175   	0.561504
961	44    	0.287806    	0.15611  	-0.0166667	0.749971
962	46    	0.286174    	0.141787 	-0.0171429	0.615153
963	44    	0.243527    	0.151622 	-0.0171428	0.580876
964	47    	0.239052    	0.123439 	-0.0166667	0.580876
965	45    	0.265544    	0.125984 	-0.0166667	0.624398
966	40    	0.319023    	0.118073 	0.0787937 	0.624398
967	46    	0.27538     	0.134617 	-0.02     	0.624398
968	45    	0.288404    	0.138542 	-0.0225   	0.624398
969	43    	0.294934    	0.155135 	-0.022    	0.710773
970	42    	0.299932    	0.170389 	-0.0160001	0.710773
971	45    	0.297004    	0.15566  	-0.01     	0.710773
972	46    	0.28717     	0.14214  	-0.02     	0.669265
973	43    	0.305775    	0.133857 	0.0929157 	0.669265
974	43    	0.28508     	0.150318 	-0.00884219	0.669265
975	48    	0.257335    	0.149253 	-0.0177778 	0.794096
976	46    	0.304633    	0.141881 	0.0611457  	0.794096
977	47    	0.297705    	0.133746 	0.0602222  	0.794096
978	48    	0.268759    	0.116098 	-0.02      	0.497221
979	45    	0.277602    	0.112049 	-0.02      	0.509988
980	48    	0.183331    	0.2778   	-1         	0.509988
981	50    	0.161608    	0.395326 	-1         	0.46714 
982	46    	0.18774     	0.361866 	-1         	0.464064
983	44    	0.120196    	0.495302 	-1         	0.490206
984	43    	0.254325    	0.275883 	-1         	0.490206
985	48    	0.23948     	0.322622 	-1         	0.554027
986	45    	0.296255    	0.214092 	-1         	0.557264
987	47    	0.211343    	0.330261 	-1         	0.554027
988	45    	0.21832     	0.327893 	-1         	0.554027
989	47    	0.233268    	0.322793 	-1         	0.554027
990	47    	0.23721     	0.270392 	-1         	0.554027
991	47    	0.169856    	0.403623 	-1         	0.634431
992	48    	0.2231      	0.322061 	-1         	0.634431
993	46    	0.229355    	0.322323 	-1         	0.634431
994	47    	0.280016    	0.28179  	-1         	0.634431
995	46    	0.273849    	0.206068 	-1         	0.634431
996	49    	0.257629    	0.271324 	-1         	0.452831
997	48    	0.211178    	0.313085 	-1         	0.413585
998	45    	0.286419    	0.201078 	-1         	0.499665
999	47    	0.275378    	0.202014 	-1         	0.491585
1000	44    	0.265532    	0.273128 	-1         	0.491585
Best individuals:
(0.862635348135178,) 	-->	 /*9*/DDBFBUDUDRRFUUUB
VMNeuronManager.autoload: Neuro classes added: Delay Light Nn PIDP PIDV SeeLight SeeLight2 S0 S1 Thr 
UserScripts.autoload: 19 user scripts added.
Simulator.load: Loading from 'eval-allcriteria.sim'
Loader.load: Comments read from file follow:
Loader.load:  Sample settings for evaluating many criteria of performance of a Framsticks creature.
Loader.load:  See the "evalcount" parameter if you want to speed the evaluation up or have a more stable result.
Loader.load:  Other important parameters are "Energy0" and "perfperiod".
Loader.load:  Put this file in the "data" subdirectory within the Framsticks distribution.
Simulator.load: Settings loaded from 'eval-allcriteria.sim'
Simulator.load: Loading from 'deterministic.sim'
Loader.load: Comments read from file follow:
Loader.load:  Parameter values that make the evaluation of a Framsticks creature deterministic.
Loader.load:  The values turn off random noise, so evaluation of the same genotype will always yield the same performance.
Loader.load:  The advantage is that you do not need to evaluate a genotype many times, and performance values are reliable.
Loader.load:  The disadvantage is that evolved creatures are "overfitting", i.e. rely entirely on the specific environment,
Loader.load:  and their behavior may be different in any other environment or (even slightly) changed conditions or parameter values,
Loader.load:  so each creature evolved using these settings must be later inspected using exactly the same setup.
Loader.load: 
Loader.load:  Before loading this file, load base settings, e.g. "eval-allcriteria.sim".
Loader.load:  Put this file in the "data" subdirectory within the Framsticks distribution.
Simulator.load: Settings loaded from 'deterministic.sim'
Simulator.load: Loading from 'sample-period-2.sim'
Loader.load: Comments read from file follow:
Loader.load:  Very low "performance sampling period" in the first population to sample performance very often during lifespan
Loader.load:  and avoid overlooking some behavior. Averaged performance of sampled values is returned as the final value.
Loader.load:  See http://www.framsticks.com/a/al_params.html#exper-perfcalc
Loader.load: 
Loader.load:  Before loading this file, load base settings, e.g. "eval-allcriteria.sim".
Loader.load:  Put this file in the "data" subdirectory within the Framsticks distribution.
Simulator.load: Loading from 'f9-mut-050.sim'
Simulator.load: Settings loaded from 'f9-mut-050.sim'
