gen	nevals	avg     	stddev	min     	max     
0  	50    	0.218369	0     	0.218369	0.218369
1  	46    	0.0770981	0.118131	-0.016  	0.515749
2  	46    	0.0896058	0.114816	-0.016  	0.341743
3  	45    	0.14365  	0.164073	-0.016  	0.813756
4  	47    	0.157286 	0.147344	-0.0171429	0.514351
5  	46    	0.153887 	0.127555	-0.0160001	0.514351
6  	45    	0.205909 	0.167323	-0.02     	0.515856
7  	44    	0.194906 	0.16692 	-0.02     	0.515856
8  	45    	0.208975 	0.150935	-0.0166667	0.515856
9  	47    	0.216497 	0.139164	-0.0166667	0.53447 
10 	44    	0.208171 	0.169815	-0.0171429	0.594054
11 	46    	0.263018 	0.155203	-0.02     	0.594054
12 	46    	0.239742 	0.176296	-0.02     	0.598283
13 	49    	0.13821  	0.160852	-0.0200001	0.583103
14 	46    	0.202963 	0.155592	-0.0171428	0.644678
15 	46    	0.22681  	0.151848	-0.02     	0.583103
16 	45    	0.238976 	0.184801	-0.02     	0.643646
17 	46    	0.202157 	0.194238	-0.0199999	0.813756
18 	43    	0.243827 	0.17916 	-0.02     	0.643646
19 	47    	0.211033 	0.192172	-0.0177778	0.643646
20 	48    	0.259806 	0.163581	-0.0166667	0.705842
21 	45    	0.242811 	0.171685	-0.02     	0.705842
22 	47    	0.225766 	0.152732	-0.0166667	0.581279
23 	48    	0.204788 	0.16064 	-0.0200001	0.581279
24 	46    	0.192053 	0.131416	-0.0166667	0.426718
25 	47    	0.18308  	0.14542 	-0.0177778	0.51382 
26 	43    	0.228457 	0.147278	-0.0166667	0.554933
27 	44    	0.20313  	0.147385	-0.02     	0.554933
28 	47    	0.246584 	0.144284	-0.0166667	0.621525
29 	45    	0.258853 	0.102442	0.0711777 	0.564679
30 	48    	0.249324 	0.119666	-0.0166667	0.546063
31 	49    	0.247995 	0.115214	-0.0166667	0.549107
32 	45    	0.24999  	0.203312	-1        	0.603152
33 	46    	0.286425 	0.0793586	0.127124  	0.489149
34 	46    	0.27211  	0.201232 	-1        	0.447599
35 	47    	0.253745 	0.271536 	-1        	0.620598
36 	44    	0.309114 	0.0890994	0.175594  	0.620598
37 	46    	0.280238 	0.216961 	-1        	0.620598
38 	41    	0.321522 	0.106324 	0.115439  	0.620598
39 	44    	0.298612 	0.0986889	0.0655339 	0.620598
40 	47    	0.295913 	0.0832828	0.122553  	0.478869
41 	43    	0.231931 	0.324492 	-1        	0.553556
42 	45    	0.249906 	0.269557 	-1        	0.553556
43 	48    	0.264703 	0.199142 	-1        	0.553556
44 	49    	0.241271 	0.269048 	-1        	0.493229
45 	44    	0.25395  	0.208981 	-1        	0.503347
46 	46    	0.248964 	0.202623 	-1        	0.516962
47 	46    	0.289871 	0.102634 	0.0900334 	0.516962
48 	46    	0.306797 	0.108896 	0.0813532 	0.516962
49 	45    	0.252482 	0.20782  	-1        	0.516962
50 	47    	0.261718 	0.0968246	0.0915982 	0.504722
51 	47    	0.2206   	0.213143 	-1        	0.56865 
52 	47    	0.265802 	0.199262 	-1        	0.533095
53 	46    	0.24181  	0.326155 	-1        	0.603325
54 	47    	0.192077 	0.322294 	-1        	0.581397
55 	44    	0.269405 	0.145743 	-0.02     	0.581397
56 	46    	0.260521 	0.153271 	-0.0177778	0.581397
57 	40    	0.296387 	0.185663 	-0.0200002	0.581397
58 	47    	0.249474 	0.166872 	-0.0177778	0.696506
59 	49    	0.231579 	0.128716 	-0.02     	0.581397
60 	45    	0.261946 	0.12366  	-0.0166667	0.581397
61 	42    	0.231356 	0.138505 	-0.02     	0.581397
62 	42    	0.243079 	0.158343 	-0.02     	0.581397
63 	49    	0.221619 	0.119839 	-0.02     	0.575623
64 	47    	0.229224 	0.225241 	-1        	0.580314
65 	43    	0.244355 	0.154605 	-0.0175001	0.580687
66 	47    	0.20882  	0.137979 	-0.02     	0.59471 
67 	45    	0.250747 	0.128938 	-0.0175   	0.59471 
68 	48    	0.275978 	0.128471 	-0.016    	0.595813
69 	47    	0.248549 	0.138246 	-0.02     	0.595813
70 	45    	0.2782   	0.155619 	-0.0225   	0.657798
71 	46    	0.274017 	0.158112 	-0.02     	0.696183
72 	48    	0.278598 	0.155234 	-0.016    	0.696183
73 	45    	0.284542 	0.136956 	-0.0149999	0.696183
74 	45    	0.28722  	0.136197 	0.0675471 	0.696183
75 	47    	0.24893  	0.14597  	-0.02     	0.696183
76 	45    	0.273947 	0.159448 	-0.0177778	0.83537 
77 	47    	0.293141 	0.145604 	0.0552494 	0.615987
78 	47    	0.290168 	0.118464 	-0.016    	0.615987
79 	46    	0.291521 	0.137123 	-0.02     	0.615987
80 	45    	0.265281 	0.153923 	-0.02     	0.615987
81 	45    	0.275209 	0.149275 	-0.02     	0.615987
82 	47    	0.227667 	0.146952 	-0.02     	0.615987
83 	49    	0.262028 	0.22583  	-1        	0.69872 
84 	42    	0.264128 	0.119435 	-0.0166667	0.547821
85 	47    	0.255795 	0.158161 	-0.018    	0.728293
86 	48    	0.248272 	0.159538 	-0.02     	0.728293
87 	45    	0.298932 	0.162073 	-0.02     	0.728293
88 	43    	0.276401 	0.173885 	-0.0199999	0.65554 
89 	44    	0.28059  	0.171366 	-0.0175   	0.65554 
90 	45    	0.288836 	0.182741 	-0.0199999	0.669679
91 	44    	0.244052 	0.157979 	-0.02     	0.65554 
92 	44    	0.262178 	0.158321 	-0.02     	0.642269
93 	46    	0.233633 	0.152595 	-0.02     	0.642269
94 	49    	0.26068  	0.12523  	-0.0133334	0.694113
95 	46    	0.246588 	0.135219 	-0.0177777	0.694113
96 	48    	0.23327  	0.0990327	-0.0166667	0.456765
97 	45    	0.246716 	0.0968798	-0.02     	0.425111
98 	47    	0.237457 	0.11122  	-0.02     	0.429255
99 	42    	0.255246 	0.113855 	-0.0177778	0.484438
100	44    	0.267091 	0.13584  	-0.02     	0.578866
101	46    	0.220546 	0.137508 	-0.02     	0.535931
102	47    	0.223741 	0.146026 	-0.02     	0.507547
103	40    	0.26158  	0.152447 	-0.02     	0.507547
104	45    	0.238163 	0.13369  	-0.02     	0.507547
105	47    	0.244772 	0.138013 	-0.02     	0.531178
106	40    	0.263891 	0.149796 	-0.02     	0.531178
107	39    	0.3133   	0.139074 	0.0723592 	0.536617
108	47    	0.258407 	0.122814 	-0.0166667	0.531439
109	45    	0.26451  	0.147845 	-0.02     	0.792634
110	43    	0.279491 	0.11523  	-0.0150002	0.696122
111	43    	0.289405 	0.143221 	-0.0175   	0.696122
112	44    	0.281752 	0.16217  	-0.02     	0.696122
113	47    	0.261395 	0.131613 	-0.02     	0.696122
114	47    	0.293219 	0.102151 	0.116581  	0.583355
115	47    	0.254798 	0.119484 	-0.02     	0.479542
116	46    	0.252409 	0.111106 	-0.0133333	0.479542
117	44    	0.249398 	0.129355 	-0.0171428	0.479542
118	47    	0.253664 	0.11468  	-0.0150003	0.49949 
119	47    	0.249909 	0.117129 	-0.015    	0.49949 
120	49    	0.257471 	0.0828362	0.0822693 	0.4357  
121	46    	0.275208 	0.101468 	-0.0175   	0.494603
122	46    	0.273877 	0.085844 	0.113981  	0.43716 
123	48    	0.26032  	0.103959 	-0.0133333	0.550692
124	47    	0.273641 	0.118997 	-0.0177778	0.549184
125	48    	0.249415 	0.116652 	-0.0181817	0.549184
126	44    	0.25296  	0.118805 	-0.0184615	0.49583 
127	47    	0.262359 	0.125108 	-0.0177778	0.473153
128	44    	0.301986 	0.0973255	-0.02     	0.473153
129	48    	0.280691 	0.120788 	-0.02     	0.613136
130	46    	0.274719 	0.0890631	0.0711973 	0.471949
131	45    	0.291281 	0.0978835	0.0436416 	0.471949
132	48    	0.255839 	0.200835 	-1        	0.497407
133	46    	0.267339 	0.11339  	-0.018    	0.497407
134	48    	0.30945  	0.0960278	-0.016    	0.496003
135	47    	0.267594 	0.0980768	-0.015    	0.452993
136	44    	0.275646 	0.201624 	-1        	0.474461
137	47    	0.302043 	0.0889377	0.130938  	0.479659
138	46    	0.297034 	0.107698 	-0.0171428	0.479659
139	45    	0.30221  	0.109737 	0.0635522 	0.635448
140	45    	0.283089 	0.21831  	-1        	0.635448
141	49    	0.280438 	0.104547 	-0.0175   	0.635448
142	45    	0.313249 	0.110075 	-0.02     	0.603708
143	46    	0.280738 	0.212821 	-1        	0.603708
144	45    	0.253564 	0.279777 	-1        	0.603708
145	44    	0.275024 	0.282026 	-1        	0.603708
146	49    	0.15258  	0.395085 	-1        	0.603708
147	46    	0.222652 	0.32646  	-1        	0.556157
148	48    	0.0208683	0.546752 	-1        	0.556157
149	47    	0.118562 	0.457616 	-1        	0.556157
150	46    	0.0752571	0.508906 	-1        	0.495298
151	41    	0.185366 	0.406696 	-1        	0.495298
152	47    	0.0461798	0.529202 	-1        	0.495298
153	44    	0.00370176	0.570669 	-1        	0.583104
154	42    	0.13639   	0.469197 	-1        	0.583104
155	47    	0.126289  	0.466002 	-1        	0.583104
156	43    	0.19799   	0.375535 	-1        	0.621334
157	49    	0.0453492 	0.526416 	-1        	0.455567
158	46    	0.0842743 	0.513269 	-1        	0.549059
159	46    	0.137447  	0.464283 	-1        	0.549059
160	50    	0.238299  	0.323849 	-1        	0.492294
161	48    	0.233545  	0.326479 	-1        	0.757813
162	48    	0.276863  	0.287394 	-1        	0.757813
163	45    	0.281876  	0.227183 	-1        	0.757813
164	48    	0.257808  	0.28355  	-1        	0.757813
165	48    	0.267427  	0.33627  	-1        	0.757813
166	47    	0.168807  	0.402481 	-1        	0.52636 
167	46    	0.051524  	0.501571 	-1        	0.52636 
168	47    	0.0264273 	0.519753 	-1        	0.52636 
169	42    	0.124637  	0.463866 	-1        	0.481991
170	46    	0.26994   	0.197042 	-1        	0.481991
171	46    	0.25983   	0.113342 	-0.0179999	0.481991
172	49    	0.282505  	0.109582 	-0.015    	0.736017
173	48    	0.261365  	0.121529 	-0.0200001	0.736017
174	46    	0.253373  	0.129109 	-0.016    	0.736017
175	48    	0.217183  	0.119243 	-0.0166667	0.456352
176	48    	0.242845  	0.118988 	-0.02     	0.722785
177	48    	0.235852  	0.136633 	-0.02     	0.504031
178	43    	0.277393  	0.120145 	-0.01     	0.5205  
179	45    	0.287573  	0.122313 	-0.0181818	0.5205  
180	44    	0.275525  	0.120568 	-0.0166667	0.5205  
181	45    	0.267709  	0.111796 	-0.0177778	0.5205  
182	47    	0.30439   	0.101902 	0.0862986 	0.538846
183	44    	0.30997   	0.112227 	-0.0133332	0.5205  
184	45    	0.289779  	0.108201 	-0.02     	0.5205  
185	49    	0.273975  	0.0940913	-0.0133334	0.434778
186	45    	0.233352  	0.270716 	-1        	0.488061
187	42    	0.307074  	0.107281 	-0.0177778	0.488061
188	48    	0.245333  	0.32447  	-1        	0.488061
189	48    	0.2735    	0.27022  	-1        	0.488061
190	42    	0.307071  	0.111395 	-0.0160001	0.488061
191	44    	0.166642  	0.440067 	-1        	0.500675
192	48    	0.153449  	0.433628 	-1        	0.500675
193	47    	0.143232  	0.429552 	-1        	0.488301
194	45    	-0.0455151	0.59837  	-1        	0.464369
195	46    	-0.206973 	0.652062 	-1        	0.482538
196	48    	0.115279  	0.49352  	-1        	0.537425
197	46    	-0.384627 	0.670108 	-1        	0.537425
198	43    	-0.150225 	0.64699  	-1        	0.537425
199	46    	-0.249302 	0.670334 	-1        	0.537933
200	47    	-0.00553838	0.564374 	-1        	0.537425
201	44    	-0.00338186	0.564495 	-1        	0.495127
202	48    	0.15565    	0.432304 	-1        	0.445258
203	47    	0.192119   	0.359111 	-1        	0.44587 
204	48    	0.193939   	0.358177 	-1        	0.445258
205	48    	0.271617   	0.19747  	-1        	0.495137
206	48    	0.248085   	0.206666 	-1        	0.536668
207	47    	0.233709   	0.266158 	-1        	0.496117
208	46    	0.204577   	0.319901 	-1        	0.454999
209	46    	0.161725   	0.398816 	-1        	0.454999
210	42    	0.247314   	0.27775  	-1        	0.54579 
211	44    	0.308696   	0.091918 	-0.02     	0.45405 
212	47    	0.267602   	0.114344 	-0.02     	0.456955
213	43    	0.29011    	0.106997 	-0.0177778	0.60202 
214	46    	0.278048   	0.142133 	-0.02     	0.646254
215	46    	0.248909   	0.129491 	-0.02     	0.646254
216	47    	0.231749   	0.286628 	-1        	0.731242
217	45    	0.294897   	0.149901 	-0.018    	0.731242
218	46    	0.257303   	0.230589 	-1        	0.731242
219	49    	0.27224    	0.126449 	-0.015    	0.714583
220	46    	0.293856   	0.120044 	-0.0150002	0.714583
221	46    	0.271569   	0.0998249	0.0852849 	0.535875
222	45    	0.280783   	0.124196 	-0.0166667	0.558091
223	45    	0.286845   	0.102825 	-0.02     	0.558091
224	48    	0.255322   	0.125224 	-0.0166666	0.558091
225	45    	0.259586   	0.123614 	-0.0199998	0.508376
226	47    	0.234934   	0.11979  	-0.02     	0.456137
227	48    	0.232294   	0.126081 	-0.02     	0.563575
228	46    	0.249257   	0.131185 	-0.0222222	0.563575
229	45    	0.250327   	0.129653 	-0.02     	0.51442 
230	47    	0.241261   	0.137273 	-0.0160001	0.593562
231	45    	0.250922   	0.140936 	-0.0175   	0.593562
232	48    	0.254511   	0.110376 	-0.0175   	0.488933
233	48    	0.256754   	0.121709 	-0.0177778	0.541359
234	44    	0.25375    	0.11219  	-0.02     	0.541359
235	47    	0.236718   	0.129509 	-0.0175   	0.523052
236	48    	0.260088   	0.130633 	-0.0175   	0.69942 
237	46    	0.264928   	0.108352 	0.0895734 	0.55706 
238	47    	0.264974   	0.113733 	-0.0133334	0.55706 
239	47    	0.23699    	0.0992462	-0.0184615	0.433313
240	42    	0.251748   	0.09705  	-0.02     	0.470094
241	48    	0.257224   	0.0918176	-0.0171429	0.458449
242	47    	0.290511   	0.0906385	0.0707911 	0.506023
243	46    	0.250945   	0.11129  	-0.02     	0.468397
244	42    	0.240089   	0.210689 	-1        	0.468397
245	45    	0.295564   	0.0916586	-0.0181818	0.471635
246	48    	0.295778   	0.0799273	0.121992  	0.499054
247	45    	0.284127   	0.0889715	0.0997232 	0.499054
248	48    	0.224879   	0.197208 	-1        	0.499054
249	44    	0.284804   	0.0873146	0.117632  	0.499054
250	47    	0.24894    	0.209946 	-1        	0.56573 
251	46    	0.271159   	0.201851 	-1        	0.56573 
252	44    	0.301048   	0.104992 	0.0666945 	0.56573 
253	40    	0.271297   	0.128795 	-0.015    	0.56573 
254	44    	0.261578   	0.2116   	-1        	0.56573 
255	43    	0.27369    	0.207098 	-1        	0.56573 
256	46    	0.217631   	0.32179  	-1        	0.56573 
257	48    	0.245505   	0.269134 	-1        	0.560545
258	47    	0.260202   	0.200189 	-1        	0.453888
259	45    	0.269446   	0.101178 	-0.02     	0.448302
260	48    	0.184878   	0.35994  	-1        	0.463111
261	46    	0.229766   	0.321919 	-1        	0.492409
262	48    	0.248758   	0.194425 	-1        	0.479044
263	46    	0.216475   	0.319422 	-1        	0.478067
264	43    	0.254212   	0.272572 	-1        	0.475708
265	46    	0.258421   	0.201503 	-1        	0.475708
266	46    	0.258068   	0.269399 	-1        	0.473264
267	49    	0.113471   	0.490578 	-1        	0.473264
268	42    	0.303304   	0.201709 	-1        	0.504495
269	46    	0.282276   	0.206055 	-1        	0.504495
270	47    	0.278624   	0.198987 	-1        	0.500013
271	46    	0.167685   	0.400398 	-1        	0.500013
272	44    	0.209808   	0.364737 	-1        	0.477603
273	44    	0.302476   	0.0816548	0.0746908 	0.477603
274	49    	0.248709   	0.271046 	-1        	0.517412
275	47    	0.178483   	0.399488 	-1        	0.50385 
276	48    	0.0630189  	0.503688 	-1        	0.452471
277	44    	0.183478   	0.402159 	-1        	0.492239
278	46    	0.145085   	0.43244  	-1        	0.485614
279	46    	0.314922   	0.109057 	-0.01     	0.499729
280	48    	0.0699173  	0.506492 	-1        	0.499729
281	46    	0.0623218  	0.537071 	-1        	0.538714
282	44    	0.227365   	0.324401 	-1        	0.499729
283	46    	-0.0180999 	0.558309 	-1        	0.431459
284	47    	0.150791   	0.392511 	-1        	0.470539
285	49    	0.275725   	0.196469 	-1        	0.479037
286	39    	0.228616   	0.372865 	-1        	0.479037
287	46    	-0.00962388	0.591494 	-1        	0.543225
288	48    	0.27535    	0.273759 	-1        	0.513527
289	48    	0.0249025  	0.549468 	-1        	0.513527
290	47    	0.238611   	0.328984 	-1        	0.635837
291	46    	0.244015   	0.333321 	-1        	0.635837
292	44    	0.241487   	0.334975 	-1        	0.635837
293	48    	0.293729   	0.109596 	-0.0166666	0.635837
294	45    	0.195736   	0.409192 	-1        	0.635837
295	44    	0.239482   	0.323396 	-1        	0.472092
296	46    	0.232253   	0.324691 	-1        	0.528328
297	45    	0.21756    	0.318476 	-1        	0.528328
298	45    	0.290196   	0.108072 	-0.0175   	0.528328
299	46    	0.232687   	0.325389 	-1        	0.528328
300	48    	0.229816   	0.31929  	-1        	0.528328
301	46    	0.227101   	0.316819 	-1        	0.481232
302	49    	0.157922   	0.432105 	-1        	0.453631
303	46    	0.277385   	0.272411 	-1        	0.519919
304	47    	0.180859   	0.400496 	-1        	0.493957
305	47    	0.189609   	0.403171 	-1        	0.475569
306	45    	0.255042   	0.2733   	-1        	0.537579
307	47    	0.17177    	0.368348 	-1        	0.464465
308	40    	0.265555   	0.211355 	-1        	0.471542
309	46    	0.274291   	0.10572  	-0.0177778	0.581575
310	47    	0.263803   	0.118451 	-0.0166666	0.537465
311	46    	0.208663   	0.325285 	-1        	0.628571
312	49    	0.224478   	0.201773 	-1        	0.463699
313	45    	0.274714   	0.218142 	-1        	0.646497
314	46    	0.206021   	0.223074 	-1        	0.646497
315	48    	0.196159   	0.212697 	-1        	0.470026
316	48    	0.241217   	0.123398 	-0.018    	0.526285
317	47    	0.221859   	0.103035 	-0.0175001	0.429491
318	47    	0.278216   	0.0909534	0.0733844 	0.445977
319	47    	0.271865   	0.0978223	-0.0200001	0.454434
320	49    	0.223132   	0.200372 	-1        	0.498484
321	43    	0.282823   	0.112048 	0.0664149 	0.498484
322	47    	0.242745   	0.276276 	-1        	0.566915
323	48    	0.255282   	0.276404 	-1        	0.566915
324	47    	0.289038   	0.120526 	-0.0171429	0.548939
325	47    	0.237826   	0.325351 	-1        	0.592904
326	47    	0.238494   	0.276979 	-1        	0.516826
327	46    	0.148677   	0.438401 	-1        	0.516826
328	46    	0.226336   	0.327055 	-1        	0.565354
329	46    	0.230521   	0.328019 	-1        	0.617046
330	48    	0.166055   	0.398687 	-1        	0.584842
331	48    	0.0456352  	0.529168 	-1        	0.573465
332	46    	-0.00738665	0.591878 	-1        	0.518298
333	46    	0.0652129  	0.538491 	-1        	0.518298
334	47    	0.16944    	0.439067 	-1        	0.518298
335	47    	0.11287    	0.492804 	-1        	0.518298
336	48    	-0.108652  	0.615903 	-1        	0.518298
337	49    	0.120587   	0.458919 	-1        	0.514037
338	44    	0.133801   	0.464699 	-1        	0.514037
339	46    	0.0421487  	0.527261 	-1        	0.480217
340	46    	0.0964457  	0.484496 	-1        	0.461224
341	45    	0.133234   	0.464161 	-1        	0.591117
342	46    	-0.0282409 	0.579734 	-1        	0.487925
343	49    	-0.0169332 	0.587815 	-1        	0.542754
344	47    	0.192535   	0.404592 	-1        	0.501017
345	46    	0.0212313  	0.577126 	-1        	0.501017
346	45    	0.051261   	0.531412 	-1        	0.501017
347	48    	0.135639   	0.425695 	-1        	0.501017
348	46    	0.0602467  	0.533527 	-1        	0.501017
349	45    	0.0378342  	0.554395 	-1        	0.501017
350	43    	0.0768887  	0.541814 	-1        	0.482018
351	45    	0.0974054  	0.485923 	-1        	0.489845
352	41    	0.067932   	0.539528 	-1        	0.489845
353	47    	0.195549   	0.367601 	-1        	0.562913
354	45    	0.211058   	0.369286 	-1        	0.562913
355	46    	0.287147   	0.198802 	-1        	0.562913
356	46    	0.264268   	0.267901 	-1        	0.562913
357	43    	0.149076   	0.439893 	-1        	0.562913
358	49    	0.244423   	0.266776 	-1        	0.562913
359	46    	0.135711   	0.465796 	-1        	0.562913
360	47    	0.161676   	0.435407 	-1        	0.534277
361	47    	0.185262   	0.403819 	-1        	0.499208
362	47    	0.0746813  	0.513523 	-1        	0.499208
363	47    	-0.11952   	0.61106  	-1        	0.499208
364	47    	-0.0838464 	0.604098 	-1        	0.446344
365	42    	0.139085   	0.428642 	-1        	0.446344
366	44    	0.0823882  	0.479518 	-1        	0.434622
367	46    	0.223896   	0.319969 	-1        	0.490489
368	46    	0.150921   	0.398073 	-1        	0.46898 
369	45    	0.270585   	0.19909  	-1        	0.46898 
370	46    	0.298065   	0.0845044	0.0824598 	0.541752
371	47    	0.244754   	0.207412 	-1        	0.541752
372	46    	0.319196   	0.103717 	0.0670086 	0.582424
373	48    	0.317886   	0.0842248	0.14221   	0.541752
374	46    	0.324629   	0.104161 	0.158166  	0.541752
375	47    	0.326251   	0.120792 	-0.0133333	0.562663
376	46    	0.259534   	0.272871 	-1        	0.498116
377	47    	0.258801   	0.197597 	-1        	0.498116
378	48    	0.30765    	0.0969553	0.140001  	0.518717
379	44    	0.32581    	0.0968212	0.0918103 	0.538833
380	45    	0.322506   	0.105835 	0.0757937 	0.538833
381	46    	0.296618   	0.212627 	-1        	0.544239
382	46    	0.281214   	0.207427 	-1        	0.544239
383	48    	0.150666   	0.432939 	-1        	0.502203
384	44    	0.220077   	0.318793 	-1        	0.473782
385	46    	0.217678   	0.319937 	-1        	0.473782
386	46    	0.002922   	0.570282 	-1        	0.623204
387	44    	0.0525946  	0.565453 	-1        	0.576202
388	45    	0.062556   	0.538223 	-1        	0.576202
389	47    	-0.181208  	0.644769 	-1        	0.576202
390	42    	0.127801   	0.504409 	-1        	0.576202
391	46    	0.15413    	0.436218 	-1        	0.576202
392	49    	0.0176303  	0.575671 	-1        	0.498651
393	45    	0.188077   	0.405283 	-1        	0.512727
394	48    	-0.0516253 	0.56735  	-1        	0.474792
395	43    	0.127496   	0.460937 	-1        	0.474792
396	44    	0.120022   	0.493148 	-1        	0.520382
397	44    	0.160976   	0.434621 	-1        	0.520382
398	49    	0.238213   	0.273027 	-1        	0.542397
399	47    	0.277244   	0.106529 	-0.016    	0.542397
400	46    	0.217982   	0.322485 	-1        	0.649789
401	47    	0.273909   	0.196923 	-1        	0.434517
402	47    	0.282361   	0.0965688	0.0855049 	0.560797
403	45    	0.307739   	0.106533 	-0.02     	0.584171
404	44    	0.27327    	0.143225 	-0.02     	0.584171
405	46    	0.272267   	0.110523 	-0.0133333	0.560797
406	45    	0.285352   	0.101673 	-0.0133333	0.560797
407	44    	0.294827   	0.130407 	-0.016    	0.560797
408	48    	0.267095   	0.103653 	-0.015    	0.560797
409	45    	0.275036   	0.10786  	-0.02     	0.560797
410	49    	0.257344   	0.109436 	-0.02     	0.560797
411	46    	0.263215   	0.203439 	-1        	0.499918
412	47    	0.191663   	0.319575 	-1        	0.432851
413	48    	0.226277   	0.319004 	-1        	0.457226
414	48    	-0.0409162 	0.600896 	-1        	0.486319
415	45    	-0.0629953 	0.617498 	-1        	0.486319
416	49    	0.0444292  	0.52857  	-1        	0.591862
417	46    	0.12352    	0.461353 	-1        	0.591862
418	44    	-0.375589  	0.678376 	-1        	0.462398
419	45    	-0.239852  	0.676675 	-1        	0.469078
420	44    	-0.0762167 	0.608926 	-1        	0.469078
421	49    	-0.153643  	0.639345 	-1        	0.496259
422	44    	0.161839   	0.438704 	-1        	0.496259
423	45    	0.180785   	0.401638 	-1        	0.496259
424	46    	0.276426   	0.27732  	-1        	0.569191
425	43    	0.26008    	0.33371  	-1        	0.569191
426	46    	0.236834   	0.326693 	-1        	0.569191
427	50    	0.222608   	0.316333 	-1        	0.495335
428	50    	0.230352   	0.322871 	-1        	0.550946
429	45    	0.314175   	0.102034 	0.0862863 	0.46299 
430	43    	0.319279   	0.0958287	0.0875486 	0.595211
431	48    	0.245382   	0.264431 	-1        	0.467747
432	49    	0.267872   	0.201128 	-1        	0.527209
433	43    	0.272703   	0.27053  	-1        	0.527209
434	49    	0.271793   	0.193157 	-1        	0.437375
435	45    	0.269301   	0.201924 	-1        	0.439839
436	49    	0.232107   	0.328121 	-1        	0.528339
437	45    	0.175863   	0.39979  	-1        	0.507479
438	48    	0.209174   	0.367106 	-1        	0.567442
439	44    	0.035421   	0.55596  	-1        	0.567442
440	47    	0.00429017 	0.572042 	-1        	0.567442
441	46    	0.282457   	0.203404 	-1        	0.499172
442	48    	0.280213   	0.206974 	-1        	0.594553
443	48    	0.279642   	0.117179 	-0.0150001	0.594553
444	43    	0.258651   	0.215638 	-1        	0.594553
445	49    	0.259217   	0.202831 	-1        	0.494373
446	45    	0.292725   	0.0872212	0.123603  	0.494373
447	44    	0.292381   	0.207022 	-1        	0.494373
448	47    	0.271029   	0.104041 	-0.016    	0.494373
449	44    	0.290227   	0.0967154	0.0856508 	0.525797
450	47    	0.233931   	0.275617 	-1        	0.555052
451	42    	0.189795   	0.415556 	-1        	0.555052
452	44    	0.232112   	0.28848  	-1        	0.555052
453	50    	0.0879893  	0.385582 	-1        	0.470765
454	44    	0.262562   	0.203357 	-1        	0.529906
455	48    	0.280762   	0.201289 	-1        	0.490473
456	44    	0.269385   	0.207961 	-1        	0.490473
457	43    	0.236344   	0.324664 	-1        	0.490473
458	48    	0.266949   	0.268937 	-1        	0.448203
459	42    	0.236893   	0.328408 	-1        	0.533385
460	47    	0.150812   	0.434472 	-1        	0.500144
461	47    	-0.0490777 	0.597164 	-1        	0.500144
462	42    	0.119662   	0.495179 	-1        	0.598295
463	43    	0.155368   	0.480477 	-1        	0.649304
464	42    	0.152582   	0.478068 	-1        	0.649304
465	43    	0.252067   	0.356458 	-1        	0.698689
466	46    	0.254755   	0.260258 	-1        	0.736126
467	45    	0.253355   	0.325064 	-1        	0.736126
468	46    	0.275914   	0.199014 	-0.0177778	0.736126
469	45    	0.248334   	0.187751 	-0.0175   	0.736126
470	47    	0.244337   	0.199592 	-0.02     	0.736126
471	45    	0.292682   	0.185518 	-0.0171429	0.736126
472	47    	0.221485   	0.169115 	-0.02     	0.736069
473	46    	0.210884   	0.143829 	-0.02     	0.484403
474	47    	0.253358   	0.174814 	-0.02     	0.614053
475	47    	0.249947   	0.145979 	-0.0177777	0.617015
476	48    	0.221729   	0.144302 	-0.02     	0.618038
477	43    	0.271633   	0.159524 	-0.0175001	0.618038
478	47    	0.239441   	0.135465 	-0.0175   	0.617015
479	49    	0.231086   	0.125192 	-0.02     	0.498465
480	45    	0.235755   	0.123089 	-0.0171429	0.498465
481	47    	0.247554   	0.147002 	-0.02     	0.576057
482	48    	0.234114   	0.153447 	-0.02     	0.576057
483	49    	0.243028   	0.11606  	-0.0175   	0.576057
484	48    	0.24538    	0.12537  	-0.017143 	0.576057
485	45    	0.243393   	0.152392 	-0.0171429	0.576057
486	45    	0.23219    	0.162442 	-0.02     	0.576057
487	48    	0.247757   	0.15235  	-0.0175   	0.583103
488	48    	0.228946   	0.132203 	-0.0175   	0.583187
489	46    	0.258867   	0.138559 	-0.02     	0.583202
490	49    	0.210941   	0.119529 	-0.0179997	0.486516
491	47    	0.224507   	0.114886 	-0.02     	0.519045
492	45    	0.255204   	0.124046 	-0.016    	0.519045
493	49    	0.24086    	0.119204 	-0.02     	0.496076
494	48    	0.277924   	0.105837 	-0.0159956	0.496076
495	45    	0.302625   	0.0757468	0.0980052 	0.496076
496	49    	0.300071   	0.109311 	0.0655936 	0.658843
497	46    	0.307426   	0.107503 	0.0558107 	0.658843
498	49    	0.261995   	0.0867671	-0.0185715	0.489109
499	46    	0.239113   	0.209091 	-1        	0.489109
500	45    	0.303702   	0.0888967	0.0623717 	0.489109
501	48    	0.265857   	0.11371  	-0.0177778	0.586388
502	45    	0.278062   	0.206215 	-1        	0.586388
503	48    	0.269473   	0.0724133	0.111338  	0.393717
504	46    	0.210151   	0.314324 	-1        	0.418994
505	49    	0.2481     	0.268292 	-1        	0.485022
506	45    	0.203456   	0.366857 	-1        	0.534113
507	49    	0.214465   	0.32027  	-1        	0.49275 
508	44    	0.276442   	0.209753 	-1        	0.494804
509	46    	0.262458   	0.211177 	-1        	0.494804
510	44    	0.225598   	0.272447 	-1        	0.494804
511	47    	0.275492   	0.104546 	-0.02     	0.494804
512	48    	0.264776   	0.200635 	-1        	0.494804
513	45    	0.232001   	0.278015 	-1        	0.494804
514	41    	0.322365   	0.0979392	0.0490724 	0.504631
515	46    	0.297297   	0.102931 	0.0797068 	0.52256 
516	46    	0.267598   	0.206358 	-1        	0.57758 
517	46    	0.297786   	0.110297 	0.0318977 	0.57758 
518	44    	0.235169   	0.328482 	-1        	0.57758 
519	46    	0.294701   	0.206941 	-1        	0.638132
520	49    	0.269153   	0.280088 	-1        	0.752669
521	46    	0.148632   	0.436624 	-1        	0.692192
522	43    	0.282572   	0.231535 	-1        	0.776984
523	47    	0.267162   	0.128764 	-0.015    	0.692192
524	46    	0.284372   	0.123398 	0.115324  	0.692192
525	49    	0.269473   	0.127349 	-0.0171428	0.560047
526	49    	0.233801   	0.278235 	-1        	0.647772
527	41    	0.323946   	0.156401 	-0.0225   	0.647772
528	46    	0.278625   	0.140649 	-0.02     	0.647772
529	47    	0.289638   	0.117261 	0.0823797 	0.647772
530	45    	0.270909   	0.148389 	-0.0166666	0.647772
531	46    	0.267105   	0.108451 	-0.022    	0.515014
532	47    	0.287424   	0.103242 	-0.0171429	0.515014
533	46    	0.288938   	0.0935185	-0.00884219	0.519196
534	44    	0.291838   	0.0903741	0.1087     	0.488888
535	46    	0.25306    	0.200338 	-1         	0.488888
536	47    	0.25697    	0.201288 	-1         	0.451928
537	45    	0.262202   	0.199984 	-1         	0.578843
538	46    	0.298831   	0.125097 	-0.02      	0.59976 
539	45    	0.271228   	0.28179  	-1         	0.578843
540	43    	0.298553   	0.214945 	-1         	0.578843
541	45    	0.263083   	0.213472 	-1         	0.578843
542	46    	0.325369   	0.105431 	0.157212   	0.578843
543	45    	0.265128   	0.21312  	-1         	0.529723
544	46    	0.167827   	0.396411 	-1         	0.468974
545	44    	0.0643291  	0.504854 	-1         	0.468974
546	47    	0.0317506  	0.520797 	-1         	0.442699
547	48    	0.075252   	0.509165 	-1         	0.554452
548	47    	0.0763871  	0.511562 	-1         	0.554452
549	47    	0.115682   	0.46477  	-1         	0.579671
550	47    	0.254345   	0.334133 	-1         	0.579671
551	47    	0.224773   	0.321531 	-1         	0.579671
552	48    	0.24644    	0.269835 	-1         	0.479821
553	43    	0.244943   	0.265168 	-1         	0.455873
554	49    	0.158412   	0.392327 	-1         	0.424465
555	47    	0.242086   	0.204998 	-1         	0.580294
556	45    	0.277365   	0.116957 	-0.0150001 	0.580294
557	47    	0.271687   	0.112381 	-0.0175001 	0.580294
558	45    	0.265922   	0.10151  	-0.0184616 	0.580294
559	46    	0.271204   	0.119214 	-0.02      	0.527693
560	49    	0.279855   	0.1118   	0.045053   	0.662715
561	46    	0.287993   	0.0993487	0.146172   	0.662715
562	44    	0.295659   	0.0908653	-0.0166667 	0.530714
563	47    	0.294603   	0.0961247	-0.0171429 	0.530714
564	44    	0.264745   	0.214451 	-1         	0.530714
565	46    	0.165997   	0.399038 	-1         	0.478998
566	43    	0.170379   	0.402919 	-1         	0.45507 
567	45    	0.0201639  	0.548017 	-1         	0.542542
568	48    	0.113538   	0.493129 	-1         	0.542542
569	47    	0.10471    	0.491411 	-1         	0.542542
570	43    	0.235038   	0.327436 	-1         	0.542542
571	43    	0.281469   	0.275754 	-1         	0.542542
572	47    	0.218663   	0.371253 	-1         	0.600251
573	47    	0.219629   	0.322595 	-1         	0.508456
574	45    	0.289889   	0.204722 	-1         	0.508456
575	43    	0.248312   	0.271046 	-1         	0.508456
576	45    	0.293322   	0.213478 	-1         	0.603899
577	41    	0.260555   	0.338029 	-1         	0.612293
578	48    	0.120185   	0.459177 	-1         	0.603899
579	48    	0.136364   	0.46343  	-1         	0.440608
580	45    	0.100483   	0.484656 	-1         	0.463656
581	45    	0.0803842  	0.511008 	-1         	0.477071
582	46    	0.0300136  	0.552946 	-1         	0.501757
583	46    	0.245033   	0.330404 	-1         	0.566256
584	48    	0.197503   	0.360842 	-1         	0.462552
585	44    	-0.00811451	0.562324 	-1         	0.489511
586	45    	0.178481   	0.401149 	-1         	0.489511
587	46    	0.255242   	0.26684  	-1         	0.485239
588	46    	-0.013283  	0.560806 	-1         	0.564006
589	48    	-0.0545623 	0.595066 	-1         	0.490084
590	44    	0.0802089  	0.513559 	-1         	0.527733
591	46    	0.16127    	0.435568 	-1         	0.490084
592	46    	0.160118   	0.438486 	-1         	0.575268
593	45    	0.110149   	0.492208 	-1         	0.517907
594	45    	0.172831   	0.443668 	-1         	0.530167
595	48    	0.240739   	0.276159 	-1         	0.530167
596	50    	0.0514291  	0.530738 	-1         	0.509415
597	48    	0.0477862  	0.496333 	-1         	0.424007
598	48    	0.149942   	0.430438 	-1         	0.451357
599	47    	0.10926    	0.456189 	-1         	0.516779
600	47    	0.231647   	0.323607 	-1         	0.521005
601	45    	0.0477515  	0.528878 	-1         	0.521005
602	47    	0.1395     	0.430871 	-1         	0.508193
603	45    	0.21464    	0.210067 	-1         	0.43207 
604	47    	0.283215   	0.102359 	-0.0174999 	0.464709
605	50    	0.201528   	0.314216 	-1         	0.490155
606	45    	0.217967   	0.319093 	-1         	0.490155
607	47    	0.21675    	0.325543 	-1         	0.559918
608	44    	0.219317   	0.370095 	-1         	0.559918
609	46    	0.197879   	0.414638 	-1         	0.6279  
610	49    	0.138907   	0.430354 	-1         	0.409683
611	48    	0.206367   	0.365359 	-1         	0.567721
612	49    	-0.0093241 	0.560447 	-1         	0.446396
613	48    	0.224058   	0.325356 	-1         	0.554382
614	46    	0.20344    	0.407671 	-1         	0.534816
615	48    	0.196016   	0.362459 	-1         	0.439165
616	48    	0.223992   	0.322144 	-1         	0.486978
617	44    	0.291603   	0.211865 	-1         	0.610994
618	46    	0.258943   	0.208811 	-1         	0.486978
619	47    	0.240145   	0.199001 	-1         	0.486978
620	47    	0.281366   	0.202257 	-1         	0.64545 
621	46    	0.227539   	0.323474 	-1         	0.64545 
622	49    	0.187313   	0.356991 	-1         	0.461582
623	43    	0.128713   	0.462261 	-1         	0.491083
624	47    	-0.0883118 	0.603414 	-1         	0.491083
625	46    	0.204547   	0.363066 	-1         	0.454977
626	44    	0.200532   	0.361558 	-1         	0.454977
627	44    	0.247659   	0.323621 	-1         	0.451438
628	45    	0.24889    	0.27222  	-1         	0.47921 
629	46    	0.220298   	0.32106  	-1         	0.517428
630	45    	0.143931   	0.432773 	-1         	0.517428
631	46    	0.202417   	0.364237 	-1         	0.551245
632	49    	-0.0240044 	0.553199 	-1         	0.49586 
633	46    	0.118253   	0.457472 	-1         	0.429177
634	50    	0.0181334  	0.512541 	-1         	0.422501
635	49    	0.261295   	0.207452 	-1         	0.465515
636	43    	0.23277    	0.323687 	-1         	0.478083
637	44    	0.303332   	0.0909008	0.073062   	0.478083
638	42    	0.202933   	0.365396 	-1         	0.478083
639	45    	0.226394   	0.319532 	-1         	0.482994
640	46    	0.212228   	0.31604  	-1         	0.482994
641	47    	0.20884    	0.365488 	-1         	0.482994
642	47    	0.281562   	0.197982 	-1         	0.469997
643	45    	0.0423987  	0.528153 	-1         	0.45861 
644	46    	0.275699   	0.198265 	-1         	0.501509
645	43    	0.251121   	0.3285   	-1         	0.501509
646	47    	0.275621   	0.198954 	-1         	0.505812
647	44    	0.267952   	0.268624 	-1         	0.505812
648	46    	0.291271   	0.20017  	-1         	0.505812
649	47    	0.30458    	0.0886421	-0.015     	0.505812
650	47    	0.268844   	0.208368 	-1         	0.505812
651	47    	0.282118   	0.200624 	-1         	0.503717
652	47    	0.257178   	0.205748 	-1         	0.505579
653	47    	0.285891   	0.202527 	-1         	0.496639
654	44    	0.320217   	0.210604 	-1         	0.662642
655	45    	0.269357   	0.275477 	-1         	0.662642
656	49    	0.139026   	0.426667 	-1         	0.497157
657	46    	0.200531   	0.366247 	-1         	0.497134
658	47    	0.259791   	0.202143 	-1         	0.497134
659	47    	0.250254   	0.326538 	-1         	0.540708
660	50    	0.232862   	0.271242 	-1         	0.459511
661	46    	0.312298   	0.0799548	0.13571    	0.482951
662	44    	0.180512   	0.440953 	-1         	0.492159
663	48    	0.301057   	0.203335 	-1         	0.498589
664	43    	0.27596    	0.204772 	-1         	0.498589
665	50    	0.217305   	0.316135 	-1         	0.546074
666	50    	0.209504   	0.361279 	-1         	0.455358
667	47    	0.268657   	0.193602 	-1         	0.426423
668	39    	0.176814   	0.399249 	-1         	0.441749
669	47    	0.0821532  	0.514586 	-1         	0.529986
670	45    	0.190455   	0.409559 	-1         	0.525498
671	48    	0.119062   	0.460798 	-1         	0.503684
672	47    	0.261739   	0.268425 	-1         	0.469696
673	44    	0.269927   	0.271458 	-1         	0.589135
674	47    	0.204805   	0.319793 	-1         	0.518932
675	46    	0.286889   	0.210463 	-1         	0.518932
676	42    	0.292344   	0.20966  	-1         	0.501385
677	44    	0.239856   	0.323551 	-1         	0.501385
678	49    	0.22059    	0.319604 	-1         	0.51298 
679	46    	0.221185   	0.373316 	-1         	0.596467
680	48    	0.276567   	0.206964 	-1         	0.540523
681	49    	0.205122   	0.3635   	-1         	0.507964
682	46    	0.0844184  	0.479554 	-1         	0.425578
683	49    	0.198409   	0.363506 	-1         	0.455693
684	47    	0.256278   	0.265432 	-1         	0.446152
685	44    	0.220738   	0.31733  	-1         	0.446152
686	46    	0.206909   	0.316754 	-1         	0.446152
687	48    	0.272244   	0.195376 	-1         	0.490898
688	45    	0.257132   	0.267961 	-1         	0.536031
689	45    	0.212035   	0.369094 	-1         	0.536031
690	45    	0.209175   	0.364425 	-1         	0.536031
691	45    	0.174373   	0.39772  	-1         	0.426788
692	48    	0.265411   	0.270846 	-1         	0.489161
693	47    	0.214826   	0.365478 	-1         	0.496802
694	47    	0.246423   	0.263322 	-1         	0.496802
695	45    	0.257224   	0.276171 	-1         	0.528504
696	44    	0.226642   	0.374539 	-1         	0.656631
697	46    	0.0466798  	0.561947 	-1         	0.656631
698	45    	0.0450265  	0.56421  	-1         	0.656631
699	45    	-0.18572   	0.669526 	-1         	0.656631
700	47    	-0.0420903 	0.600624 	-1         	0.450895
701	46    	-0.103819  	0.617161 	-1         	0.450895
702	44    	-0.0873397 	0.601774 	-1         	0.450895
703	45    	0.227169   	0.320749 	-1         	0.462073
704	46    	0.163619   	0.398246 	-1         	0.463987
705	43    	0.140174   	0.433522 	-1         	0.506506
706	46    	0.122926   	0.428614 	-1         	0.475481
707	46    	0.214622   	0.273915 	-1         	0.47992 
708	48    	0.14819    	0.396504 	-1         	0.47992 
709	45    	0.231436   	0.267224 	-1         	0.477796
710	45    	0.232978   	0.263612 	-1         	0.489185
711	49    	0.248864   	0.201139 	-1         	0.490869
712	46    	0.134272   	0.42715  	-1         	0.485918
713	47    	0.158038   	0.395154 	-1         	0.476078
714	46    	0.261671   	0.203223 	-1         	0.476078
715	42    	0.321377   	0.0989833	0.120247   	0.494145
716	43    	0.304729   	0.207814 	-1         	0.508662
717	48    	0.2815     	0.0991473	0.0666999  	0.508662
718	46    	0.294567   	0.100345 	-0.01      	0.523462
719	45    	0.296895   	0.0849866	0.0982665  	0.523462
720	46    	0.264354   	0.128658 	-0.02      	0.519341
721	45    	0.300747   	0.0801373	0.12557    	0.45633 
722	45    	0.295275   	0.107994 	-0.0175    	0.497747
723	42    	0.294322   	0.101528 	0.0518187  	0.505894
724	42    	0.303116   	0.11382  	-0.0175    	0.505894
725	47    	0.252976   	0.124193 	-0.0171429 	0.516395
726	43    	0.25956    	0.125198 	-0.02      	0.505894
727	44    	0.281685   	0.138554 	-0.01      	0.730571
728	45    	0.273412   	0.146065 	-0.0166668 	0.812825
729	46    	0.235373   	0.144024 	-0.0179999 	0.811396
730	47    	0.245515   	0.129604 	-0.0181818 	0.508766
731	46    	0.261757   	0.104725 	0.0960417  	0.644943
732	47    	0.250057   	0.122449 	-0.0166667 	0.644943
733	48    	0.246189   	0.147451 	-0.0222222 	0.644943
734	46    	0.270754   	0.137587 	-0.0175001 	0.644943
735	50    	0.27413    	0.118845 	-0.0171429 	0.590381
736	46    	0.274515   	0.106419 	-0.0181818 	0.590381
737	48    	0.234464   	0.103537 	-0.0175    	0.4153  
738	48    	0.272776   	0.0836082	0.0837599  	0.417228
739	48    	0.266506   	0.0941166	-0.016     	0.487811
740	49    	0.26255    	0.0973118	-0.0171429 	0.472317
741	48    	0.277268   	0.102365 	-0.02      	0.640205
742	49    	0.267875   	0.0870153	0.078435   	0.460179
743	46    	0.289671   	0.0877019	0.0901321  	0.460179
744	44    	0.298248   	0.0859435	0.0835786  	0.460179
745	47    	0.287492   	0.0986765	0.0709072  	0.496948
746	47    	0.288943   	0.084844 	0.0959727  	0.496948
747	45    	0.28558    	0.203437 	-1         	0.47785 
748	47    	0.221663   	0.321192 	-1         	0.524827
749	47    	0.143883   	0.428644 	-1         	0.494219
750	47    	0.0732508  	0.509189 	-1         	0.621251
751	48    	0.238463   	0.27354  	-1         	0.621251
752	46    	0.139125   	0.427004 	-1         	0.431057
753	46    	0.249853   	0.268027 	-1         	0.516713
754	46    	0.078723   	0.514204 	-1         	0.525279
755	43    	0.156629   	0.476141 	-1         	0.525279
756	47    	0.174775   	0.440892 	-1         	0.525279
757	44    	0.256676   	0.328445 	-1         	0.516713
758	49    	0.066867   	0.505307 	-1         	0.522678
759	43    	-0.0683633 	0.614356 	-1         	0.522678
760	43    	0.0983814  	0.523116 	-1         	0.540187
761	43    	0.138081   	0.468753 	-1         	0.522678
762	44    	-0.0144088 	0.594335 	-1         	0.599624
763	46    	0.0992183  	0.523124 	-1         	0.599624
764	47    	0.0836014  	0.484693 	-1         	0.599624
765	49    	0.238789   	0.26496  	-1         	0.51184 
766	47    	0.153159   	0.434164 	-1         	0.507841
767	47    	0.154644   	0.434065 	-1         	0.507841
768	47    	0.107584   	0.490096 	-1         	0.502465
769	45    	0.111968   	0.49027  	-1         	0.502465
770	47    	0.088617   	0.479769 	-1         	0.477981
771	45    	-0.0209726 	0.582524 	-1         	0.427533
772	48    	0.0764615  	0.480748 	-1         	0.485781
773	47    	-0.00963051	0.530353 	-1         	0.485781
774	46    	0.074835   	0.507901 	-1         	0.457302
775	46    	0.224292   	0.319487 	-1         	0.472081
776	46    	0.187586   	0.40633  	-1         	0.540009
777	47    	0.170661   	0.403408 	-1         	0.534139
778	45    	0.0701532  	0.509491 	-1         	0.534139
779	48    	0.135423   	0.424888 	-1         	0.534139
780	47    	0.236983   	0.261533 	-1         	0.465967
781	46    	0.165236   	0.436775 	-1         	0.459919
782	47    	0.0974193  	0.519765 	-1         	0.524411
783	46    	0.166174   	0.402688 	-1         	0.524411
784	46    	0.225601   	0.325903 	-1         	0.524411
785	48    	0.213276   	0.366597 	-1         	0.512487
786	46    	0.239518   	0.322339 	-1         	0.463303
787	45    	0.272929   	0.275834 	-1         	0.55001 
788	45    	0.112516   	0.494798 	-1         	0.50213 
789	47    	0.262596   	0.283055 	-1         	0.612592
790	46    	0.285795   	0.286286 	-1         	0.571521
791	42    	0.283856   	0.288856 	-1         	0.571521
792	43    	0.326815   	0.222632 	-1         	0.571521
793	47    	0.21652    	0.324355 	-1         	0.571521
794	42    	0.247138   	0.331883 	-1         	0.559193
795	41    	0.305377   	0.214537 	-1         	0.568679
796	46    	0.248773   	0.330631 	-1         	0.568679
797	44    	0.295436   	0.221277 	-1         	0.559193
798	43    	0.329029   	0.134278 	-0.015     	0.580433
799	46    	0.335159   	0.0864417	0.171179   	0.559193
800	48    	0.254159   	0.278225 	-1         	0.559193
801	48    	0.263209   	0.271596 	-1         	0.559193
802	45    	0.2865     	0.207891 	-1         	0.559193
803	42    	0.338055   	0.0863486	0.139216   	0.559193
804	45    	0.236954   	0.383919 	-1         	0.589686
805	47    	0.24749    	0.273898 	-1         	0.575035
806	46    	0.309074   	0.0963198	0.176079   	0.575035
807	46    	0.28947    	0.210348 	-1         	0.575035
808	49    	0.296025   	0.122569 	-0.02      	0.680846
809	45    	0.330811   	0.129126 	0.0243833  	0.680846
810	47    	0.308768   	0.104564 	0.124208   	0.680846
811	49    	0.268176   	0.206005 	-1         	0.51855 
812	49    	0.214283   	0.266247 	-1         	0.448131
813	46    	0.280582   	0.0958467	0.100339   	0.513682
814	48    	0.269819   	0.129621 	-0.0166666 	0.574207
815	45    	0.240139   	0.23872  	-1         	0.812825
816	44    	0.247055   	0.139255 	-0.0160001 	0.514351
817	48    	0.240234   	0.147736 	-0.02      	0.522268
818	42    	0.289483   	0.133814 	-0.016     	0.514351
819	44    	0.253359   	0.185651 	-0.02      	0.811247
820	50    	0.155208   	0.135177 	-0.0171429 	0.581188
821	47    	0.190049   	0.130899 	-0.0175001 	0.429404
822	49    	0.201679   	0.102169 	-0.02      	0.383241
823	45    	0.223351   	0.124013 	-0.0199999 	0.409114
824	47    	0.252568   	0.123883 	-0.02      	0.45742 
825	48    	0.245355   	0.117052 	-0.016     	0.679994
826	41    	0.309718   	0.158075 	-0.02      	0.679994
827	44    	0.314965   	0.144017 	0.0712817  	0.679994
828	45    	0.269151   	0.154755 	-0.018     	0.679994
829	49    	0.255666   	0.128249 	-0.0171429 	0.679994
830	48    	0.28446    	0.104956 	-0.0215385 	0.457485
831	45    	0.271548   	0.102661 	-0.02      	0.457485
832	49    	0.282283   	0.10603  	-0.02      	0.474159
833	45    	0.302648   	0.0985098	0.0773883  	0.543396
834	45    	0.299024   	0.122907 	-0.02      	0.543396
835	45    	0.313444   	0.0973302	0.0764885  	0.502213
836	45    	0.296862   	0.215814 	-1         	0.520124
837	48    	0.232811   	0.272952 	-1         	0.520124
838	45    	0.308883   	0.102594 	0.0699846  	0.520124
839	49    	0.183909   	0.311739 	-1         	0.478989
840	48    	0.245305   	0.273073 	-1         	0.5739  
841	46    	0.185854   	0.36299  	-1         	0.499063
842	45    	0.148247   	0.432272 	-1         	0.499063
843	46    	0.0905489  	0.480452 	-1         	0.499063
844	47    	0.0295642  	0.549948 	-1         	0.490691
845	46    	0.0574904  	0.532729 	-1         	0.490691
846	44    	0.175341   	0.409706 	-1         	0.731931
847	45    	0.154076   	0.439867 	-1         	0.731931
848	47    	0.193955   	0.369929 	-1         	0.731931
849	46    	0.225743   	0.320865 	-1         	0.445049
850	47    	0.158244   	0.395855 	-1         	0.470387
851	44    	0.170389   	0.400963 	-1         	0.470387
852	43    	0.0803511  	0.513245 	-1         	0.536492
853	46    	-0.139121  	0.622522 	-1         	0.495248
854	47    	-0.0223741 	0.583281 	-1         	0.495248
855	48    	0.212901   	0.369816 	-1         	0.569029
856	48    	0.199149   	0.324394 	-1         	0.567172
857	47    	0.299314   	0.108072 	-0.02      	0.475581
858	44    	0.287549   	0.209058 	-1         	0.529157
859	47    	0.216966   	0.317834 	-1         	0.497453
860	49    	0.295112   	0.0757071	0.125048   	0.458864
861	46    	0.192813   	0.360648 	-1         	0.518987
862	45    	0.266729   	0.204248 	-1         	0.518987
863	48    	0.220225   	0.263032 	-1         	0.518987
864	46    	0.301421   	0.0846143	0.12923    	0.518987
865	43    	0.284475   	0.104292 	-0.015     	0.518987
866	46    	0.299644   	0.0973692	0.0536384  	0.518987
867	46    	0.298203   	0.0984282	0.121257   	0.518987
868	45    	0.226701   	0.326964 	-1         	0.518987
869	46    	0.29411    	0.097822 	0.0674817  	0.537353
870	46    	0.291882   	0.0916734	0.139075   	0.537353
871	48    	0.270646   	0.203994 	-1         	0.537353
872	46    	0.218909   	0.324092 	-1         	0.537353
873	47    	0.2994     	0.0934033	-0.0175    	0.538313
874	47    	0.270859   	0.205269 	-1         	0.538313
875	45    	0.24934    	0.271418 	-1         	0.538313
876	45    	0.231062   	0.322014 	-1         	0.465712
877	46    	0.28868    	0.205989 	-1         	0.502694
878	46    	0.229291   	0.321335 	-1         	0.487136
879	49    	0.284306   	0.205195 	-1         	0.568326
880	47    	0.176118   	0.397982 	-1         	0.482531
881	43    	0.138818   	0.436233 	-1         	0.482531
882	43    	-0.0155415 	0.589648 	-1         	0.53208 
883	44    	0.166249   	0.441903 	-1         	0.53208 
884	47    	-0.0431181 	0.60196  	-1         	0.542447
885	47    	0.0355318  	0.558013 	-1         	0.636447
886	48    	-0.00907907	0.596597 	-1         	0.636447
887	43    	-0.0866474 	0.633221 	-1         	0.636447
888	46    	-0.0973618 	0.624698 	-1         	0.612144
889	46    	0.13048    	0.465194 	-1         	0.612144
890	45    	0.00772436 	0.571618 	-1         	0.530551
891	45    	0.158746   	0.475249 	-1         	0.530551
892	49    	0.0582598  	0.537028 	-1         	0.530551
893	44    	0.0340265  	0.554047 	-1         	0.585662
894	47    	0.0808611  	0.51161  	-1         	0.457136
895	47    	0.0534781  	0.53301  	-1         	0.48822 
896	44    	0.0182538  	0.576175 	-1         	0.493644
897	46    	-0.152556  	0.64071  	-1         	0.493644
898	50    	0.10525    	0.487407 	-1         	0.451625
899	47    	0.0452993  	0.530069 	-1         	0.514486
900	46    	0.189915   	0.405264 	-1         	0.514486
901	46    	0.122196   	0.495135 	-1         	0.514486
902	42    	0.0811479  	0.517045 	-1         	0.514486
903	46    	0.221723   	0.319026 	-1         	0.514486
904	50    	0.185802   	0.361626 	-1         	0.51637 
905	48    	0.268945   	0.19814  	-1         	0.508586
906	39    	0.248591   	0.328148 	-1         	0.508586
907	47    	0.285936   	0.0773538	0.122561   	0.508586
908	43    	0.245582   	0.330213 	-1         	0.508586
909	45    	0.248368   	0.328433 	-1         	0.508586
910	48    	0.226986   	0.36863  	-1         	0.473017
911	46    	0.132776   	0.462277 	-1         	0.481487
912	49    	0.0970375  	0.447725 	-1         	0.427859
913	44    	0.261519   	0.199562 	-1         	0.449374
914	46    	0.213585   	0.364442 	-1         	0.449374
915	44    	0.269369   	0.269531 	-1         	0.490799
916	45    	0.250571   	0.271902 	-1         	0.494245
917	48    	0.0929018  	0.483679 	-1         	0.522853
918	45    	0.238688   	0.324828 	-1         	0.522853
919	48    	0.12848    	0.45995  	-1         	0.455419
920	48    	0.203088   	0.314504 	-1         	0.455419
921	44    	0.225149   	0.320614 	-1         	0.464884
922	48    	0.262147   	0.192049 	-1         	0.432439
923	44    	0.292299   	0.0937939	-0.015     	0.530212
924	41    	0.217841   	0.322208 	-1         	0.530212
925	47    	0.246596   	0.202523 	-1         	0.530212
926	46    	0.292759   	0.210508 	-1         	0.587708
927	46    	0.264508   	0.212111 	-1         	0.587708
928	44    	0.311937   	0.112707 	0.117296   	0.587708
929	44    	0.294302   	0.0998438	0.102415   	0.587708
930	43    	0.290173   	0.10582  	0.0654744  	0.587708
931	48    	0.292563   	0.110718 	-0.015     	0.587708
932	48    	0.260306   	0.213736 	-1         	0.587708
933	46    	0.25219    	0.222692 	-1         	0.587708
934	41    	0.27838    	0.299915 	-1         	0.587708
935	48    	0.245372   	0.221282 	-1         	0.587708
936	48    	0.255241   	0.149543 	-0.02      	0.612074
937	48    	0.243411   	0.208841 	-1         	0.556447
938	42    	0.149228   	0.474407 	-1         	0.595902
939	47    	0.224175   	0.2748   	-1         	0.556447
940	48    	0.260294   	0.205938 	-1         	0.474043
941	47    	0.258287   	0.212918 	-1         	0.704002
942	46    	0.283827   	0.0810726	-0.016     	0.472878
943	46    	0.193294   	0.323142 	-1         	0.472878
944	44    	0.313727   	0.0858655	0.136894   	0.472878
945	44    	0.279183   	0.112233 	0.0855698  	0.553119
946	46    	0.269351   	0.121779 	-0.0150001 	0.497819
947	48    	0.283669   	0.211511 	-1         	0.533235
948	44    	0.265489   	0.213597 	-1         	0.533235
949	47    	0.25603    	0.217902 	-1         	0.525705
950	45    	0.232134   	0.264664 	-1         	0.492356
951	49    	0.248859   	0.205353 	-1         	0.472514
952	47    	0.222421   	0.322326 	-1         	0.472514
953	47    	0.274838   	0.125645 	-0.02      	0.546394
954	44    	0.294823   	0.117038 	-0.0200001 	0.546394
955	47    	0.303848   	0.134391 	-0.02      	0.561684
956	47    	0.287177   	0.136772 	-0.0199999 	0.626141
957	45    	0.253587   	0.160567 	-0.0177778 	0.626141
958	45    	0.31165    	0.131394 	-0.00506809	0.626141
959	46    	0.287268   	0.122069 	0.051238   	0.626141
960	46    	0.280791   	0.129027 	-0.018     	0.626141
961	46    	0.239452   	0.120615 	-0.02      	0.626141
962	47    	0.267487   	0.0968145	0.0912916  	0.626141
963	47    	0.243754   	0.104641 	-0.0177778 	0.626141
964	44    	0.286685   	0.133087 	-0.0175    	0.626141
965	44    	0.297154   	0.121467 	0.0789205  	0.626141
966	47    	0.254322   	0.101031 	-0.0149999 	0.626141
967	46    	0.241294   	0.214353 	-1         	0.642228
968	48    	0.258619   	0.127796 	-0.0175    	0.513362
969	46    	0.279799   	0.0858453	0.090854   	0.494906
970	45    	0.291723   	0.0968542	0.125003   	0.480217
971	47    	0.27271    	0.127184 	-0.0177778 	0.516854
972	47    	0.274213   	0.199057 	-1         	0.477071
973	45    	0.307876   	0.108228 	-0.02      	0.481176
974	44    	0.239425   	0.329121 	-1         	0.51531 
975	48    	0.272906   	0.269221 	-1         	0.481176
976	47    	0.0938859  	0.483292 	-1         	0.481176
977	49    	0.129435   	0.461927 	-1         	0.479775
978	45    	0.0848533  	0.515594 	-1         	0.508597
979	46    	0.158564   	0.43563  	-1         	0.508597
980	44    	0.14389    	0.431248 	-1         	0.479775
981	44    	0.149048   	0.432024 	-1         	0.4673  
982	46    	0.18817    	0.40452  	-1         	0.508582
983	48    	0.222173   	0.324033 	-1         	0.578037
984	46    	0.164299   	0.399426 	-1         	0.578037
985	46    	0.27669    	0.201859 	-1         	0.538077
986	44    	0.184432   	0.405112 	-1         	0.538077
987	47    	0.191097   	0.403199 	-1         	0.51787 
988	43    	0.287509   	0.214448 	-1         	0.56898 
989	49    	0.215803   	0.317234 	-1         	0.465415
990	47    	0.203767   	0.363875 	-1         	0.50857 
991	48    	0.225751   	0.271622 	-1         	0.605198
992	47    	0.233258   	0.323175 	-1         	0.475106
993	48    	0.231734   	0.326348 	-1         	0.674651
994	48    	0.226094   	0.269821 	-1         	0.718721
995	47    	0.272526   	0.215942 	-1         	0.718721
996	44    	0.2695     	0.304914 	-1         	0.718721
997	48    	0.278271   	0.11116  	-0.0184615 	0.718721
998	48    	0.241847   	0.20313  	-1         	0.402975
999	48    	0.255474   	0.2065   	-1         	0.51384 
1000	40    	0.289031   	0.222619 	-1         	0.496379
