gen	nevals	avg     	stddev	min     	max     
0  	50    	0.218369	0     	0.218369	0.218369
1  	48    	0.0697588	0.128087	-0.016  	0.514537
2  	45    	0.131245 	0.16365 	-0.02   	0.581352
3  	47    	0.158095 	0.15667 	-0.0171428	0.581188
4  	46    	0.21619  	0.179559	-0.0166667	0.581238
5  	48    	0.2128   	0.17267 	-0.02     	0.689503
6  	45    	0.232095 	0.188428	-0.0166667	0.689503
7  	46    	0.240745 	0.179314	-0.0200001	0.606046
8  	46    	0.24686  	0.191841	-0.02     	0.729969
9  	43    	0.327869 	0.213006	-0.0171429	0.730095
10 	49    	0.238007 	0.21715 	-0.0175   	0.730095
11 	44    	0.285812 	0.219275	-0.0200001	0.767906
12 	46    	0.282639 	0.215188	-0.02     	0.730095
13 	43    	0.306051 	0.23248 	-0.02     	0.729969
14 	47    	0.233454 	0.206356	-0.02     	0.811396
15 	47    	0.226931 	0.178961	-0.017143 	0.811396
16 	48    	0.186213 	0.184852	-0.0171429	0.668305
17 	43    	0.344555 	0.160065	-0.0133333	0.668305
18 	49    	0.326829 	0.165392	-0.0166667	0.696313
19 	45    	0.318237 	0.182234	-0.0171429	0.731545
20 	45    	0.293746 	0.209815	-0.02     	0.731545
21 	48    	0.28258  	0.16911 	-0.0171429	0.731545
22 	44    	0.295884 	0.152588	-0.0175   	0.731545
23 	47    	0.284755 	0.133395	-0.0133334	0.672821
24 	48    	0.290602 	0.129293	0.0549901 	0.672821
25 	45    	0.297305 	0.132066	-0.0166667	0.672821
26 	46    	0.293102 	0.132597	-0.016    	0.672821
27 	48    	0.3322   	0.110315	0.105855  	0.672821
28 	47    	0.320601 	0.115218	0.124997  	0.672821
29 	45    	0.320503 	0.135231	0.0589129 	0.672821
30 	45    	0.313178 	0.184183	-0.0171428	0.724092
31 	47    	0.318453 	0.167283	-0.0171427	0.724092
32 	47    	0.325209 	0.167279	-0.0175   	0.805646
33 	43    	0.327695 	0.174578	-0.0183333	0.805646
34 	48    	0.294965 	0.146021	-0.0133334	0.805646
35 	46    	0.351757 	0.139086	0.102764  	0.740326
36 	46    	0.351655 	0.147611	0.0959857 	0.741057
37 	46    	0.270916 	0.356039	-1        	0.86375 
38 	44    	0.2995   	0.237954	-1        	0.86375 
39 	45    	0.337062 	0.177809	-0.0175   	0.86375 
40 	46    	0.295964 	0.16377 	-0.02     	0.86375 
41 	46    	0.311179 	0.172926	-0.0133333	0.86375 
42 	48    	0.316486 	0.153064	-0.015    	0.707686
43 	45    	0.225214 	0.400652	-1        	0.707686
44 	46    	0.266353 	0.184212	-0.017143 	0.811396
45 	48    	0.246844 	0.159439	-0.02     	0.69448 
46 	45    	0.304557 	0.192382	-0.0171429	0.698953
47 	45    	0.322001 	0.222329	-0.0175   	0.73028 
48 	46    	0.296329 	0.203517	-0.0171429	0.730315
49 	45    	0.300384 	0.21866 	-0.0166667	0.814342
50 	42    	0.300539 	0.213661	-0.0175   	0.814342
51 	48    	0.250084 	0.161873	-0.017143 	0.695392
52 	48    	0.227116 	0.165823	-0.02     	0.567503
53 	47    	0.251309 	0.204478	-0.0171429	0.813708
54 	47    	0.221032 	0.190662	-0.0166666	0.811396
55 	50    	0.194602 	0.204629	-0.02     	0.811396
56 	46    	0.206432 	0.185783	-0.02     	0.813756
57 	44    	0.307852 	0.187748	-0.02     	0.813756
58 	45    	0.246791 	0.188688	-0.02     	0.703401
59 	50    	0.244589 	0.171094	-0.0177778	0.813756
60 	46    	0.239327 	0.173209	-0.0166667	0.813756
61 	46    	0.241235 	0.156398	-0.018    	0.559228
62 	45    	0.272567 	0.168056	-0.0200001	0.615475
63 	48    	0.278983 	0.163753	-0.0160001	0.61702 
64 	44    	0.212249 	0.14391 	-0.0200001	0.61702 
65 	50    	0.211268 	0.132875	-0.02     	0.504473
66 	46    	0.206454 	0.143146	-0.02     	0.514281
67 	44    	0.222057 	0.133847	-0.0199999	0.514281
68 	46    	0.212882 	0.152273	-0.0166667	0.514281
69 	45    	0.268193 	0.158407	-0.02     	0.601936
70 	42    	0.26141  	0.198853	-0.016    	0.605081
71 	47    	0.200951 	0.198633	-0.02     	0.604908
72 	47    	0.235012 	0.171491	-0.0200001	0.689785
73 	50    	0.163342 	0.168183	-0.0175   	0.689785
74 	45    	0.225974 	0.170838	-0.02     	0.689785
75 	44    	0.309924 	0.165244	-0.0166667	0.689785
76 	47    	0.260473 	0.189936	-0.0171429	0.689785
77 	45    	0.237489 	0.18513 	-0.02     	0.689785
78 	46    	0.2261   	0.197434	-0.02     	0.689785
79 	45    	0.260551 	0.211876	-0.0166667	0.813811
80 	48    	0.255472 	0.196257	-0.0199999	0.867959
81 	47    	0.286145 	0.191137	-0.0199999	0.813811
82 	47    	0.258426 	0.191248	-0.02     	0.646805
83 	47    	0.303727 	0.152808	-0.015    	0.646805
84 	45    	0.336416 	0.180698	-0.0175   	0.767833
85 	48    	0.274168 	0.139257	-0.0175   	0.767833
86 	45    	0.314098 	0.147469	-0.0166667	0.77215 
87 	46    	0.258437 	0.128979	-0.0166667	0.465435
88 	43    	0.308118 	0.115986	-0.0174999	0.543128
89 	44    	0.277517 	0.148827	-0.0166667	0.554351
90 	47    	0.293081 	0.144104	-0.0171428	0.62674 
91 	49    	0.310351 	0.1202  	-0.0133333	0.62674 
92 	48    	0.274098 	0.140362	-0.0166665	0.514171
93 	46    	0.303969 	0.12307 	0.0466507 	0.576528
94 	43    	0.291614 	0.128103	-0.02     	0.576528
95 	46    	0.321228 	0.126568	0.0956488 	0.615171
96 	46    	0.294707 	0.13447 	-0.0133334	0.703452
97 	46    	0.213369 	0.375507	-1        	0.695143
98 	49    	0.31657  	0.155977	-0.0166667	0.695143
99 	47    	0.24774  	0.17659 	-0.0175001	0.617164
100	46    	0.283654 	0.189532	-0.02     	0.695392
101	47    	0.291531 	0.186605	-0.0171428	0.695392
102	48    	0.280688 	0.199479	-0.0166667	0.811396
103	45    	0.289538 	0.20572 	-0.02     	0.811247
104	47    	0.286089 	0.227172	-0.02     	0.818826
105	44    	0.327811 	0.226694	-0.016    	0.818826
106	48    	0.273619 	0.227941	-0.0181818	0.703466
107	47    	0.300094 	0.219215	-0.02     	0.729753
108	47    	0.287844 	0.202746	-0.0171428	0.705842
109	43    	0.305923 	0.191082	-0.02     	0.698819
110	43    	0.371592 	0.185782	-0.0159924	0.703466
111	49    	0.303227 	0.181552	-0.02     	0.698675
112	49    	0.288585 	0.186287	-0.0228571	0.874527
113	46    	0.281325 	0.212381	-0.0171429	0.706026
114	47    	0.337793 	0.199323	-0.0166667	0.812977
115	49    	0.289004 	0.233511	-0.0166667	0.812825
116	49    	0.23012  	0.218878	-0.02     	0.812825
117	47    	0.238925 	0.172274	-0.0171429	0.73028 
118	45    	0.276595 	0.156346	-0.0175   	0.729582
119	46    	0.21179  	0.174528	-0.02     	0.729582
120	49    	0.25649  	0.167958	-0.02     	0.78489 
121	41    	0.326857 	0.20728 	-0.0171429	0.78489 
122	48    	0.267453 	0.203615	-0.02     	0.78489 
123	47    	0.267406 	0.174353	-0.02     	0.605172
124	45    	0.274477 	0.186488	-0.0175   	0.812825
125	48    	0.226747 	0.22172 	-0.02     	0.812825
126	47    	0.189406 	0.200263	-0.02     	0.812825
127	44    	0.282756 	0.210694	-0.0166667	0.812825
128	44    	0.233981 	0.179675	-0.0171429	0.559746
129	46    	0.271313 	0.187016	-0.02     	0.814851
130	43    	0.264554 	0.228674	-0.02     	0.814851
131	42    	0.31895  	0.241515	-0.0175   	0.814851
132	48    	0.253725 	0.189947	-0.02     	0.814851
133	44    	0.254537 	0.199037	-0.0175   	0.814851
134	47    	0.239656 	0.174027	-0.02     	0.804435
135	48    	0.215529 	0.166846	-0.0177778	0.703852
136	44    	0.234209 	0.166744	-0.02     	0.703852
137	45    	0.312359 	0.134659	-0.015    	0.562544
138	49    	0.27602  	0.14696 	-0.0171428	0.650005
139	46    	0.303586 	0.163297	-0.0175   	0.650493
140	46    	0.331727 	0.160427	-0.0175   	0.727743
141	46    	0.321649 	0.17839 	-0.015    	0.650005
142	46    	0.318993 	0.172971	0.0613552 	0.648556
143	44    	0.31918  	0.17554 	-0.016    	0.648556
144	50    	0.261018 	0.1593  	-0.0171427	0.650538
145	44    	0.272359 	0.185775	-0.02     	0.648556
146	47    	0.291324 	0.168346	-0.0177778	0.648556
147	47    	0.250236 	0.152072	-0.0175   	0.75537 
148	47    	0.272242 	0.153756	-0.0177778	0.644868
149	45    	0.292648 	0.165908	-0.0175001	0.727483
150	46    	0.2943   	0.171114	-0.0177778	0.727483
151	47    	0.27284  	0.177435	-0.018    	0.656883
152	44    	0.286021 	0.178424	-0.0166667	0.606046
153	45    	0.298386 	0.195836	-0.02     	0.817173
154	43    	0.303543 	0.192778	-0.02     	0.655565
155	47    	0.252729 	0.176941	-0.02     	0.655565
156	44    	0.291514 	0.162429	-0.0133338	0.655565
157	49    	0.291068 	0.159271	-0.0181818	0.71124 
158	43    	0.349836 	0.17964 	-0.0160001	0.71124 
159	44    	0.328059 	0.184217	-0.0171429	0.71124 
160	45    	0.333435 	0.199999	-0.02     	0.836185
161	47    	0.284619 	0.151819	-0.02     	0.836185
162	45    	0.291622 	0.227552	-1        	0.836185
163	46    	0.318579 	0.1075  	-0.0150001	0.50769 
164	44    	0.322532 	0.155907	-0.016    	0.917783
165	49    	0.275453 	0.130851	0.0808033 	0.62533 
166	43    	0.328238 	0.174338	-0.0177778	0.690532
167	47    	0.287428 	0.157293	-0.02     	0.654313
168	43    	0.275382 	0.189901	-0.018    	0.62533 
169	40    	0.338378 	0.183448	-0.0166667	0.637297
170	46    	0.286619 	0.182789	-0.018    	0.707545
171	45    	0.310799 	0.151162	-0.0175   	0.644524
172	43    	0.343634 	0.175375	-0.0183333	0.644524
173	43    	0.347655 	0.176146	-0.0177776	0.711755
174	46    	0.347011 	0.185593	-0.017143 	0.708996
175	47    	0.3273   	0.185777	-0.016    	0.78382 
176	42    	0.377449 	0.212386	-0.02     	0.78382 
177	46    	0.287122 	0.183761	-0.0175   	0.78382 
178	46    	0.30806  	0.16546 	-0.0181818	0.707214
179	46    	0.294976 	0.154215	-0.0149999	0.664743
180	44    	0.29086  	0.181674	-0.0224999	0.735018
181	44    	0.347922 	0.175048	-0.02     	0.736576
182	46    	0.317405 	0.201239	-0.0225   	0.736576
183	48    	0.234949 	0.18375 	-0.02     	0.719696
184	44    	0.292665 	0.15574 	-0.0150002	0.665436
185	47    	0.301043 	0.173806	-0.02     	0.697706
186	47    	0.32298  	0.172619	-0.0150001	0.712471
187	47    	0.314017 	0.194513	-0.02     	0.712471
188	48    	0.330048 	0.139371	0.116913  	0.654515
189	47    	0.315902 	0.149464	0.0850088 	0.85809 
190	45    	0.291957 	0.195648	-0.018    	0.85809 
191	48    	0.322713 	0.167849	-0.015    	0.769772
192	45    	0.31143  	0.151771	-0.02     	0.769772
193	45    	0.287572 	0.153418	-0.0171389	0.647315
194	47    	0.29362  	0.144187	-0.0177778	0.647315
195	47    	0.298294 	0.136804	-0.015    	0.67268 
196	46    	0.337512 	0.134803	0.0806488 	0.67268 
197	46    	0.301689 	0.131244	-0.02     	0.671181
198	48    	0.288374 	0.119621	0.0792252 	0.634104
199	43    	0.311998 	0.136465	-0.02     	0.634104
200	45    	0.286559 	0.132144	-0.015    	0.634104
201	46    	0.31651  	0.107278	0.0865393 	0.63869 
202	44    	0.31545  	0.145467	-0.0166668	0.690725
203	43    	0.303046 	0.163233	-0.02     	0.690992
204	49    	0.295494 	0.129426	-0.0166667	0.690992
205	46    	0.277005 	0.161833	-0.0175   	0.703491
206	48    	0.244262 	0.194205	-0.0175   	0.696498
207	42    	0.294435 	0.224311	-0.02     	0.706046
208	43    	0.313652 	0.224795	-0.0174999	0.705921
209	46    	0.277563 	0.232783	-0.0175001	0.703303
210	43    	0.298476 	0.217834	-0.0149999	0.720053
211	43    	0.262102 	0.230997	-0.02     	0.720053
212	46    	0.243634 	0.212835	-0.0218182	0.720053
213	47    	0.274634 	0.184813	-0.0171428	0.703303
214	44    	0.311216 	0.198444	-0.0177778	0.720053
215	44    	0.277024 	0.213032	-0.0200001	0.720053
216	45    	0.309816 	0.215446	-0.02     	0.720053
217	44    	0.337587 	0.21452 	-0.0175   	0.720053
218	47    	0.269426 	0.236204	-0.0175001	0.721757
219	47    	0.30939  	0.237763	-0.02     	0.831295
220	46    	0.278523 	0.202836	-0.018    	0.831295
221	45    	0.333084 	0.19449 	-0.0171429	0.831295
222	43    	0.312902 	0.20084 	-0.02     	0.800367
223	44    	0.286009 	0.219507	-0.02     	0.800367
224	47    	0.236707 	0.168391	-0.02     	0.696518
225	44    	0.295713 	0.181913	-0.02     	0.696518
226	47    	0.298452 	0.162087	-0.0166667	0.696518
227	49    	0.22864  	0.157289	-0.0171429	0.696511
228	46    	0.265164 	0.184841	-0.02     	0.831295
229	46    	0.274489 	0.172699	-0.02     	0.696511
230	46    	0.22964  	0.186629	-0.02     	0.800245
231	47    	0.223327 	0.166564	-0.02     	0.616847
232	41    	0.280106 	0.186509	-0.02     	0.638141
233	47    	0.285601 	0.183954	-0.02     	0.70665 
234	44    	0.306462 	0.203843	-0.0199999	0.70665 
235	45    	0.304048 	0.195337	-0.0166667	0.70665 
236	48    	0.235944 	0.186021	-0.02     	0.706637
237	47    	0.288554 	0.195552	-0.0200002	0.698742
238	45    	0.300222 	0.19674 	-0.0175   	0.698742
239	45    	0.319133 	0.194797	-0.0171429	0.727277
240	46    	0.285754 	0.205032	-0.0171429	0.831945
241	46    	0.272546 	0.200613	-0.0177778	0.831945
242	46    	0.288052 	0.172305	-0.0177778	0.831945
243	46    	0.300017 	0.174212	-0.0171429	0.831945
244	48    	0.255683 	0.18053 	-0.0181818	0.831945
245	46    	0.267287 	0.163166	-0.016    	0.706596
246	46    	0.323791 	0.21144 	-0.0166667	0.706596
247	48    	0.259493 	0.205079	-0.018    	0.706596
248	44    	0.288063 	0.209625	-0.0175   	0.706596
249	48    	0.32161  	0.19994 	-0.0171428	0.706596
250	47    	0.322807 	0.207605	-0.0175   	0.827061
251	47    	0.26776  	0.203905	-0.0228571	0.827061
252	48    	0.272766 	0.162402	-0.0177778	0.827061
253	45    	0.331932 	0.194976	-0.02     	0.876603
254	44    	0.302781 	0.229624	-0.0166667	0.876603
255	47    	0.260135 	0.17992 	-0.02     	0.876603
256	44    	0.310344 	0.180227	-0.0181819	0.876603
257	45    	0.329451 	0.188996	-0.0181818	0.871598
258	44    	0.359151 	0.211285	-0.0200001	0.871598
259	45    	0.359406 	0.201098	-0.0171428	0.871598
260	45    	0.361094 	0.20519 	-0.0133333	0.871598
261	46    	0.323312 	0.17398 	-0.0133332	0.871598
262	49    	0.28682  	0.152774	-0.018    	0.684359
263	48    	0.271756 	0.149149	-0.02     	0.645434
264	45    	0.305547 	0.13553 	-0.0180001	0.592252
265	45    	0.342773 	0.146326	-0.0171429	0.779768
266	48    	0.312871 	0.161389	-0.0177778	0.779768
267	44    	0.337696 	0.19057 	-0.0133333	0.779768
268	46    	0.323725 	0.180875	-0.02     	0.779768
269	47    	0.302993 	0.158735	-0.0222222	0.779768
270	44    	0.352218 	0.189312	0.0721399 	0.779768
271	45    	0.305221 	0.187481	-0.0177777	0.779768
272	43    	0.317747 	0.207066	-0.0177777	0.779768
273	49    	0.248444 	0.118398	-0.015    	0.575279
274	43    	0.311432 	0.142252	-0.0133334	0.754241
275	49    	0.264824 	0.111679	-0.0133333	0.52763 
276	47    	0.29864  	0.158947	-0.02     	0.685419
277	45    	0.292047 	0.138384	-0.0171429	0.68518 
278	49    	0.283745 	0.14156 	-0.02     	0.580614
279	46    	0.269759 	0.14102 	-0.0183333	0.543777
280	48    	0.252364 	0.117983	-0.0175   	0.543777
281	44    	0.265226 	0.133135	-0.0166667	0.543777
282	41    	0.301688 	0.156648	-0.016    	0.543777
283	45    	0.257363 	0.155731	-0.0225   	0.598066
284	47    	0.233846 	0.152662	-0.0200001	0.55886 
285	46    	0.258717 	0.149456	-0.0175   	0.644899
286	47    	0.228034 	0.159684	-0.02     	0.632175
287	47    	0.244373 	0.127664	-0.0200002	0.632175
288	48    	0.248868 	0.115256	-0.02     	0.5292  
289	47    	0.252998 	0.126512	-0.0180001	0.539925
290	47    	0.272905 	0.131171	-0.02     	0.539925
291	47    	0.245392 	0.125648	-0.02     	0.5292  
292	46    	0.303006 	0.104537	0.0978864 	0.5292  
293	42    	0.334872 	0.12829 	0.105332  	0.569076
294	45    	0.306373 	0.132219	-0.0159999	0.569076
295	47    	0.275651 	0.164916	-0.0233333	0.722353
296	46    	0.254636 	0.154693	-0.0175   	0.613632
297	49    	0.283779 	0.128561	-0.02     	0.733356
298	45    	0.281673 	0.123788	-0.018    	0.556352
299	46    	0.284694 	0.158219	-0.02     	0.813954
300	44    	0.33299  	0.165439	-0.015    	0.813954
301	46    	0.299318 	0.201876	-0.018    	0.813954
302	47    	0.273416 	0.194594	-0.0199999	0.813954
303	46    	0.271419 	0.186436	-0.02     	0.697561
304	48    	0.257833 	0.128269	-0.02     	0.61794 
305	46    	0.229386 	0.139472	-0.0177778	0.480291
306	46    	0.242415 	0.134964	-0.0175   	0.509128
307	43    	0.273751 	0.153198	-0.0175   	0.687912
308	45    	0.260008 	0.161409	-0.0177778	0.687912
309	46    	0.229927 	0.19372 	-0.017143 	0.698558
310	43    	0.333925 	0.208904	-0.0171429	0.705842
311	46    	0.275673 	0.221174	-0.0171429	0.705842
312	45    	0.30102  	0.202496	-0.0171429	0.705227
313	45    	0.286464 	0.209247	-0.0177778	0.705227
314	47    	0.27315  	0.208695	-0.0175   	0.705227
315	48    	0.244628 	0.185227	-0.02     	0.705227
316	45    	0.295742 	0.179123	-0.02     	0.705141
317	45    	0.28291  	0.214244	-0.02     	0.819334
318	48    	0.289617 	0.228303	-0.02     	0.812308
319	48    	0.234664 	0.188803	-0.0171428	0.826492
320	47    	0.254715 	0.179803	-0.02     	0.686837
321	44    	0.266672 	0.170984	-0.0175   	0.607804
322	47    	0.220052 	0.17577 	-0.0177777	0.607804
323	45    	0.297326 	0.166583	-0.0200001	0.732505
324	45    	0.300763 	0.179483	-0.0159999	0.732505
325	48    	0.258406 	0.184002	-0.0166667	0.805021
326	47    	0.239941 	0.169775	-0.02     	0.804435
327	49    	0.22964  	0.169418	-0.0175   	0.614122
328	45    	0.226068 	0.160809	-0.02     	0.610821
329	47    	0.291196 	0.169067	-0.02     	0.703836
330	48    	0.297253 	0.16881 	-0.0177778	0.696232
331	45    	0.296358 	0.188953	-0.0175001	0.698961
332	47    	0.273656 	0.171588	-0.0171429	0.647333
333	43    	0.272538 	0.208003	-0.0228571	0.706547
334	47    	0.303185 	0.174236	-0.0171429	0.813708
335	44    	0.314452 	0.214664	-0.0175   	0.813708
336	45    	0.283172 	0.226438	-0.02     	0.813756
337	47    	0.216458 	0.195694	-0.0179999	0.813708
338	45    	0.259366 	0.23248 	-0.02     	0.813708
339	45    	0.225355 	0.172953	-0.02     	0.605745
340	46    	0.255101 	0.183511	-0.02     	0.704074
341	45    	0.279807 	0.225962	-0.0166667	0.705107
342	48    	0.292313 	0.19529 	-0.02     	0.705984
343	46    	0.250458 	0.198775	-0.02     	0.72962 
344	47    	0.246446 	0.174481	-0.0171429	0.72962 
345	47    	0.237081 	0.191617	-0.0171429	0.72962 
346	47    	0.270811 	0.186444	-0.02     	0.704883
347	45    	0.271974 	0.205206	-0.02     	0.704883
348	47    	0.244204 	0.194539	-0.02     	0.705005
349	47    	0.249933 	0.182631	-0.0171428	0.705005
350	49    	0.256015 	0.197272	-0.02     	0.812825
351	46    	0.288018 	0.213399	-0.0166667	0.812825
352	47    	0.322565 	0.233834	-0.0171428	0.813708
353	47    	0.290405 	0.221184	-0.0166666	0.813756
354	45    	0.264305 	0.232721	-0.02     	0.818806
355	47    	0.31544  	0.199097	-0.0166667	0.813756
356	48    	0.239099 	0.23537 	-0.0177777	0.813756
357	47    	0.225554 	0.226609	-0.02     	0.813756
358	48    	0.221638 	0.219044	-0.0174993	0.813756
359	43    	0.282673 	0.235757	-0.0166667	0.813756
360	48    	0.21703  	0.22214 	-0.0166667	0.813708
361	48    	0.170384 	0.206867	-0.02     	0.811396
362	45    	0.188796 	0.18643 	-0.02     	0.813756
363	49    	0.199518 	0.166508	-0.0166667	0.813708
364	46    	0.218708 	0.180676	-0.0175001	0.813708
365	44    	0.252623 	0.218367	-0.0171428	0.813708
366	44    	0.280724 	0.242998	-0.0166667	0.813756
367	45    	0.196527 	0.241517	-0.02     	0.813756
368	49    	0.216079 	0.239255	-0.02     	0.813756
369	47    	0.218167 	0.216855	-0.0166667	0.813756
370	42    	0.222717 	0.245261	-0.0166667	0.813708
371	47    	0.200852 	0.219488	-0.0166667	0.813708
372	45    	0.248081 	0.232007	-0.0166667	0.813708
373	46    	0.234945 	0.250047	-0.0166667	0.813708
374	46    	0.214817 	0.215076	-0.0174999	0.813708
375	47    	0.211696 	0.18955 	-0.02     	0.813708
376	49    	0.163564 	0.195538	-0.02     	0.811247
377	44    	0.239746 	0.222896	-0.0166667	0.811247
378	49    	0.170589 	0.170507	-0.02     	0.702687
379	46    	0.230795 	0.156864	-0.02     	0.702687
380	45    	0.294718 	0.163902	-0.0160001	0.813756
381	49    	0.197229 	0.168904	-0.0181818	0.811396
382	49    	0.206681 	0.184866	-0.0175   	0.811247
383	45    	0.220592 	0.197648	-0.0166667	0.811247
384	46    	0.177989 	0.141565	-0.02     	0.557535
385	48    	0.235323 	0.161801	-0.02     	0.654077
386	46    	0.258689 	0.176774	-0.0171429	0.703466
387	46    	0.267703 	0.183927	-0.02     	0.703466
388	46    	0.267773 	0.217779	-0.0166667	0.812825
389	47    	0.252349 	0.202255	-0.02     	0.812825
390	42    	0.313545 	0.257256	-0.0171428	0.812977
391	49    	0.221025 	0.220265	-0.02     	0.812977
392	48    	0.200564 	0.223592	-0.0166667	0.812825
393	50    	0.193321 	0.170338	-0.02     	0.812308
394	45    	0.198021 	0.229457	-0.0166667	0.812308
395	48    	0.222904 	0.196439	-0.0166666	0.812308
396	48    	0.197269 	0.184183	-0.0171429	0.706026
397	45    	0.281779 	0.232868	-0.0171429	0.706026
398	47    	0.271165 	0.223109	-0.0175   	0.812308
399	48    	0.243319 	0.250711	-0.02     	0.812308
400	42    	0.311469 	0.273289	-0.0171429	0.812308
401	47    	0.245765 	0.246257	-0.0175   	0.819317
402	46    	0.273446 	0.208329	-0.0166667	0.812308
403	46    	0.185069 	0.201237	-0.02     	0.687824
404	46    	0.276127 	0.203897	-0.0171428	0.705091
405	42    	0.29231  	0.212309	-0.0171428	0.698515
406	44    	0.297966 	0.224493	-0.0175   	0.706012
407	46    	0.240799 	0.177342	-0.02     	0.706012
408	45    	0.276545 	0.219969	-0.02     	0.814061
409	48    	0.228534 	0.205567	-0.02     	0.812308
410	47    	0.218883 	0.190473	-0.0175   	0.812308
411	48    	0.2029   	0.208045	-0.0171429	0.812308
412	40    	0.301547 	0.25353 	-0.0171429	0.812308
413	45    	0.246671 	0.246874	-0.02     	0.812308
414	45    	0.2271   	0.250401	-0.0177778	0.812308
415	45    	0.239894 	0.209072	-0.0171429	0.812977
416	46    	0.244866 	0.234178	-0.02     	0.812977
417	46    	0.217301 	0.205048	-0.0171429	0.695373
418	42    	0.270435 	0.230885	-0.0166666	0.812977
419	46    	0.214084 	0.230838	-0.0171428	0.812825
420	47    	0.241759 	0.226554	-0.017143 	0.812825
421	46    	0.263163 	0.239182	-0.0171429	0.812825
422	46    	0.242214 	0.231172	-0.02     	0.812083
423	49    	0.236121 	0.175322	-0.0171429	0.702687
424	48    	0.23512  	0.185955	-0.0175   	0.812977
425	47    	0.224496 	0.184474	-0.0166667	0.812977
426	48    	0.213941 	0.207482	-0.0171429	0.812977
427	46    	0.181177 	0.195961	-0.02     	0.812308
428	44    	0.232023 	0.20253 	-0.02     	0.812308
429	46    	0.249243 	0.229665	-0.02     	0.812977
430	48    	0.244148 	0.185594	-0.02     	0.705984
431	48    	0.249163 	0.187956	-0.02     	0.614823
432	48    	0.162249 	0.147855	-0.02     	0.557893
433	46    	0.270376 	0.173139	-0.02     	0.586662
434	46    	0.255279 	0.191397	-0.02     	0.703946
435	46    	0.211865 	0.195423	-0.02     	0.705169
436	44    	0.305207 	0.202731	-0.0175   	0.705169
437	44    	0.292086 	0.188639	-0.0166667	0.705169
438	45    	0.310591 	0.193569	-0.0171428	0.804601
439	47    	0.250491 	0.155838	-0.0160001	0.804601
440	43    	0.247496 	0.167673	-0.02     	0.804601
441	47    	0.27013  	0.189784	-0.0166667	0.804601
442	44    	0.2532   	0.212193	-0.02     	0.804635
443	46    	0.297747 	0.220308	-0.02     	0.812083
444	45    	0.245777 	0.234053	-0.02     	0.812083
445	49    	0.229751 	0.181622	-0.0175   	0.702675
446	46    	0.272467 	0.177136	-0.0171428	0.689503
447	47    	0.226341 	0.183722	-0.02     	0.693407
448	45    	0.2859   	0.177473	-0.02     	0.697561
449	43    	0.30335  	0.182681	-0.0171429	0.819969
450	45    	0.236368 	0.169204	-0.02     	0.705837
451	47    	0.249544 	0.177253	-0.0199999	0.705837
452	48    	0.234721 	0.138133	-0.0175   	0.558814
453	47    	0.226855 	0.141785	-0.02     	0.558814
454	46    	0.217466 	0.0960707	-0.0171429	0.429211
455	45    	0.258531 	0.117041 	-0.02     	0.50499 
456	46    	0.232886 	0.114818 	-0.0166667	0.50499 
457	47    	0.261393 	0.120304 	-0.02     	0.51231 
458	42    	0.250055 	0.130042 	-0.02     	0.51231 
459	49    	0.260792 	0.118592 	-0.016    	0.509993
460	43    	0.261553 	0.135166 	-0.0199999	0.517565
461	45    	0.295355 	0.137353 	-0.0159977	0.534014
462	43    	0.300859 	0.126731 	-0.0133333	0.534014
463	49    	0.25635  	0.130355 	-0.016    	0.625701
464	44    	0.296513 	0.111147 	0.0750172 	0.517214
465	49    	0.303129 	0.109513 	0.11583   	0.615081
466	42    	0.327074 	0.130351 	-0.02     	0.617571
467	47    	0.315872 	0.146402 	0.0802968 	0.651968
468	46    	0.291894 	0.139811 	-0.0171429	0.641541
469	46    	0.296503 	0.116359 	0.10778   	0.600762
470	46    	0.287002 	0.157931 	-0.0181818	0.697655
471	42    	0.340419 	0.172678 	-0.016    	0.830908
472	44    	0.32095  	0.161767 	0.0915025 	0.830908
473	47    	0.286161 	0.16287  	-0.0171428	0.830908
474	46    	0.29207  	0.204778 	-0.02     	0.830908
475	41    	0.320997 	0.261433 	-0.0180001	0.830908
476	49    	0.220513 	0.184705 	-0.02     	0.830908
477	44    	0.28956  	0.202467 	-0.02     	0.830908
478	45    	0.316377 	0.213322 	-0.016    	0.830908
479	45    	0.294492 	0.170634 	-0.0175   	0.830908
480	46    	0.316665 	0.187522 	-0.0177777	0.830908
481	46    	0.252155 	0.205005 	-0.02     	0.827135
482	45    	0.26269  	0.183444 	-0.0200001	0.827135
483	42    	0.301006 	0.169598 	-0.01     	0.827135
484	47    	0.275756 	0.17777  	-0.02     	0.827135
485	44    	0.304036 	0.162775 	-0.0200001	0.827135
486	43    	0.287152 	0.179586 	-0.02     	0.827135
487	44    	0.268594 	0.130912 	-0.02     	0.572697
488	46    	0.281435 	0.126182 	-0.017143 	0.546965
489	47    	0.275804 	0.155612 	-0.02     	0.636352
490	46    	0.324093 	0.137398 	0.0825821 	0.636352
491	44    	0.302652 	0.158571 	-0.0133334	0.659622
492	43    	0.325091 	0.172058 	-0.0175   	0.659622
493	47    	0.315812 	0.163669 	-0.015    	0.79047 
494	46    	0.289808 	0.212799 	-0.0171428	0.79047 
495	45    	0.321077 	0.185854 	-0.01     	0.79047 
496	45    	0.297794 	0.220585 	-0.0175   	0.811246
497	46    	0.261495 	0.221554 	-0.02     	0.811246
498	48    	0.302628 	0.197316 	-0.0171428	0.724673
499	44    	0.298563 	0.188603 	-0.02     	0.811396
500	44    	0.258436 	0.213677 	-0.02     	0.812977
501	46    	0.269679 	0.209567 	-0.02     	0.724673
502	49    	0.247251 	0.160606 	-0.0171428	0.592154
503	50    	0.248181 	0.14954  	-0.02     	0.515216
504	46    	0.269624 	0.131266 	-0.0133338	0.607804
505	44    	0.30287  	0.153212 	-0.02     	0.581279
506	47    	0.278549 	0.174763 	-0.0175   	0.813756
507	41    	0.280529 	0.201902 	-0.0166667	0.813756
508	47    	0.22839  	0.173879 	-0.0171428	0.752961
509	46    	0.240139 	0.180834 	-0.02     	0.601654
510	47    	0.268555 	0.175766 	-0.0171429	0.614546
511	45    	0.249294 	0.192114 	-0.02     	0.613876
512	42    	0.254    	0.195769 	-0.02     	0.601654
513	49    	0.210477 	0.182065 	-0.0175   	0.803492
514	48    	0.211631 	0.142754 	-0.0171428	0.704835
515	45    	0.236561 	0.209402 	-0.02     	0.803492
516	48    	0.235425 	0.207464 	-0.0177778	0.802666
517	46    	0.283931 	0.192652 	-0.0175   	0.807637
518	43    	0.300389 	0.225757 	-0.0177778	0.807637
519	47    	0.267247 	0.210729 	-0.02     	0.807637
520	46    	0.292371 	0.183465 	-0.0171428	0.807637
521	47    	0.241163 	0.174357 	-0.0177778	0.702212
522	45    	0.249585 	0.197446 	-0.02     	0.728898
523	49    	0.26643  	0.179381 	-0.0177778	0.728348
524	44    	0.260469 	0.177858 	-0.0175   	0.728348
525	45    	0.265609 	0.164576 	-0.018    	0.724562
526	40    	0.333679 	0.211599 	-0.0177778	0.724562
527	46    	0.264523 	0.197614 	-0.02     	0.724562
528	47    	0.279098 	0.194319 	-0.018    	0.724562
529	48    	0.212984 	0.180442 	-0.0177778	0.724562
530	42    	0.259269 	0.224214 	-0.02     	0.807297
531	49    	0.274467 	0.207233 	-0.0175001	0.730732
532	47    	0.265896 	0.17747  	-0.02     	0.687177
533	46    	0.295163 	0.193359 	-0.0177777	0.729582
534	46    	0.293938 	0.160946 	-0.015    	0.729582
535	46    	0.291172 	0.179416 	-0.0200001	0.706014
536	47    	0.272748 	0.225844 	-0.02     	0.718292
537	45    	0.319176 	0.222974 	-0.02     	0.72962 
538	47    	0.276487 	0.204187 	-0.0199999	0.721726
539	47    	0.311678 	0.210787 	-0.0177778	0.730883
540	46    	0.265195 	0.21345  	-0.02     	0.72962 
541	46    	0.318176 	0.175861 	-0.02     	0.72962 
542	47    	0.25788  	0.181141 	-0.0160001	0.831466
543	47    	0.248364 	0.222941 	-0.02     	0.831466
544	47    	0.289173 	0.219008 	-0.02     	0.831497
545	47    	0.272157 	0.227882 	-0.0171429	0.831497
546	48    	0.250978 	0.20528  	-0.0171429	0.813364
547	46    	0.263142 	0.170577 	-0.0171428	0.831497
548	43    	0.246678 	0.190055 	-0.02     	0.814342
549	48    	0.258363 	0.207789 	-0.02     	0.69065 
550	44    	0.262988 	0.221917 	-0.016    	0.652995
551	44    	0.247298 	0.193759 	-0.0171429	0.652995
552	48    	0.257368 	0.188816 	-0.02     	0.697303
553	46    	0.259468 	0.191129 	-0.0171429	0.811396
554	41    	0.313262 	0.231389 	-0.0177777	0.811396
555	45    	0.277784 	0.243993 	-0.0175   	0.811396
556	45    	0.289008 	0.201793 	-0.0177778	0.811396
557	46    	0.258928 	0.192379 	-0.02     	0.811396
558	49    	0.229249 	0.143117 	-0.0200001	0.615396
559	48    	0.276367 	0.145966 	-0.0175   	0.615396
560	48    	0.261    	0.197166 	-0.0175   	0.759419
561	48    	0.260789 	0.182305 	-0.0177778	0.759419
562	48    	0.305968 	0.19343  	-0.0166666	0.8664  
563	49    	0.271204 	0.194666 	-0.02     	0.862969
564	46    	0.275572 	0.185104 	-0.02     	0.862969
565	43    	0.340166 	0.192211 	-0.0183332	0.862969
566	45    	0.281006 	0.231086 	-0.0175   	0.862969
567	45    	0.300506 	0.213033 	-0.02     	0.862969
568	46    	0.289612 	0.207633 	-0.02     	0.862969
569	44    	0.339502 	0.232834 	-0.02     	0.871631
570	47    	0.299572 	0.186454 	-0.02     	0.790897
571	45    	0.340092 	0.20177  	-0.01     	0.790897
572	46    	0.313981 	0.206288 	-0.0175   	0.824678
573	49    	0.294207 	0.133227 	0.067107  	0.790382
574	47    	0.324091 	0.165356 	0.086126  	0.790382
575	48    	0.289975 	0.141372 	-0.016    	0.790382
576	45    	0.326511 	0.163626 	-0.0175   	0.790382
577	45    	0.34965  	0.192838 	0.0644305 	0.790382
578	44    	0.336194 	0.182308 	0.0708592 	0.790382
579	46    	0.297293 	0.148613 	-0.0166667	0.650229
580	45    	0.293797 	0.143835 	-0.0159976	0.733564
581	47    	0.300832 	0.163717 	-0.0133333	0.733564
582	47    	0.291598 	0.16317  	-0.0159976	0.733564
583	47    	0.292183 	0.132578 	-0.02     	0.613907
584	46    	0.308598 	0.150104 	-0.0166667	0.63847 
585	44    	0.350589 	0.18691  	-0.016    	0.698558
586	46    	0.291185 	0.185487 	-0.0175   	0.697303
587	46    	0.272034 	0.176288 	-0.02     	0.694482
588	46    	0.288123 	0.223896 	-0.0166666	0.72625 
589	47    	0.281335 	0.206643 	-0.0171428	0.732935
590	43    	0.371122 	0.246173 	-0.0199999	0.834818
591	44    	0.269487 	0.233033 	-0.0199999	0.834818
592	44    	0.331163 	0.242715 	-0.0175   	0.834818
593	47    	0.299235 	0.238621 	-0.0177778	0.834818
594	49    	0.282663 	0.217757 	-0.0177778	0.834818
595	46    	0.284848 	0.197858 	-0.02     	0.819458
596	47    	0.246353 	0.227762 	-0.02     	0.819458
597	45    	0.283378 	0.239107 	-0.0175   	0.819458
598	46    	0.292653 	0.232837 	-0.02     	0.819458
599	44    	0.278027 	0.23734  	-0.0175   	0.819458
600	47    	0.269354 	0.217797 	-0.0175   	0.819458
601	45    	0.286074 	0.192236 	-0.0159999	0.819458
602	47    	0.265532 	0.174543 	-0.02     	0.819458
603	46    	0.259607 	0.171987 	-0.0166666	0.819458
604	45    	0.281845 	0.179605 	-0.0171429	0.819458
605	45    	0.272633 	0.171106 	-0.018    	0.819458
606	47    	0.281218 	0.185632 	-0.018    	0.697396
607	45    	0.274388 	0.186281 	-0.0175   	0.697396
608	48    	0.267644 	0.178381 	-0.0166666	0.697396
609	47    	0.265777 	0.157362 	-0.0171429	0.695726
610	45    	0.27445  	0.147953 	-0.016    	0.650937
611	49    	0.229311 	0.134575 	-0.0166667	0.514611
612	48    	0.227429 	0.196838 	-0.0171429	0.811396
613	47    	0.216585 	0.198808 	-0.02     	0.819969
614	48    	0.269199 	0.151601 	-0.016    	0.617009
615	47    	0.226539 	0.168482 	-0.0175   	0.631995
616	42    	0.28726  	0.176974 	-0.0200001	0.631995
617	47    	0.253755 	0.187445 	-0.0175   	0.631995
618	44    	0.310757 	0.169802 	-0.0175   	0.631995
619	46    	0.267011 	0.209682 	-0.0175   	0.705169
620	47    	0.243097 	0.192227 	-0.02     	0.751408
621	49    	0.244532 	0.175303 	-0.02     	0.813756
622	47    	0.202973 	0.21342  	-0.0175001	0.813756
623	47    	0.246667 	0.227398 	-0.0199999	0.812977
624	46    	0.248783 	0.211652 	-0.0171429	0.813708
625	46    	0.213259 	0.244628 	-0.02     	0.813756
626	47    	0.249149 	0.245746 	-0.0166667	0.813756
627	49    	0.239102 	0.21325  	-0.0175   	0.813756
628	47    	0.232532 	0.189943 	-0.0175   	0.702382
629	45    	0.255089 	0.206618 	-0.0171429	0.702382
630	43    	0.281666 	0.202011 	-0.02     	0.704779
631	48    	0.269129 	0.202476 	-0.0175001	0.812083
632	43    	0.217975 	0.210561 	-0.0166666	0.706026
633	48    	0.236334 	0.214694 	-0.02     	0.706026
634	46    	0.241304 	0.154906 	-0.0171428	0.706012
635	45    	0.236766 	0.156131 	-0.02     	0.558399
636	49    	0.161287 	0.134298 	-0.02     	0.514537
637	45    	0.219783 	0.157357 	-0.0177778	0.514537
638	46    	0.250743 	0.197993 	-0.0160001	0.812083
639	46    	0.273271 	0.211418 	-0.0166667	0.812083
640	46    	0.256535 	0.213246 	-0.02     	0.813756
641	46    	0.261907 	0.223633 	-0.02     	0.813756
642	46    	0.234651 	0.189097 	-0.0171428	0.813756
643	46    	0.192357 	0.256354 	-0.02     	0.813756
644	48    	0.175461 	0.180485 	-0.0200001	0.811247
645	47    	0.221989 	0.190857 	-0.0175   	0.811396
646	44    	0.245428 	0.161567 	-0.0171429	0.813708
647	48    	0.187454 	0.169401 	-0.0171429	0.514611
648	42    	0.237738 	0.165191 	-0.0199999	0.581321
649	45    	0.231911 	0.186835 	-0.0166668	0.704133
650	44    	0.200051 	0.200391 	-0.0166667	0.813708
651	46    	0.22918  	0.184126 	-0.0175   	0.703466
652	45    	0.216023 	0.197693 	-0.02     	0.812825
653	47    	0.161643 	0.193092 	-0.02     	0.812825
654	44    	0.243595 	0.205926 	-0.0166667	0.812825
655	46    	0.20309  	0.171728 	-0.0171429	0.514537
656	47    	0.134476 	0.152589 	-0.0171428	0.51442 
657	48    	0.164309 	0.145907 	-0.02     	0.591908
658	48    	0.200294 	0.147986 	-0.016    	0.514537
659	46    	0.238678 	0.173331 	-0.02     	0.812825
660	45    	0.228273 	0.158057 	-0.0171429	0.59187 
661	46    	0.243423 	0.150615 	-0.02     	0.583947
662	44    	0.239516 	0.188976 	-0.02     	0.583947
663	43    	0.249884 	0.200785 	-0.0166668	0.592146
664	43    	0.300522 	0.193683 	-0.0200001	0.723594
665	48    	0.232325 	0.211818 	-0.02     	0.819458
666	43    	0.32235  	0.214773 	-0.0171429	0.819458
667	44    	0.306948 	0.196323 	-0.0177778	0.725421
668	48    	0.276971 	0.19396  	-0.02     	0.73005 
669	44    	0.273042 	0.193601 	-0.0177778	0.73005 
670	48    	0.254176 	0.183339 	-0.0175   	0.73005 
671	43    	0.251909 	0.21559  	-0.02     	0.73005 
672	47    	0.242154 	0.200637 	-0.0233333	0.835619
673	47    	0.258755 	0.197284 	-0.0228571	0.835619
674	45    	0.29616  	0.201314 	-0.0171429	0.835619
675	48    	0.265871 	0.18633  	-0.02     	0.654047
676	46    	0.315296 	0.199272 	-0.02     	0.72338 
677	46    	0.265942 	0.160816 	-0.0222222	0.654047
678	44    	0.260106 	0.202045 	-0.02     	0.706539
679	42    	0.285166 	0.225669 	-0.02     	0.797563
680	46    	0.286136 	0.213267 	-0.0181818	0.797563
681	44    	0.298023 	0.186373 	-0.0175   	0.706234
682	49    	0.292068 	0.211997 	-0.0171429	0.811246
683	46    	0.275154 	0.207678 	-0.02     	0.811246
684	45    	0.26289  	0.196388 	-0.0177778	0.654313
685	46    	0.258075 	0.189267 	-0.0171428	0.706539
686	47    	0.256492 	0.21639  	-0.0175   	0.720327
687	47    	0.212217 	0.192031 	-0.02     	0.729998
688	46    	0.246504 	0.181773 	-0.02     	0.731304
689	44    	0.252806 	0.199787 	-0.0175   	0.731699
690	46    	0.265974 	0.193681 	-0.02     	0.731699
691	46    	0.259345 	0.186794 	-0.0175   	0.731699
692	47    	0.282842 	0.19919  	-0.0175   	0.706637
693	46    	0.268519 	0.197835 	-0.02     	0.706637
694	49    	0.271153 	0.198573 	-0.02     	0.713623
695	44    	0.266615 	0.181844 	-0.02     	0.666962
696	46    	0.265485 	0.186311 	-0.018    	0.725741
697	49    	0.266825 	0.154201 	-0.018    	0.706431
698	46    	0.275826 	0.188928 	-0.02     	0.706431
699	47    	0.243677 	0.144382 	-0.0171428	0.640909
700	42    	0.282475 	0.163267 	-0.0171429	0.654898
701	46    	0.267904 	0.182595 	-0.0181819	0.640909
702	46    	0.275257 	0.180311 	-0.02     	0.615233
703	45    	0.315984 	0.164376 	-0.0166667	0.615233
704	49    	0.286911 	0.173053 	-0.018    	0.706107
705	47    	0.268115 	0.13566  	-0.02     	0.649466
706	44    	0.272702 	0.179285 	-0.0222222	0.649466
707	42    	0.293394 	0.183555 	-0.0228571	0.649466
708	49    	0.301281 	0.186356 	-0.0171429	0.749007
709	46    	0.314154 	0.222004 	-0.0180001	0.853856
710	46    	0.350666 	0.229503 	-0.0166666	0.864654
711	42    	0.370052 	0.240307 	-0.0171429	0.864654
712	43    	0.359126 	0.227676 	-0.02     	0.864654
713	46    	0.34611  	0.204672 	-0.0183333	0.864654
714	42    	0.35156  	0.19126  	-0.0175   	0.864654
715	49    	0.289694 	0.148092 	-0.02     	0.842954
716	44    	0.352058 	0.171067 	-0.0166667	0.842954
717	46    	0.324273 	0.165743 	0.0709454 	0.842954
718	44    	0.334934 	0.202545 	-0.0175   	0.842954
719	49    	0.302003 	0.209262 	-0.0177778	0.842954
720	47    	0.337015 	0.171109 	-0.0133333	0.842954
721	47    	0.324284 	0.182357 	-0.015    	0.812648
722	46    	0.331821 	0.197858 	-0.0171429	0.812648
723	45    	0.325853 	0.229437 	-0.0174992	0.812648
724	46    	0.304589 	0.188513 	-0.02     	0.812648
725	47    	0.289514 	0.180375 	-0.0171429	0.812648
726	43    	0.289331 	0.185604 	-0.0166667	0.73187 
727	50    	0.256767 	0.179427 	-0.016    	0.693602
728	48    	0.276496 	0.145851 	-0.0159999	0.644772
729	46    	0.278941 	0.148106 	-0.0175   	0.703753
730	44    	0.322094 	0.156568 	-0.01     	0.703753
731	46    	0.312593 	0.181769 	-0.02     	0.693441
732	47    	0.277652 	0.195239 	-0.02     	0.706426
733	47    	0.230924 	0.178819 	-0.0181818	0.693441
734	46    	0.241827 	0.198604 	-0.02     	0.706234
735	49    	0.280222 	0.171748 	-0.0171428	0.706234
736	45    	0.280451 	0.177301 	-0.02     	0.706234
737	44    	0.259315 	0.209387 	-0.02     	0.706234
738	46    	0.263568 	0.189474 	-0.0171429	0.706234
739	46    	0.271838 	0.203174 	-0.02     	0.706637
740	48    	0.282071 	0.208529 	-0.0200001	0.838906
741	45    	0.296715 	0.203444 	-0.0166667	0.838906
742	45    	0.266126 	0.189875 	-0.0177778	0.709633
743	45    	0.284091 	0.179792 	-0.0199999	0.706637
744	47    	0.280023 	0.192837 	-0.0171429	0.706637
745	47    	0.274424 	0.163824 	-0.02     	0.706637
746	42    	0.25912  	0.214367 	-0.0199999	0.706637
747	46    	0.30272  	0.20969  	-0.0177778	0.706637
748	49    	0.277645 	0.17797  	-0.0171429	0.709633
749	45    	0.31169  	0.193869 	-0.0174947	0.709633
750	43    	0.300198 	0.222309 	-0.0175001	0.709633
751	46    	0.356284 	0.217612 	-0.0166667	0.731238
752	41    	0.310512 	0.250907 	-0.0199999	0.731238
753	44    	0.346648 	0.226978 	-0.016    	0.731238
754	44    	0.296178 	0.22657  	-0.02     	0.731238
755	46    	0.300474 	0.204734 	-0.02     	0.731238
756	47    	0.269582 	0.192632 	-0.02     	0.731238
757	46    	0.299905 	0.192245 	-0.0171429	0.731238
758	48    	0.271734 	0.17966  	-0.0166667	0.702954
759	50    	0.261158 	0.146076 	-0.0159999	0.614891
760	45    	0.24599  	0.164214 	-0.02     	0.614891
761	45    	0.287967 	0.154433 	-0.0177777	0.603978
762	48    	0.268458 	0.169895 	-0.0175   	0.695964
763	48    	0.285445 	0.168866 	-0.0175   	0.695964
764	49    	0.272625 	0.168148 	-0.02     	0.702322
765	43    	0.324013 	0.209437 	-0.0181818	0.735606
766	47    	0.319092 	0.187527 	-0.02     	0.76613 
767	46    	0.298401 	0.172375 	-0.018    	0.735606
768	46    	0.314406 	0.183632 	-0.0166667	0.75035 
769	45    	0.27169  	0.17975  	-0.0175   	0.735606
770	47    	0.275608 	0.156914 	-0.02     	0.725741
771	48    	0.29431  	0.167997 	-0.017778 	0.73105 
772	48    	0.244846 	0.165377 	-0.02     	0.651652
773	44    	0.318456 	0.164758 	-0.0177777	0.651652
774	48    	0.292367 	0.153258 	-0.02     	0.697893
775	48    	0.257534 	0.16453  	-0.0171429	0.697893
776	46    	0.290585 	0.183472 	-0.02     	0.697893
777	45    	0.289508 	0.163993 	-0.02     	0.697893
778	49    	0.254705 	0.143988 	-0.02     	0.697893
779	46    	0.316211 	0.133054 	0.102913  	0.664439
780	43    	0.308434 	0.158557 	-0.0175   	0.591472
781	47    	0.285886 	0.106041 	0.0850934 	0.525238
782	46    	0.298124 	0.15257  	-0.0199999	0.597519
783	46    	0.31659  	0.161953 	-0.0181818	0.659417
784	47    	0.315068 	0.157589 	-0.0175001	0.659417
785	48    	0.295407 	0.114532 	0.0991053 	0.601773
786	47    	0.289399 	0.109612 	0.0582843 	0.601773
787	43    	0.31534  	0.133923 	-0.0166667	0.620802
788	50    	0.281285 	0.14206  	-0.0150001	0.549882
789	49    	0.295706 	0.101117 	0.0750821 	0.537256
790	46    	0.282959 	0.0963887	-0.0133334	0.537256
791	48    	0.295789 	0.125977 	-0.0133333	0.750459
792	45    	0.308672 	0.14599  	-0.0133332	0.750459
793	42    	0.3258   	0.161486 	-0.01     	0.750459
794	44    	0.267308 	0.148106 	-0.02     	0.750459
795	44    	0.309296 	0.157544 	0.0784855 	0.750459
796	48    	0.280813 	0.117855 	-0.01     	0.750459
797	46    	0.282274 	0.123141 	-0.0181817	0.750459
798	45    	0.295746 	0.133287 	-0.02     	0.666442
799	49    	0.288968 	0.134213 	0.0766188 	0.733984
800	48    	0.289966 	0.173056 	-0.0181818	0.831189
801	45    	0.331032 	0.184263 	-0.016    	0.831189
802	47    	0.301366 	0.181458 	-0.0171429	0.831189
803	47    	0.289714 	0.168171 	-0.0166667	0.831189
804	48    	0.278271 	0.159902 	-0.0175   	0.831189
805	43    	0.341822 	0.158566 	0.0860938 	0.831189
806	49    	0.266575 	0.124385 	-0.016    	0.564473
807	45    	0.280789 	0.154697 	-0.0166667	0.724939
808	47    	0.295292 	0.162846 	-0.0177778	0.726281
809	45    	0.294809 	0.183762 	-0.0171428	0.726281
810	46    	0.25186  	0.188114 	-0.018    	0.721858
811	48    	0.254598 	0.188787 	-0.0233333	0.721858
812	45    	0.27118  	0.215017 	-0.02     	0.730613
813	48    	0.312866 	0.192802 	-0.0166666	0.730613
814	47    	0.301882 	0.211408 	-0.0171429	0.730613
815	45    	0.289806 	0.173145 	-0.0175   	0.730613
816	43    	0.265773 	0.236162 	-0.02     	0.730613
817	47    	0.29075  	0.227839 	-0.0175   	0.730613
818	39    	0.365839 	0.240506 	-0.0174999	0.731273
819	47    	0.309128 	0.238179 	-0.02     	0.730613
820	45    	0.3159   	0.227281 	-0.02     	0.730613
821	47    	0.243477 	0.214537 	-0.0199999	0.730613
822	44    	0.275916 	0.21314  	-0.0166667	0.730613
823	44    	0.261743 	0.220541 	-0.0199999	0.835026
824	48    	0.263781 	0.20951  	-0.0171429	0.722293
825	47    	0.308261 	0.19246  	-0.02     	0.722293
826	49    	0.2445   	0.209975 	-0.02     	0.712842
827	44    	0.293114 	0.206577 	-0.0171429	0.712842
828	46    	0.272608 	0.179393 	-0.018    	0.712842
829	46    	0.253158 	0.190557 	-0.0200001	0.712842
830	45    	0.263329 	0.182855 	-0.0160001	0.712842
831	43    	0.297798 	0.207841 	-0.02     	0.712842
832	41    	0.328832 	0.250235 	-0.0175   	0.722839
833	46    	0.345797 	0.191376 	-0.0166667	0.755095
834	49    	0.317947 	0.203107 	-0.02     	0.731134
835	47    	0.278028 	0.173906 	-0.0133333	0.731134
836	46    	0.299209 	0.180024 	-0.0166589	0.815381
837	43    	0.314444 	0.196414 	-0.02     	0.815381
838	41    	0.294712 	0.212019 	-0.02     	0.815381
839	43    	0.334845 	0.188836 	0.101864  	0.815381
840	45    	0.319328 	0.197437 	-0.0177778	0.72558 
841	46    	0.333505 	0.193322 	-0.02     	0.728348
842	49    	0.252271 	0.179266 	-0.0175   	0.848584
843	47    	0.295471 	0.169188 	-0.02     	0.808915
844	45    	0.295281 	0.160703 	-0.0166667	0.726533
845	43    	0.310029 	0.142559 	0.100585  	0.623102
846	48    	0.284943 	0.166483 	-0.02     	0.832288
847	47    	0.320264 	0.191193 	-0.02     	0.806782
848	45    	0.319314 	0.188462 	-0.02     	0.806782
849	47    	0.283906 	0.180944 	-0.0175   	0.722956
850	45    	0.303801 	0.158472 	-0.018    	0.722956
851	45    	0.269111 	0.19284  	-0.0199999	0.812825
852	44    	0.30694  	0.213657 	-0.018    	0.812825
853	47    	0.306922 	0.184543 	-0.0171429	0.722956
854	48    	0.267071 	0.175797 	-0.0199999	0.722956
855	42    	0.287767 	0.20555  	-0.0175001	0.722956
856	45    	0.308306 	0.191086 	-0.0171429	0.728186
857	48    	0.305871 	0.182829 	-0.0166667	0.730883
858	46    	0.26541  	0.192521 	-0.02     	0.643419
859	44    	0.340551 	0.208778 	-0.02     	0.733051
860	44    	0.355119 	0.223648 	-0.0177778	0.831692
861	45    	0.268761 	0.227766 	-0.0200001	0.831692
862	47    	0.283185 	0.228187 	-0.0171429	0.831692
863	48    	0.300105 	0.240446 	-0.0171428	0.831654
864	49    	0.246931 	0.207692 	-0.0177778	0.836975
865	49    	0.235462 	0.187495 	-0.02     	0.730315
866	45    	0.286227 	0.198487 	-0.02     	0.730315
867	48    	0.244623 	0.201689 	-0.02     	0.73028 
868	44    	0.324509 	0.208476 	-0.02     	0.730315
869	45    	0.232338 	0.211956 	-0.02     	0.724258
870	47    	0.283075 	0.232358 	-0.0171429	0.73028 
871	46    	0.301233 	0.243379 	-0.02     	0.81028 
872	47    	0.272852 	0.191385 	-0.0171429	0.706012
873	48    	0.265501 	0.197773 	-0.02     	0.706012
874	47    	0.232448 	0.214232 	-0.0166667	0.804635
875	45    	0.240655 	0.210977 	-0.02     	0.804635
876	45    	0.237192 	0.222187 	-0.02     	0.804635
877	42    	0.278716 	0.245115 	-0.0175   	0.804635
878	45    	0.282046 	0.249979 	-0.02     	0.804635
879	49    	0.275059 	0.193238 	-0.0175   	0.843243
880	48    	0.230886 	0.166791 	-0.0199998	0.702995
881	47    	0.224339 	0.145598 	-0.02     	0.704074
882	48    	0.250866 	0.139695 	-0.0171429	0.704074
883	46    	0.231633 	0.189123 	-0.02     	0.704074
884	43    	0.234904 	0.187894 	-0.02     	0.703401
885	46    	0.271408 	0.207309 	-0.018    	0.748479
886	44    	0.269419 	0.21861  	-0.0177778	0.813756
887	41    	0.275219 	0.21814  	-0.017143 	0.813756
888	42    	0.270337 	0.249232 	-0.02     	0.843584
889	45    	0.254114 	0.252025 	-0.0166666	0.843584
890	48    	0.275906 	0.227719 	-0.0175   	0.843584
891	47    	0.243574 	0.206852 	-0.02     	0.843584
892	43    	0.247997 	0.148717 	-0.016    	0.813708
893	46    	0.239442 	0.147867 	-0.0166667	0.611971
894	48    	0.259836 	0.155895 	-0.0175001	0.609046
895	47    	0.288798 	0.200413 	-0.0177777	0.811396
896	45    	0.327594 	0.176991 	-0.02     	0.811396
897	48    	0.263998 	0.177389 	-0.02     	0.696248
898	48    	0.232025 	0.170358 	-0.02     	0.696248
899	43    	0.295884 	0.169122 	-0.0150001	0.812159
900	46    	0.271238 	0.165045 	-0.0177778	0.609738
901	47    	0.254597 	0.154998 	-0.0177778	0.609738
902	45    	0.275023 	0.188969 	-0.0171428	0.810578
903	49    	0.249033 	0.196296 	-0.02     	0.811247
904	49    	0.272616 	0.176118 	-0.02     	0.811247
905	49    	0.28603  	0.18912  	-0.016    	0.811396
906	44    	0.289845 	0.214807 	-0.0160001	0.812825
907	46    	0.263341 	0.244657 	-0.0177778	0.813708
908	44    	0.303829 	0.253636 	-0.0171429	0.813708
909	45    	0.288863 	0.276173 	-0.0166667	0.813708
910	48    	0.205458 	0.24054  	-0.0175   	0.812825
911	44    	0.268772 	0.241343 	-0.0166667	0.812825
912	47    	0.221276 	0.220931 	-0.0177778	0.812825
913	49    	0.210765 	0.194228 	-0.0166667	0.812825
914	45    	0.202862 	0.203662 	-0.0175001	0.812825
915	49    	0.205219 	0.227099 	-0.0166667	0.812977
916	47    	0.23881  	0.25089  	-0.02     	0.812825
917	47    	0.261627 	0.244334 	-0.0166639	0.812977
918	46    	0.193368 	0.244601 	-0.0166667	0.812977
919	48    	0.243299 	0.255381 	-0.02     	0.812977
920	46    	0.222375 	0.196794 	-0.0175   	0.702732
921	46    	0.177659 	0.198704 	-0.0171429	0.702732
922	47    	0.195006 	0.180725 	-0.0166667	0.703725
923	45    	0.246839 	0.199713 	-0.0166667	0.703725
924	45    	0.257808 	0.210101 	-0.0171429	0.704883
925	42    	0.273623 	0.22876  	-0.02     	0.812825
926	45    	0.271134 	0.210715 	-0.0171428	0.724562
927	46    	0.275703 	0.246756 	-0.017143 	0.812977
928	47    	0.271091 	0.24945  	-0.0175   	0.812977
929	46    	0.225996 	0.232835 	-0.0166667	0.812977
930	42    	0.254683 	0.247549 	-0.0171429	0.812977
931	46    	0.203512 	0.220543 	-0.02     	0.812977
932	48    	0.242883 	0.21186  	-0.02     	0.819458
933	45    	0.212895 	0.191335 	-0.02     	0.812977
934	47    	0.214433 	0.177587 	-0.0171428	0.812977
935	44    	0.264403 	0.177554 	-0.0177778	0.812977
936	48    	0.181302 	0.158731 	-0.0200001	0.617927
937	46    	0.264927 	0.169585 	-0.0166667	0.697572
938	42    	0.279893 	0.198895 	-0.02     	0.704074
939	46    	0.306959 	0.17194  	-0.0166667	0.704074
940	49    	0.266956 	0.156014 	-0.0171429	0.813708
941	46    	0.295553 	0.181066 	-0.017143 	0.813708
942	47    	0.246765 	0.205194 	-0.0228571	0.813708
943	50    	0.242381 	0.174958 	-0.02     	0.818806
944	46    	0.273124 	0.174133 	-0.0166667	0.818806
945	48    	0.267795 	0.177532 	-0.0175001	0.732935
946	48    	0.231953 	0.184925 	-0.02     	0.698953
947	46    	0.258814 	0.207928 	-0.02     	0.844377
948	49    	0.244347 	0.207155 	-0.0175   	0.844377
949	45    	0.238838 	0.200524 	-0.0175   	0.750539
950	43    	0.311564 	0.209512 	-0.0171429	0.811247
951	42    	0.339184 	0.254202 	-0.0199999	0.811247
952	43    	0.276134 	0.258544 	-0.0166668	0.811247
953	45    	0.267054 	0.229291 	-0.0160001	0.812439
954	48    	0.231531 	0.216771 	-0.02     	0.812977
955	40    	0.302105 	0.234195 	-0.02     	0.812977
956	49    	0.236866 	0.17428  	-0.02     	0.694701
957	46    	0.269869 	0.222907 	-0.0233333	0.705984
958	49    	0.239687 	0.223428 	-0.02     	0.704954
959	46    	0.316833 	0.230777 	-0.02     	0.846101
960	47    	0.250109 	0.233746 	-0.02     	0.846101
961	48    	0.259059 	0.205349 	-0.0171429	0.70644 
962	44    	0.320029 	0.235782 	-0.02     	0.70644 
963	46    	0.303449 	0.2143   	-0.02     	0.70644 
964	48    	0.288688 	0.224517 	-0.02     	0.782312
965	47    	0.306953 	0.19866  	-0.0171429	0.805936
966	47    	0.307983 	0.219456 	-0.0171428	0.805936
967	44    	0.339035 	0.20484  	-0.0171429	0.805936
968	45    	0.279153 	0.213479 	-0.0175   	0.812977
969	47    	0.273793 	0.207246 	-0.0199999	0.805936
970	49    	0.262954 	0.211529 	-0.0177778	0.812825
971	46    	0.296639 	0.234425 	-0.02     	0.812825
972	48    	0.246308 	0.221565 	-0.02     	0.812825
973	45    	0.243306 	0.212248 	-0.0171429	0.813708
974	48    	0.26255  	0.260118 	-0.0177778	0.813756
975	45    	0.290167 	0.250674 	-0.0175001	0.813756
976	45    	0.271559 	0.251462 	-0.0199999	0.813756
977	49    	0.186753 	0.207991 	-0.0171429	0.812977
978	48    	0.211612 	0.201358 	-0.0166667	0.812977
979	46    	0.197771 	0.191855 	-0.0171429	0.812825
980	44    	0.229577 	0.183309 	-0.02     	0.703019
981	48    	0.212198 	0.191321 	-0.0177779	0.818806
982	45    	0.282224 	0.198911 	-0.018    	0.805829
983	47    	0.321936 	0.203318 	-0.0233333	0.703019
984	47    	0.253475 	0.177924 	-0.0171428	0.687824
985	47    	0.272067 	0.190922 	-0.017143 	0.693747
986	46    	0.295873 	0.189642 	-0.0171429	0.841737
987	49    	0.271596 	0.182257 	-0.0175   	0.705984
988	44    	0.290244 	0.205054 	-0.02     	0.812308
989	49    	0.217425 	0.170116 	-0.017143 	0.705984
990	47    	0.276903 	0.211943 	-0.02     	0.704681
991	47    	0.253616 	0.182474 	-0.0166667	0.705828
992	44    	0.244137 	0.193718 	-0.02     	0.705828
993	47    	0.256483 	0.197859 	-0.02     	0.811396
994	49    	0.263116 	0.189251 	-0.0171428	0.811396
995	47    	0.304898 	0.211223 	-0.02     	0.819969
996	46    	0.296262 	0.21312  	-0.016    	0.818806
997	47    	0.232286 	0.177318 	-0.017143 	0.705228
998	47    	0.236784 	0.217931 	-0.02     	0.705228
999	47    	0.290519 	0.190088 	-0.02     	0.818826
1000	43    	0.3179   	0.19041  	-0.02     	0.812308