Argument values: path=C:\Users\1625203\Downloads\Framsticks50rc22\Framsticks50rc22, lib=None, sim=eval-allcriteria.sim;deterministic.sim;sample-period-2.sim;f9-mut-005.sim, genformat=None, initialgenotype=/*9*/BLU, opt=vertpos, popsize=50, generations=1000, tournament=10, pmut=0.9, pxov=0.2, hof_size=1, hof_savefile=None, max_numparts=30, max_numjoints=None, max_numneurons=None, max_numconnections=None, max_numgenochars=50
Using Framsticks version: 5.0rc22
Home (writable) dir     : C:\Users\1625203\Downloads\Framsticks50rc22\Framsticks50rc22\data
Resources dir           : C:\Users\1625203\Downloads\Framsticks50rc22\Framsticks50rc22\data

Available objects: ['CheckpointEvent', 'Collision', 'CrCollision', 'Creature', 'CreatureSettings', 'CreatureSignals', 'CreatureSnapshot', 'Dictionary', 'ExpProperties', 'ExpState', 'ExtValue', 'File', 'FunctionReference', 'GenMan', 'GenManStats', 'GenePool', 'GenePools', 'Geno', 'Genotype', 'Interface', 'Joint', 'Loader', 'Math', 'MechJoint', 'MechPart', 'MessageCatcher', 'Model', 'ModelGeometry', 'ModelSymmetry', 'Neuro', 'NeuroClass', 'NeuroClassLibrary', 'NeuroDef', 'NeuroSignals', 'NeuronsSimEnabled', 'ODE', 'Orient', 'Part', 'Population', 'Populations', 'Ref', 'Signal', 'SignalView', 'SimilMeasure', 'SimilMeasureDistribution', 'SimilMeasureGreedy', 'SimilMeasureHungarian', 'Simulator', 'SlaveSimulators', 'StopEvent', 'String', 'UserScripts', 'Vector', 'WireframeAppearance', 'World', 'WorldMap', 'WorldSignals', 'XYZ', '__builtins__', '__cached__', '__doc__', '__file__', '__loader__', '__name__', '__package__', '__spec__', 'c_api', 'ctypes', 'home_dir', 'init', 'os', 're', 'res_dir', 'sim_params', 'stats', 'sys']

Performing a basic test 1/2... OK.
Performing a basic test 2/2... OK.
Using settings: ['eval-allcriteria.sim', 'deterministic.sim', 'sample-period-2.sim', 'f9-mut-005.sim']
gen	nevals	avg     	stddev	min     	max     
0  	50    	0.218369	0     	0.218369	0.218369
1  	49    	0.0752948	0.11433	-0.016  	0.356517
2  	43    	0.137407 	0.134005	-0.02   	0.39974 
3  	47    	0.189723 	0.149794	-0.0160001	0.514537
4  	46    	0.207    	0.169224	-0.02     	0.514537
5  	45    	0.236646 	0.192883	-0.016    	0.812977
6  	47    	0.212238 	0.206448	-0.0166667	0.695373
7  	46    	0.23554  	0.206527	-0.0166667	0.702711
8  	48    	0.264366 	0.20577 	-0.0166668	0.704133
9  	43    	0.292346 	0.232251	-0.0166667	0.703466
10 	43    	0.304526 	0.226731	-0.02     	0.811396
11 	45    	0.334327 	0.262786	-0.0166667	0.812083
12 	47    	0.305518 	0.248289	-0.0171429	0.812083
13 	47    	0.309122 	0.235788	-0.0166666	0.812308
14 	44    	0.330793 	0.268573	-0.0175001	0.812825
15 	45    	0.273715 	0.246326	-0.0171429	0.812825
16 	45    	0.196193 	0.246227	-0.0171429	0.812083
17 	46    	0.29843  	0.263933	-0.0175   	0.812825
18 	43    	0.300898 	0.268829	-0.0166666	0.812083
19 	40    	0.326815 	0.272536	-0.0175001	0.812083
20 	44    	0.247737 	0.265042	-0.0166667	0.812825
21 	46    	0.320465 	0.266189	-0.0166667	0.812977
22 	46    	0.291971 	0.296542	-0.0171429	0.812977
23 	49    	0.250527 	0.246098	-0.0166667	0.812977
24 	46    	0.281746 	0.226151	-0.0166668	0.812977
25 	48    	0.302471 	0.235113	-0.0166668	0.812977
26 	45    	0.309999 	0.246614	-0.0175001	0.819969
27 	45    	0.326272 	0.269718	-0.0171429	0.812308
28 	42    	0.355636 	0.27195 	-0.0166667	0.812083
29 	48    	0.316796 	0.270783	-0.0166667	0.812825
30 	46    	0.316964 	0.270838	-0.0166667	0.812977
31 	45    	0.289383 	0.279442	-0.0171429	0.812977
32 	45    	0.306192 	0.280518	-0.0177777	0.812977
33 	45    	0.350109 	0.250239	-0.0166667	0.812825
34 	42    	0.330971 	0.292713	-0.0166667	0.812977
35 	44    	0.276898 	0.283167	-0.0175   	0.812977
36 	46    	0.22683  	0.269053	-0.0171428	0.812977
37 	44    	0.312787 	0.243077	-0.0166666	0.812977
38 	48    	0.21163  	0.239903	-0.0177778	0.812977
39 	46    	0.263824 	0.237056	-0.0171428	0.812977
40 	46    	0.328723 	0.275096	-0.0171429	0.812977
41 	48    	0.262543 	0.248396	-0.0166667	0.812977
42 	47    	0.25745  	0.234215	-0.0166667	0.812977
43 	44    	0.336789 	0.258477	-0.0166666	0.812977
44 	46    	0.305092 	0.264799	-0.0171429	0.812977
45 	42    	0.350393 	0.287627	-0.02     	0.813708
46 	46    	0.366005 	0.288221	-0.0166667	0.813708
47 	48    	0.268149 	0.273542	-0.0174999	0.813756
48 	45    	0.298935 	0.301635	-0.0171429	0.819403
49 	49    	0.294277 	0.264692	-0.0166667	0.813756
50 	46    	0.242943 	0.266402	-0.017143 	0.813708
51 	50    	0.253769 	0.217499	-0.0166667	0.705828
52 	47    	0.306591 	0.220885	-0.02     	0.705842
53 	45    	0.412249 	0.226661	-0.02     	0.706014
54 	44    	0.402501 	0.236251	-0.0166667	0.813708
55 	48    	0.32528  	0.238861	-0.0166666	0.812825
56 	49    	0.263606 	0.233239	-0.0166667	0.812825
57 	44    	0.334049 	0.291053	-0.0177778	0.813708
58 	47    	0.350058 	0.287972	-0.0171429	0.813708
59 	44    	0.343303 	0.273289	-0.0171428	0.813708
60 	43    	0.365939 	0.258357	-0.017143 	0.819334
61 	46    	0.330994 	0.276984	-0.0171429	0.819334
62 	47    	0.344667 	0.238402	-0.0166667	0.819334
63 	48    	0.312313 	0.232541	-0.0171429	0.819334
64 	46    	0.318878 	0.219319	-0.0171429	0.819334
65 	42    	0.394526 	0.269997	-0.0171429	0.819334
66 	44    	0.411396 	0.253029	-0.0171429	0.819334
67 	47    	0.406281 	0.250441	-0.02     	0.819334
68 	48    	0.377173 	0.273696	-0.0160001	0.819403
69 	46    	0.298242 	0.278405	-0.0171429	0.819403
70 	47    	0.335164 	0.251493	-0.0166666	0.818826
71 	47    	0.36193  	0.229231	-0.0171429	0.818826
72 	47    	0.431109 	0.236046	-0.0159976	0.833493
73 	44    	0.41277  	0.253432	-0.02     	0.833493
74 	46    	0.321363 	0.2622  	-0.02     	0.838461
75 	46    	0.367006 	0.275322	-0.02     	0.838461
76 	46    	0.35551  	0.293236	-0.02     	0.838461
77 	45    	0.380096 	0.28389 	-0.0166667	0.834818
78 	49    	0.341411 	0.27212 	-0.0200001	0.833493
79 	47    	0.342013 	0.271435	-0.0199999	0.838461
80 	45    	0.336629 	0.267264	-0.02     	0.838461
81 	46    	0.382704 	0.256249	-0.02     	0.838461
82 	50    	0.306309 	0.274272	-0.02     	0.834818
83 	46    	0.294602 	0.267033	-0.0175   	0.734052
84 	45    	0.294479 	0.257254	-0.0225   	0.834818
85 	45    	0.365978 	0.260492	-0.018    	0.890799
86 	47    	0.393668 	0.310025	-0.0177778	0.890799
87 	47    	0.400973 	0.301189	-0.0166667	0.889783
88 	43    	0.500798 	0.291385	-0.016    	0.890799
89 	39    	0.511095 	0.314577	0.0463352 	0.890799
90 	42    	0.49427  	0.342622	-0.02     	0.889783
91 	42    	0.467932 	0.326525	-0.0150001	0.895809
92 	45    	0.488752 	0.309598	-0.0159977	0.895809
93 	47    	0.407975 	0.276575	-0.0166589	0.895809
94 	46    	0.420567 	0.290888	-0.0174998	0.895809
95 	46    	0.388849 	0.299713	-0.01     	0.895809
96 	48    	0.394833 	0.318618	-0.0177778	0.896621
97 	48    	0.421409 	0.287333	-0.0175   	0.895809
98 	42    	0.423124 	0.295176	-0.02     	0.834784
99 	48    	0.450819 	0.257063	-0.0171429	0.834784
100	48    	0.493557 	0.240636	-0.0171429	0.824411
101	48    	0.437729 	0.253516	-0.0133332	0.891227
102	48    	0.55157  	0.2683  	-0.0166667	0.900158
103	46    	0.479576 	0.304161	-0.0175   	0.970205
104	45    	0.473036 	0.257859	-0.0166667	0.895213
105	49    	0.434101 	0.279285	-0.015    	0.900158
106	42    	0.534909 	0.286733	-0.0160001	0.907356
107	43    	0.565578 	0.293881	-0.016    	0.983936
108	45    	0.472736 	0.333656	-0.02     	0.983936
109	46    	0.580364 	0.267409	0.154262  	0.983936
110	45    	0.440722 	0.311827	-0.0175   	0.983936
111	46    	0.475258 	0.293998	-0.0166652	0.983936
112	49    	0.417979 	0.273596	-0.0171428	0.875006
113	47    	0.497944 	0.25457 	-0.0175   	0.95371 
114	45    	0.436917 	0.290994	-0.016    	0.95371 
115	46    	0.473081 	0.286888	-0.0159999	0.95371 
116	48    	0.410462 	0.269036	-0.0133334	0.983936
117	44    	0.469909 	0.262204	0.0729264 	0.983936
118	46    	0.507211 	0.275111	0.0826615 	0.983936
119	48    	0.477831 	0.282021	0.0729264 	0.979621
120	47    	0.385843 	0.283583	-0.02     	0.903836
121	47    	0.431731 	0.266403	-0.016    	0.892972
122	43    	0.420789 	0.261305	-0.0175   	0.892972
123	46    	0.490049 	0.256397	0.0740038 	0.960763
124	49    	0.386236 	0.220967	0.119207  	0.907504
125	49    	0.452365 	0.237452	0.0996054 	0.973555
126	49    	0.426881 	0.249651	-0.0160001	0.899685
127	45    	0.400502 	0.248086	-0.0133333	0.855156
128	48    	0.401532 	0.259501	-0.015    	0.899685
129	47    	0.412085 	0.250381	-0.0177778	0.973555
130	44    	0.517617 	0.242408	0.116241  	0.979621
131	46    	0.336814 	0.258247	-0.018    	0.979621
132	48    	0.400652 	0.257906	-0.016    	0.954555
133	49    	0.393841 	0.218977	0.0864903 	0.853987
134	44    	0.408639 	0.253016	-0.016    	0.853987
135	46    	0.424957 	0.210603	0.110921  	0.853987
136	47    	0.419411 	0.224325	0.0993387 	0.853987
137	42    	0.470095 	0.255307	0.0441183 	0.853987
138	46    	0.462219 	0.247922	0.0836569 	0.865991
139	46    	0.463047 	0.259166	-0.0149999	0.954555
140	46    	0.448472 	0.277171	-0.0150001	0.954555
141	43    	0.549266 	0.280873	-0.0175   	0.954555
142	44    	0.490799 	0.312257	-0.0171429	0.954555
143	46    	0.406039 	0.282112	-0.016    	0.954555
144	43    	0.481364 	0.334873	-0.0166667	0.954555
145	48    	0.444202 	0.298084	-0.0171429	0.954555
146	45    	0.448674 	0.287344	-0.0166666	0.954555
147	47    	0.446719 	0.292731	-0.016    	0.948703
148	47    	0.412325 	0.249835	-0.0166666	0.872198
149	46    	0.389409 	0.254379	-0.0150001	0.867946
150	46    	0.39362  	0.275034	-0.016    	0.867946
151	44    	0.494568 	0.262606	-0.0166652	0.867946
152	42    	0.431205 	0.270997	-0.0133333	0.868152
153	44    	0.406912 	0.280069	-0.0160001	0.868152
154	43    	0.482738 	0.293032	0.0854779 	0.880057
155	46    	0.445229 	0.269084	-0.0133332	0.880057
156	46    	0.428565 	0.281433	0.0569081 	0.880107
157	48    	0.34524  	0.269188	-0.0171428	0.868802
158	41    	0.455831 	0.269447	-0.01     	0.870644
159	49    	0.391553 	0.267799	-0.016    	0.867576
160	48    	0.366497 	0.265515	-0.0171427	0.856944
161	46    	0.360307 	0.231151	-0.0133333	0.856944
162	45    	0.425261 	0.247617	-0.0133333	0.867576
163	49    	0.368747 	0.247047	0.0757348 	0.867576
164	46    	0.366918 	0.256322	-0.0133338	0.867576
165	49    	0.40492  	0.250464	0.0859297 	0.867946
166	49    	0.384177 	0.236161	-0.015    	0.856944
167	44    	0.463616 	0.251776	-0.0171429	0.879386
168	43    	0.44617  	0.273618	-0.0149998	0.879386
169	46    	0.446303 	0.25335 	0.0986234 	0.879386
170	46    	0.385654 	0.241687	-0.016    	0.856212
171	46    	0.42274  	0.234615	-0.02     	0.856212
172	44    	0.426254 	0.264269	-0.0175   	0.856212
173	48    	0.317092 	0.211631	-0.016    	0.856212
174	46    	0.401488 	0.209639	0.0748816 	0.856212
175	44    	0.33719  	0.206921	-0.0166667	0.856212
176	42    	0.429225 	0.20538 	0.0984983 	0.782367
177	47    	0.422083 	0.219089	0.0729258 	0.842954
178	47    	0.346292 	0.231375	-0.0133333	0.852519
179	45    	0.369903 	0.253141	-0.0133334	0.881065
180	47    	0.443591 	0.268449	-0.0166666	0.852519
181	47    	0.33553  	0.222735	-0.016    	0.786712
182	48    	0.380893 	0.242422	-0.0133333	0.872935
183	48    	0.373918 	0.20291 	0.0734533 	0.856212
184	44    	0.442229 	0.254534	-0.0133334	0.872935
185	43    	0.358742 	0.283928	-0.0166667	0.876919
186	46    	0.439253 	0.248842	0.0984335 	0.876919
187	46    	0.335061 	0.264282	-0.0166666	0.876919
188	49    	0.356582 	0.22626 	-0.02     	0.853677
189	45    	0.431215 	0.240559	0.130412  	0.870326
190	47    	0.395676 	0.219281	0.0836035 	0.870326
191	43    	0.426508 	0.219417	0.114727  	0.870326
192	47    	0.399034 	0.220397	-0.0166667	0.783154
193	47    	0.310778 	0.215013	-0.0149998	0.764529
194	46    	0.293583 	0.20079 	-0.0177778	0.842487
195	46    	0.38065  	0.241036	-0.0166667	0.842487
196	46    	0.383705 	0.221613	0.10899   	0.879432
197	48    	0.356462 	0.194126	0.0845913 	0.786121
198	46    	0.397399 	0.224063	-0.015    	0.794361
199	48    	0.379328 	0.218685	-0.0133334	0.845713
200	47    	0.343653 	0.23637 	-0.0175001	0.777698
201	46    	0.413172 	0.256825	-0.0166666	0.842487
202	46    	0.427453 	0.241362	0.0757071 	0.845713
203	49    	0.40908  	0.251295	-0.016    	0.848145
204	44    	0.462744 	0.26054 	-0.015    	0.857073
205	43    	0.428575 	0.279463	0.0816128 	0.873472
206	47    	0.420912 	0.234723	0.0759447 	0.873472
207	44    	0.457925 	0.266691	0.0748608 	0.873472
208	49    	0.441425 	0.262286	-0.015    	0.873472
209	49    	0.474732 	0.264366	0.0746993 	0.858185
210	43    	0.500832 	0.277618	-0.0133333	0.868674
211	49    	0.368648 	0.234581	-0.015    	0.845713
212	45    	0.44364  	0.225454	0.0841249 	0.85709 
213	49    	0.404177 	0.231876	-0.0171428	0.872064
214	47    	0.387148 	0.248684	-0.016    	0.875924
215	48    	0.323615 	0.217052	-0.0175   	0.772746
216	48    	0.428913 	0.236308	-0.0171429	0.842487
217	45    	0.40965  	0.229244	0.108933  	0.875924
218	49    	0.395523 	0.232309	-0.0166666	0.876903
219	49    	0.402454 	0.212411	-0.0133333	0.876903
220	43    	0.472624 	0.196047	0.0923009 	0.775167
221	49    	0.444498 	0.218316	-0.0166667	0.876903
222	46    	0.425064 	0.218844	0.108684  	0.921559
223	47    	0.438474 	0.20141 	0.115935  	0.921559
224	48    	0.446056 	0.225852	0.0657674 	0.921559
225	43    	0.47247  	0.248223	-0.016    	0.922488
226	44    	0.457559 	0.244831	0.120911  	0.922488
227	44    	0.439924 	0.246826	-0.0150001	0.922488
228	48    	0.4005   	0.259811	-0.0133334	0.981729
229	46    	0.413793 	0.232908	0.0957721 	0.981729
230	46    	0.427973 	0.243547	0.114876  	0.981729
231	48    	0.451143 	0.259063	-0.0166666	0.924628
232	47    	0.436893 	0.244297	0.0625575 	0.862534
233	45    	0.468442 	0.290959	-0.0175   	0.949719
234	48    	0.493222 	0.268388	-0.0180001	0.970707
235	47    	0.406697 	0.268623	-0.0171428	1.00637 
236	45    	0.472863 	0.317757	-0.0171429	1.00637 
237	47    	0.403009 	0.242218	-0.0171413	1.00637 
238	44    	0.479514 	0.254801	0.0750958 	1.00637 
239	43    	0.483843 	0.275811	0.0927297 	1.00637 
240	45    	0.500233 	0.268921	0.0723906 	1.00637 
241	43    	0.495966 	0.278656	-0.0133334	1.00637 
242	46    	0.529211 	0.259992	0.0865627 	1.00637 
243	45    	0.538697 	0.283773	-0.00670266	1.00637 
244	47    	0.506011 	0.282117	0.09084    	1.00637 
245	48    	0.41753  	0.252653	-0.0166667 	0.981729
246	47    	0.458581 	0.237625	-0.02      	0.981729
247	44    	0.54308  	0.247003	0.158935   	0.981729
248	46    	0.429308 	0.268377	-0.0177778 	0.981729
249	48    	0.424907 	0.263763	0.0436065  	0.925242
250	48    	0.479061 	0.24819 	0.0860947  	0.920453
251	45    	0.44619  	0.257055	-0.015     	0.920453
252	47    	0.473372 	0.251321	-0.0133333 	0.920453
253	46    	0.438044 	0.266994	-0.015     	0.981729
254	44    	0.534442 	0.294351	-0.02      	0.981729
255	46    	0.466144 	0.280072	-0.0175    	0.981729
256	49    	0.432177 	0.219148	0.101503   	0.925242
257	44    	0.465534 	0.25138 	0.127646   	0.920453
258	47    	0.458937 	0.258967	-0.0174999 	0.926889
259	47    	0.450701 	0.219455	0.0634708  	0.919216
260	46    	0.48289  	0.303659	-1         	0.925942
261	44    	0.540819 	0.227892	0.145931   	0.925942
262	44    	0.545031 	0.250008	-0.0228571 	0.913074
263	45    	0.453221 	0.250534	0.0679677  	0.963446
264	46    	0.485605 	0.232777	0.168613   	0.963446
265	48    	0.413273 	0.255223	-0.0150001 	1.00238 
266	46    	0.471413 	0.270491	0.00455334 	1.00238 
267	46    	0.540194 	0.275564	0.103102   	1.00238 
268	48    	0.465687 	0.285793	0.0593107  	0.981296
269	48    	0.405379 	0.255484	-0.02      	0.98235 
270	45    	0.482197 	0.303208	-0.0150001 	0.981599
271	47    	0.547819 	0.303375	0.0689915  	1.05949 
272	47    	0.544635 	0.281144	0.100437   	1.05949 
273	49    	0.540022 	0.297163	-0.0183333 	1.05949 
274	47    	0.49915  	0.290154	-0.016     	1.05949 
275	47    	0.508785 	0.274584	0.16938    	1.00637 
276	46    	0.41807  	0.382575	-1         	1.05949 
277	47    	0.468635 	0.259669	-0.018     	1.05949 
278	47    	0.529156 	0.259284	0.207296   	1.00911 
279	42    	0.466492 	0.353762	-1         	1.00911 
280	48    	0.513684 	0.29427 	-0.0159999 	1.05949 
281	48    	0.478432 	0.266759	0.0460369  	1.05949 
282	49    	0.436212 	0.280168	-0.0175    	0.997188
283	44    	0.53206  	0.267608	0.109398   	0.997188
284	45    	0.480858 	0.275935	0.170226   	1.00911 
285	45    	0.4344   	0.344288	-1         	1.00911 
286	47    	0.552061 	0.276355	0.0695035  	1.00911 
287	47    	0.465631 	0.278267	0.127557   	1.05949 
288	47    	0.530289 	0.279432	0.073655   	1.00911 
289	44    	0.440297 	0.356288	-1         	1.00911 
290	47    	0.428643 	0.399053	-1         	1.00911 
291	49    	0.401222 	0.222671	-0.0166666 	0.929622
292	47    	0.501202 	0.331172	-1         	0.972981
293	46    	0.508358 	0.251283	0.109302   	0.972981
294	41    	0.540102 	0.284812	0.106764   	1.00711 
295	45    	0.536871 	0.270521	0.158136   	1.00711 
296	44    	0.588071 	0.276981	0.0695976  	1.00711 
297	45    	0.548151 	0.31094 	-0.01      	1.00711 
298	39    	0.584908 	0.319088	0.124674   	1.00711 
299	49    	0.361629 	0.240949	-0.015     	0.937447
300	43    	0.527291 	0.266164	0.0906264  	0.993009
301	46    	0.555306 	0.255183	0.172185   	0.978623
302	47    	0.481635 	0.274763	-0.0181818 	0.916213
303	47    	0.493837 	0.249272	0.0821061  	0.978623
304	49    	0.422908 	0.249989	0.0832352  	0.916213
305	50    	0.468461 	0.221038	0.122621   	0.837818
306	48    	0.459144 	0.222774	0.107173   	0.837818
307	48    	0.459924 	0.213217	-0.0166668 	0.841549
308	47    	0.414125 	0.19813 	0.0785281  	0.841549
309	45    	0.487371 	0.222907	0.111621   	0.841549
310	46    	0.476814 	0.225013	0.126235   	0.856199
311	45    	0.510756 	0.31602 	-1         	0.973382
312	46    	0.477149 	0.246105	-0.016     	0.973382
313	47    	0.439382 	0.23474 	0.0810435  	0.928063
314	44    	0.432421 	0.260575	-0.0225    	0.928063
315	47    	0.480382 	0.265974	0.0903777  	0.928063
316	45    	0.527236 	0.2704  	0.0392458  	0.946895
317	44    	0.463467 	0.346582	-1         	0.942201
318	44    	0.452038 	0.287314	-0.0171428 	1.05849 
319	47    	0.526124 	0.276645	0.1433     	1.05849 
320	42    	0.614284 	0.270528	0.136913   	1.05849 
321	47    	0.534768 	0.31263 	0.0631264  	1.05849 
322	46    	0.549376 	0.363295	-1         	1.05849 
323	48    	0.473219 	0.275732	0.119791   	1.05711 
324	46    	0.524249 	0.357883	-1         	1.05009 
325	44    	0.521085 	0.278722	0.0665732  	1.053   
326	45    	0.474532 	0.291927	0.0800871  	1.05711 
327	48    	0.490595 	0.267119	0.1579     	0.940359
328	49    	0.459941 	0.388537	-1         	1.0046  
329	44    	0.567204 	0.300029	0.107121   	0.997381
330	44    	0.525163 	0.295379	-0.0166667 	0.997381
331	46    	0.460815 	0.357109	-1         	0.997381
332	46    	0.553919 	0.272068	0.0917688  	1.05949 
333	49    	0.469703 	0.26511 	-0.02      	0.964832
334	44    	0.428469 	0.390419	-1         	0.964832
335	46    	0.532099 	0.408024	-1         	1.04793 
336	42    	0.589066 	0.276576	0.0947725  	1.04793 
337	47    	0.537625 	0.271115	0.176717   	1.04793 
338	48    	0.513516 	0.275693	-0.0171435 	1.05711 
339	48    	0.513483 	0.251835	0.171455   	0.981006
340	46    	0.491346 	0.260019	-0.0166638 	0.981006
341	50    	0.364744 	0.419517	-1         	0.93659 
342	47    	0.451935 	0.244704	0.07081    	0.949295
343	46    	0.525308 	0.233739	0.177042   	0.972832
344	46    	0.559042 	0.252547	0.0629998  	0.972832
345	48    	0.516304 	0.334639	-1         	1.08787 
346	48    	0.520483 	0.283129	-0.0171429 	1.04246 
347	46    	0.483967 	0.27334 	0.0590516  	1.04246 
348	48    	0.529135 	0.371259	-1         	1.08764 
349	44    	0.438869 	0.414695	-1         	1.03963 
350	42    	0.578586 	0.298704	-0.0174999 	1.03963 
351	47    	0.61349  	0.330172	-0.0175    	1.05132 
352	44    	0.586793 	0.321822	-0.0160001 	1.17361 
353	46    	0.5197   	0.28813 	0.154513   	1.17361 
354	44    	0.513809 	0.287964	0.177594   	1.05132 
355	47    	0.440183 	0.273449	-0.0171429 	1.05132 
356	44    	0.500935 	0.258639	0.0940761  	1.05132 
357	45    	0.471128 	0.275045	0.0632659  	1.05132 
358	44    	0.572207 	0.353382	-1         	1.05132 
359	46    	0.598818 	0.292939	0.162484   	1.05132 
360	45    	0.580988 	0.32479 	-0.0185715 	1.12185 
361	47    	0.531882 	0.284883	0.169487   	1.05132 
362	45    	0.521896 	0.34612 	-1         	1.05132 
363	43    	0.564139 	0.294068	-0.0166667 	1.05132 
364	49    	0.457088 	0.256522	0.133466   	0.970081
365	45    	0.554093 	0.23629 	0.162252   	0.970081
366	46    	0.573958 	0.239171	0.176057   	0.970081
367	45    	0.577813 	0.259576	0.123353   	1.01462 
368	44    	0.499932 	0.275655	-0.016     	1.01462 
369	46    	0.588711 	0.280068	0.200561   	1.07594 
370	47    	0.523651 	0.298249	-0.0171429 	1.01462 
371	47    	0.519652 	0.351877	-1         	1.01462 
372	45    	0.573446 	0.345344	-1         	0.98799 
373	45    	0.555455 	0.283588	-0.0166666 	0.98799 
374	47    	0.604948 	0.282699	0.141776   	1.07594 
375	45    	0.538503 	0.308597	0.178807   	1.08558 
376	46    	0.551294 	0.407645	-1         	1.10371 
377	44    	0.490671 	0.38404 	-1         	1.10371 
378	44    	0.578298 	0.294963	-0.018     	1.10371 
379	47    	0.488151 	0.278165	0.0974458  	1.04971 
380	42    	0.518433 	0.319152	-0.016     	1.04971 
381	47    	0.465902 	0.275348	0.14899    	1.04971 
382	49    	0.337352 	0.31048 	-1         	0.986613
383	44    	0.551392 	0.235851	-0.0133333 	0.986613
384	49    	0.403405 	0.304085	-1         	0.986613
385	46    	0.442927 	0.38861 	-1         	0.986613
386	47    	0.534582 	0.251346	0.0984848  	0.988171
387	46    	0.586679 	0.264521	0.181766   	1.05733 
388	45    	0.409096 	0.408259	-1         	1.05733 
389	46    	0.516137 	0.406459	-1         	1.05733 
390	46    	0.51357  	0.271238	-0.0166667 	1.03633 
391	45    	0.430097 	0.442266	-1         	0.947283
392	48    	0.478547 	0.329282	-1         	1.03633 
393	45    	0.428017 	0.374027	-1         	1.03633 
394	42    	0.550814 	0.272088	0.134076   	1.03633 
395	47    	0.453019 	0.266162	-0.0177778 	0.999289
396	44    	0.443784 	0.401845	-1         	0.999289
397	48    	0.3706   	0.386578	-1         	0.990931
398	45    	0.452484 	0.321484	-1         	0.922858
399	46    	0.435588 	0.320692	-1         	0.935969
400	49    	0.500022 	0.326845	-1         	0.986837
401	47    	0.398074 	0.428315	-1         	0.903104
402	45    	0.387297 	0.368505	-1         	0.901185
403	44    	0.517464 	0.331219	-1         	0.922858
404	47    	0.417289 	0.434174	-1         	0.993882
405	47    	0.455146 	0.330723	-1         	1.0141  
406	44    	0.529605 	0.350705	-1         	1.0141  
407	43    	0.530319 	0.288054	0.0741117  	1.0141  
408	44    	0.404827 	0.488205	-1         	1.0141  
409	48    	0.479741 	0.403897	-1         	0.994016
410	46    	0.502207 	0.327698	-1         	0.994016
411	46    	0.541859 	0.393795	-1         	0.947248
412	47    	0.545594 	0.31624 	-1         	0.992317
413	50    	0.375909 	0.46176 	-1         	0.917434
414	46    	0.47378  	0.388087	-1         	1.04295 
415	47    	0.502999 	0.345032	-1         	1.049   
416	48    	0.533985 	0.399487	-1         	0.978501
417	49    	0.515397 	0.335629	-1         	0.983187
418	43    	0.59014  	0.392492	-1         	0.983187
419	45    	0.570058 	0.384209	-1         	1.036   
420	46    	0.614256 	0.320606	-1         	1.11785 
421	48    	0.563731 	0.26687 	-0.0171429 	1.036   
422	46    	0.516081 	0.359555	-1         	1.05331 
423	47    	0.565072 	0.36346 	-1         	1.05331 
424	47    	0.538166 	0.386805	-1         	1.05331 
425	49    	0.523399 	0.249911	0.168358   	1.05339 
426	43    	0.501871 	0.343391	-1         	1.05331 
427	46    	0.568012 	0.264345	0.191283   	1.05331 
428	45    	0.505442 	0.403734	-1         	1.05331 
429	48    	0.56834  	0.330232	-1         	1.04449 
430	48    	0.585878 	0.226586	0.174415   	0.918905
431	49    	0.386066 	0.359905	-1         	0.928714
432	46    	0.503611 	0.313722	-1         	1.00758 
433	45    	0.562206 	0.217164	0.221012   	0.927548
434	47    	0.505971 	0.397945	-1         	0.987684
435	46    	0.40745  	0.432645	-1         	0.935482
436	48    	0.482177 	0.401099	-1         	0.997173
437	49    	0.475057 	0.341774	-1         	0.997173
438	47    	0.458577 	0.461889	-1         	1.0496  
439	47    	0.479522 	0.330171	-1         	0.953385
440	47    	0.525685 	0.248623	-0.02      	0.987261
441	47    	0.469096 	0.249045	0.0942552  	0.909945
442	45    	0.551894 	0.225882	0.197614   	0.908852
443	46    	0.466752 	0.428284	-1         	0.910462
444	49    	0.49553  	0.411386	-1         	0.990086
445	47    	0.46828  	0.33201 	-1         	0.907856
446	48    	0.476634 	0.214209	0.0642265  	0.904857
447	41    	0.591604 	0.303315	-1         	0.904857
448	50    	0.460329 	0.359743	-1         	0.834238
449	45    	0.561998 	0.21256 	-0.02      	0.883046
450	45    	0.368793 	0.415497	-1         	0.883046
451	44    	0.427135 	0.386378	-1         	0.883046
452	47    	0.513269 	0.227889	0.11514    	0.973666
453	47    	0.489839 	0.335025	-1         	0.973666
454	46    	0.532485 	0.260265	0.143818   	0.973666
455	45    	0.473173 	0.41513 	-1         	1.08929 
456	41    	0.532704 	0.352356	-1         	1.08929 
457	47    	0.426561 	0.447966	-1         	1.12064 
458	46    	0.465528 	0.401163	-1         	1.12064 
459	46    	0.506791 	0.392916	-1         	1.1852  
460	45    	0.563497 	0.36846 	-1         	1.1852  
461	47    	0.386038 	0.446852	-1         	1.1852  
462	48    	0.295392 	0.547069	-1         	1.06009 
463	44    	0.498782 	0.466804	-1         	1.06009 
464	42    	0.472952 	0.527912	-1         	1.08615 
465	43    	0.529995 	0.434254	-1         	1.0675  
466	44    	0.604001 	0.389989	-1         	1.10497 
467	47    	0.38515  	0.50577 	-1         	1.10497 
468	43    	0.573821 	0.288299	0.189642   	1.10497 
469	46    	0.510257 	0.417878	-1         	1.10497 
470	46    	0.496744 	0.403787	-1         	1.08208 
471	46    	0.464717 	0.396698	-1         	1.00299 
472	47    	0.359574 	0.501115	-1         	0.982541
473	43    	0.513151 	0.474309	-1         	1.10934 
474	44    	0.452345 	0.470529	-1         	1.10934 
475	49    	0.313445 	0.540905	-1         	1.01723 
476	46    	0.48246  	0.452609	-1         	1.09228 
477	45    	0.414042 	0.482904	-1         	1.03996 
478	48    	0.503334 	0.390546	-1         	1.02586 
479	43    	0.295137 	0.616794	-1         	1.02586 
480	45    	0.414571 	0.497595	-1         	1.02586 
481	47    	0.412257 	0.53611 	-1         	1.02586 
482	47    	0.438443 	0.377421	-1         	0.986147
483	45    	0.509568 	0.329222	-1         	1.03136 
484	49    	0.448125 	0.311519	-1         	1.02986 
485	46    	0.499074 	0.351544	-1         	1.03136 
486	43    	0.5317   	0.35846 	-1         	1.0449  
487	48    	0.493055 	0.260951	0.0964582  	1.04473 
488	45    	0.459506 	0.408356	-1         	0.985977
489	47    	0.492336 	0.257096	0.162694   	1.16567 
490	44    	0.520874 	0.29226 	-0.016     	1.16567 
491	44    	0.451313 	0.368616	-1         	1.16567 
492	43    	0.500707 	0.461049	-1         	1.16567 
493	48    	0.507703 	0.318119	0.152528   	1.16567 
494	44    	0.516424 	0.438062	-1         	1.11214 
495	48    	0.532072 	0.311014	0.156135   	1.11064 
496	45    	0.372564 	0.391252	-1         	1.11064 
497	48    	0.412869 	0.458517	-1         	1.11064 
498	46    	0.408128 	0.295223	-0.0177777 	1.11064 
499	46    	0.461087 	0.392063	-1         	1.11064 
500	44    	0.428006 	0.321321	-0.0166666 	1.11064 
501	45    	0.401792 	0.355826	-1         	1.11064 
502	44    	0.439688 	0.3044  	0.100129   	1.11064 
503	48    	0.414249 	0.272429	0.0928888  	1.11064 
504	43    	0.453915 	0.279924	0.0988282  	1.04229 
505	40    	0.483149 	0.37506 	-1         	1.04229 
506	50    	0.342012 	0.251638	-0.01      	0.990966
507	44    	0.493875 	0.266026	-0.0150003 	1.03414 
508	46    	0.445011 	0.332898	-1         	0.990966
509	46    	0.472675 	0.272891	-0.018     	0.990966
510	43    	0.504169 	0.290126	0.0743274  	1.10509 
511	44    	0.492608 	0.288945	0.128018   	1.04353 
512	46    	0.513186 	0.257225	0.172448   	1.04353 
513	50    	0.373898 	0.294779	-1         	0.929928
514	46    	0.42243  	0.229849	-0.0179994 	0.883434
515	48    	0.468398 	0.227432	-0.0166667 	0.926282
516	49    	0.532718 	0.237406	0.144399   	0.930843
517	43    	0.517704 	0.260156	0.176009   	1.07874 
518	45    	0.539536 	0.25683 	-0.0166667 	0.935507
519	48    	0.490593 	0.351746	-1         	0.991821
520	49    	0.457292 	0.243523	0.0792006  	0.983613
521	44    	0.49561  	0.321437	-1         	0.983613
522	46    	0.363168 	0.351348	-1         	0.983613
523	45    	0.431872 	0.203733	0.103507   	0.809306
524	45    	0.512127 	0.195498	0.175406   	0.886739
525	47    	0.46575  	0.384904	-1         	0.93712 
526	45    	0.473697 	0.228222	0.0594467  	0.936835
527	46    	0.476906 	0.257535	-0.0160001 	0.991671
528	46    	0.474816 	0.33303 	-1         	0.991671
529	50    	0.487228 	0.237145	-0.0175    	0.884373
530	47    	0.467124 	0.230219	0.138828   	0.898791
531	46    	0.397199 	0.295149	-1         	0.902667
532	46    	0.517818 	0.24453 	0.136597   	0.899097
533	46    	0.429015 	0.39442 	-1         	0.896735
534	46    	0.501725 	0.267656	-0.017143  	0.906465
535	46    	0.539533 	0.266952	0.0839766  	0.98595 
536	41    	0.518772 	0.30974 	0.0778526  	0.98595 
537	46    	0.480959 	0.300937	-0.0184615 	1.04463 
538	44    	0.501856 	0.261228	0.135661   	0.963731
539	44    	0.521641 	0.275526	0.118502   	0.975679
540	42    	0.566801 	0.306355	-0.0133333 	0.975679
541	46    	0.488982 	0.29953 	0.11203    	0.975679
542	46    	0.524591 	0.306914	-0.018     	1.05273 
543	44    	0.528868 	0.295947	-0.0166666 	1.05273 
544	47    	0.501604 	0.273364	-0.0177778 	1.05273 
545	43    	0.586074 	0.286588	0.148685   	1.05273 
546	44    	0.479426 	0.305063	0.0476837  	1.05273 
547	44    	0.455107 	0.287875	0.0857108  	1.03067 
548	46    	0.495167 	0.300513	-0.0181818 	1.03116 
549	45    	0.443853 	0.315174	-0.0181817 	1.03464 
550	45    	0.443061 	0.294942	-0.0133333 	1.05924 
551	45    	0.366426 	0.385419	-1         	1.05924 
552	49    	0.455221 	0.265577	-0.018     	0.991666
553	47    	0.426555 	0.384407	-1         	1.05123 
554	48    	0.311933 	0.491372	-1         	0.998605
555	44    	0.325536 	0.497899	-1         	0.998605
556	48    	0.215294 	0.679602	-1         	1.00359 
557	47    	0.321754 	0.621381	-1         	0.994068
558	47    	0.382941 	0.392749	-1         	0.988242
559	46    	0.508172 	0.404933	-1         	0.988242
560	46    	0.496434 	0.355506	-1         	0.994068
561	45    	0.509772 	0.383682	-1         	1.05216 
562	46    	0.417241 	0.511226	-1         	1.09896 
563	45    	0.597029 	0.378781	-1         	1.09896 
564	47    	0.464489 	0.421452	-1         	1.09896 
565	47    	0.443877 	0.433459	-1         	1.09896 
566	46    	0.516193 	0.393296	-1         	1.09469 
567	46    	0.587763 	0.411859	-1         	1.09563 
568	48    	0.436245 	0.533659	-1         	1.09191 
569	47    	0.334121 	0.550587	-1         	1.09712 
570	45    	0.463332 	0.336716	-0.0171231 	1.09712 
571	47    	0.589981 	0.368555	-0.02      	1.09712 
572	44    	0.44145  	0.395395	-1         	1.09712 
573	45    	0.42048  	0.432562	-1         	1.09712 
574	46    	0.473882 	0.333552	-0.0175    	1.09712 
575	46    	0.409358 	0.474612	-1         	1.09712 
576	48    	0.436768 	0.372331	-1         	1.17072 
577	45    	0.545801 	0.382236	-1         	1.17072 
578	48    	0.404711 	0.425492	-1         	1.17072 
579	46    	0.409555 	0.417402	-1         	1.17072 
580	47    	0.419876 	0.414279	-1         	1.17072 
581	46    	0.445214 	0.273175	-0.0166667 	1.08762 
582	45    	0.442642 	0.253778	-0.0166667 	1.04499 
583	48    	0.31495  	0.398294	-1         	0.928975
584	45    	0.460511 	0.225626	0.182266   	0.928975
585	46    	0.518197 	0.230841	0.153841   	0.954871
586	45    	0.492168 	0.347803	-1         	0.954871
587	49    	0.477933 	0.40572 	-1         	0.954871
588	48    	0.383228 	0.386038	-1         	0.990179
589	47    	0.48606  	0.335965	-1         	0.992183
590	48    	0.43704  	0.445275	-1         	0.963034
591	42    	0.390851 	0.446936	-1         	0.963034
592	46    	0.391528 	0.382172	-1         	0.963034
593	47    	0.431462 	0.450302	-1         	0.989794
594	45    	0.414478 	0.336915	-1         	0.989794
595	48    	0.504655 	0.348572	-1         	0.990131
596	45    	0.435652 	0.462145	-1         	0.990131
597	47    	0.414848 	0.403568	-1         	0.993725
598	43    	0.506887 	0.417134	-1         	0.993725
599	40    	0.620041 	0.360531	-1         	1.00287 
600	46    	0.460282 	0.474337	-1         	1.00066 
601	45    	0.527634 	0.418868	-1         	1.00066 
602	45    	0.451072 	0.416992	-1         	1.00066 
603	50    	0.463398 	0.398977	-1         	0.993239
604	45    	0.476593 	0.4545  	-1         	1.00273 
605	41    	0.622453 	0.285396	0.14061    	1.00362 
606	46    	0.466867 	0.294306	0.0859454  	1.00362 
607	49    	0.403141 	0.274636	-0.0166667 	1.04343 
608	46    	0.468445 	0.303684	-0.0150001 	1.05056 
609	46    	0.466227 	0.31581 	0.0536926  	1.04343 
610	49    	0.467538 	0.286898	-0.016     	1.04343 
611	48    	0.433911 	0.26765 	0.0958982  	0.92436 
612	45    	0.502841 	0.265678	-0.0133333 	0.936926
613	47    	0.456642 	0.264072	-0.015     	0.974891
614	43    	0.453489 	0.289672	-0.0150002 	0.976818
615	44    	0.46834  	0.297597	-0.0166667 	0.976818
616	44    	0.428516 	0.284763	0.0903781  	0.976818
617	46    	0.370164 	0.268062	0.0840541  	0.976818
618	46    	0.448759 	0.274835	-0.0171429 	0.925809
619	47    	0.44589  	0.260065	0.139499   	0.925809
620	47    	0.448424 	0.263279	-0.0144789 	0.908358
621	46    	0.433059 	0.260905	0.083675   	0.911882
622	46    	0.448279 	0.238954	0.074418   	0.875605
623	48    	0.429191 	0.283091	-0.016     	0.913003
624	46    	0.43638  	0.25969 	-0.0150001 	0.870768
625	49    	0.456726 	0.237364	0.082009   	0.888004
626	43    	0.477399 	0.240257	0.0849999  	0.888004
627	49    	0.455593 	0.254241	-0.0166667 	0.919672
628	45    	0.487577 	0.26483 	0.15352    	0.919672
629	44    	0.52741  	0.28028 	-0.0177777 	0.975527
630	47    	0.526346 	0.267155	0.113251   	0.975527
631	44    	0.520452 	0.267042	0.115558   	0.975527
632	46    	0.408287 	0.258082	-0.0181818 	0.975527
633	44    	0.509711 	0.277017	-0.02      	0.975527
634	46    	0.527835 	0.270371	0.145506   	1.05134 
635	48    	0.476919 	0.281511	-0.0150001 	1.0298  
636	48    	0.419791 	0.271182	0.0996093  	1.09053 
637	43    	0.508158 	0.285669	-0.0177778 	0.977285
638	43    	0.528873 	0.317832	-0.0133333 	0.975904
639	48    	0.475973 	0.278419	0.0957876  	0.977457
640	45    	0.437003 	0.274651	-0.01      	0.977457
641	47    	0.472478 	0.286247	-0.0166666 	0.98613 
642	44    	0.411436 	0.328501	-1         	0.98613 
643	42    	0.545079 	0.28615 	-0.0171429 	0.98613 
644	47    	0.401962 	0.332909	-1         	1.09143 
645	43    	0.445745 	0.344538	-1         	0.99048 
646	46    	0.427027 	0.268362	-0.01      	1.00362 
647	45    	0.488443 	0.224883	0.0967961  	1.00095 
648	46    	0.379118 	0.2548  	-0.02      	0.98613 
649	48    	0.41555  	0.23298 	-0.0171428 	1.00362 
650	46    	0.456818 	0.222016	-0.01      	1.00362 
651	47    	0.462045 	0.234883	0.0866461  	1.00362 
652	44    	0.531691 	0.264125	0.0938883  	1.00362 
653	43    	0.531193 	0.29212 	0.145717   	1.12057 
654	48    	0.52567  	0.304367	-0.02      	1.12057 
655	43    	0.431529 	0.301648	-0.0177778 	1.12057 
656	45    	0.480523 	0.281586	-0.0166666 	1.12057 
657	43    	0.510843 	0.313309	-0.018     	1.12057 
658	47    	0.43215  	0.277087	-0.0177778 	1.09143 
659	49    	0.464826 	0.230963	0.0692831  	0.93819 
660	47    	0.521174 	0.242289	-0.02      	0.928894
661	48    	0.474794 	0.238267	0.0966793  	0.966608
662	48    	0.562875 	0.271505	0.0853167  	0.928894
663	48    	0.411339 	0.246431	-0.0171428 	0.923118
664	48    	0.448473 	0.276728	-0.0133332 	0.926329
665	45    	0.478057 	0.285417	0.075175   	1.01581 
666	49    	0.462487 	0.277562	0.115733   	1.06758 
667	47    	0.443542 	0.268829	0.0849185  	1.06758 
668	49    	0.435934 	0.271124	-0.01      	0.977595
669	42    	0.476048 	0.312557	-0.016     	1.01186 
670	48    	0.409296 	0.254477	0.0750975  	0.962275
671	44    	0.542661 	0.29826 	0.134585   	1.01186 
672	48    	0.403561 	0.268263	-0.0171415 	1.05525 
673	48    	0.427216 	0.288716	-0.0181818 	0.974051
674	50    	0.449125 	0.250609	0.112072   	0.974051
675	47    	0.374926 	0.264003	-0.0183333 	0.917068
676	43    	0.485847 	0.27602 	-0.01      	0.980071
677	45    	0.45072  	0.270157	-0.0133333 	0.982995
678	46    	0.414585 	0.261922	-0.0177778 	0.980071
679	45    	0.49861  	0.270197	0.125795   	0.980071
680	45    	0.506932 	0.272222	0.169956   	0.980071
681	45    	0.423456 	0.293867	-0.0177778 	0.980071
682	46    	0.453706 	0.290091	-0.0166667 	0.980071
683	46    	0.408669 	0.259201	-0.0166667 	0.980071
684	46    	0.466938 	0.259452	0.159468   	0.909243
685	45    	0.449665 	0.275071	-0.017141  	1.0092  
686	45    	0.476091 	0.284751	-0.0150001 	0.978189
687	49    	0.426446 	0.273416	0.063547   	0.976874
688	47    	0.467097 	0.282712	0.0627922  	0.976874
689	46    	0.508585 	0.276052	0.0993063  	0.977391
690	48    	0.448199 	0.281112	-0.01      	0.977391
691	45    	0.468485 	0.271002	-0.0166666 	0.977391
692	47    	0.515758 	0.269141	0.122473   	0.978189
693	46    	0.542863 	0.280881	0.080912   	0.997729
694	49    	0.39863  	0.247175	-0.0166652 	1.08394 
695	47    	0.499136 	0.306406	0.113357   	1.08394 
696	47    	0.453149 	0.313521	-0.0175    	1.08078 
697	46    	0.467498 	0.298735	-0.016     	1.08078 
698	47    	0.456288 	0.290827	0.0723091  	1.08447 
699	47    	0.483668 	0.272246	-0.0171428 	1.03963 
700	43    	0.458397 	0.260586	0.0981448  	1.03963 
701	45    	0.509407 	0.270361	0.10759    	0.961718
702	48    	0.44857  	0.299099	-0.0166667 	1.08447 
703	47    	0.536475 	0.246453	0.130032   	0.95711 
704	44    	0.502967 	0.277006	0.0648986  	0.95711 
705	46    	0.472211 	0.264915	-0.0199999 	0.95711 
706	43    	0.508114 	0.286467	-0.016     	0.972192
707	42    	0.484867 	0.271033	0.0757133  	0.930548
708	45    	0.453506 	0.286032	-0.0166667 	0.930548
709	46    	0.541236 	0.27872 	0.0413548  	0.972192
710	46    	0.448391 	0.2978  	-0.0177778 	1.01562 
711	46    	0.487372 	0.316765	-0.015     	1.01621 
712	48    	0.443269 	0.301529	-0.0166667 	0.975709
713	45    	0.433508 	0.272019	0.0680522  	0.975709
714	48    	0.396968 	0.23232 	0.0759023  	0.975709
715	45    	0.508873 	0.255929	-0.015     	0.975709
716	46    	0.570781 	0.26081 	0.0791613  	0.975709
717	43    	0.522154 	0.299407	-0.016664  	0.992292
718	44    	0.516379 	0.296133	0.0596463  	0.991877
719	42    	0.547641 	0.298013	-0.0150001 	0.991877
720	47    	0.422708 	0.23632 	0.14893    	0.991877
721	46    	0.483031 	0.256299	0.116322   	0.991877
722	41    	0.492199 	0.301048	0.0995459  	1.00053 
723	50    	0.385488 	0.218438	0.155751   	1.00436 
724	50    	0.246427 	0.351276	-1         	0.909281
725	45    	0.395684 	0.198801	-0.016664  	0.943049
726	45    	0.371276 	0.348123	-1         	0.857688
727	46    	0.465629 	0.220116	0.169169   	0.979762
728	47    	0.443834 	0.337683	-1         	1.00436 
729	49    	0.41175  	0.25902 	0.109145   	0.998097
730	46    	0.425824 	0.228664	0.111435   	0.912079
731	44    	0.45539  	0.266154	-0.0166667 	0.912079
732	48    	0.410615 	0.27513 	-0.0171428 	0.923873
733	41    	0.533383 	0.268629	0.101201   	0.920016
734	44    	0.519677 	0.274484	0.106011   	0.920016
735	47    	0.478137 	0.279257	-0.0133333 	0.920016
736	48    	0.446307 	0.262024	0.101641   	0.972035
737	48    	0.456935 	0.299546	0.0797176  	1.05086 
738	45    	0.460351 	0.305278	-0.016     	0.988977
739	43    	0.516286 	0.326445	-0.0160002 	0.998611
740	45    	0.478202 	0.366827	-1         	0.99735 
741	47    	0.513835 	0.305169	0.101194   	0.988977
742	46    	0.426122 	0.27381 	-0.0166667 	0.988977
743	44    	0.518225 	0.289985	0.137467   	0.997646
744	44    	0.472038 	0.291697	-0.0166667 	0.997646
745	49    	0.454184 	0.289645	-0.02      	0.997646
746	47    	0.457456 	0.246896	0.192773   	0.997646
747	47    	0.484381 	0.313175	-0.02      	1.06027 
748	49    	0.408862 	0.233351	0.120343   	0.972024
749	43    	0.507977 	0.273672	0.0851229  	1.06027 
750	43    	0.520477 	0.296883	0.132562   	1.06027 
751	47    	0.561981 	0.327637	-0.0171428 	1.06027 
752	47    	0.489872 	0.309528	0.0638436  	1.06027 
753	48    	0.367515 	0.273695	-0.01281   	1.05714 
754	45    	0.431495 	0.346365	-1         	1.05714 
755	46    	0.39749  	0.407204	-1         	0.994569
756	47    	0.429006 	0.253574	0.116334   	0.994569
757	47    	0.494995 	0.258482	0.101626   	0.994569
758	47    	0.398288 	0.253806	-0.02      	1.04097 
759	46    	0.386161 	0.241059	-0.016     	1.04097 
760	46    	0.415444 	0.246092	-0.016     	1.04097 
761	48    	0.400907 	0.264495	0.102905   	0.892829
762	46    	0.48419  	0.246904	0.0975204  	0.93644 
763	47    	0.493789 	0.270081	-0.014999  	0.896467
764	45    	0.492624 	0.263721	0.0956222  	0.896467
765	44    	0.477364 	0.27898 	-0.0171428 	0.896467
766	45    	0.479665 	0.289845	-0.0175    	0.896467
767	47    	0.483004 	0.289407	-0.0171429 	0.974093
768	48    	0.467941 	0.272612	-0.0171429 	0.965519
769	45    	0.552286 	0.271612	0.123827   	0.975184
770	44    	0.439448 	0.312427	-0.0166667 	0.975184
771	46    	0.456665 	0.275023	-0.0181818 	0.975184
772	45    	0.440487 	0.265141	0.0641517  	0.975184
773	46    	0.468682 	0.29948 	-0.0159967 	0.975184
774	48    	0.43382  	0.272249	-0.0175    	0.965519
775	44    	0.488124 	0.279004	0.151256   	0.940702
776	46    	0.471954 	0.287499	-0.02      	0.954742
777	44    	0.530717 	0.286719	-0.02      	0.954742
778	43    	0.465176 	0.295111	0.126598   	0.975184
779	46    	0.512014 	0.298184	-0.0160004 	0.975184
780	47    	0.561507 	0.280937	0.136305   	0.975184
781	47    	0.47144  	0.296368	-0.0199999 	0.991615
782	47    	0.438317 	0.285205	-0.0171413 	0.965519
783	48    	0.48356  	0.269291	-0.0160001 	0.911209
784	48    	0.441719 	0.267043	0.0901026  	0.918433
785	48    	0.505147 	0.256737	0.124723   	0.978364
786	46    	0.509217 	0.27378 	-0.0171427 	0.920804
787	44    	0.414242 	0.248211	0.10006    	0.920804
788	44    	0.494958 	0.281103	0.0769956  	0.994527
789	45    	0.509251 	0.278094	0.0859481  	0.994527
790	45    	0.42213  	0.2785  	-0.0175    	0.970457
791	43    	0.482914 	0.277554	0.0636     	0.970457
792	47    	0.457254 	0.265587	-0.01      	0.971511
793	45    	0.449839 	0.290965	-0.0171428 	0.993451
794	46    	0.460402 	0.27128 	-0.0133334 	0.993451
795	45    	0.502306 	0.273332	0.156309   	0.993451
796	45    	0.476807 	0.288064	-0.0133334 	0.987571
797	46    	0.428463 	0.289427	-0.0133333 	0.988029
798	47    	0.439119 	0.260269	0.0682416  	0.988029
799	49    	0.48842  	0.279008	-0.0166667 	0.980839
800	45    	0.50091  	0.291959	-0.02      	0.980839
801	45    	0.444882 	0.30292 	-0.0179999 	0.987989
802	45    	0.459622 	0.302438	-0.0175    	0.980839
803	44    	0.52727  	0.296053	0.0774919  	0.998418
804	46    	0.50554  	0.31889 	-0.0171415 	1.00704 
805	43    	0.443547 	0.304446	-0.0177778 	1.00704 
806	44    	0.485495 	0.291791	0.111486   	1.00704 
807	45    	0.468402 	0.307458	0.110574   	1.00704 
808	43    	0.41504  	0.2947  	-0.016     	1.00704 
809	45    	0.490909 	0.279622	0.161731   	1.00704 
810	48    	0.365567 	0.224379	0.110574   	0.961391
811	42    	0.475622 	0.264809	0.0999523  	0.961391
812	47    	0.469012 	0.269598	-0.0200001 	0.961391
813	47    	0.412969 	0.250351	0.111704   	0.961391
814	48    	0.416194 	0.207048	0.119638   	0.919821
815	41    	0.475783 	0.236373	0.123293   	0.99076 
816	45    	0.397627 	0.235727	0.0533706  	0.919821
817	42    	0.519646 	0.241433	0.168173   	0.920218
818	49    	0.387653 	0.254378	-0.01      	0.906534
819	48    	0.447588 	0.250331	0.101534   	0.920401
820	45    	0.498769 	0.271757	0.0956638  	0.920401
821	47    	0.441622 	0.278048	0.130399   	0.987131
822	46    	0.451571 	0.257675	0.0901593  	0.987131
823	45    	0.435998 	0.259264	-0.0160001 	0.987131
824	49    	0.403582 	0.267002	0.0809982  	0.987131
825	48    	0.391266 	0.23958 	0.130567   	0.920467
826	46    	0.458641 	0.252855	-0.02      	0.920941
827	46    	0.433796 	0.253044	0.109547   	0.978943
828	41    	0.443941 	0.266603	-0.0133333 	0.978943
829	47    	0.410286 	0.265799	-0.0159999 	1.02863 
830	48    	0.326888 	0.191175	0.102936   	0.896914
831	49    	0.425396 	0.18743 	0.0863482  	0.828621
832	46    	0.397203 	0.297254	-1         	0.872316
833	46    	0.456013 	0.228926	0.163503   	0.872316
834	46    	0.373144 	0.299617	-1         	0.843348
835	48    	0.397335 	0.228091	-0.0171429 	0.896958
836	45    	0.425945 	0.228094	0.132915   	0.87183 
837	45    	0.41424  	0.251731	0.104393   	0.892864
838	48    	0.35685  	0.243164	-0.0222222 	0.921112
839	48    	0.353719 	0.218835	-0.018     	0.897724
840	45    	0.378621 	0.30889 	-1         	0.897724
841	47    	0.354926 	0.220706	-0.01      	0.897724
842	48    	0.257404 	0.374298	-1         	0.897724
843	45    	0.396457 	0.200274	0.0821824  	0.897724
844	48    	0.409915 	0.203179	-0.0171428 	0.897724
845	48    	0.346374 	0.180595	0.104547   	0.73597 
846	46    	0.384188 	0.341393	-1         	0.879951
847	41    	0.395905 	0.291994	-1         	0.879951
848	50    	0.365196 	0.336869	-1         	0.820287
849	46    	0.396276 	0.274769	-1         	0.805511
850	45    	0.385514 	0.393138	-1         	0.805511
851	45    	0.455153 	0.350571	-1         	0.873802
852	46    	0.424009 	0.411452	-1         	0.913769
853	47    	0.426957 	0.277739	-1         	0.844202
854	43    	0.364272 	0.438263	-1         	0.815633
855	47    	0.414019 	0.397757	-1         	0.815633
856	45    	0.361845 	0.390342	-1         	0.798869
857	40    	0.478699 	0.226415	-0.0159965 	0.80135 
858	46    	0.349526 	0.345798	-1         	0.798869
859	43    	0.38201  	0.408468	-1         	0.804469
860	45    	0.191091 	0.591912	-1         	0.804469
861	48    	0.341541 	0.380487	-1         	0.806487
862	47    	0.434212 	0.187674	0.148702   	0.844396
863	48    	0.425608 	0.269243	-1         	0.844396
864	46    	0.263894 	0.466179	-1         	0.844396
865	45    	0.353938 	0.335785	-1         	0.786598
866	48    	0.360454 	0.361115	-1         	0.805845
867	49    	0.340135 	0.452024	-1         	0.820727
868	46    	0.236605 	0.53201 	-1         	0.807262
869	48    	0.408624 	0.292793	-1         	0.853759
870	49    	0.327423 	0.429925	-1         	0.853759
871	46    	0.493179 	0.303113	-1         	0.933797
872	45    	0.437955 	0.223421	0.104284   	0.849695
873	48    	0.287004 	0.418871	-1         	0.798923
874	46    	0.2561   	0.529946	-1         	0.787403
875	44    	0.290874 	0.496056	-1         	0.787403
876	48    	0.366662 	0.378376	-1         	0.787403
877	46    	0.3812   	0.382877	-1         	0.815052
878	41    	0.460273 	0.286304	-1         	0.815052
879	46    	0.38391  	0.271824	-1         	0.815052
880	47    	0.313839 	0.481432	-1         	0.904554
881	42    	0.388525 	0.418375	-1         	0.904554
882	43    	0.41746  	0.286394	-1         	0.817177
883	49    	0.444014 	0.290189	-1         	0.820005
884	43    	0.386047 	0.399044	-1         	0.820005
885	47    	0.42876  	0.353151	-1         	0.801922
886	45    	0.344712 	0.47967 	-1         	0.820005
887	46    	0.438633 	0.354336	-1         	0.877296
888	45    	0.500595 	0.223556	0.169904   	0.895259
889	46    	0.438059 	0.416249	-1         	0.895259
890	49    	0.433997 	0.365526	-1         	0.947136
891	44    	0.460131 	0.315107	-1         	0.947136
892	47    	0.416319 	0.312584	-1         	0.98542 
893	46    	0.365736 	0.424694	-1         	0.923044
894	43    	0.51478  	0.246481	0.170514   	0.923044
895	43    	0.447294 	0.316904	-1         	0.946208
896	44    	0.425541 	0.371592	-1         	0.958182
897	47    	0.415392 	0.365224	-1         	0.98542 
898	47    	0.389843 	0.47961 	-1         	0.967574
899	47    	0.36786  	0.464317	-1         	0.96488 
900	46    	0.456823 	0.305278	-1         	0.98542 
901	44    	0.539955 	0.332721	-1         	0.96488 
902	48    	0.379908 	0.374684	-1         	0.898092
903	48    	0.409398 	0.419099	-1         	0.918279
904	42    	0.447071 	0.486052	-1         	0.918279
905	45    	0.474305 	0.321242	-1         	0.930973
906	46    	0.523805 	0.237942	0.11896    	0.930973
907	47    	0.49943  	0.332116	-1         	1.01547 
908	45    	0.456619 	0.386114	-1         	1.01547 
909	47    	0.392811 	0.493822	-1         	1.08405 
910	47    	0.410114 	0.401236	-1         	0.955377
911	49    	0.407591 	0.314984	-1         	0.919761
912	44    	0.512057 	0.346533	-1         	0.955377
913	44    	0.57803  	0.272658	0.20264    	1.01306 
914	45    	0.424465 	0.32632 	-1         	0.951248
915	49    	0.373982 	0.413518	-1         	0.860566
916	42    	0.480063 	0.428326	-1         	0.947959
917	45    	0.45127  	0.402541	-1         	0.957847
918	48    	0.475917 	0.339126	-1         	0.957847
919	48    	0.509669 	0.500594	-1         	1.01434 
920	47    	0.57578  	0.347821	-1         	1.03557 
921	47    	0.459083 	0.449179	-1         	1.03557 
922	50    	0.509337 	0.34249 	-1         	0.965716
923	45    	0.509264 	0.46894 	-1         	1.00468 
924	49    	0.497151 	0.327448	-1         	1.01163 
925	46    	0.401436 	0.477207	-1         	1.01163 
926	44    	0.448411 	0.446767	-1         	1.01163 
927	48    	0.358267 	0.362061	-1         	1.00403 
928	45    	0.482854 	0.463701	-1         	1.02471 
929	48    	0.457815 	0.355804	-1         	1.09245 
930	48    	0.465472 	0.417278	-1         	0.958469
931	44    	0.569382 	0.28762 	0.172852   	1.08149 
932	46    	0.420773 	0.284428	-0.0177778 	1.08149 
933	47    	0.451774 	0.397777	-1         	0.971709
934	47    	0.441313 	0.49822 	-1         	1.07808 
935	48    	0.377877 	0.443812	-1         	1.01172 
936	46    	0.49776  	0.277477	0.0894617  	0.971709
937	45    	0.504546 	0.41317 	-1         	0.958111
938	41    	0.598948 	0.351473	-1         	0.958111
939	45    	0.43339  	0.409837	-1         	1.03744 
940	48    	0.441049 	0.294311	0.0851559  	1.03744 
941	47    	0.389376 	0.404986	-1         	0.978408
942	46    	0.545392 	0.283578	0.0666312  	0.978408
943	48    	0.357118 	0.34007 	-1         	0.978408
944	43    	0.480595 	0.289656	0.115624   	1.04819 
945	47    	0.4425   	0.314876	-0.016     	1.04819 
946	43    	0.502394 	0.338927	-0.0166667 	1.04819 
947	48    	0.51578  	0.34441 	-0.0171429 	1.04958 
948	48    	0.535589 	0.314549	-0.02      	1.04819 
949	47    	0.548627 	0.336064	-0.0166652 	1.04819 
950	46    	0.416439 	0.32511 	-0.0166668 	0.980458
951	45    	0.502356 	0.313044	0.0741543  	0.987281
952	45    	0.620853 	0.298822	-0.015     	0.987281
953	46    	0.540153 	0.30472 	0.0909103  	0.987281
954	48    	0.526142 	0.295267	0.102531   	0.987233
955	43    	0.567708 	0.308872	0.101512   	0.987233
956	48    	0.481917 	0.311612	0.0683465  	1.11865 
957	42    	0.505515 	0.402486	-1         	1.11865 
958	47    	0.518028 	0.336116	-0.0175    	1.11865 
959	46    	0.532456 	0.348058	-0.0184615 	1.11865 
960	48    	0.488555 	0.378315	-0.0177778 	1.11979 
961	42    	0.518812 	0.366227	-0.015     	1.11979 
962	48    	0.485052 	0.334668	0.0589593  	1.11695 
963	47    	0.50397  	0.349951	-0.0166579 	1.14445 
964	46    	0.503479 	0.346917	-0.0166667 	1.11695 
965	47    	0.497761 	0.354466	-0.0183333 	1.06755 
966	45    	0.451118 	0.313981	-0.01      	1.04775 
967	45    	0.500571 	0.274955	0.0730565  	1.04775 
968	45    	0.498551 	0.292784	0.0949459  	1.04775 
969	50    	0.43531  	0.284023	-0.0133333 	1.11695 
970	45    	0.505769 	0.304833	-0.018     	1.11695 
971	45    	0.533633 	0.345037	-0.0150002 	1.11695 
972	44    	0.490694 	0.324016	0.110843   	1.11695 
973	46    	0.536634 	0.33845 	-0.016     	1.11695 
974	48    	0.488992 	0.345234	-0.0166667 	1.11695 
975	48    	0.44041  	0.310467	0.119459   	1.06823 
976	43    	0.516551 	0.321698	-0.015     	1.06823 
977	47    	0.493307 	0.31952 	0.0660678  	0.98535 
978	48    	0.503385 	0.320221	0.0587049  	0.98535 
979	44    	0.548736 	0.312653	-0.015     	1.03809 
980	46    	0.529256 	0.337261	0.107832   	1.03809 
981	44    	0.558744 	0.331897	0.0959825  	1.05054 
982	47    	0.419814 	0.292681	-0.01      	1.05054 
983	43    	0.502623 	0.306062	0.0941907  	0.986352
984	46    	0.541394 	0.319864	-0.0175    	1.06728 
985	47    	0.576802 	0.332561	0.136358   	1.11803 
986	46    	0.518793 	0.335531	-0.0160001 	1.11803 
987	48    	0.515808 	0.335557	-0.0171429 	1.02106 
988	46    	0.408417 	0.287946	-0.0150001 	1.02106 
989	47    	0.443196 	0.26594 	0.122408   	1.02106 
990	47    	0.419201 	0.283507	-0.0171429 	1.02106 
991	47    	0.442706 	0.280346	-0.0160001 	1.02106 
992	46    	0.46182  	0.324096	-0.0171429 	1.02106 
993	49    	0.36576  	0.249329	-0.02      	0.971194
994	48    	0.462442 	0.272907	-0.01      	0.971194
995	44    	0.54545  	0.275511	0.04038    	0.943501
996	49    	0.461139 	0.259263	0.137163   	0.973225
997	47    	0.45001  	0.263149	0.0866914  	0.958953
998	47    	0.426398 	0.260902	0.13852    	1.04724 
999	44    	0.56959  	0.300359	-0.02      	1.12304 
1000	49    	0.473956 	0.277306	0.116417   	1.02035 
Best individuals:
(1.1851963220661927,) 	-->	 /*9*/DDDDLRLRLRBRFFLBFLBRFLBFRRBLUDFUUUUUB
VMNeuronManager.autoload: Neuro classes added: Delay Light Nn PIDP PIDV SeeLight SeeLight2 S0 S1 Thr 
UserScripts.autoload: 19 user scripts added.
Simulator.load: Loading from 'eval-allcriteria.sim'
Loader.load: Comments read from file follow:
Loader.load:  Sample settings for evaluating many criteria of performance of a Framsticks creature.
Loader.load:  See the "evalcount" parameter if you want to speed the evaluation up or have a more stable result.
Loader.load:  Other important parameters are "Energy0" and "perfperiod".
Loader.load:  Put this file in the "data" subdirectory within the Framsticks distribution.
Simulator.load: Settings loaded from 'eval-allcriteria.sim'
Simulator.load: Loading from 'deterministic.sim'
Loader.load: Comments read from file follow:
Loader.load:  Parameter values that make the evaluation of a Framsticks creature deterministic.
Loader.load:  The values turn off random noise, so evaluation of the same genotype will always yield the same performance.
Loader.load:  The advantage is that you do not need to evaluate a genotype many times, and performance values are reliable.
Loader.load:  The disadvantage is that evolved creatures are "overfitting", i.e. rely entirely on the specific environment,
Loader.load:  and their behavior may be different in any other environment or (even slightly) changed conditions or parameter values,
Loader.load:  so each creature evolved using these settings must be later inspected using exactly the same setup.
Loader.load: 
Loader.load:  Before loading this file, load base settings, e.g. "eval-allcriteria.sim".
Loader.load:  Put this file in the "data" subdirectory within the Framsticks distribution.
Simulator.load: Settings loaded from 'deterministic.sim'
Simulator.load: Loading from 'sample-period-2.sim'
Loader.load: Comments read from file follow:
Loader.load:  Very low "performance sampling period" in the first population to sample performance very often during lifespan
Loader.load:  and avoid overlooking some behavior. Averaged performance of sampled values is returned as the final value.
Loader.load:  See http://www.framsticks.com/a/al_params.html#exper-perfcalc
Loader.load: 
Loader.load:  Before loading this file, load base settings, e.g. "eval-allcriteria.sim".
Loader.load:  Put this file in the "data" subdirectory within the Framsticks distribution.
Simulator.load: Loading from 'f9-mut-005.sim'
Simulator.load: Settings loaded from 'f9-mut-005.sim'
