gen	nevals	avg     	stddev	min     	max     
0  	50    	0.218369	0     	0.218369	0.218369
1  	48    	0.0619435	0.113036	-0.015  	0.356517
2  	48    	0.102467 	0.119807	-0.0160001	0.356513
3  	46    	0.185357 	0.145645	-0.0160001	0.58128 
4  	48    	0.195186 	0.192639	-0.02     	0.689268
5  	48    	0.29539  	0.1778  	-0.0171429	0.604282
6  	45    	0.261678 	0.202108	-0.0175   	0.604282
7  	49    	0.280083 	0.199892	-0.0171429	0.728241
8  	46    	0.298207 	0.200902	-0.0200001	0.728241
9  	45    	0.317245 	0.258998	-0.0200001	0.832479
10 	45    	0.367876 	0.239086	-0.02     	0.812119
11 	46    	0.31687  	0.270747	-0.02     	0.812119
12 	49    	0.319233 	0.223855	-0.0177777	0.748846
13 	45    	0.378244 	0.247401	-0.02     	0.810882
14 	45    	0.317992 	0.246025	-0.0177778	0.832479
15 	46    	0.349526 	0.258427	-0.0233333	0.840021
16 	48    	0.349363 	0.248852	0.0626421 	0.840021
17 	47    	0.357827 	0.260914	-0.0177778	0.840021
18 	47    	0.29514  	0.239735	-0.0177778	0.840021
19 	47    	0.298058 	0.233248	-0.0199999	0.75679 
20 	44    	0.374938 	0.236512	-0.0171429	0.75679 
21 	47    	0.413595 	0.268224	-0.02     	0.832068
22 	44    	0.450131 	0.250323	-0.0171429	0.817075
23 	45    	0.360878 	0.243488	-0.0166666	0.906363
24 	48    	0.372403 	0.262481	-0.0200001	0.906363
25 	47    	0.391551 	0.297659	-0.0171428	0.827482
26 	43    	0.491965 	0.254684	-0.018    	0.827142
27 	48    	0.390245 	0.274197	-0.0175   	0.827142
28 	47    	0.43911  	0.240141	-0.0181818	0.874597
29 	43    	0.448882 	0.255805	-0.0166667	0.906363
30 	45    	0.449249 	0.302528	-0.02     	0.906363
31 	45    	0.372841 	0.307348	-0.0159999	0.906363
32 	47    	0.407901 	0.290334	-0.018    	0.906363
33 	46    	0.436984 	0.280486	-0.0177778	0.906363
34 	47    	0.439239 	0.257811	-0.0171429	0.906363
35 	47    	0.415628 	0.266621	-0.0133334	0.839635
36 	46    	0.407853 	0.261528	-0.0181818	0.83938 
37 	43    	0.426073 	0.258567	-0.0174999	0.857014
38 	45    	0.451187 	0.281535	-0.0177777	0.93076 
39 	47    	0.37946  	0.256716	-0.0175   	0.948046
40 	47    	0.368685 	0.232458	-0.02     	0.868391
41 	46    	0.372875 	0.221391	-0.016    	0.857014
42 	47    	0.409682 	0.241541	-0.0177777	0.857014
43 	42    	0.448642 	0.272796	-0.016    	0.937   
44 	45    	0.413755 	0.252358	0.0752152 	0.853833
45 	46    	0.459633 	0.250115	0.0713718 	0.865126
46 	49    	0.352467 	0.235171	-0.016664 	1.04095 
47 	45    	0.460315 	0.281249	-0.02     	1.04095 
48 	48    	0.424126 	0.253837	-0.0159999	0.931566
49 	43    	0.392167 	0.275536	-0.017143 	0.931566
50 	47    	0.449416 	0.276234	-0.0160001	0.931566
51 	50    	0.47978  	0.242062	0.0997937 	0.931566
52 	43    	0.421329 	0.289217	-0.02     	0.941651
53 	45    	0.418585 	0.265026	0.0998705 	0.941651
54 	44    	0.450664 	0.290507	-0.016    	1.04095 
55 	47    	0.423494 	0.265797	0.0844288 	1.04095 
56 	39    	0.497615 	0.279813	0.0752585 	1.04095 
57 	44    	0.486079 	0.288058	-0.0175   	1.04095 
58 	45    	0.410966 	0.290033	-0.0166668	1.04095 
59 	47    	0.43658  	0.281252	-0.0150001	0.98988 
60 	41    	0.538971 	0.300516	0.085967  	1.04095 
61 	44    	0.465952 	0.330453	-0.0171429	1.04095 
62 	43    	0.430261 	0.322063	-0.016    	1.04095 
63 	46    	0.390727 	0.264479	-0.016    	1.04095 
64 	47    	0.406463 	0.277357	0.0594454 	1.04095 
65 	48    	0.424596 	0.288442	-0.0133333	1.04095 
66 	47    	0.444689 	0.286127	0.0669236 	1.04095 
67 	47    	0.435434 	0.304564	-0.016    	0.947288
68 	44    	0.440523 	0.278209	0.0572329 	0.947288
69 	47    	0.400064 	0.280507	-0.0160001	0.947288
70 	44    	0.437005 	0.268003	-0.02     	0.935577
71 	45    	0.416371 	0.288626	-0.017143 	0.935577
72 	39    	0.500958 	0.271484	0.0757351 	0.935577
73 	43    	0.421923 	0.311309	-0.0150002	0.935577
74 	45    	0.391115 	0.258481	-0.02     	0.935577
75 	42    	0.453086 	0.294113	0.0665058 	0.935577
76 	48    	0.393127 	0.264643	0.109307  	1.05088 
77 	45    	0.436814 	0.278586	-0.0171427	1.05088 
78 	48    	0.440859 	0.29448 	0.100948  	1.05088 
79 	48    	0.351108 	0.265346	-0.016    	1.05088 
80 	46    	0.393233 	0.255229	0.0921685 	1.1558  
81 	43    	0.424833 	0.280005	-0.0166666	1.1558  
82 	47    	0.412142 	0.322699	0.0585762 	1.1558  
83 	46    	0.360391 	0.317861	-0.0150001	1.1558  
84 	46    	0.34418  	0.284172	-0.0166667	1.1558  
85 	49    	0.422198 	0.280388	0.0497386 	1.041   
86 	46    	0.45752  	0.261856	-0.0177778	0.869719
87 	45    	0.41023  	0.27073 	-0.0175   	0.871879
88 	44    	0.501977 	0.275753	-0.00506809	0.947591
89 	42    	0.525836 	0.315814	0.0591908  	0.947591
90 	44    	0.475684 	0.307557	0.0664426  	1.04195 
91 	49    	0.532421 	0.294618	-0.0150001 	0.947591
92 	49    	0.362838 	0.2505  	-0.02      	0.898181
93 	42    	0.504796 	0.272979	-0.0150003 	0.898181
94 	46    	0.45856  	0.274005	-0.0166667 	0.905283
95 	45    	0.447754 	0.280004	-0.0171429 	0.956142
96 	48    	0.487793 	0.275797	0.0697939  	0.982953
97 	46    	0.480645 	0.300881	-0.02      	0.973334
98 	45    	0.481893 	0.276079	0.105483   	0.973334
99 	47    	0.384722 	0.280828	0.0593627  	1.02816 
100	45    	0.449855 	0.269674	0.120424   	1.02816 
101	43    	0.410113 	0.291219	-0.015     	1.02816 
102	44    	0.468838 	0.311532	0.0495976  	1.02816 
103	44    	0.478716 	0.30706 	0.0530257  	1.02816 
104	46    	0.370462 	0.277648	-0.0200001 	0.995243
105	46    	0.369703 	0.245391	-0.02      	0.902325
106	45    	0.373638 	0.245507	0.0588438  	0.902325
107	45    	0.381633 	0.259226	0.0883704  	0.902325
108	45    	0.417761 	0.243091	0.081274   	0.902325
109	45    	0.39565  	0.274768	-0.0133333 	0.902325
110	47    	0.396979 	0.281023	-0.02      	0.898425
111	46    	0.401844 	0.258973	-0.0133333 	0.893177
112	48    	0.393359 	0.227146	0.0660357  	0.893177
113	45    	0.463106 	0.233088	0.182425   	0.893177
114	43    	0.432019 	0.269154	0.0661451  	0.893177
115	45    	0.470243 	0.272937	-0.0159999 	0.951842
116	43    	0.490387 	0.286116	-0.0177778 	0.972083
117	47    	0.398333 	0.262671	-0.0133334 	0.899337
118	44    	0.444328 	0.243563	-0.0160001 	0.899337
119	46    	0.447118 	0.23859 	-0.0133334 	0.839964
120	46    	0.405633 	0.220401	-0.0133334 	0.839964
121	48    	0.440587 	0.257356	-0.016     	0.984535
122	46    	0.392326 	0.239189	-0.016     	0.984535
123	46    	0.498597 	0.246007	0.0864671  	0.984535
124	48    	0.366636 	0.244866	-0.016     	0.984535
125	45    	0.435665 	0.287781	-0.0171429 	0.984535
126	44    	0.462575 	0.287343	-0.0133333 	0.984535
127	49    	0.357163 	0.250253	-0.0181818 	0.901225
128	44    	0.416621 	0.253459	-0.015992  	0.901225
129	45    	0.41477  	0.260846	-0.0171429 	0.901225
130	47    	0.407634 	0.245531	-0.01      	1.06703 
131	49    	0.397378 	0.280146	-0.0180001 	0.979378
132	48    	0.450352 	0.276683	-0.0159967 	1.05707 
133	44    	0.434449 	0.296163	-0.0171429 	1.05707 
134	49    	0.347588 	0.271296	-0.0177777 	1.15793 
135	48    	0.381235 	0.242491	0.0589936  	0.962172
136	48    	0.395312 	0.260084	0.0531216  	0.94931 
137	45    	0.443501 	0.266568	0.0671348  	0.94931 
138	47    	0.392653 	0.25252 	0.0760627  	0.94931 
139	48    	0.399925 	0.249892	-0.0160001 	0.94931 
140	44    	0.439481 	0.270372	-0.016     	0.94931 
141	45    	0.462625 	0.278218	-0.015     	1.04191 
142	47    	0.441175 	0.297046	-0.0175    	0.94931 
143	46    	0.356835 	0.249291	-0.0150001 	0.94931 
144	45    	0.379799 	0.224156	0.107149   	0.94931 
145	43    	0.435368 	0.285391	-0.0166667 	0.977147
146	43    	0.471437 	0.289269	0.0520952  	0.977147
147	46    	0.436968 	0.290609	-0.0171429 	0.977147
148	46    	0.373544 	0.264694	-0.0133334 	0.977147
149	46    	0.382872 	0.24237 	0.104648   	0.977147
150	45    	0.416897 	0.257599	-0.01      	0.977147
151	43    	0.48005  	0.263652	0.114119   	0.977147
152	47    	0.387184 	0.255978	-0.015     	0.935297
153	48    	0.353163 	0.242865	-0.015     	0.935297
154	49    	0.403742 	0.242195	-0.0166666 	0.971185
155	47    	0.383441 	0.261439	0.0684593  	0.971185
156	49    	0.335733 	0.205387	0.0934281  	0.837327
157	46    	0.426539 	0.222877	-0.0166666 	0.969515
158	43    	0.500834 	0.271636	0.0825252  	0.969515
159	44    	0.434289 	0.270937	0.106488   	0.978919
160	44    	0.403997 	0.292356	-0.0166666 	0.978919
161	47    	0.39483  	0.289432	0.0631561  	1.06259 
162	47    	0.42588  	0.279892	0.113052   	1.06488 
163	47    	0.466767 	0.300006	0.0806582  	1.0695  
164	45    	0.382103 	0.291689	0.0727134  	1.0695  
165	45    	0.431857 	0.293317	-0.0166667 	1.06259 
166	48    	0.394659 	0.327952	-1         	1.06259 
167	48    	0.405267 	0.236956	0.0982675  	0.908525
168	46    	0.444268 	0.219632	0.109504   	0.871234
169	47    	0.369635 	0.387486	-1         	0.98131 
170	44    	0.467751 	0.275715	0.0664372  	0.98131 
171	48    	0.41012  	0.277585	-0.0175    	0.98131 
172	48    	0.432765 	0.277222	-0.0171428 	0.910987
173	42    	0.489534 	0.267008	0.0669312  	0.971865
174	42    	0.464153 	0.286602	-0.02      	0.910987
175	46    	0.462914 	0.296169	0.10159    	0.98431 
176	46    	0.416338 	0.311334	-0.0166667 	1.06452 
177	44    	0.476895 	0.318742	0.0964363  	1.16674 
178	43    	0.432377 	0.344994	-0.0166666 	1.16674 
179	47    	0.387697 	0.318691	-0.0150001 	1.16674 
180	46    	0.436674 	0.314113	-0.0166666 	1.06483 
181	45    	0.40454  	0.277265	0.0820963  	1.06483 
182	42    	0.477074 	0.309409	0.112534   	1.06483 
183	45    	0.440103 	0.299791	-0.0133334 	1.06483 
184	43    	0.533339 	0.311324	0.114868   	1.066   
185	47    	0.499074 	0.314991	0.072513   	1.06925 
186	47    	0.547494 	0.335499	-0.01      	1.16082 
187	47    	0.483151 	0.320735	-0.016     	1.066   
188	49    	0.433012 	0.316512	-0.0175    	1.066   
189	47    	0.485937 	0.272573	0.107223   	1.06826 
190	47    	0.444003 	0.277241	0.0927893  	1.06826 
191	47    	0.489816 	0.28025 	-0.0166667 	1.06826 
192	44    	0.440057 	0.301825	-0.0177778 	1.066   
193	48    	0.462621 	0.270487	0.114202   	0.984679
194	47    	0.453073 	0.304425	-0.0166667 	0.984679
195	44    	0.534649 	0.328529	-0.0171429 	0.984679
196	46    	0.485881 	0.292304	0.053508   	0.984679
197	47    	0.462753 	0.30238 	-0.0166667 	0.984679
198	44    	0.532635 	0.323518	-0.01      	1.06587 
199	46    	0.485696 	0.331027	-0.0175    	1.06587 
200	49    	0.406637 	0.280249	-0.0159963 	0.980093
201	48    	0.406054 	0.28928 	-0.0199999 	0.981245
202	47    	0.440072 	0.264488	0.0670007  	0.917498
203	48    	0.46927  	0.218701	0.116641   	0.908008
204	45    	0.490309 	0.279989	0.075406   	1.05749 
205	46    	0.524444 	0.322053	0.0597381  	1.06716 
206	49    	0.365587 	0.26243 	0.0533014  	1.16106 
207	46    	0.427991 	0.273711	-0.0160003 	1.16106 
208	46    	0.440054 	0.251428	-0.0177778 	1.16106 
209	45    	0.492106 	0.289128	-0.0171429 	1.16106 
210	47    	0.424802 	0.269014	0.127141   	1.16106 
211	47    	0.356357 	0.275739	-0.02      	1.16106 
212	47    	0.444797 	0.274058	-0.0133333 	1.16106 
213	47    	0.483373 	0.253396	-0.0166667 	1.04198 
214	48    	0.393948 	0.27724 	-0.0175    	1.16106 
215	46    	0.417967 	0.26587 	0.110754   	1.16106 
216	47    	0.394124 	0.292879	-0.01      	1.04206 
217	46    	0.39748  	0.294164	-0.016     	1.16106 
218	46    	0.429596 	0.282006	0.100043   	1.16106 
219	47    	0.358969 	0.300219	-0.0171428 	1.16106 
220	46    	0.399415 	0.247358	0.0862443  	1.04198 
221	41    	0.431592 	0.270969	-0.0160001 	1.04198 
222	47    	0.392417 	0.260517	-0.0171428 	1.04198 
223	47    	0.456054 	0.272576	-0.015     	0.963561
224	45    	0.456424 	0.282889	-0.0133333 	0.991518
225	47    	0.413186 	0.280467	-0.0133333 	0.991518
226	46    	0.466217 	0.262921	0.115032   	0.96498 
227	48    	0.430756 	0.250453	0.100602   	0.963561
228	46    	0.454983 	0.259513	-0.01      	1.04192 
229	45    	0.432242 	0.302481	-0.0171429 	1.04192 
230	48    	0.344474 	0.256377	-0.0133333 	1.16114 
231	49    	0.33722  	0.236869	-0.016     	0.971753
232	45    	0.456589 	0.257774	0.128473   	0.971753
233	44    	0.429165 	0.241486	0.109369   	0.971753
234	47    	0.491922 	0.332794	-1         	0.977103
235	47    	0.513507 	0.293829	-0.02      	1.1344  
236	43    	0.549855 	0.322694	-0.0133338 	1.1344  
237	47    	0.467137 	0.287647	-0.0171428 	1.1344  
238	48    	0.399756 	0.349006	-1         	1.1344  
239	44    	0.436699 	0.280166	0.078615   	1.02287 
240	49    	0.476537 	0.294305	-0.0175    	1.04237 
241	47    	0.39806  	0.286534	-0.0166666 	1.02287 
242	49    	0.317706 	0.26864 	-1         	0.88977 
243	47    	0.431155 	0.246757	-0.0166668 	0.88977 
244	48    	0.446686 	0.224255	0.101943   	0.894614
245	46    	0.500501 	0.243195	0.152395   	0.894614
246	46    	0.50094  	0.273794	-0.0133333 	1.005   
247	49    	0.381382 	0.304716	-1         	0.943769
248	48    	0.393941 	0.363036	-1         	0.886048
249	48    	0.423104 	0.238501	-0.015     	0.930442
250	46    	0.461393 	0.280307	-1         	0.865871
251	47    	0.418605 	0.29214 	-1         	0.865871
252	47    	0.442137 	0.184414	0.123463   	0.852895
253	47    	0.43433  	0.216953	0.105996   	0.854168
254	46    	0.429169 	0.303365	-1         	0.854368
255	47    	0.431739 	0.243875	-0.0159976 	0.854368
256	49    	0.43144  	0.222787	0.0959684  	0.859441
257	47    	0.456092 	0.23126 	0.118318   	0.887359
258	47    	0.45642  	0.325472	-1         	1.02534 
259	43    	0.439126 	0.286591	0.0854174  	1.02534 
260	44    	0.494571 	0.296689	-0.0166667 	1.02534 
261	43    	0.428654 	0.252105	0.131238   	0.896527
262	47    	0.433284 	0.280308	0.0537587  	0.903446
263	46    	0.442842 	0.330746	-1         	0.952337
264	50    	0.375331 	0.361532	-1         	0.898864
265	49    	0.337399 	0.306603	-1         	0.852112
266	48    	0.44697  	0.230731	0.143169   	0.893169
267	47    	0.42054  	0.242358	0.0455625  	0.893169
268	45    	0.400147 	0.252503	-0.015     	0.893169
269	46    	0.422329 	0.242668	0.085407   	0.893169
270	45    	0.442703 	0.238289	0.0741761  	0.893169
271	42    	0.469331 	0.264681	0.175483   	0.919159
272	46    	0.415321 	0.25548 	-0.0171428 	0.919159
273	47    	0.413393 	0.244723	-0.016     	0.919159
274	48    	0.385426 	0.235894	-0.015     	0.919159
275	43    	0.553207 	0.239774	0.134108   	0.919159
276	45    	0.358763 	0.257049	0.0453306  	0.919159
277	46    	0.414752 	0.260715	-0.0166668 	0.919159
278	47    	0.398009 	0.257475	0.0823383  	0.919159
279	46    	0.380176 	0.242302	-0.016     	0.919159
280	49    	0.377937 	0.227469	0.0614849  	0.833306
281	45    	0.447171 	0.241031	0.0950206  	0.86329 
282	47    	0.406447 	0.310928	-1         	0.86329 
283	46    	0.373438 	0.326563	-1         	0.86329 
284	43    	0.47605  	0.260034	0.0995589  	0.86329 
285	46    	0.454692 	0.258969	0.0814589  	0.86329 
286	49    	0.406663 	0.236881	0.136346   	0.859511
287	47    	0.40494  	0.294296	-1         	0.859511
288	49    	0.330776 	0.333612	-1         	0.773809
289	45    	0.441933 	0.283183	-1         	0.874506
290	45    	0.311228 	0.391604	-1         	0.766958
291	45    	0.413255 	0.346092	-1         	0.770467
292	46    	0.245837 	0.448111	-1         	0.770467
293	46    	0.334931 	0.445128	-1         	0.844072
294	46    	0.367079 	0.350706	-1         	0.844072
295	42    	0.435595 	0.296796	-1         	0.844072
296	48    	0.301423 	0.322301	-1         	0.822912
297	46    	0.363276 	0.265142	-1         	0.751736
298	45    	0.365256 	0.269189	-1         	0.751736
299	46    	0.296295 	0.367974	-1         	0.776805
300	45    	0.341838 	0.266303	-1         	0.776805
301	46    	0.387224 	0.195873	0.101139   	0.776805
302	47    	0.330872 	0.255869	-1         	0.795054
303	45    	0.420275 	0.224063	0.14349    	0.84136 
304	47    	0.397547 	0.176204	0.169064   	0.795054
305	45    	0.399369 	0.171835	0.141525   	0.946792
306	46    	0.403156 	0.199696	-0.0133332 	0.946792
307	47    	0.36443  	0.188988	-0.0175    	0.843884
308	45    	0.257261 	0.410063	-1         	0.843079
309	46    	0.352189 	0.263684	-1         	0.843079
310	47    	0.239356 	0.527865	-1         	0.848842
311	47    	0.3521   	0.273352	-1         	0.843079
312	42    	0.425341 	0.209305	-0.016     	0.843079
313	47    	0.407575 	0.198574	0.0684711  	0.843079
314	46    	0.394324 	0.232111	-0.0177777 	0.85449 
315	45    	0.400274 	0.214423	0.103304   	0.843079
316	46    	0.340871 	0.338093	-1         	0.820021
317	46    	0.436153 	0.262833	-1         	0.849355
318	47    	0.376835 	0.278835	-1         	0.849355
319	47    	0.31662  	0.37386 	-1         	0.849355
320	46    	0.368189 	0.321729	-1         	0.849355
321	46    	0.3227   	0.377458	-1         	0.849355
322	45    	0.388281 	0.332815	-1         	0.815458
323	47    	0.231235 	0.506696	-1         	0.861513
324	47    	0.354214 	0.27963 	-1         	0.861513
325	48    	0.414185 	0.224489	-0.0171379 	0.922534
326	45    	0.363697 	0.282389	-1         	0.922534
327	47    	0.367461 	0.28877 	-1         	0.921987
328	48    	0.387684 	0.22667 	0.0643459  	0.921987
329	47    	0.374498 	0.217968	-0.0171429 	0.848358
330	48    	0.432357 	0.203079	0.139411   	0.848358
331	49    	0.407289 	0.185591	0.159734   	0.791049
332	45    	0.431509 	0.222755	0.108275   	0.856206
333	49    	0.467423 	0.244598	-0.0171428 	1.04837 
334	47    	0.356577 	0.226123	-0.0166666 	1.04837 
335	46    	0.405978 	0.214131	0.150261   	1.04837 
336	49    	0.390513 	0.174593	0.165054   	0.855665
337	48    	0.344679 	0.190061	-0.0133333 	0.861265
338	41    	0.403199 	0.204499	-0.0175    	0.861265
339	45    	0.402404 	0.280705	-1         	0.861265
340	46    	0.397019 	0.19244 	0.0843618  	0.861265
341	47    	0.391963 	0.202598	-0.0133334 	0.8302  
342	46    	0.375321 	0.18497 	0.109342   	0.785533
343	43    	0.357313 	0.19088 	0.06385    	0.785533
344	45    	0.38121  	0.205071	-0.015     	0.804585
345	47    	0.406478 	0.201658	0.0965311  	0.78578 
346	44    	0.441208 	0.223513	0.124896   	0.954116
347	47    	0.340904 	0.212618	-0.0171429 	0.954116
348	45    	0.38439  	0.230609	0.0960453  	1.00626 
349	47    	0.385375 	0.210448	0.150544   	1.00626 
350	46    	0.382092 	0.217301	0.0863082  	1.00626 
351	46    	0.38009  	0.242052	-0.0175    	1.00626 
352	45    	0.382526 	0.295333	-1         	0.963794
353	48    	0.336108 	0.276867	-1         	0.91636 
354	47    	0.391889 	0.170304	0.073083   	0.91636 
355	48    	0.44902  	0.163006	0.151928   	0.916956
356	46    	0.423056 	0.162152	0.104874   	0.749769
357	45    	0.368025 	0.255047	-1         	0.749769
358	48    	0.305742 	0.302879	-1         	0.749769
359	43    	0.390933 	0.246834	-1         	0.749769
360	47    	0.295383 	0.363733	-1         	0.739898
361	49    	0.276419 	0.345501	-1         	0.691751
362	48    	0.371389 	0.150338	0.0898735  	0.756734
363	46    	0.389972 	0.16418 	0.0992267  	0.858077
364	48    	0.342602 	0.242039	-1         	0.790686
365	49    	0.340277 	0.254218	-1         	0.761474
366	44    	0.39864  	0.330667	-1         	0.816219
367	46    	0.327659 	0.279567	-1         	0.816219
368	44    	0.377857 	0.27404 	-1         	0.794318
369	50    	0.312058 	0.323134	-1         	0.716252
370	43    	0.318696 	0.378547	-1         	0.683838
371	45    	0.32219  	0.323764	-1         	0.692674
372	43    	0.354128 	0.386034	-1         	0.692373
373	48    	0.445763 	0.173467	0.112594   	0.772257
374	46    	0.34625  	0.329801	-1         	0.772257
375	45    	0.385337 	0.273473	-1         	0.772257
376	46    	0.40805  	0.261602	-1         	0.772257
377	48    	0.360878 	0.206565	-0.0180001 	0.803614
378	42    	0.441542 	0.207498	0.119206   	0.803614
379	49    	0.41676  	0.225057	0.1261     	0.971473
380	49    	0.351113 	0.2332  	-0.01      	0.971473
381	48    	0.427088 	0.234068	-0.0171428 	0.890821
382	48    	0.415204 	0.208557	-0.016     	0.816404
383	43    	0.45077  	0.241825	-0.018     	0.903971
384	49    	0.450759 	0.219951	0.0410621  	0.830103
385	48    	0.422861 	0.219836	0.0592977  	0.924901
386	48    	0.402178 	0.315216	-1         	0.924901
387	45    	0.455172 	0.240461	-0.0171428 	0.862749
388	49    	0.386751 	0.200527	0.141219   	0.834994
389	45    	0.466273 	0.204797	0.101436   	0.834994
390	45    	0.44456  	0.242592	-0.02      	0.834994
391	47    	0.3893   	0.212663	0.0862994  	0.965066
392	47    	0.381278 	0.211502	0.0667918  	0.965066
393	45    	0.473574 	0.22767 	0.144877   	0.965066
394	47    	0.368994 	0.243136	-0.0171429 	0.965066
395	43    	0.422123 	0.238772	-0.0171429 	0.965066
396	47    	0.45268  	0.238731	0.0971977  	0.965066
397	44    	0.376568 	0.27156 	-0.016     	0.965066
398	49    	0.325263 	0.228773	-0.0159998 	0.950751
399	47    	0.455637 	0.25521 	-0.015     	0.983051
400	45    	0.503926 	0.282312	0.0930313  	0.97064 
401	45    	0.447194 	0.303164	-0.0166666 	0.97064 
402	46    	0.531402 	0.265328	-0.0133333 	0.97064 
403	45    	0.504126 	0.272725	0.15292    	0.913682
404	46    	0.509035 	0.261916	0.0299149  	0.906838
405	48    	0.476232 	0.254248	-0.0166668 	0.903866
406	45    	0.414116 	0.261073	0.0864395  	0.903866
407	45    	0.49378  	0.250509	-0.0160001 	0.911487
408	46    	0.429074 	0.26505 	0.0928986  	0.911487
409	48    	0.451941 	0.27495 	-0.0177778 	0.91052 
410	48    	0.384947 	0.259148	-0.0166667 	0.914934
411	48    	0.502873 	0.271432	0.104907   	1.06214 
412	48    	0.434544 	0.265693	0.0916828  	1.06214 
413	44    	0.492461 	0.270856	0.0749889  	0.979743
414	46    	0.516484 	0.313787	-0.016     	0.985602
415	46    	0.509026 	0.294301	0.10807    	0.985602
416	45    	0.510314 	0.308915	0.0589399  	0.985602
417	46    	0.465319 	0.278303	0.0733824  	0.985602
418	46    	0.43098  	0.258312	0.045799   	0.985602
419	48    	0.49044  	0.298253	-0.0166668 	0.985602
420	46    	0.472796 	0.271479	-0.0133333 	1.02343 
421	47    	0.449043 	0.291855	-0.0133333 	0.981355
422	45    	0.463321 	0.282213	-0.0171428 	0.978821
423	45    	0.50586  	0.296947	-0.0171429 	0.978821
424	44    	0.54852  	0.272591	0.103776   	0.978821
425	48    	0.495699 	0.270878	0.142493   	0.978821
426	44    	0.499779 	0.310812	0.0644499  	1.11385 
427	44    	0.54315  	0.307124	0.0664054  	1.11385 
428	45    	0.517769 	0.341052	0.136987   	1.11385 
429	45    	0.439293 	0.322851	-0.0171381 	1.11385 
430	47    	0.354894 	0.330679	-1         	1.11385 
431	45    	0.432082 	0.243284	0.115917   	1.12265 
432	47    	0.402225 	0.270649	0.0522352  	1.12265 
433	43    	0.54468  	0.320518	-0.01      	1.12265 
434	43    	0.535344 	0.339752	-0.0171429 	1.12265 
435	46    	0.459041 	0.336538	-0.0175    	1.12265 
436	46    	0.434468 	0.384161	-1         	1.12265 
437	48    	0.409301 	0.327991	-0.015     	1.12265 
438	47    	0.416671 	0.30327 	-0.018     	1.12265 
439	47    	0.40138  	0.313826	-0.0185714 	1.12265 
440	46    	0.430475 	0.320523	-0.015     	1.12265 
441	47    	0.455013 	0.325409	-0.0171429 	1.12265 
442	43    	0.484314 	0.352584	-0.018     	1.12265 
443	45    	0.454139 	0.290014	0.0767947  	1.06552 
444	39    	0.529546 	0.34886 	-0.016     	1.11223 
445	45    	0.542321 	0.354269	-0.0166667 	1.12265 
446	44    	0.46326  	0.329051	-0.0171428 	1.06725 
447	44    	0.495089 	0.329756	-0.0149982 	1.06725 
448	45    	0.428041 	0.379175	-1         	1.11893 
449	47    	0.43082  	0.251717	0.103795   	1.06552 
450	47    	0.423457 	0.221343	-0.018     	0.96728 
451	44    	0.445034 	0.248947	0.135868   	0.96728 
452	47    	0.431802 	0.289449	-0.0166667 	0.968179
453	48    	0.450415 	0.269279	0.148837   	1.06552 
454	45    	0.451692 	0.288789	-0.0133333 	1.05952 
455	44    	0.495005 	0.294458	-0.02      	1.05952 
456	48    	0.497432 	0.301538	0.0781155  	1.05952 
457	49    	0.434566 	0.281158	0.113338   	1.05952 
458	47    	0.434088 	0.263113	0.129148   	1.05106 
459	39    	0.462396 	0.375184	-1         	1.05106 
460	49    	0.490839 	0.249274	0.0906475  	0.975513
461	43    	0.470759 	0.262208	-0.0160001 	0.999785
462	45    	0.493376 	0.255127	0.109956   	0.893556
463	47    	0.477091 	0.270358	0.111172   	0.995444
464	47    	0.452187 	0.263717	0.0986727  	0.928144
465	47    	0.431984 	0.208399	0.169183   	0.928144
466	45    	0.432067 	0.299724	-1         	0.893556
467	44    	0.457908 	0.250381	-0.0133333 	0.926927
468	48    	0.449289 	0.2437  	0.141504   	1.01352 
469	45    	0.445518 	0.247006	0.0557304  	1.0064  
470	45    	0.460478 	0.254167	0.081733   	1.0064  
471	46    	0.443184 	0.245054	0.117089   	0.930665
472	45    	0.453263 	0.268363	-0.0166666 	0.916984
473	45    	0.405011 	0.240911	0.0636846  	0.916984
474	45    	0.407175 	0.228057	-0.0171428 	0.915928
475	47    	0.407742 	0.220684	0.0991358  	0.915928
476	46    	0.402736 	0.219917	0.140171   	0.915928
477	44    	0.439795 	0.246873	0.10656    	0.915928
478	47    	0.359944 	0.25991 	-0.02      	0.915928
479	47    	0.427627 	0.243137	-0.016     	0.915928
480	48    	0.419466 	0.247991	0.127881   	0.990903
481	48    	0.367983 	0.226515	-0.0171429 	0.990903
482	49    	0.397831 	0.212094	0.117539   	0.886274
483	49    	0.421663 	0.238244	-0.016     	0.952232
484	46    	0.425593 	0.223023	0.106874   	0.7892  
485	43    	0.443088 	0.221479	0.13848    	0.7892  
486	43    	0.442172 	0.24864 	-0.0166666 	0.789678
487	46    	0.378651 	0.245474	-0.0150003 	0.862721
488	47    	0.376395 	0.234395	-0.0133333 	0.862721
489	40    	0.491745 	0.267362	0.0748883  	0.863459
490	48    	0.405073 	0.259503	0.0584759  	0.86522 
491	47    	0.394303 	0.271324	-0.0159966 	0.863691
492	47    	0.336633 	0.243547	-0.02      	0.862721
493	45    	0.416409 	0.228443	-0.0233333 	0.789219
494	46    	0.413875 	0.260369	-0.0171429 	0.845917
495	43    	0.501441 	0.237654	0.0528502  	0.867784
496	47    	0.448305 	0.250451	-0.01      	0.870291
497	42    	0.420569 	0.280468	-0.0166666 	0.949773
498	49    	0.369515 	0.233826	0.0859682  	0.95977 
499	45    	0.393351 	0.262638	-0.0177778 	0.95977 
500	47    	0.373647 	0.267089	-0.0175    	0.95977 
501	48    	0.455794 	0.259417	0.137178   	0.960124
502	46    	0.429443 	0.276232	-0.0166666 	0.959869
503	44    	0.447884 	0.232888	0.157383   	0.922066
504	48    	0.418046 	0.248443	0.0996533  	0.922066
505	45    	0.413302 	0.230655	-0.016     	0.859049
506	46    	0.373158 	0.245474	-0.0166667 	0.859049
507	48    	0.32853  	0.220672	-0.0133338 	0.94268 
508	47    	0.421024 	0.239664	-0.016     	0.94268 
509	45    	0.447132 	0.242337	-0.015     	0.94268 
510	44    	0.438021 	0.272843	0.0747969  	0.95563 
511	46    	0.425654 	0.274206	-0.0177777 	0.95563 
512	47    	0.469617 	0.255038	0.0830729  	0.998841
513	46    	0.401842 	0.282867	-0.0133334 	0.95563 
514	49    	0.426524 	0.269741	-0.0166667 	0.95563 
515	44    	0.388419 	0.244289	0.0854784  	0.95563 
516	47    	0.386959 	0.248961	-0.0177779 	0.961666
517	48    	0.337564 	0.241601	0.0758975  	0.94268 
518	46    	0.391904 	0.249306	0.0739948  	0.94268 
519	47    	0.338636 	0.248403	-0.0171429 	0.95563 
520	44    	0.38863  	0.242968	-0.015     	0.95563 
521	45    	0.435584 	0.253909	-0.0171429 	0.95563 
522	44    	0.44642  	0.240333	-0.0166639 	0.850869
523	47    	0.398773 	0.226919	-0.01      	0.855259
524	43    	0.403123 	0.220315	0.0966084  	0.863848
525	49    	0.407737 	0.257966	-0.0133333 	0.961956
526	45    	0.399878 	0.270689	-0.0150001 	1.03653 
527	43    	0.46002  	0.297193	-0.02      	1.03653 
528	48    	0.451603 	0.279661	-0.0175    	1.03653 
529	45    	0.392765 	0.281429	0.0630054  	0.961201
530	42    	0.427634 	0.299418	0.0837181  	0.961201
531	50    	0.384859 	0.243416	0.0855709  	1.03653 
532	47    	0.310751 	0.209733	-0.0160001 	0.934064
533	45    	0.387075 	0.250325	-0.0171429 	0.934064
534	45    	0.436579 	0.281081	-0.0133333 	0.961201
535	47    	0.351241 	0.253097	-0.0150003 	0.964349
536	47    	0.418003 	0.213337	0.167106   	0.910171
537	45    	0.367696 	0.232242	-0.0133333 	0.859193
538	46    	0.435397 	0.245423	-0.0133333 	0.859193
539	43    	0.492617 	0.274155	-0.0166666 	0.938535
540	46    	0.49646  	0.275501	-0.02      	0.938535
541	48    	0.372699 	0.21632 	-0.0171429 	0.850067
542	48    	0.394092 	0.228009	-0.0133334 	0.852332
543	48    	0.379494 	0.239999	-0.0171428 	0.908046
544	48    	0.354489 	0.224981	-0.0174998 	0.908046
545	49    	0.355176 	0.193075	0.104996   	0.888964
546	45    	0.417078 	0.224665	-0.0133333 	0.888964
547	43    	0.354735 	0.226972	-0.0160001 	0.888964
548	45    	0.37961  	0.227449	-0.0171428 	0.908046
549	45    	0.364349 	0.209248	0.106619   	0.888964
550	46    	0.346388 	0.207638	0.0918847  	0.888964
551	49    	0.351199 	0.163235	0.0574705  	0.777013
552	45    	0.424584 	0.198499	0.0996001  	0.777013
553	45    	0.423826 	0.197564	0.174472   	0.8326  
554	45    	0.454845 	0.229869	0.063065   	0.892601
555	46    	0.459009 	0.237014	0.151816   	0.889191
556	48    	0.472273 	0.235995	0.115679   	0.897165
557	47    	0.487029 	0.216924	0.141104   	0.897165
558	47    	0.4762   	0.218155	0.11403    	0.895677
559	45    	0.448845 	0.212343	-0.0166667 	0.882322
560	47    	0.444613 	0.202466	0.115697   	0.839651
561	47    	0.427814 	0.176724	0.211213   	0.817329
562	45    	0.443016 	0.224817	-0.015     	0.852036
563	47    	0.409584 	0.202453	-0.01      	0.811167
564	43    	0.452218 	0.232698	-0.01      	0.901656
565	45    	0.42118  	0.24988 	0.127436   	0.984051
566	45    	0.380216 	0.246102	-0.01      	0.984051
567	48    	0.404986 	0.235126	-0.0166667 	0.984051
568	47    	0.454263 	0.22612 	0.122877   	0.842191
569	45    	0.452174 	0.245664	-0.0166667 	0.842373
570	46    	0.477457 	0.258491	-0.0133338 	0.867572
571	44    	0.52548  	0.256906	0.0568416  	0.915938
572	47    	0.444695 	0.26245 	-0.0177778 	0.906734
573	45    	0.51571  	0.278608	-0.0133334 	1.06772 
574	45    	0.424138 	0.276056	-0.015     	0.904169
575	49    	0.40522  	0.240564	0.0702684  	0.950177
576	46    	0.421549 	0.245456	-0.0175    	0.950177
577	47    	0.39092  	0.273556	-0.0177778 	0.950177
578	48    	0.487209 	0.270975	-0.02      	1.03187 
579	44    	0.450241 	0.31937 	0.0653312  	1.03187 
580	42    	0.477787 	0.316562	-0.0171428 	0.975776
581	47    	0.363879 	0.257942	-0.0181819 	0.964427
582	45    	0.453255 	0.292649	0.101557   	0.967222
583	48    	0.432281 	0.284881	-0.0133338 	0.967222
584	48    	0.442305 	0.260711	-0.0133332 	0.967222
585	45    	0.560634 	0.235658	0.176977   	1.04241 
586	49    	0.416951 	0.237977	-0.0171429 	0.985062
587	46    	0.460018 	0.238171	-0.0160001 	0.985062
588	48    	0.487022 	0.263444	-0.0171415 	0.985062
589	45    	0.445171 	0.244385	0.0669744  	0.908521
590	48    	0.449846 	0.26426 	-0.0175    	0.985062
591	50    	0.419799 	0.250822	-0.0133338 	0.921298
592	48    	0.421588 	0.240681	-0.01      	0.850119
593	49    	0.399706 	0.256587	-0.0171428 	0.850119
594	47    	0.494381 	0.22104 	-0.0166667 	0.850119
595	47    	0.390683 	0.201231	0.150031   	0.792788
596	48    	0.375152 	0.204327	-0.0160001 	0.861467
597	48    	0.40045  	0.209955	-0.0166667 	0.861467
598	42    	0.514853 	0.225585	0.105481   	0.861467
599	47    	0.378666 	0.240127	-0.0166667 	0.861467
600	46    	0.443089 	0.246138	-0.0166667 	0.861467
601	44    	0.501731 	0.248733	0.144327   	0.867307
602	45    	0.506203 	0.272485	-0.0133334 	0.867307
603	47    	0.482433 	0.266146	0.117276   	0.930663
604	48    	0.480931 	0.262998	-0.02      	0.930663
605	47    	0.487637 	0.283972	-0.016     	0.867667
606	44    	0.495194 	0.259427	0.0635818  	0.867667
607	47    	0.481373 	0.263166	-0.0159999 	0.867667
608	42    	0.521877 	0.277308	0.0856297  	0.940232
609	47    	0.562798 	0.268263	0.0843573  	0.867667
610	45    	0.467153 	0.295851	-0.0175    	0.973891
611	46    	0.483346 	0.290937	0.0534534  	0.973891
612	48    	0.387593 	0.292457	-0.0166667 	0.963169
613	46    	0.425309 	0.314288	-0.02      	0.9799  
614	44    	0.46411  	0.303987	-0.0133333 	0.945206
615	45    	0.456407 	0.285331	-0.0133333 	0.945206
616	47    	0.415572 	0.281838	-0.016     	0.945206
617	46    	0.456727 	0.294957	-0.0150001 	0.945206
618	46    	0.421883 	0.276688	-0.016     	0.945206
619	44    	0.497225 	0.270055	-0.0133333 	0.902612
620	48    	0.447163 	0.28498 	-0.0174999 	0.86907 
621	44    	0.474192 	0.254301	0.0851976  	0.902612
622	45    	0.447922 	0.248029	-0.0174999 	0.902612
623	44    	0.437308 	0.251105	0.0758305  	0.902612
624	44    	0.471923 	0.245611	-0.0177778 	0.896591
625	47    	0.470787 	0.249771	-0.015     	0.814121
626	46    	0.506155 	0.240277	0.100127   	0.975216
627	45    	0.388047 	0.305903	-0.0133333 	1.07038 
628	46    	0.40475  	0.271139	0.0708364  	1.07038 
629	45    	0.45686  	0.254501	0.0444185  	0.975216
630	47    	0.436627 	0.283785	-0.015     	1.12119 
631	44    	0.461815 	0.3147  	-0.0133338 	1.12119 
632	50    	0.490877 	0.310832	-0.016     	1.0678  
633	45    	0.495097 	0.335719	0.0916565  	1.12119 
634	48    	0.432097 	0.317371	-0.0171429 	1.12119 
635	46    	0.494719 	0.333308	-0.0175    	1.12119 
636	46    	0.483361 	0.320924	0.074426   	1.12119 
637	45    	0.505131 	0.351271	0.0658422  	1.12119 
638	49    	0.433637 	0.297962	-0.02      	1.12041 
639	47    	0.440735 	0.304622	-0.0171428 	1.12119 
640	46    	0.433524 	0.278632	0.0591675  	1.12119 
641	45    	0.463972 	0.27385 	-0.0166666 	1.12119 
642	47    	0.394853 	0.249692	0.0744269  	0.915139
643	44    	0.446406 	0.252418	0.0884189  	0.915139
644	46    	0.398045 	0.236035	-0.0171428 	0.866972
645	47    	0.501799 	0.235124	-0.015     	0.913802
646	47    	0.480289 	0.24268 	0.145858   	0.917695
647	47    	0.472142 	0.238022	0.120924   	0.913778
648	47    	0.439241 	0.309279	-1         	0.913778
649	46    	0.453108 	0.266434	-0.0166667 	0.972538
650	46    	0.443604 	0.241768	0.0903793  	0.972538
651	44    	0.477923 	0.339394	-1         	0.972538
652	47    	0.418604 	0.262538	-0.0166667 	0.9189  
653	44    	0.485755 	0.350711	-1         	0.9189  
654	47    	0.52528  	0.342801	-1         	0.919775
655	45    	0.475673 	0.276755	0.0585978  	0.980212
656	45    	0.388404 	0.326225	-1         	0.980212
657	45    	0.491063 	0.305413	0.0801414  	1.04365 
658	46    	0.488821 	0.275906	0.0598305  	0.980212
659	42    	0.556937 	0.297231	0.128314   	1.0465  
660	47    	0.418751 	0.291513	0.10374    	1.04666 
661	45    	0.450293 	0.283376	0.0984699  	1.04666 
662	45    	0.421634 	0.283817	0.0593396  	1.04666 
663	46    	0.418165 	0.360387	-1         	0.980212
664	48    	0.408908 	0.271029	-0.018     	0.980212
665	46    	0.479479 	0.266169	0.0957218  	0.96934 
666	45    	0.504985 	0.273123	0.140205   	0.969039
667	48    	0.436097 	0.261392	0.0859285  	0.965747
668	47    	0.5165   	0.23145 	0.186982   	0.975759
669	44    	0.51373  	0.266615	-0.016     	0.975759
670	45    	0.554511 	0.269767	-0.0166667 	1.0386  
671	45    	0.47272  	0.267692	0.0931841  	1.0386  
672	45    	0.510828 	0.34797 	-1         	1.0386  
673	46    	0.515034 	0.290336	-0.0171428 	1.0386  
674	45    	0.455344 	0.304285	-0.0133333 	1.0386  
675	45    	0.46352  	0.298806	0.0922646  	1.0386  
676	48    	0.434758 	0.275822	-0.0171427 	0.97672 
677	48    	0.454774 	0.242887	-0.015     	1.01863 
678	48    	0.469067 	0.22581 	0.0931221  	1.01863 
679	48    	0.457806 	0.230571	0.058852   	0.978946
680	44    	0.548922 	0.272825	0.115981   	0.978946
681	42    	0.603225 	0.307277	0.0893449  	1.09358 
682	48    	0.425816 	0.259983	0.0671082  	1.09358 
683	48    	0.448383 	0.256657	-0.016     	1.09358 
684	48    	0.419545 	0.314964	-1         	1.09358 
685	47    	0.470601 	0.321398	-1         	1.09358 
686	42    	0.525705 	0.35395 	-1         	1.09358 
687	49    	0.377424 	0.210233	-0.0180001 	0.918167
688	44    	0.380004 	0.299802	-1         	0.918167
689	45    	0.451605 	0.228048	0.109423   	0.918167
690	45    	0.391567 	0.305453	-1         	0.918167
691	44    	0.402803 	0.232638	-0.015     	0.918167
692	47    	0.42426  	0.214251	0.114308   	0.918167
693	48    	0.359104 	0.200032	0.0985531  	0.870304
694	47    	0.340266 	0.273636	-1         	0.884433
695	47    	0.42184  	0.292237	-1         	0.967169
696	47    	0.349181 	0.351183	-1         	0.967169
697	48    	0.374599 	0.295437	-1         	0.994613
698	48    	0.415524 	0.318449	-1         	1.0951  
699	48    	0.34379  	0.332793	-1         	1.14827 
700	48    	0.299332 	0.444963	-1         	1.14827 
701	43    	0.384115 	0.313224	-1         	1.14827 
702	44    	0.458166 	0.255105	0.154463   	1.14827 
703	46    	0.412068 	0.332017	-1         	1.14827 
704	48    	0.336012 	0.344912	-1         	1.14827 
705	48    	0.318256 	0.392871	-1         	0.881968
706	45    	0.392553 	0.258924	-1         	0.881968
707	48    	0.301512 	0.363089	-1         	0.818549
708	48    	0.375193 	0.245534	-1         	0.790976
709	46    	0.316681 	0.431932	-1         	0.790976
710	46    	0.424806 	0.203511	-0.0150001 	0.790976
711	44    	0.456244 	0.208014	0.101573   	0.881283
712	45    	0.390098 	0.279729	-1         	0.809289
713	47    	0.420181 	0.189056	0.141703   	0.876072
714	45    	0.442352 	0.221307	-0.0171429 	0.876072
715	45    	0.381071 	0.222299	-0.015     	0.876072
716	49    	0.399528 	0.192223	0.124614   	0.876072
717	46    	0.37431  	0.194233	0.0991572  	0.876072
718	48    	0.327804 	0.184239	0.0499475  	0.876072
719	48    	0.360342 	0.176758	-0.0166639 	0.876072
720	47    	0.350493 	0.195337	-0.0133333 	0.876072
721	46    	0.398577 	0.219263	-0.0166666 	0.869064
722	43    	0.421829 	0.214614	0.15773    	0.869064
723	44    	0.382626 	0.223223	0.0859118  	0.869064
724	44    	0.360076 	0.200864	0.079969   	0.869064
725	46    	0.376619 	0.19296 	0.116526   	0.869064
726	43    	0.439371 	0.224905	-0.0174999 	0.869064
727	46    	0.390731 	0.201715	0.100179   	0.869064
728	49    	0.331764 	0.144909	0.0783758  	0.779547
729	48    	0.410439 	0.180489	-0.0171429 	0.779547
730	45    	0.399011 	0.227264	-0.0166667 	0.856042
731	43    	0.428874 	0.220591	-0.015     	0.856042
732	47    	0.431018 	0.240415	0.0999805  	0.962594
733	45    	0.382105 	0.236666	-0.016     	0.890169
734	44    	0.404687 	0.256663	-0.0171428 	0.874639
735	47    	0.4238   	0.241007	-0.0166664 	0.850867
736	44    	0.460649 	0.278046	0.0989894  	0.878489
737	43    	0.431847 	0.284177	-0.02      	0.880301
738	45    	0.408138 	0.288818	-0.0180001 	0.950344
739	45    	0.452735 	0.278357	-0.0166667 	0.950344
740	46    	0.399723 	0.267491	-0.018     	0.875965
741	47    	0.345497 	0.244239	-0.0175    	0.875965
742	45    	0.416057 	0.262131	0.0728027  	0.950344
743	44    	0.390379 	0.262906	0.0590297  	0.950344
744	48    	0.418839 	0.254979	0.086069   	0.87927 
745	46    	0.378318 	0.245919	0.0748634  	0.950344
746	46    	0.397724 	0.265594	-0.0171428 	0.950344
747	48    	0.394719 	0.269577	-0.0171428 	0.950344
748	46    	0.405844 	0.26014 	0.0736966  	0.950344
749	46    	0.412779 	0.282196	0.0541132  	0.950344
750	47    	0.408156 	0.255683	0.0637686  	0.950344
751	47    	0.35215  	0.26228 	-0.016     	0.950344
752	47    	0.38721  	0.280467	-0.02      	0.950344
753	48    	0.353607 	0.230548	-0.0171429 	0.874477
754	44    	0.415998 	0.233431	0.0746432  	0.937249
755	43    	0.454222 	0.249706	-0.01      	0.937249
756	48    	0.434375 	0.258111	-0.0166667 	0.937249
757	49    	0.362729 	0.240867	-0.0166668 	0.879701
758	45    	0.431701 	0.26715 	-0.01      	0.879701
759	42    	0.436168 	0.288273	-0.0150003 	0.879701
760	47    	0.425526 	0.273281	-0.0159999 	0.879701
761	48    	0.379383 	0.252585	-0.018     	0.859852
762	46    	0.39916  	0.2462  	-0.0175    	0.874972
763	43    	0.423717 	0.276387	-0.0166667 	0.874972
764	46    	0.378751 	0.281451	-0.02      	0.876506
765	46    	0.382211 	0.259764	-0.0175    	0.876506
766	44    	0.398648 	0.250059	-0.0166667 	0.876506
767	48    	0.385614 	0.222521	-0.0171429 	0.876506
768	46    	0.388575 	0.266925	-0.0166667 	0.876506
769	47    	0.404742 	0.258386	0.0661092  	0.950344
770	45    	0.434717 	0.273314	-0.02      	0.950344
771	47    	0.395081 	0.270639	-0.0150003 	0.880301
772	47    	0.388691 	0.259508	-0.016     	0.865432
773	44    	0.449252 	0.264426	-0.0159999 	0.866881
774	45    	0.411338 	0.233259	0.0755356  	0.866881
775	45    	0.44862  	0.256289	0.081784   	0.880301
776	46    	0.338151 	0.245343	-0.0166667 	0.8718  
777	48    	0.314546 	0.248236	-0.0166667 	0.87927 
778	41    	0.388275 	0.241976	-0.0166615 	0.87927 
779	46    	0.411705 	0.246745	-0.0177778 	0.8718  
780	48    	0.378082 	0.241177	-0.0133334 	0.8718  
781	49    	0.369238 	0.21304 	-0.015     	0.865417
782	47    	0.372727 	0.219673	-0.0177778 	0.865417
783	45    	0.394436 	0.23838 	-0.0175001 	0.865417
784	44    	0.393092 	0.23732 	-0.0160002 	0.783257
785	45    	0.396371 	0.268478	-0.0177778 	0.864542
786	45    	0.405235 	0.229779	-0.0149998 	0.864542
787	49    	0.35317  	0.21911 	-0.0171429 	0.865417
788	48    	0.36709  	0.205683	-0.0179986 	0.855981
789	44    	0.393823 	0.229012	-0.0159999 	0.855981
790	45    	0.405203 	0.266856	-0.0171429 	0.866848
791	50    	0.33581  	0.213926	-0.0166639 	0.866224
792	47    	0.415218 	0.204141	0.116571   	0.866417
793	45    	0.422226 	0.253445	-0.0171429 	0.868476
794	47    	0.443878 	0.257919	-0.015     	0.868476
795	49    	0.352832 	0.20836 	0.0753591  	0.869033
796	46    	0.439628 	0.248402	0.0585226  	0.94395 
797	47    	0.374143 	0.261558	-0.0133333 	0.94395 
798	47    	0.445255 	0.263875	0.0594363  	0.94395 
799	44    	0.455637 	0.249412	0.0831289  	0.94395 
800	47    	0.412408 	0.242333	-0.018     	0.94395 
801	45    	0.440125 	0.268563	-0.0166667 	0.94395 
802	46    	0.427862 	0.26249 	-0.0200001 	0.94395 
803	43    	0.42462  	0.26325 	0.0469939  	0.94395 
804	47    	0.458104 	0.296577	-0.016     	0.94395 
805	48    	0.423431 	0.286008	-0.0171429 	0.94395 
806	43    	0.434898 	0.276866	-0.0160001 	0.94395 
807	45    	0.420438 	0.26313 	-0.0166667 	0.94395 
808	45    	0.390081 	0.262078	-0.016     	0.878825
809	47    	0.459183 	0.243676	-0.016     	0.872987
810	47    	0.411211 	0.255674	0.0856305  	0.94395 
811	48    	0.374149 	0.245316	0.0802376  	0.872987
812	47    	0.460428 	0.260534	-0.0133333 	0.955042
813	48    	0.427379 	0.30162 	-0.0133334 	0.870272
814	44    	0.450216 	0.275614	0.0622074  	0.870272
815	47    	0.412997 	0.240811	-0.0150001 	0.869369
816	47    	0.450735 	0.247115	-0.016     	0.955042
817	46    	0.478768 	0.247091	-0.0183333 	0.923662
818	46    	0.373223 	0.27085 	-0.0171429 	0.869369
819	46    	0.50115  	0.258281	0.153133   	0.923662
820	49    	0.386062 	0.256648	0.0748441  	0.953401
821	49    	0.401729 	0.251955	0.0748453  	0.870437
822	45    	0.38765  	0.234645	-0.0179999 	0.86921 
823	47    	0.419716 	0.255446	-0.0166639 	0.870858
824	47    	0.426756 	0.234422	-0.0177776 	0.870858
825	46    	0.45177  	0.283027	0.0793148  	0.947027
826	49    	0.441579 	0.258447	-0.0133337 	0.928148
827	46    	0.463161 	0.274351	0.0748778  	0.928148
828	43    	0.447319 	0.300011	-0.0171429 	0.928148
829	46    	0.399622 	0.265982	-0.0166668 	0.928148
830	48    	0.41173  	0.253193	-0.0166667 	0.98948 
831	45    	0.460245 	0.291409	-0.0171429 	0.98948 
832	46    	0.406778 	0.276676	-0.0159977 	0.98948 
833	50    	0.418433 	0.276922	0.0657438  	1.07474 
834	45    	0.509434 	0.300149	-0.02      	1.07474 
835	48    	0.471528 	0.319559	0.0645536  	1.06421 
836	42    	0.489928 	0.345871	-0.0171429 	1.06918 
837	48    	0.471076 	0.345723	-0.0171429 	0.98902 
838	48    	0.597732 	0.301453	-0.0166667 	0.990455
839	46    	0.456663 	0.313929	-0.016     	0.990455
840	46    	0.442201 	0.292862	-0.015     	0.990455
841	47    	0.454766 	0.280371	0.0591515  	0.915427
842	42    	0.493141 	0.286471	0.0751311  	1.06487 
843	45    	0.456263 	0.293497	-0.015     	1.07098 
844	47    	0.450734 	0.306948	-0.0171428 	0.990455
845	44    	0.542923 	0.316642	0.0824788  	0.990455
846	46    	0.416723 	0.289252	-0.0159977 	0.990292
847	42    	0.533084 	0.331377	-0.0171429 	1.11982 
848	47    	0.391244 	0.292502	0.059157   	0.990292
849	43    	0.45151  	0.305804	0.0593518  	1.16188 
850	47    	0.394584 	0.29347 	0.0742816  	1.16188 
851	47    	0.441302 	0.296738	-0.015     	1.05617 
852	45    	0.513842 	0.306274	-0.0133333 	1.05617 
853	46    	0.453044 	0.343265	-0.015     	1.05617 
854	46    	0.394758 	0.281856	0.0664254  	0.910842
855	48    	0.398303 	0.292683	-0.02      	0.910842
856	45    	0.396918 	0.264465	-0.0171429 	0.910842
857	46    	0.374493 	0.20546 	0.0827418  	0.910842
858	48    	0.39704  	0.240799	-0.018     	0.910842
859	45    	0.452419 	0.273313	-0.016     	0.975636
860	45    	0.41677  	0.26578 	0.0916948  	0.975636
861	47    	0.431511 	0.242641	0.0748605  	0.96444 
862	47    	0.391676 	0.278428	-0.0133333 	0.861115
863	44    	0.443566 	0.259443	-0.0166666 	0.868224
864	47    	0.453661 	0.262516	-0.0199999 	0.898763
865	46    	0.420495 	0.247557	-0.0133333 	0.898763
866	46    	0.426762 	0.239777	-0.01      	0.869777
867	41    	0.437451 	0.259632	-0.0133337 	0.869777
868	45    	0.478171 	0.291795	-0.0166667 	0.940946
869	49    	0.385392 	0.255618	-0.015     	0.985357
870	48    	0.426958 	0.294091	-0.02      	1.05805 
871	47    	0.410222 	0.268936	0.0573172  	1.05805 
872	46    	0.361082 	0.25438 	-0.0160001 	1.05805 
873	46    	0.388567 	0.263091	0.0564818  	1.05805 
874	47    	0.415039 	0.281997	0.0846654  	1.05805 
875	50    	0.324296 	0.267799	-0.0177778 	0.906383
876	46    	0.494249 	0.285013	-0.0171429 	0.906383
877	48    	0.357987 	0.259822	-0.02      	0.856634
878	48    	0.358919 	0.241475	-0.018     	0.800563
879	49    	0.36504  	0.21103 	-0.0166667 	0.800563
880	45    	0.386705 	0.232189	-0.0133333 	0.804644
881	46    	0.394418 	0.263026	-0.0133333 	0.84125 
882	47    	0.398429 	0.255059	-0.0171429 	0.84125 
883	44    	0.426047 	0.264134	-0.0175    	0.842645
884	47    	0.390193 	0.265798	-0.0166667 	0.84125 
885	47    	0.41955  	0.26274 	-0.0175    	0.888391
886	43    	0.435374 	0.286458	-0.0175    	0.888391
887	48    	0.381906 	0.272859	-0.0199999 	0.888849
888	47    	0.431266 	0.254136	-0.0177778 	0.888849
889	47    	0.387854 	0.218484	0.0683854  	0.826666
890	43    	0.428495 	0.244044	-0.0133334 	0.826666
891	44    	0.359521 	0.258766	-0.02      	0.826666
892	46    	0.406275 	0.257014	-0.016     	0.826666
893	46    	0.458762 	0.255423	-0.0175001 	0.826666
894	44    	0.502572 	0.269362	0.0537768  	0.925165
895	42    	0.37128  	0.302443	-0.0171428 	0.925165
896	42    	0.463962 	0.298362	-0.0171429 	0.925165
897	45    	0.376492 	0.333737	-0.02      	1.05629 
898	45    	0.434019 	0.265612	-0.017143  	0.925165
899	49    	0.406448 	0.237305	0.0589045  	0.925165
900	46    	0.475638 	0.245345	-0.02      	0.937811
901	48    	0.383574 	0.254221	-0.02      	0.937811
902	47    	0.39309  	0.273507	-0.0171428 	0.937817
903	49    	0.311717 	0.247652	-0.02      	0.861992
904	47    	0.379865 	0.255665	-0.0177778 	0.868345
905	47    	0.398679 	0.279413	-0.02      	0.947984
906	46    	0.418715 	0.282881	0.0754087  	0.947984
907	45    	0.374166 	0.306393	-0.02      	0.947984
908	45    	0.422498 	0.299933	0.0482198  	0.947984
909	46    	0.386299 	0.26878 	-0.0150001 	0.947984
910	45    	0.420517 	0.294447	-0.0171429 	0.945309
911	45    	0.483093 	0.322357	-0.0166666 	1.05805 
912	47    	0.43476  	0.31352 	-0.0177778 	0.945309
913	43    	0.476066 	0.312531	-0.0171429 	0.945309
914	44    	0.41918  	0.30287 	-0.0177778 	0.945309
915	47    	0.460961 	0.283039	0.0631575  	0.947984
916	47    	0.423359 	0.268185	-0.0166667 	0.992945
917	46    	0.375182 	0.236652	-0.0166667 	0.992945
918	43    	0.485923 	0.269989	0.0833771  	0.992945
919	49    	0.429157 	0.260316	-0.0171429 	1.01214 
920	47    	0.431334 	0.218035	0.14169    	0.898348
921	44    	0.444244 	0.265256	0.0861154  	0.992945
922	47    	0.410581 	0.255788	0.120578   	0.921727
923	47    	0.435662 	0.254262	-0.0133334 	1.01214 
924	46    	0.418756 	0.246442	0.131293   	1.01214 
925	47    	0.46261  	0.278433	-0.01      	1.01214 
926	49    	0.386124 	0.268155	-0.0175    	1.0193  
927	48    	0.373841 	0.228451	0.0641593  	1.12355 
928	47    	0.364094 	0.198112	-0.0160001 	0.771433
929	46    	0.428417 	0.22256 	-0.0171428 	0.864404
930	45    	0.427392 	0.24942 	-0.0150002 	0.871509
931	48    	0.407132 	0.238747	0.0764803  	0.871509
932	47    	0.404806 	0.26051 	-0.0171428 	0.9358  
933	46    	0.480354 	0.266133	0.0883666  	0.9358  
934	49    	0.369608 	0.25693 	-0.0171428 	0.870387
935	45    	0.434331 	0.271647	-0.0175    	0.86802 
936	46    	0.405096 	0.245064	-0.0174999 	0.865592
937	46    	0.46367  	0.231432	0.0746436  	0.871509
938	47    	0.46959  	0.299448	-0.0174999 	0.945376
939	44    	0.466688 	0.29369 	0.0759778  	0.947306
940	44    	0.458498 	0.324223	-0.0171428 	1.04195 
941	45    	0.516228 	0.300064	0.0759072  	1.04195 
942	46    	0.445871 	0.298556	-0.0175    	0.947306
943	43    	0.461181 	0.3021  	-0.01      	0.947072
944	48    	0.378956 	0.305642	-0.0175    	0.947929
945	47    	0.384419 	0.293649	0.0750526  	1.04191 
946	44    	0.469646 	0.327105	-0.0166666 	1.06675 
947	44    	0.443335 	0.314234	-0.01      	1.06858 
948	44    	0.484519 	0.333748	-0.0200001 	1.06858 
949	45    	0.496986 	0.326606	-0.0175    	1.06875 
950	40    	0.58501  	0.344929	0.066403   	1.06875 
951	47    	0.52447  	0.337874	-0.0159999 	1.07156 
952	46    	0.505721 	0.310071	0.060269   	0.98736 
953	46    	0.499868 	0.297607	-0.0199999 	1.06675 
954	47    	0.433872 	0.281841	0.0895737  	1.06675 
955	47    	0.459352 	0.309617	-0.0175    	1.06675 
956	46    	0.432631 	0.296141	-0.0166667 	0.972909
957	47    	0.422335 	0.277797	-0.0166666 	1.05927 
958	45    	0.455944 	0.311736	-0.0175    	1.05927 
959	46    	0.530405 	0.305484	0.0666966  	1.05927 
960	48    	0.45117  	0.301792	-0.00506809	0.978401
961	43    	0.444373 	0.312753	-0.0160001 	0.978401
962	47    	0.413846 	0.268596	-0.0159979 	0.978401
963	48    	0.455561 	0.261694	0.041286   	0.978401
964	45    	0.443372 	0.271906	-0.015     	0.976942
965	46    	0.437271 	0.288408	-0.0133334 	0.976942
966	47    	0.436042 	0.284577	-0.0166665 	0.976942
967	47    	0.381009 	0.249314	-0.016     	0.907092
968	47    	0.457081 	0.263102	-0.0177778 	0.925061
969	43    	0.454056 	0.251664	0.0747616  	0.925061
970	44    	0.462119 	0.253233	0.0909017  	0.925061
971	46    	0.449579 	0.247871	-0.015     	0.925061
972	46    	0.416596 	0.252205	0.0977844  	1.00612 
973	49    	0.317705 	0.206799	-0.016     	0.858771
974	40    	0.429199 	0.226597	0.0848578  	0.858771
975	43    	0.371656 	0.252684	-0.018     	0.86029 
976	45    	0.423975 	0.253206	0.084322   	0.935664
977	48    	0.388148 	0.240543	0.0827983  	0.869464
978	49    	0.353533 	0.221436	-0.018     	0.869464
979	49    	0.37308  	0.211504	0.0647055  	0.806132
980	44    	0.368814 	0.227823	-0.018     	0.799457
981	47    	0.351099 	0.210502	-0.016     	0.869702
982	47    	0.385505 	0.237413	-0.0166665 	0.86977 
983	44    	0.358007 	0.259698	0.0658877  	0.86977 
984	45    	0.367222 	0.235423	-0.0150001 	0.86977 
985	44    	0.431268 	0.25331 	0.0749171  	0.869702
986	42    	0.418956 	0.26687 	0.0649841  	0.869702
987	44    	0.36904  	0.270223	-0.01      	0.943206
988	45    	0.331004 	0.257593	-0.0166667 	0.943206
989	45    	0.376046 	0.22239 	-0.016     	0.863468
990	45    	0.393976 	0.205779	0.0754228  	0.867641
991	49    	0.298526 	0.198508	-0.00670266	0.867641
992	45    	0.362674 	0.222313	-0.0175001 	0.867641
993	46    	0.361374 	0.213014	0.0981552  	0.867641
994	48    	0.310958 	0.204856	-0.016     	0.867641
995	48    	0.401789 	0.211901	-0.0171427 	0.867641
996	43    	0.343504 	0.221037	-0.01      	0.861901
997	44    	0.350813 	0.231566	-0.015     	0.861901
998	48    	0.366252 	0.213619	-0.0171431 	0.861901
999	43    	0.3944   	0.21154 	0.0821872  	0.861901
1000	47    	0.385553 	0.234605	-0.016     	0.876131
