Argument values: path=C:\Users\1625203\Downloads\Framsticks50rc22\Framsticks50rc22, lib=None, sim=eval-allcriteria.sim;deterministic.sim;sample-period-2.sim;f9-mut-040.sim, genformat=None, initialgenotype=/*9*/BLU, opt=vertpos, popsize=50, generations=1000, tournament=10, pmut=0.9, pxov=0.2, hof_size=1, hof_savefile=None, max_numparts=30, max_numjoints=None, max_numneurons=None, max_numconnections=None, max_numgenochars=50
Using Framsticks version: 5.0rc22
Home (writable) dir     : C:\Users\1625203\Downloads\Framsticks50rc22\Framsticks50rc22\data
Resources dir           : C:\Users\1625203\Downloads\Framsticks50rc22\Framsticks50rc22\data

Available objects: ['CheckpointEvent', 'Collision', 'CrCollision', 'Creature', 'CreatureSettings', 'CreatureSignals', 'CreatureSnapshot', 'Dictionary', 'ExpProperties', 'ExpState', 'ExtValue', 'File', 'FunctionReference', 'GenMan', 'GenManStats', 'GenePool', 'GenePools', 'Geno', 'Genotype', 'Interface', 'Joint', 'Loader', 'Math', 'MechJoint', 'MechPart', 'MessageCatcher', 'Model', 'ModelGeometry', 'ModelSymmetry', 'Neuro', 'NeuroClass', 'NeuroClassLibrary', 'NeuroDef', 'NeuroSignals', 'NeuronsSimEnabled', 'ODE', 'Orient', 'Part', 'Population', 'Populations', 'Ref', 'Signal', 'SignalView', 'SimilMeasure', 'SimilMeasureDistribution', 'SimilMeasureGreedy', 'SimilMeasureHungarian', 'Simulator', 'SlaveSimulators', 'StopEvent', 'String', 'UserScripts', 'Vector', 'WireframeAppearance', 'World', 'WorldMap', 'WorldSignals', 'XYZ', '__builtins__', '__cached__', '__doc__', '__file__', '__loader__', '__name__', '__package__', '__spec__', 'c_api', 'ctypes', 'home_dir', 'init', 'os', 're', 'res_dir', 'sim_params', 'stats', 'sys']

Performing a basic test 1/2... OK.
Performing a basic test 2/2... OK.
Using settings: ['eval-allcriteria.sim', 'deterministic.sim', 'sample-period-2.sim', 'f9-mut-040.sim']
gen	nevals	avg     	stddev	min     	max     
0  	50    	0.218369	0     	0.218369	0.218369
1  	49    	0.0372504	0.0986703	-0.0166667	0.356517
2  	47    	0.0934745	0.132185 	-0.0166667	0.515856
3  	45    	0.119941 	0.142101 	-0.02     	0.427219
4  	49    	0.0940171	0.141265 	-0.02     	0.428377
5  	46    	0.198416 	0.174262 	-0.02     	0.70647 
6  	48    	0.184949 	0.159671 	-0.0166667	0.582956
7  	43    	0.249218 	0.172896 	-0.0166667	0.583103
8  	49    	0.202077 	0.157115 	-0.0171429	0.581124
9  	45    	0.194772 	0.144828 	-0.02     	0.581124
10 	47    	0.2387   	0.150427 	-0.0200002	0.541939
11 	48    	0.219503 	0.154195 	-0.0177778	0.516016
12 	47    	0.20597  	0.174238 	-0.0166666	0.730613
13 	47    	0.202967 	0.146395 	-0.016    	0.576472
14 	48    	0.217315 	0.166747 	-0.0175   	0.664846
15 	48    	0.235585 	0.172255 	-0.0171429	0.582948
16 	47    	0.18545  	0.178926 	-0.0199999	0.649037
17 	45    	0.229366 	0.154843 	-0.02     	0.649037
18 	47    	0.236227 	0.16316  	-0.02     	0.607299
19 	47    	0.209552 	0.141058 	-0.0171429	0.642381
20 	47    	0.217495 	0.187663 	-0.02     	0.654723
21 	44    	0.251838 	0.186713 	-0.0181818	0.654723
22 	43    	0.301722 	0.203717 	-0.0166667	0.787787
23 	45    	0.23308  	0.203088 	-0.0181818	0.787787
24 	48    	0.19705  	0.149461 	-0.0166667	0.574759
25 	44    	0.254093 	0.187271 	-0.02     	0.804435
26 	46    	0.259344 	0.174808 	-0.02     	0.647493
27 	46    	0.257778 	0.189754 	-0.0166667	0.647493
28 	45    	0.23472  	0.186424 	-0.0177777	0.639289
29 	46    	0.272049 	0.156944 	-0.0180001	0.639289
30 	47    	0.234876 	0.172709 	-0.02     	0.639289
31 	46    	0.199826 	0.177366 	-0.02     	0.702687
32 	48    	0.248177 	0.146158 	-0.0166666	0.702687
33 	46    	0.260506 	0.157267 	-0.0177778	0.702687
34 	47    	0.250942 	0.148405 	-0.0171428	0.702687
35 	46    	0.24334  	0.151386 	-0.0171429	0.702687
36 	46    	0.290018 	0.138998 	-0.0166667	0.615684
37 	46    	0.309121 	0.124968 	-0.016    	0.732505
38 	47    	0.284059 	0.187945 	-0.0177778	0.732505
39 	46    	0.255362 	0.182921 	-0.02     	0.732505
40 	44    	0.302249 	0.185942 	-0.02     	0.732505
41 	42    	0.339836 	0.197657 	-0.0166667	0.732839
42 	48    	0.225836 	0.170339 	-0.02     	0.648196
43 	45    	0.272951 	0.169716 	-0.0175   	0.648147
44 	45    	0.301333 	0.216878 	-0.02     	0.706014
45 	48    	0.228441 	0.179992 	-0.0175   	0.702732
46 	45    	0.236369 	0.197389 	-0.02     	0.702732
47 	46    	0.284323 	0.209587 	-0.02     	0.694721
48 	49    	0.229084 	0.193391 	-0.02     	0.719365
49 	49    	0.253052 	0.145729 	-0.02     	0.616997
50 	48    	0.240675 	0.152156 	-0.0171429	0.615846
51 	49    	0.241038 	0.136929 	-0.016    	0.643646
52 	46    	0.238772 	0.165385 	-0.0200001	0.643646
53 	46    	0.287948 	0.182936 	-0.0177778	0.718342
54 	48    	0.261949 	0.193055 	-0.0200001	0.729753
55 	46    	0.253594 	0.195099 	-0.02     	0.729753
56 	45    	0.279902 	0.196902 	-0.017143 	0.729753
57 	48    	0.269703 	0.202    	-0.0175   	0.812083
58 	46    	0.269778 	0.226627 	-0.02     	0.812977
59 	49    	0.201155 	0.1788   	-0.02     	0.729969
60 	44    	0.232612 	0.202472 	-0.02     	0.764983
61 	47    	0.260593 	0.186487 	-0.02     	0.729969
62 	43    	0.222957 	0.173944 	-0.02     	0.729969
63 	48    	0.216595 	0.139271 	-0.02     	0.616141
64 	44    	0.227948 	0.185663 	-0.02     	0.697295
65 	49    	0.271511 	0.149546 	-0.0166667	0.705837
66 	49    	0.248569 	0.156169 	-0.02     	0.705022
67 	46    	0.230881 	0.186087 	-0.0175   	0.704967
68 	45    	0.267664 	0.162722 	-0.0159997	0.694815
69 	49    	0.234408 	0.152341 	-0.0171429	0.647656
70 	43    	0.271718 	0.151269 	-0.0177778	0.694815
71 	46    	0.261012 	0.143084 	-0.0228571	0.645849
72 	43    	0.264653 	0.133545 	-0.0171429	0.51564 
73 	43    	0.258795 	0.16204  	-0.02     	0.581352
74 	45    	0.27774  	0.164855 	-0.0199999	0.812825
75 	46    	0.263486 	0.164517 	-0.0171429	0.581205
76 	47    	0.2209   	0.175356 	-0.02     	0.689268
77 	44    	0.232691 	0.167227 	-0.02     	0.581188
78 	47    	0.228316 	0.194497 	-0.02     	0.812825
79 	45    	0.258932 	0.226839 	-0.0171429	0.812825
80 	46    	0.221541 	0.21704  	-0.017143 	0.812825
81 	46    	0.25217  	0.195194 	-0.0171429	0.812825
82 	46    	0.198194 	0.192136 	-0.02     	0.812825
83 	45    	0.215012 	0.220284 	-0.02     	0.812825
84 	49    	0.203875 	0.166506 	-0.0228571	0.656027
85 	45    	0.237306 	0.145726 	-0.0166667	0.666764
86 	44    	0.232634 	0.173495 	-0.0166666	0.811247
87 	46    	0.243521 	0.173284 	-0.02     	0.666764
88 	45    	0.272439 	0.158656 	-0.015    	0.705857
89 	48    	0.244598 	0.136771 	-0.0175   	0.705857
90 	45    	0.3244   	0.189993 	-0.0175   	0.812083
91 	47    	0.248607 	0.211696 	-0.0174999	0.813756
92 	47    	0.251324 	0.209863 	-0.02     	0.812825
93 	47    	0.184573 	0.198794 	-0.02     	0.596908
94 	45    	0.217563 	0.200249 	-0.02     	0.724948
95 	48    	0.181974 	0.154378 	-0.0175001	0.596908
96 	45    	0.228675 	0.163539 	-0.02     	0.596908
97 	44    	0.253486 	0.155405 	-0.0199999	0.647092
98 	41    	0.271853 	0.169892 	-0.0175   	0.591908
99 	47    	0.23994  	0.162461 	-0.02     	0.591908
100	45    	0.184508 	0.152422 	-0.02     	0.591908
101	48    	0.21218  	0.155199 	-0.0171428	0.58318 
102	45    	0.206579 	0.172653 	-0.02     	0.58318 
103	47    	0.191182 	0.169905 	-0.0174995	0.594991
104	48    	0.185828 	0.148451 	-0.0166666	0.515522
105	45    	0.219664 	0.167577 	-0.02     	0.57436 
106	46    	0.227364 	0.177202 	-0.0233333	0.625634
107	46    	0.229837 	0.182215 	-0.016    	0.625634
108	48    	0.241014 	0.164264 	-0.02     	0.707909
109	44    	0.250224 	0.162547 	-0.0177778	0.707909
110	47    	0.222966 	0.156098 	-0.0177778	0.533163
111	49    	0.249508 	0.129015 	-0.0150001	0.533163
112	47    	0.175652 	0.146266 	-0.02     	0.533163
113	48    	0.28026  	0.119629 	-0.0175001	0.600768
114	47    	0.26952  	0.10726  	-0.0175001	0.544371
115	48    	0.241874 	0.119047 	-0.02     	0.544371
116	49    	0.246526 	0.123651 	-0.0177778	0.545772
117	48    	0.275387 	0.144328 	-0.02     	0.804169
118	46    	0.240832 	0.143451 	-0.02     	0.605146
119	42    	0.292697 	0.108925 	0.121073  	0.511268
120	41    	0.313046 	0.130171 	-0.02     	0.531833
121	45    	0.293557 	0.135113 	-0.0177778	0.563277
122	49    	0.280352 	0.131497 	-0.0166667	0.654491
123	44    	0.267625 	0.144468 	-0.02     	0.585906
124	44    	0.300449 	0.136642 	0.0758879 	0.719212
125	46    	0.258183 	0.135788 	-0.0171428	0.645053
126	45    	0.277203 	0.133851 	-0.0166667	0.645053
127	46    	0.254639 	0.126383 	-0.0175   	0.581161
128	48    	0.260973 	0.10862  	-0.0150001	0.538913
129	48    	0.276702 	0.105695 	-0.02     	0.538913
130	47    	0.267646 	0.110326 	0.0749374 	0.580825
131	42    	0.289194 	0.120434 	-0.0166667	0.580825
132	49    	0.249317 	0.11616  	-0.0171429	0.539722
133	45    	0.305631 	0.142453 	-0.0166667	0.66225 
134	45    	0.283929 	0.12516  	-0.0175   	0.587019
135	48    	0.271645 	0.130888 	-0.0175   	0.621897
136	45    	0.267351 	0.144699 	-0.0184615	0.621897
137	45    	0.280227 	0.148542 	-0.02     	0.622795
138	48    	0.283014 	0.1297   	-0.02     	0.622795
139	46    	0.287677 	0.178813 	-0.02     	0.671363
140	41    	0.335348 	0.164075 	-0.0133333	0.671363
141	43    	0.288574 	0.17592  	-0.0175   	0.656943
142	47    	0.263951 	0.114397 	-0.0177777	0.622795
143	46    	0.304011 	0.129445 	0.0997815 	0.622795
144	44    	0.310976 	0.134258 	-0.0150003	0.647955
145	47    	0.278947 	0.12527  	-0.0175   	0.647955
146	47    	0.294887 	0.146473 	-0.0215385	0.647955
147	48    	0.24229  	0.133715 	-0.02     	0.647955
148	49    	0.270076 	0.128969 	-0.0177778	0.647955
149	44    	0.229875 	0.169852 	-0.02     	0.647955
150	49    	0.197278 	0.173294 	-0.0177778	0.686837
151	44    	0.27903  	0.165941 	-0.0175   	0.686837
152	47    	0.264452 	0.180189 	-0.0200001	0.647955
153	47    	0.247796 	0.190108 	-0.02     	0.651834
154	44    	0.245729 	0.172298 	-0.02     	0.651834
155	47    	0.255291 	0.166684 	-0.0175   	0.650493
156	45    	0.240977 	0.161727 	-0.02     	0.650493
157	46    	0.219279 	0.153589 	-0.0175   	0.650493
158	48    	0.261573 	0.13725  	-0.0174999	0.751373
159	45    	0.259851 	0.139258 	-0.0174999	0.517024
160	49    	0.247009 	0.138694 	-0.0171429	0.650538
161	44    	0.242888 	0.150861 	-0.0174999	0.607544
162	48    	0.220236 	0.171246 	-0.02     	0.690435
163	44    	0.284879 	0.199722 	-0.0171429	0.690435
164	47    	0.248535 	0.189086 	-0.02     	0.69046 
165	43    	0.274103 	0.197393 	-0.0175   	0.69046 
166	44    	0.266253 	0.215126 	-0.02     	0.69046 
167	45    	0.222776 	0.189964 	-0.0174999	0.690435
168	42    	0.264874 	0.225783 	-0.02     	0.833256
169	46    	0.259624 	0.210711 	-0.0171429	0.833256
170	43    	0.298346 	0.214313 	-0.0171429	0.833256
171	45    	0.30887  	0.229481 	-0.02     	0.833256
172	47    	0.285518 	0.214256 	-0.0200001	0.833256
173	48    	0.265664 	0.195322 	-0.0177778	0.834784
174	48    	0.271533 	0.191466 	-0.0181819	0.834784
175	47    	0.276298 	0.197466 	-0.02     	0.72995 
176	46    	0.283752 	0.198981 	-0.0171428	0.72995 
177	50    	0.240657 	0.17539  	-0.018    	0.725642
178	47    	0.260638 	0.159154 	-0.0177777	0.650271
179	47    	0.260443 	0.147157 	-0.0166667	0.616481
180	45    	0.27058  	0.156791 	-0.0171429	0.692686
181	45    	0.284583 	0.158794 	-0.02     	0.627104
182	48    	0.279566 	0.149578 	-0.0133333	0.621788
183	47    	0.289409 	0.154025 	-0.018    	0.613978
184	44    	0.288317 	0.172329 	-0.02     	0.702748
185	46    	0.261917 	0.135427 	-0.02     	0.613978
186	44    	0.279916 	0.167409 	-0.0175   	0.706596
187	44    	0.253859 	0.180853 	-0.02     	0.614508
188	48    	0.24431  	0.134397 	-0.016    	0.594991
189	45    	0.269658 	0.162351 	-0.02     	0.615516
190	43    	0.280845 	0.177862 	-0.02     	0.72962 
191	44    	0.277982 	0.21297  	-0.02     	0.72962 
192	48    	0.237328 	0.181979 	-0.02     	0.718777
193	43    	0.30786  	0.179562 	-0.016    	0.718777
194	47    	0.267353 	0.19839  	-0.02     	0.804169
195	49    	0.243937 	0.189405 	-0.0177778	0.704074
196	46    	0.268204 	0.153689 	-0.0171429	0.617257
197	41    	0.288808 	0.180593 	-0.0166666	0.617257
198	42    	0.274283 	0.21522  	-0.0166666	0.686099
199	45    	0.270499 	0.192063 	-0.0171429	0.686099
200	48    	0.2077   	0.145936 	-0.0175   	0.617257
201	46    	0.21321  	0.148395 	-0.0200001	0.703401
202	47    	0.232062 	0.144965 	-0.0171428	0.69872 
203	47    	0.251321 	0.181617 	-0.0199999	0.815321
204	44    	0.259032 	0.177385 	-0.02     	0.815321
205	48    	0.270331 	0.158419 	-0.02     	0.815321
206	47    	0.287736 	0.183157 	-0.02     	0.815321
207	46    	0.27933  	0.195149 	-0.02     	0.740051
208	48    	0.260763 	0.151608 	-0.0177778	0.711269
209	45    	0.266767 	0.168253 	-0.02     	0.606603
210	45    	0.281826 	0.151658 	-0.0133337	0.606603
211	47    	0.290036 	0.169491 	-0.02     	0.710552
212	45    	0.291839 	0.179173 	-0.0175001	0.831861
213	49    	0.261947 	0.160235 	-0.0177778	0.831861
214	47    	0.228311 	0.173197 	-0.02     	0.831861
215	44    	0.273537 	0.206352 	-0.0177778	0.831861
216	48    	0.244671 	0.176479 	-0.016    	0.831861
217	47    	0.2438   	0.163937 	-0.02     	0.831861
218	47    	0.228702 	0.154363 	-0.018    	0.831861
219	46    	0.248835 	0.150769 	-0.0200001	0.831861
220	44    	0.230366 	0.15697  	-0.02     	0.831861
221	45    	0.275695 	0.121029 	-0.02     	0.511961
222	47    	0.259463 	0.114266 	-0.018    	0.511961
223	44    	0.233418 	0.136533 	-0.0177777	0.559557
224	47    	0.311474 	0.110063 	-0.0133333	0.559557
225	44    	0.280038 	0.115989 	0.102068  	0.542781
226	49    	0.264827 	0.124418 	-0.02     	0.492968
227	46    	0.26016  	0.129251 	-0.02     	0.492968
228	43    	0.282403 	0.120353 	-0.0133333	0.492968
229	47    	0.271397 	0.123492 	-0.0177777	0.479368
230	48    	0.284915 	0.0991248	0.129086  	0.479368
231	47    	0.280378 	0.098929 	-0.015    	0.479368
232	49    	0.275206 	0.101202 	-0.0184615	0.584044
233	47    	0.27683  	0.11147  	-0.0171429	0.536686
234	47    	0.283016 	0.0869367	0.129182  	0.485944
235	46    	0.31739  	0.109526 	0.0481105 	0.508594
236	45    	0.304127 	0.0955137	0.14693   	0.582257
237	49    	0.279569 	0.10538  	-0.02     	0.633142
238	49    	0.247016 	0.0944166	-0.0166667	0.378297
239	40    	0.296258 	0.0692261	0.104688  	0.408176
240	49    	0.215741 	0.323101 	-1        	0.544625
241	47    	0.316586 	0.211211 	-1        	0.581792
242	46    	0.261974 	0.336951 	-1        	0.58318 
243	40    	0.270573 	0.290712 	-1        	0.58318 
244	46    	0.213054 	0.323215 	-1        	0.58318 
245	48    	0.25573  	0.279346 	-1        	0.58071 
246	44    	0.245613 	0.281711 	-1        	0.59496 
247	49    	0.208536 	0.271689 	-1        	0.728806
248	46    	0.250451 	0.296779 	-1        	0.728806
249	48    	0.232047 	0.341343 	-1        	0.728806
250	47    	0.266418 	0.166681 	-0.0175   	0.728806
251	46    	0.295182 	0.187352 	-0.0177778	0.728806
252	46    	0.316012 	0.171954 	0.0857315 	0.728806
253	47    	0.232539 	0.202951 	-0.02     	0.728873
254	49    	0.252668 	0.172298 	-0.02     	0.728806
255	48    	0.263718 	0.140811 	-0.0175   	0.728806
256	48    	0.242062 	0.151042 	-0.0177778	0.615367
257	47    	0.24231  	0.137092 	-0.0200001	0.615367
258	49    	0.286859 	0.138376 	-0.0175   	0.682048
259	46    	0.297086 	0.143422 	0.0746945 	0.682048
260	43    	0.319392 	0.165717 	-0.022    	0.682048
261	43    	0.322779 	0.168772 	-0.02     	0.682048
262	48    	0.281976 	0.238838 	-1        	0.719999
263	48    	0.276614 	0.140695 	-0.0175   	0.719999
264	48    	0.288951 	0.159271 	-0.0175   	0.832264
265	44    	0.260555 	0.177323 	-0.02     	0.832264
266	48    	0.279641 	0.185112 	-0.0175   	0.832264
267	49    	0.242343 	0.158959 	-0.02     	0.73028 
268	46    	0.277891 	0.154635 	-0.0177778	0.73028 
269	47    	0.278231 	0.151469 	-0.02     	0.73028 
270	46    	0.282031 	0.159919 	-0.0181818	0.728562
271	44    	0.29919  	0.200376 	-0.0166667	0.813981
272	48    	0.269896 	0.203007 	-0.02     	0.728562
273	45    	0.314674 	0.195678 	-0.015    	0.728562
274	49    	0.294882 	0.157453 	-0.02     	0.702499
275	45    	0.288369 	0.195102 	-0.02     	0.739988
276	46    	0.273404 	0.147851 	-0.0171428	0.631787
277	42    	0.306099 	0.176487 	-0.015    	0.631787
278	46    	0.25673  	0.149689 	-0.018    	0.631787
279	44    	0.287569 	0.154545 	-0.0177778	0.631787
280	46    	0.27897  	0.142655 	-0.024    	0.631787
281	44    	0.265433 	0.154474 	-0.0180001	0.631787
282	46    	0.239273 	0.124603 	-0.0181818	0.514111
283	45    	0.259332 	0.144065 	-0.02     	0.557032
284	46    	0.265332 	0.160623 	-0.02     	0.61606 
285	42    	0.265879 	0.160716 	-0.02     	0.61606 
286	49    	0.257878 	0.134333 	-0.0233333	0.532502
287	47    	0.224165 	0.137176 	-0.0171429	0.534613
288	48    	0.297813 	0.0918479	0.021526  	0.532502
289	48    	0.271775 	0.134316 	-0.0174999	0.662174
290	47    	0.239173 	0.149868 	-0.0166667	0.662174
291	45    	0.249081 	0.123914 	-0.02     	0.519705
292	49    	0.233418 	0.108948 	-0.02     	0.486844
293	48    	0.270357 	0.122364 	-0.02     	0.495635
294	46    	0.312714 	0.0952671	0.12632   	0.495635
295	44    	0.258823 	0.235906 	-1        	0.660287
296	46    	0.252909 	0.109479 	-0.0175   	0.496603
297	45    	0.286491 	0.157913 	-0.0175   	0.59685 
298	46    	0.246847 	0.168599 	-0.02     	0.59685 
299	45    	0.271625 	0.184603 	-0.02     	0.611353
300	46    	0.25743  	0.197818 	-0.02     	0.710831
301	41    	0.333651 	0.181772 	-0.02     	0.710831
302	48    	0.228631 	0.156828 	-0.0181818	0.693124
303	46    	0.268562 	0.17137  	-0.02     	0.693124
304	47    	0.235646 	0.183876 	-0.02     	0.693124
305	48    	0.236822 	0.151706 	-0.02     	0.693124
306	48    	0.246693 	0.118245 	-0.0171429	0.560107
307	47    	0.230191 	0.153511 	-0.02     	0.567013
308	48    	0.240346 	0.110225 	-0.0171428	0.567013
309	46    	0.291334 	0.113285 	-0.02     	0.620877
310	47    	0.293216 	0.127699 	0.0957516 	0.690532
311	48    	0.246462 	0.13885  	-0.0166667	0.690532
312	46    	0.257106 	0.151714 	-0.018    	0.597759
313	48    	0.264155 	0.166703 	-0.02     	0.597759
314	48    	0.276754 	0.150151 	-0.02     	0.731002
315	46    	0.247727 	0.149192 	-0.02     	0.731002
316	48    	0.232626 	0.134032 	-0.0175   	0.609729
317	45    	0.263606 	0.119932 	-0.0166667	0.515866
318	47    	0.308661 	0.138931 	0.0649372 	0.861148
319	43    	0.263755 	0.160697 	-0.02     	0.579201
320	47    	0.269345 	0.151803 	-0.0177778	0.692531
321	48    	0.273526 	0.158894 	-0.02     	0.760479
322	46    	0.263692 	0.138151 	-0.0166667	0.748402
323	47    	0.251831 	0.114804 	-0.0181818	0.47107 
324	46    	0.255471 	0.123299 	-0.0175   	0.583225
325	46    	0.245584 	0.16388  	-0.02     	0.614608
326	49    	0.222528 	0.132094 	-0.0177778	0.616598
327	45    	0.274526 	0.128349 	-0.0166667	0.616598
328	48    	0.2502   	0.126428 	-0.0149999	0.647713
329	43    	0.259758 	0.141644 	-0.02     	0.647713
330	47    	0.255999 	0.131295 	-0.0160001	0.703753
331	47    	0.249563 	0.150939 	-0.02     	0.703753
332	46    	0.27079  	0.163477 	-0.0175   	0.703445
333	49    	0.223724 	0.154325 	-0.02     	0.601107
334	45    	0.277863 	0.173296 	-0.016    	0.706107
335	43    	0.261312 	0.204953 	-0.0200001	0.706107
336	47    	0.267794 	0.165506 	-0.0166667	0.706107
337	48    	0.271325 	0.175096 	-0.02     	0.751572
338	46    	0.277749 	0.198601 	-0.02     	0.751572
339	42    	0.308418 	0.231638 	-0.0177778	0.751572
340	44    	0.275159 	0.188752 	-0.0166667	0.751572
341	46    	0.31578  	0.173249 	0.115823  	0.751572
342	46    	0.27678  	0.168486 	-0.0171429	0.751572
343	48    	0.269451 	0.167395 	-0.02     	0.751572
344	47    	0.271085 	0.138468 	-0.0183333	0.638446
345	43    	0.307865 	0.128111 	-0.0175   	0.638446
346	42    	0.309435 	0.127259 	0.0728035 	0.638446
347	43    	0.30543  	0.14069  	0.0640603 	0.638446
348	46    	0.287812 	0.144232 	-0.01     	0.638446
349	48    	0.28037  	0.152932 	-0.02     	0.652478
350	47    	0.281276 	0.132903 	-0.0233333	0.559399
351	48    	0.276896 	0.114001 	-0.02     	0.526827
352	48    	0.267257 	0.105673 	-0.0150002	0.526827
353	46    	0.299957 	0.0896236	-0.016    	0.469783
354	48    	0.288136 	0.115739 	-0.02     	0.514473
355	46    	0.276147 	0.104402 	0.0623332 	0.491178
356	46    	0.290458 	0.108573 	-0.015    	0.491178
357	47    	0.288397 	0.111922 	-0.0184614	0.568121
358	46    	0.315682 	0.0948573	0.151984  	0.568121
359	45    	0.261953 	0.130394 	-0.0218182	0.485891
360	46    	0.321907 	0.106927 	0.130477  	0.605608
361	43    	0.306199 	0.138224 	-0.02     	0.605608
362	48    	0.276562 	0.224382 	-1        	0.605608
363	42    	0.326591 	0.132561 	-0.0166667	0.605608
364	48    	0.302145 	0.107261 	0.125862  	0.605608
365	48    	0.253338 	0.195396 	-1        	0.43294 
366	45    	0.298088 	0.120003 	-0.0133333	0.607434
367	43    	0.280118 	0.221206 	-1        	0.607434
368	45    	0.310743 	0.124309 	0.0890336 	0.659467
369	41    	0.338471 	0.140723 	0.0980155 	0.722808
370	43    	0.290823 	0.149302 	-0.0180001	0.659467
371	43    	0.336747 	0.140638 	-0.0150001	0.659467
372	44    	0.321174 	0.140015 	0.124552  	0.659467
373	45    	0.309367 	0.158216 	-0.0171427	0.659467
374	44    	0.329878 	0.13999  	0.0868803 	0.659467
375	46    	0.325717 	0.163983 	0.05322   	0.794906
376	48    	0.296574 	0.112426 	-0.015    	0.659467
377	44    	0.325762 	0.138268 	-0.0150001	0.659467
378	43    	0.34077  	0.146125 	0.157969  	0.674162
379	47    	0.32034  	0.13717  	0.134669  	0.859338
380	46    	0.309778 	0.136112 	-0.0150001	0.674162
381	46    	0.322154 	0.130789 	-0.0166667	0.674162
382	46    	0.31648  	0.132129 	-0.0183334	0.674162
383	47    	0.305526 	0.124332 	-0.02     	0.674162
384	48    	0.29035  	0.128092 	-0.0133332	0.552023
385	47    	0.312319 	0.117294 	-0.02     	0.603806
386	45    	0.264456 	0.132464 	-0.0150001	0.493782
387	46    	0.32613  	0.129512 	0.0859585 	0.845512
388	47    	0.310065 	0.125735 	-0.0133333	0.635626
389	45    	0.345556 	0.126248 	0.12746   	0.663669
390	47    	0.298779 	0.128566 	-0.0133332	0.650626
391	46    	0.318861 	0.118549 	0.101477  	0.650626
392	49    	0.282713 	0.0963172	-0.0160001	0.45902 
393	45    	0.280084 	0.09549  	-0.0149999	0.444362
394	44    	0.312284 	0.0907297	0.0600598 	0.478808
395	48    	0.29701  	0.0984898	-0.01     	0.504786
396	49    	0.297698 	0.11656  	-0.02     	0.605165
397	46    	0.304085 	0.114846 	0.0402991 	0.605165
398	47    	0.307984 	0.0942556	0.138024  	0.506076
399	45    	0.215156 	0.327379 	-1        	0.609678
400	46    	0.314399 	0.103248 	-0.0171429	0.609678
401	47    	0.252673 	0.26989  	-1        	0.569334
402	49    	0.235897 	0.2687   	-1        	0.473356
403	47    	0.310519 	0.0728406	0.165263  	0.473356
404	48    	0.0665302	0.506666 	-1        	0.474834
405	47    	0.120613 	0.422331 	-1        	0.431639
406	49    	0.127504 	0.42667  	-1        	0.467003
407	49    	0.0692519	0.507013 	-1        	0.468959
408	48    	0.27944  	0.279897 	-1        	0.691718
409	48    	0.159625 	0.438743 	-1        	0.670853
410	46    	0.142658 	0.473347 	-1        	0.555819
411	48    	0.196632 	0.36367  	-1        	0.555819
412	49    	0.276236 	0.200418 	-1        	0.54696 
413	47    	0.148588 	0.432008 	-1        	0.54696 
414	48    	0.274094 	0.279168 	-1        	0.577174
415	48    	0.269712 	0.203416 	-1        	0.561251
416	45    	0.257464 	0.327255 	-1        	0.476942
417	48    	0.257223 	0.266051 	-1        	0.431227
418	41    	0.211338 	0.366395 	-1        	0.506065
419	45    	0.108348 	0.492317 	-1        	0.506065
420	44    	0.175951 	0.441606 	-1        	0.506065
421	43    	0.0380537	0.55884  	-1        	0.548773
422	47    	0.0101173	0.571747 	-1        	0.548773
423	46    	0.0843399	0.514109 	-1        	0.548773
424	41    	0.167685 	0.438851 	-1        	0.548773
425	39    	0.239439 	0.379839 	-1        	0.548773
426	45    	0.0861301	0.516905 	-1        	0.548773
427	47    	0.109697 	0.492826 	-1        	0.548773
428	45    	0.241703 	0.336731 	-1        	0.598875
429	46    	0.219065 	0.369612 	-1        	0.548773
430	46    	0.233597 	0.373141 	-1        	0.57681 
431	48    	0.102513 	0.523729 	-1        	0.548773
432	48    	0.289357 	0.275101 	-1        	0.517749
433	47    	0.136055 	0.467716 	-1        	0.517749
434	47    	0.102331 	0.490324 	-1        	0.524815
435	43    	0.283501 	0.213581 	-1        	0.557749
436	41    	0.308854 	0.104678 	0.140409  	0.557749
437	45    	0.311144 	0.114222 	0.0734955 	0.557749
438	47    	0.31381  	0.104707 	0.105329  	0.557749
439	46    	0.304334 	0.101351 	0.0865818 	0.557749
440	49    	0.309442 	0.099886 	0.0761301 	0.58834 
441	46    	0.277435 	0.199451 	-1        	0.464324
442	48    	0.283832 	0.202461 	-1        	0.518862
443	44    	0.25892  	0.27126  	-1        	0.518862
444	46    	0.268794 	0.273268 	-1        	0.521116
445	44    	0.314215 	0.102032 	0.131053  	0.685606
446	48    	0.305575 	0.0839722	0.137062  	0.518862
447	42    	0.295572 	0.205633 	-1        	0.518862
448	47    	0.278381 	0.276831 	-1        	0.639108
449	46    	0.227082 	0.325454 	-1        	0.639108
450	48    	0.175328 	0.40264  	-1        	0.538091
451	50    	0.309682 	0.0907707	0.0881441 	0.550539
452	49    	0.121508 	0.458613 	-1        	0.475107
453	44    	-0.0893516	0.62755  	-1        	0.504433
454	47    	-0.17465  	0.649248 	-1        	0.504433
455	47    	0.1553    	0.433855 	-1        	0.504433
456	47    	0.0892314 	0.480998 	-1        	0.487361
457	47    	0.031443  	0.551246 	-1        	0.429972
458	44    	0.0944167 	0.482909 	-1        	0.431838
459	45    	0.211616  	0.364547 	-1        	0.478802
460	47    	0.119405  	0.460546 	-1        	0.49169 
461	49    	0.172544  	0.395209 	-1        	0.420364
462	48    	0.186049  	0.400937 	-1        	0.533602
463	46    	0.184909  	0.402494 	-1        	0.520086
464	45    	0.185326  	0.406981 	-1        	0.538301
465	46    	0.23188   	0.32147  	-1        	0.520086
466	47    	0.306598  	0.0847678	0.0838597 	0.520086
467	48    	0.243413  	0.271763 	-1        	0.49155 
468	46    	0.238254  	0.325788 	-1        	0.516644
469	45    	0.319277  	0.0876973	0.165844  	0.593953
470	45    	0.28374   	0.209364 	-1        	0.593953
471	48    	0.281374  	0.275141 	-1        	0.563995
472	48    	0.298125  	0.197935 	-1        	0.563995
473	49    	0.275512  	0.197193 	-1        	0.491184
474	46    	0.214237  	0.364822 	-1        	0.481146
475	44    	0.118544  	0.45948  	-1        	0.481146
476	46    	0.302354  	0.199675 	-1        	0.475289
477	41    	0.299646  	0.205894 	-1        	0.475289
478	48    	0.188309  	0.406341 	-1        	0.488983
479	36    	0.343528  	0.0957285	0.091379  	0.488983
480	49    	0.202473  	0.368022 	-1        	0.58387 
481	47    	0.22821   	0.321908 	-1        	0.503325
482	46    	0.267918  	0.2753   	-1        	0.503325
483	48    	0.155725  	0.434386 	-1        	0.517554
484	48    	0.273592  	0.206109 	-1        	0.517554
485	46    	0.196178  	0.368329 	-1        	0.517554
486	45    	0.300153  	0.208853 	-1        	0.554468
487	49    	0.110287  	0.45449  	-1        	0.530307
488	46    	0.249142  	0.266755 	-1        	0.530307
489	41    	0.297219  	0.209626 	-1        	0.530307
490	47    	0.126305  	0.424904 	-1        	0.530307
491	44    	0.3056    	0.0899356	0.12995   	0.530307
492	44    	0.237888  	0.264949 	-1        	0.432481
493	45    	0.274598  	0.276318 	-1        	0.505805
494	48    	0.194746  	0.363192 	-1        	0.508891
495	47    	0.222596  	0.317436 	-1        	0.46731 
496	43    	0.242275  	0.267619 	-1        	0.470951
497	46    	0.263457  	0.275176 	-1        	0.62644 
498	45    	0.275209  	0.201528 	-1        	0.595209
499	49    	0.284044  	0.0787694	0.115293  	0.50664 
500	46    	0.258079  	0.27863  	-1        	0.50664 
501	46    	0.20295   	0.364998 	-1        	0.493627
502	47    	0.291933  	0.203873 	-1        	0.493627
503	47    	0.291019  	0.0937476	0.09368   	0.512091
504	46    	0.335702  	0.0832338	0.169725  	0.516016
505	49    	0.208242  	0.275202 	-1        	0.61109 
506	49    	0.202426  	0.205167 	-1        	0.524335
507	44    	0.266884  	0.201881 	-1        	0.515062
508	41    	0.332528  	0.0976028	0.111422  	0.516645
509	47    	0.286862  	0.2033   	-1        	0.516645
510	46    	0.26563   	0.204109 	-1        	0.540499
511	44    	0.305374  	0.20559  	-1        	0.576518
512	45    	0.189283  	0.367163 	-1        	0.576518
513	41    	0.281178  	0.285168 	-1        	0.609366
514	44    	0.306049  	0.223382 	-1        	0.609366
515	48    	0.279821  	0.216281 	-1        	0.609366
516	47    	0.296038  	0.210068 	-1        	0.523447
517	44    	0.27079   	0.276054 	-1        	0.535863
518	48    	0.201938  	0.365017 	-1        	0.510287
519	47    	0.241652  	0.327901 	-1        	0.550982
520	48    	0.205001  	0.315691 	-1        	0.437314
521	46    	0.103643  	0.48524  	-1        	0.437314
522	48    	0.245935  	0.323827 	-1        	0.533639
523	44    	0.139585  	0.469436 	-1        	0.533639
524	44    	0.0738706 	0.512303 	-1        	0.533639
525	47    	0.101091  	0.519729 	-1        	0.533639
526	42    	0.17635   	0.439496 	-1        	0.481148
527	42    	0.147088  	0.468996 	-1        	0.481148
528	46    	0.115906  	0.45831  	-1        	0.481148
529	48    	0.0984461 	0.48488  	-1        	0.430466
530	46    	0.236691  	0.3233   	-1        	0.479716
531	47    	0.147629  	0.469635 	-1        	0.587958
532	47    	0.181834  	0.408706 	-1        	0.587958
533	45    	0.0427055 	0.564655 	-1        	0.587958
534	48    	0.0915624 	0.488869 	-1        	0.587958
535	45    	0.128609  	0.464261 	-1        	0.587958
536	44    	0.312765  	0.0978857	0.159794  	0.587958
537	49    	0.189102  	0.3609   	-1        	0.505227
538	49    	0.165907  	0.439494 	-1        	0.641656
539	43    	0.205122  	0.419182 	-1        	0.641656
540	48    	0.298854  	0.110762 	0.068974  	0.753682
541	44    	0.210388  	0.318574 	-1        	0.531255
542	46    	0.180211  	0.400772 	-1        	0.531255
543	45    	0.291351  	0.198696 	-1        	0.461968
544	46    	0.187396  	0.407645 	-1        	0.519455
545	46    	0.279653  	0.213519 	-1        	0.536853
546	49    	0.295067  	0.0981271	-0.0166667	0.538027
547	46    	0.21393   	0.275248 	-1        	0.538027
548	45    	0.2698    	0.0992588	-0.0183333	0.463026
549	44    	0.301611  	0.0880224	0.125473  	0.463026
550	48    	0.290962  	0.0850975	0.0946141 	0.493879
551	46    	0.276618  	0.20748  	-1        	0.587038
552	45    	0.298669  	0.111424 	0.00705019	0.587038
553	47    	0.249697  	0.20013  	-1        	0.460737
554	48    	0.242058  	0.271936 	-1        	0.460737
555	46    	0.21512   	0.318348 	-1        	0.460737
556	47    	0.295677  	0.0743462	0.0878065 	0.471119
557	48    	0.270856  	0.212798 	-1        	0.534859
558	47    	0.235685  	0.378005 	-1        	0.538348
559	46    	0.290034  	0.210226 	-1        	0.538348
560	45    	0.285468  	0.206999 	-1        	0.538348
561	44    	0.260618  	0.271178 	-1        	0.538348
562	43    	0.31171   	0.0990568	0.143881  	0.505419
563	49    	0.268061  	0.197674 	-1        	0.482115
564	48    	0.252816  	0.199783 	-1        	0.508492
565	46    	0.259823  	0.206972 	-1        	0.508492
566	47    	0.326795  	0.106063 	0.0955922 	0.508492
567	46    	0.305025  	0.104331 	0.0866526 	0.475365
568	47    	0.281199  	0.207755 	-1        	0.528329
569	44    	0.322826  	0.108641 	0.0801421 	0.563151
570	44    	0.309052  	0.125562 	-0.016    	0.563151
571	48    	0.307804  	0.113186 	-0.016    	0.660481
572	49    	0.293122  	0.10266  	-0.02     	0.594879
573	46    	0.19665   	0.365114 	-1        	0.551215
574	45    	0.297005  	0.11657  	-0.0175   	0.551215
575	45    	0.295398  	0.116838 	0.0615016 	0.551215
576	47    	0.294855  	0.0925949	0.100328  	0.530714
577	47    	0.267064  	0.208245 	-1        	0.576282
578	44    	0.223011  	0.376052 	-1        	0.576282
579	46    	0.00135802	0.60361  	-1        	0.639056
580	46    	0.080803  	0.549435 	-1        	0.576282
581	47    	-0.157007 	0.665103 	-1        	0.576282
582	45    	-0.0613103	0.621021 	-1        	0.576282
583	46    	-0.179373 	0.646938 	-1        	0.540094
584	48    	-0.0872048	0.60433  	-1        	0.540094
585	44    	0.0692052 	0.541802 	-1        	0.540094
586	49    	-0.0336605	0.575805 	-1        	0.480772
587	49    	-0.159295 	0.632393 	-1        	0.451273
588	46    	0.104074  	0.485855 	-1        	0.463487
589	47    	0.00464485	0.56883  	-1        	0.507642
590	46    	-0.0538189	0.595381 	-1        	0.507642
591	41    	0.211671  	0.41887  	-1        	0.624754
592	46    	-0.0775288	0.609291 	-1        	0.524313
593	43    	0.0915603 	0.519262 	-1        	0.524313
594	50    	0.0768644 	0.476842 	-1        	0.448627
595	42    	0.276429  	0.270512 	-1        	0.457406
596	47    	0.176926  	0.401969 	-1        	0.523897
597	49    	0.285421  	0.201959 	-1        	0.502389
598	47    	0.189266  	0.407745 	-1        	0.555109
599	45    	0.20451   	0.454197 	-1        	0.555109
600	44    	0.0510016 	0.562363 	-1        	0.555109
601	49    	-0.0847367	0.603106 	-1        	0.477875
602	48    	-0.158138 	0.634189 	-1        	0.49444 
603	38    	0.107564  	0.491144 	-1        	0.49444 
604	46    	0.10101   	0.487252 	-1        	0.49444 
605	48    	-0.113747 	0.611227 	-1        	0.49444 
606	47    	0.00965167	0.57133  	-1        	0.454192
607	45    	-0.196132 	0.658984 	-1        	0.470771
608	47    	0.0145297 	0.575275 	-1        	0.475773
609	44    	0.0552947 	0.534037 	-1        	0.454927
610	45    	0.0710333 	0.541672 	-1        	0.485117
611	49    	-0.00884312	0.563377 	-1        	0.509828
612	44    	0.0308931  	0.551202 	-1        	0.509828
613	47    	0.0212127  	0.548373 	-1        	0.561264
614	46    	0.230391   	0.323393 	-1        	0.561264
615	47    	0.120963   	0.46195  	-1        	0.561264
616	47    	0.291329   	0.211092 	-1        	0.561264
617	47    	0.179503   	0.443289 	-1        	0.568832
618	48    	0.292418   	0.205919 	-1        	0.502309
619	42    	0.193402   	0.448938 	-1        	0.497735
620	45    	0.0120597  	0.576188 	-1        	0.497735
621	47    	0.143049   	0.468268 	-1        	0.512846
622	46    	0.0144066  	0.575267 	-1        	0.512846
623	47    	0.170858   	0.441497 	-1        	0.520649
624	45    	0.100804   	0.521862 	-1        	0.512846
625	49    	0.173421   	0.398587 	-1        	0.453136
626	43    	0.171528   	0.438481 	-1        	0.453136
627	47    	0.282372   	0.196054 	-1        	0.454243
628	46    	0.149975   	0.42778  	-1        	0.467696
629	46    	0.237401   	0.321662 	-1        	0.467696
630	49    	0.174876   	0.357162 	-1        	0.460911
631	45    	0.272393   	0.274223 	-1        	0.460911
632	44    	0.288089   	0.199888 	-1        	0.516867
633	45    	0.202584   	0.365317 	-1        	0.516867
634	48    	0.258497   	0.197569 	-1        	0.516867
635	44    	0.264073   	0.208455 	-1        	0.641589
636	45    	0.265562   	0.280479 	-1        	0.641589
637	45    	0.267212   	0.098845 	0.107845  	0.471877
638	47    	0.216355   	0.120548 	-0.0184615	0.621434
639	46    	0.231436   	0.143891 	-0.0171429	0.621434
640	48    	0.253546   	0.128954 	-0.0171429	0.621434
641	48    	0.270771   	0.117538 	-0.02     	0.519781
642	48    	0.295455   	0.0858706	0.140965  	0.553331
643	49    	0.310359   	0.0822435	0.151895  	0.566405
644	46    	0.273761   	0.27359  	-1        	0.578632
645	46    	0.24222    	0.329931 	-1        	0.566317
646	41    	0.28723    	0.28198  	-1        	0.558125
647	46    	0.250375   	0.330272 	-1        	0.602818
648	41    	0.295921   	0.229479 	-1        	0.602818
649	46    	0.259798   	0.276135 	-1        	0.602818
650	45    	0.198858   	0.367198 	-1        	0.54081 
651	48    	0.274938   	0.104517 	0.0537982 	0.539114
652	41    	0.226725   	0.324236 	-1        	0.472643
653	48    	0.273869   	0.106023 	-0.016    	0.53031 
654	45    	0.279757   	0.0913775	-0.015    	0.436624
655	45    	0.306881   	0.0847446	0.124787  	0.476847
656	47    	0.302647   	0.107281 	-0.02     	0.47666 
657	47    	0.25607    	0.121038 	-0.015    	0.487868
658	49    	0.304218   	0.103049 	0.0538816 	0.531275
659	48    	0.197514   	0.322437 	-1        	0.514325
660	46    	0.292468   	0.105286 	-0.0166667	0.514325
661	46    	0.266124   	0.210557 	-1        	0.527067
662	48    	0.263021   	0.208303 	-1        	0.586579
663	48    	0.299776   	0.0945729	-0.0175   	0.538455
664	47    	0.307406   	0.0995462	0.0530165 	0.539554
665	45    	0.25714    	0.271034 	-1        	0.520764
666	47    	0.269943   	0.204704 	-1        	0.540931
667	44    	0.307349   	0.20984  	-1        	0.540931
668	47    	0.266549   	0.271303 	-1        	0.505519
669	48    	0.317172   	0.0769077	0.110993  	0.505519
670	49    	0.198349   	0.360625 	-1        	0.454754
671	49    	0.251542   	0.266671 	-1        	0.515911
672	46    	0.236305   	0.323446 	-1        	0.515911
673	48    	0.205405   	0.365615 	-1        	0.515911
674	43    	0.307413   	0.207165 	-1        	0.515911
675	46    	0.242742   	0.271477 	-1        	0.515911
676	45    	0.259326   	0.278169 	-1        	0.547935
677	45    	0.290668   	0.20979  	-1        	0.547935
678	48    	0.190166   	0.408193 	-1        	0.560336
679	47    	0.230552   	0.32806  	-1        	0.560336
680	46    	0.096268   	0.488419 	-1        	0.556156
681	46    	0.185789   	0.402206 	-1        	0.556156
682	44    	0.103639   	0.458081 	-1        	0.550067
683	48    	0.208788   	0.364759 	-1        	0.51279 
684	47    	0.138964   	0.431259 	-1        	0.511746
685	48    	0.203033   	0.369259 	-1        	0.527041
686	49    	-0.0829543 	0.604773 	-1        	0.46891 
687	48    	0.0344984  	0.555581 	-1        	0.531929
688	48    	0.193894   	0.40656  	-1        	0.502024
689	47    	0.172587   	0.399619 	-1        	0.510714
690	46    	0.289117   	0.201791 	-1        	0.481881
691	45    	0.146991   	0.431702 	-1        	0.481881
692	47    	0.130445   	0.463076 	-1        	0.562612
693	45    	0.0295598  	0.55567  	-1        	0.593311
694	45    	-0.077423  	0.61045  	-1        	0.593311
695	46    	0.0388019  	0.558608 	-1        	0.593311
696	43    	0.0340932  	0.553609 	-1        	0.444212
697	46    	-0.188057  	0.638295 	-1        	0.427641
698	44    	-0.13192   	0.625639 	-1        	0.435373
699	46    	-0.204492  	0.652728 	-1        	0.489338
700	45    	-0.169537  	0.655618 	-1        	0.530718
701	43    	-0.095157  	0.624614 	-1        	0.489338
702	47    	-0.180498  	0.644178 	-1        	0.489338
703	47    	-0.155677  	0.635692 	-1        	0.489338
704	44    	-0.0585948 	0.620279 	-1        	0.51976 
705	45    	0.0158394  	0.574501 	-1        	0.51976 
706	48    	-0.13512   	0.625345 	-1        	0.44093 
707	46    	0.125854   	0.459468 	-1        	0.44093 
708	44    	0.258674   	0.271411 	-1        	0.461472
709	48    	0.20395    	0.359872 	-1        	0.456432
710	45    	0.234191   	0.322055 	-1        	0.456432
711	46    	0.191804   	0.40426  	-1        	0.457507
712	47    	0.152918   	0.431744 	-1        	0.457507
713	46    	0.248005   	0.271239 	-1        	0.551225
714	45    	0.269629   	0.269515 	-1        	0.524881
715	46    	0.317934   	0.0705801	0.160293  	0.464827
716	49    	0.024324   	0.549461 	-1        	0.499902
717	47    	0.155797   	0.434594 	-1        	0.476192
718	49    	0.158029   	0.433713 	-1        	0.476192
719	44    	0.260159   	0.265819 	-1        	0.476192
720	45    	0.133508   	0.465755 	-1        	0.53459 
721	48    	0.264571   	0.269424 	-1        	0.496574
722	43    	0.262196   	0.273902 	-1        	0.496574
723	47    	0.267813   	0.200932 	-1        	0.477663
724	46    	0.314481   	0.08455  	0.16819   	0.512305
725	49    	0.177801   	0.404083 	-1        	0.738451
726	44    	0.149942   	0.437419 	-1        	0.738451
727	45    	0.202992   	0.423741 	-1        	0.738451
728	46    	0.262763   	0.335105 	-1        	0.738451
729	49    	0.207219   	0.368325 	-1        	0.738451
730	47    	0.2567     	0.268645 	-1        	0.492292
731	44    	0.264672   	0.275264 	-1        	0.539955
732	45    	0.285802   	0.211922 	-1        	0.539955
733	42    	0.326059   	0.118357 	-0.01     	0.551454
734	45    	0.262676   	0.276315 	-1        	0.551454
735	45    	0.260898   	0.275202 	-1        	0.539955
736	47    	0.262483   	0.270701 	-1        	0.539955
737	47    	0.27159    	0.210135 	-1        	0.55741 
738	47    	0.194886   	0.370474 	-1        	0.567914
739	46    	0.222856   	0.32141  	-1        	0.567914
740	47    	0.304326   	0.0977855	0.0608661 	0.499941
741	48    	0.273026   	0.199689 	-1        	0.537254
742	45    	0.239264   	0.326827 	-1        	0.537254
743	46    	0.301554   	0.101647 	0.114481  	0.537254
744	46    	0.286011   	0.201989 	-1        	0.489624
745	46    	0.318164   	0.10262  	0.124123  	0.584095
746	47    	0.300481   	0.097556 	0.0862345 	0.551209
747	42    	0.119899   	0.494014 	-1        	0.459683
748	47    	0.173233   	0.3989   	-1        	0.471306
749	42    	0.203015   	0.408233 	-1        	0.507456
750	49    	0.148424   	0.430647 	-1        	0.447968
751	47    	0.198535   	0.363709 	-1        	0.617511
752	45    	0.212212   	0.368741 	-1        	0.617511
753	46    	0.261563   	0.273654 	-1        	0.617511
754	49    	0.143244   	0.431789 	-1        	0.546395
755	44    	0.135061   	0.465637 	-1        	0.553443
756	46    	0.133421   	0.470153 	-1        	0.607584
757	44    	0.267146   	0.27036  	-1        	0.553443
758	46    	0.315283   	0.106256 	0.0480284 	0.553443
759	48    	0.254863   	0.275327 	-1        	0.620479
760	45    	0.339422   	0.114361 	0.153402  	0.620479
761	46    	0.31993    	0.145191 	-0.0171428	0.722077
762	47    	0.239926   	0.183978 	-0.0171429	0.722077
763	48    	0.195712   	0.149902 	-0.02     	0.581352
764	46    	0.25766    	0.149264 	-0.0171429	0.620857
765	49    	0.223937   	0.181563 	-0.0171428	0.813708
766	48    	0.24912    	0.155062 	-0.0181818	0.813708
767	47    	0.282906   	0.115432 	-0.02     	0.540168
768	44    	0.273688   	0.128923 	-0.02     	0.47681 
769	45    	0.261104   	0.218339 	-1        	0.486476
770	49    	0.272606   	0.114979 	-0.015    	0.613444
771	45    	0.235917   	0.272103 	-1        	0.498667
772	47    	0.245595   	0.324842 	-1        	0.486476
773	45    	0.288455   	0.109694 	-0.02     	0.543163
774	47    	0.298177   	0.0985919	-0.02     	0.57524 
775	46    	0.225531   	0.272725 	-1        	0.601226
776	45    	0.294711   	0.092656 	0.108043  	0.534619
777	46    	0.286919   	0.0983098	-0.02     	0.45159 
778	45    	0.285651   	0.094698 	0.0748472 	0.540987
779	44    	0.305249   	0.0939868	0.121189  	0.540987
780	45    	0.305913   	0.091784 	0.136464  	0.482906
781	49    	0.299437   	0.092654 	0.0363872 	0.527038
782	45    	0.309613   	0.0977975	0.0976666 	0.562469
783	43    	0.320868   	0.116946 	0.11378   	0.562469
784	44    	0.304103   	0.12923  	-0.0133333	0.562469
785	45    	0.284901   	0.21342  	-1        	0.562469
786	46    	0.294179   	0.100256 	0.111428  	0.562469
787	44    	0.241094   	0.331258 	-1        	0.527038
788	44    	0.303307   	0.211878 	-1        	0.527038
789	44    	0.324806   	0.107121 	0.04053   	0.527038
790	45    	0.317736   	0.125242 	-0.0181818	0.527038
791	45    	0.257789   	0.277676 	-1        	0.527038
792	46    	0.315441   	0.122785 	-0.0133333	0.605405
793	50    	0.269703   	0.211525 	-1        	0.515882
794	47    	0.29105    	0.0935444	0.0924083 	0.586462
795	46    	0.300072   	0.215862 	-1        	0.608684
796	48    	0.293874   	0.111064 	0.0778764 	0.608684
797	46    	0.293907   	0.0994569	-0.02     	0.599602
798	48    	0.28749    	0.0864655	0.0755669 	0.507298
799	44    	0.218259   	0.317987 	-1        	0.50666 
800	46    	0.247059   	0.270158 	-1        	0.656646
801	46    	0.178081   	0.405214 	-1        	0.656646
802	47    	0.295568   	0.0913561	0.0855823 	0.656646
803	46    	0.246377   	0.272323 	-1        	0.656646
804	48    	0.257083   	0.2005   	-1        	0.41837 
805	46    	0.203584   	0.323255 	-1        	0.579088
806	46    	0.209304   	0.319428 	-1        	0.4586  
807	46    	0.277296   	0.198108 	-1        	0.433359
808	46    	0.210488   	0.366556 	-1        	0.51168 
809	45    	0.20725    	0.366836 	-1        	0.576444
810	45    	0.0679647  	0.538216 	-1        	0.49725 
811	47    	0.278395   	0.276917 	-1        	0.535413
812	50    	0.151313   	0.431819 	-1        	0.481551
813	47    	0.192259   	0.410139 	-1        	0.5769  
814	45    	0.27845    	0.283451 	-1        	0.5769  
815	42    	0.228556   	0.38186  	-1        	0.5769  
816	46    	0.215565   	0.372872 	-1        	0.582913
817	46    	-0.0179006 	0.54026  	-1        	0.582913
818	44    	0.11512    	0.440477 	-1        	0.582956
819	43    	0.272775   	0.181437 	-0.0166667	0.583187
820	49    	0.2274     	0.194953 	-0.02     	0.58318 
821	47    	0.179388   	0.197164 	-0.02     	0.58318 
822	47    	0.204239   	0.171681 	-0.02     	0.583103
823	47    	0.146734   	0.17258  	-0.0200001	0.582956
824	50    	0.18246    	0.176166 	-0.0199999	0.583036
825	47    	0.207824   	0.134134 	-0.02     	0.521921
826	46    	0.255195   	0.155023 	-0.0171428	0.640275
827	46    	0.251422   	0.152997 	-0.0171428	0.640275
828	47    	0.213683   	0.173037 	-0.02     	0.640275
829	47    	0.247791   	0.16734  	-0.02     	0.542728
830	46    	0.208382   	0.144286 	-0.02     	0.558315
831	48    	0.19527    	0.141429 	-0.02     	0.582913
832	46    	0.229741   	0.105128 	-0.0175   	0.451908
833	46    	0.208013   	0.139647 	-0.0200001	0.582693
834	47    	0.21714    	0.126635 	-0.0175   	0.611312
835	44    	0.261562   	0.157148 	-0.02     	0.611312
836	42    	0.279303   	0.163592 	-0.0171429	0.611312
837	46    	0.276688   	0.169392 	-0.02     	0.674289
838	47    	0.269036   	0.129184 	0.0754074 	0.648921
839	46    	0.260821   	0.153457 	-0.02     	0.648921
840	47    	0.243123   	0.145674 	-0.02     	0.648921
841	43    	0.246196   	0.146578 	-0.0171428	0.648754
842	44    	0.259724   	0.128322 	-0.0177778	0.648754
843	44    	0.284637   	0.167434 	-0.02     	0.812825
844	49    	0.239083   	0.151328 	-0.0177778	0.614147
845	43    	0.275532   	0.167957 	-0.0166667	0.725606
846	47    	0.28062    	0.202692 	-0.02     	0.819403
847	44    	0.281724   	0.208781 	-0.02     	0.819403
848	48    	0.282224   	0.180806 	-0.0175   	0.819317
849	46    	0.267121   	0.215183 	-0.02     	0.811247
850	44    	0.259986   	0.216821 	-0.02     	0.726905
851	47    	0.249291   	0.176249 	-0.0171427	0.726905
852	48    	0.237506   	0.180426 	-0.02     	0.726905
853	47    	0.254207   	0.148906 	-0.02     	0.596871
854	47    	0.282415   	0.158276 	-0.0177778	0.652995
855	47    	0.248332   	0.165038 	-0.0200001	0.805654
856	47    	0.247152   	0.16899  	-0.02     	0.805654
857	46    	0.29646    	0.146102 	-0.0171428	0.703401
858	47    	0.254395   	0.128911 	-0.02     	0.55381 
859	46    	0.249218   	0.137487 	-0.02     	0.576963
860	45    	0.258739   	0.138735 	-0.02     	0.53247 
861	44    	0.280331   	0.121956 	-0.02     	0.537866
862	50    	0.270204   	0.12296  	-0.0171429	0.59386 
863	47    	0.236529   	0.158925 	-0.02     	0.66551 
864	45    	0.257921   	0.172705 	-0.02     	0.66551 
865	49    	0.254356   	0.124289 	-0.02     	0.527729
866	46    	0.271885   	0.140437 	-0.02     	0.535208
867	45    	0.256912   	0.128499 	-0.0166667	0.535208
868	48    	0.261391   	0.136033 	-0.02     	0.587767
869	45    	0.25312    	0.138311 	-0.0199999	0.587767
870	48    	0.26749    	0.177575 	-0.02     	0.755028
871	46    	0.290678   	0.170599 	-0.0175   	0.641403
872	47    	0.277752   	0.155747 	-0.016    	0.717411
873	46    	0.285846   	0.153451 	-0.012653 	0.754909
874	45    	0.281104   	0.214885 	-0.02     	0.754909
875	45    	0.300246   	0.196079 	-0.0171429	0.754909
876	47    	0.301082   	0.211114 	-0.0171428	0.754909
877	48    	0.263885   	0.194196 	-0.02     	0.754909
878	47    	0.264334   	0.157073 	-0.0175   	0.639332
879	46    	0.257889   	0.167581 	-0.02     	0.639332
880	49    	0.250941   	0.128526 	-0.0175   	0.545812
881	41    	0.279588   	0.150792 	-0.02     	0.545812
882	48    	0.277848   	0.162125 	-0.0228571	0.831427
883	45    	0.305632   	0.201592 	-0.02     	0.832784
884	48    	0.280582   	0.181754 	-0.02     	0.70293 
885	44    	0.291157   	0.182708 	-0.02     	0.690995
886	42    	0.351256   	0.171109 	-0.0159999	0.690995
887	49    	0.216398   	0.160291 	-0.02     	0.690995
888	48    	0.219772   	0.14998  	-0.0171429	0.692791
889	45    	0.29224    	0.21011  	-0.02     	0.706596
890	47    	0.258136   	0.184889 	-0.0177751	0.693487
891	47    	0.204932   	0.186406 	-0.0175   	0.706168
892	49    	0.185045   	0.155211 	-0.0175   	0.702292
893	46    	0.242236   	0.168821 	-0.0171428	0.702292
894	40    	0.270585   	0.215468 	-0.0175   	0.702292
895	44    	0.286694   	0.247533 	-0.02     	0.706539
896	43    	0.332479   	0.210186 	-0.02     	0.729998
897	44    	0.234228   	0.239646 	-0.02     	0.729998
898	42    	0.305403   	0.239037 	-0.0171429	0.729998
899	46    	0.264693   	0.239641 	-0.02     	0.729998
900	48    	0.235422   	0.185999 	-0.0166668	0.705972
901	47    	0.229805   	0.163168 	-0.02     	0.705972
902	44    	0.236953   	0.211045 	-0.0199999	0.705972
903	44    	0.243787   	0.197449 	-0.0171428	0.705972
904	45    	0.260963   	0.195936 	-0.0175   	0.70633 
905	46    	0.270679   	0.176574 	-0.016    	0.705972
906	43    	0.253929   	0.221167 	-0.0171429	0.705972
907	46    	0.264593   	0.175908 	-0.02     	0.705972
908	45    	0.241918   	0.179061 	-0.02     	0.705972
909	46    	0.248683   	0.163075 	-0.02     	0.61472 
910	49    	0.215092   	0.1623   	-0.02     	0.619147
911	48    	0.190681   	0.142977 	-0.02     	0.607326
912	44    	0.24109    	0.128268 	-0.0171429	0.488633
913	41    	0.246487   	0.140191 	-0.016    	0.488633
914	47    	0.224622   	0.174443 	-0.0175   	0.726645
915	46    	0.200643   	0.164796 	-0.0174999	0.726645
916	45    	0.241221   	0.179377 	-0.0175   	0.726645
917	46    	0.283047   	0.190667 	-0.0175   	0.726645
918	46    	0.226039   	0.210154 	-0.0175   	0.730303
919	47    	0.224647   	0.172467 	-0.02     	0.612518
920	44    	0.294648   	0.177891 	-0.02     	0.731319
921	47    	0.251977   	0.197091 	-0.02     	0.726645
922	45    	0.285125   	0.188061 	-0.017143 	0.730303
923	43    	0.295478   	0.192331 	-0.02     	0.726645
924	49    	0.196487   	0.178476 	-0.02     	0.70633 
925	43    	0.248128   	0.190438 	-0.0177778	0.782255
926	45    	0.251011   	0.199373 	-0.02     	0.782255
927	50    	0.19969    	0.157024 	-0.02     	0.561447
928	45    	0.277643   	0.184181 	-0.0166666	0.774937
929	47    	0.241956   	0.173406 	-0.02     	0.774937
930	45    	0.273842   	0.170903 	-0.0183333	0.774937
931	48    	0.269973   	0.133565 	-0.0175   	0.774937
932	46    	0.299517   	0.149889 	-0.0160001	0.774937
933	43    	0.255905   	0.132794 	-0.0150001	0.774937
934	49    	0.207397   	0.118119 	-0.0166667	0.43035 
935	48    	0.230048   	0.111168 	-0.0174984	0.427905
936	44    	0.274778   	0.127554 	-0.0175   	0.531518
937	49    	0.260159   	0.121563 	-0.018    	0.576739
938	45    	0.225641   	0.150488 	-0.0175   	0.576739
939	46    	0.277539   	0.10864  	-0.0171428	0.478603
940	46    	0.280792   	0.114894 	-0.0175001	0.472468
941	47    	0.284158   	0.112424 	-0.0171429	0.474484
942	49    	0.269212   	0.139242 	-0.02     	0.570574
943	45    	0.282341   	0.115934 	-0.0183334	0.558506
944	47    	0.302202   	0.0968274	0.129615  	0.618569
945	47    	0.294694   	0.10621  	-0.0228571	0.57871 
946	46    	0.303668   	0.0962716	-0.0133333	0.495511
947	45    	0.252005   	0.216177 	-1        	0.495511
948	46    	0.281882   	0.211648 	-1        	0.517577
949	47    	0.253511   	0.335267 	-1        	0.565831
950	42    	0.239988   	0.334601 	-1        	0.565831
951	46    	0.28915    	0.207858 	-1        	0.565831
952	48    	0.228663   	0.321995 	-1        	0.509315
953	46    	0.296584   	0.206575 	-1        	0.522565
954	46    	0.229863   	0.322524 	-1        	0.509315
955	46    	0.236835   	0.321185 	-1        	0.518337
956	45    	0.291895   	0.210497 	-1        	0.586833
957	43    	0.264675   	0.279127 	-1        	0.586833
958	45    	0.225694   	0.375674 	-1        	0.586833
959	48    	0.107209   	0.493074 	-1        	0.586833
960	43    	0.129019   	0.502762 	-1        	0.576116
961	49    	0.123031   	0.497646 	-1        	0.532013
962	46    	0.180805   	0.402677 	-1        	0.44498 
963	47    	0.0118835  	0.572128 	-1        	0.44498 
964	42    	0.0637343  	0.50547  	-1        	0.44498 
965	49    	-0.126051  	0.631532 	-1        	0.574121
966	44    	0.117844   	0.493616 	-1        	0.574121
967	47    	0.0805712  	0.514603 	-1        	0.574121
968	46    	0.0290902  	0.585349 	-1        	0.650504
969	46    	0.0898829  	0.520606 	-1        	0.650504
970	48    	0.257167   	0.271867 	-1        	0.574121
971	46    	0.2722     	0.275858 	-1        	0.611621
972	44    	0.243464   	0.375274 	-1        	0.611621
973	46    	0.222855   	0.32842  	-1        	0.611621
974	49    	0.220817   	0.321087 	-1        	0.465057
975	48    	0.170333   	0.438515 	-1        	0.484377
976	42    	0.204987   	0.411541 	-1        	0.537884
977	48    	0.251374   	0.26575  	-1        	0.489229
978	48    	0.150789   	0.433328 	-1        	0.500812
979	47    	0.145136   	0.429531 	-1        	0.460351
980	44    	0.0200523  	0.548497 	-1        	0.460351
981	48    	-0.0069425 	0.563714 	-1        	0.519346
982	45    	0.214272   	0.323663 	-1        	0.519346
983	47    	0.263504   	0.196927 	-1        	0.49592 
984	43    	0.29694    	0.209911 	-1        	0.517802
985	44    	0.264453   	0.271958 	-1        	0.517802
986	48    	0.291521   	0.20324  	-1        	0.49592 
987	47    	0.283866   	0.197256 	-1        	0.490321
988	44    	0.290337   	0.203944 	-1        	0.496584
989	47    	0.25973    	0.202906 	-1        	0.471422
990	45    	0.254394   	0.275777 	-1        	0.471422
991	45    	0.292954   	0.20863  	-1        	0.546483
992	48    	0.269317   	0.205984 	-1        	0.471422
993	47    	0.183748   	0.407928 	-1        	0.510752
994	48    	0.317173   	0.0768174	0.131538  	0.510752
995	48    	0.168387   	0.395118 	-1        	0.43107 
996	47    	0.292269   	0.0869356	-0.0175   	0.495065
997	48    	0.234963   	0.267146 	-1        	0.476575
998	47    	0.297457   	0.0972599	-0.016    	0.5424  
999	42    	0.261458   	0.276999 	-1        	0.5424  
1000	46    	0.270842   	0.207604 	-1        	0.5424  
Best individuals:
(0.8611480554579594,) 	-->	 /*9*/DDDDRLRBBFRU
VMNeuronManager.autoload: Neuro classes added: Delay Light Nn PIDP PIDV SeeLight SeeLight2 S0 S1 Thr 
UserScripts.autoload: 19 user scripts added.
Simulator.load: Loading from 'eval-allcriteria.sim'
Loader.load: Comments read from file follow:
Loader.load:  Sample settings for evaluating many criteria of performance of a Framsticks creature.
Loader.load:  See the "evalcount" parameter if you want to speed the evaluation up or have a more stable result.
Loader.load:  Other important parameters are "Energy0" and "perfperiod".
Loader.load:  Put this file in the "data" subdirectory within the Framsticks distribution.
Simulator.load: Settings loaded from 'eval-allcriteria.sim'
Simulator.load: Loading from 'deterministic.sim'
Loader.load: Comments read from file follow:
Loader.load:  Parameter values that make the evaluation of a Framsticks creature deterministic.
Loader.load:  The values turn off random noise, so evaluation of the same genotype will always yield the same performance.
Loader.load:  The advantage is that you do not need to evaluate a genotype many times, and performance values are reliable.
Loader.load:  The disadvantage is that evolved creatures are "overfitting", i.e. rely entirely on the specific environment,
Loader.load:  and their behavior may be different in any other environment or (even slightly) changed conditions or parameter values,
Loader.load:  so each creature evolved using these settings must be later inspected using exactly the same setup.
Loader.load: 
Loader.load:  Before loading this file, load base settings, e.g. "eval-allcriteria.sim".
Loader.load:  Put this file in the "data" subdirectory within the Framsticks distribution.
Simulator.load: Settings loaded from 'deterministic.sim'
Simulator.load: Loading from 'sample-period-2.sim'
Loader.load: Comments read from file follow:
Loader.load:  Very low "performance sampling period" in the first population to sample performance very often during lifespan
Loader.load:  and avoid overlooking some behavior. Averaged performance of sampled values is returned as the final value.
Loader.load:  See http://www.framsticks.com/a/al_params.html#exper-perfcalc
Loader.load: 
Loader.load:  Before loading this file, load base settings, e.g. "eval-allcriteria.sim".
Loader.load:  Put this file in the "data" subdirectory within the Framsticks distribution.
Simulator.load: Loading from 'f9-mut-040.sim'
Simulator.load: Settings loaded from 'f9-mut-040.sim'
