gen	nevals	avg     	stddev	min     	max     
0  	50    	0.218369	0     	0.218369	0.218369
1  	46    	0.0806371	0.137973	-0.0150003	0.514537
2  	46    	0.156145 	0.175482	-0.016    	0.514537
3  	46    	0.200154 	0.208876	-0.0160001	0.812825
4  	43    	0.274913 	0.215147	-0.0166667	0.812825
5  	46    	0.209545 	0.208717	-0.0177778	0.703725
6  	41    	0.304284 	0.244346	-0.0166666	0.812825
7  	44    	0.310429 	0.264066	-0.0171429	0.812825
8  	47    	0.290177 	0.228411	-0.0166666	0.812977
9  	47    	0.308462 	0.245699	-0.0166667	0.812977
10 	48    	0.296237 	0.25256 	-0.0171429	0.812977
11 	47    	0.273623 	0.233473	-0.0166667	0.812977
12 	48    	0.321585 	0.2655  	-0.0166667	0.812977
13 	45    	0.362153 	0.264471	-0.0171429	0.812977
14 	47    	0.284713 	0.281425	-0.0166667	0.812977
15 	48    	0.281639 	0.274819	-0.02     	0.812977
16 	48    	0.239638 	0.248458	-0.02     	0.812977
17 	46    	0.311429 	0.264076	-0.0175   	0.812977
18 	49    	0.280355 	0.270964	-0.02     	0.813756
19 	47    	0.291663 	0.2326  	-0.02     	0.812308
20 	47    	0.309094 	0.247376	-0.0166652	0.812977
21 	47    	0.336722 	0.24415 	-0.02     	0.812977
22 	46    	0.314931 	0.282416	-0.0171429	0.812977
23 	45    	0.291106 	0.294459	-0.0166667	0.812977
24 	45    	0.298624 	0.264487	-0.0166667	0.812977
25 	46    	0.331144 	0.291935	-0.0166667	0.812977
26 	47    	0.273066 	0.235722	-0.0166667	0.812977
27 	44    	0.27499  	0.257205	-0.0166667	0.812977
28 	48    	0.247464 	0.223494	-0.0175   	0.812977
29 	45    	0.221516 	0.205981	-0.0160001	0.703946
30 	43    	0.326798 	0.208975	-0.0171428	0.812977
31 	45    	0.281195 	0.243084	-0.0181818	0.812977
32 	46    	0.308454 	0.238703	-0.0171429	0.706026
33 	47    	0.279634 	0.217881	-0.0171429	0.739431
34 	43    	0.35212  	0.224495	-0.0171429	0.739431
35 	44    	0.325587 	0.221397	-0.0166666	0.739431
36 	45    	0.318163 	0.188421	-0.0175   	0.739431
37 	48    	0.35278  	0.227135	-0.0174999	0.812977
38 	46    	0.300264 	0.23897 	-0.0174999	0.812977
39 	42    	0.37246  	0.276902	-0.0171429	0.812977
40 	45    	0.222031 	0.251889	-0.0171429	0.812977
41 	47    	0.247466 	0.236665	-0.0166667	0.812977
42 	47    	0.272362 	0.240753	-0.02     	0.812977
43 	43    	0.303067 	0.26822 	-0.0171428	0.812977
44 	47    	0.294538 	0.253928	-0.02     	0.812977
45 	43    	0.348517 	0.279827	-0.0166667	0.812977
46 	43    	0.318253 	0.297769	-0.0171429	0.812977
47 	46    	0.340865 	0.308319	-0.0166667	0.818806
48 	48    	0.307576 	0.268607	-0.0171428	0.818806
49 	43    	0.376804 	0.264238	-0.0171429	0.818806
50 	43    	0.31363  	0.287154	-0.0166667	0.818806
51 	47    	0.284615 	0.225541	-0.0175   	0.818806
52 	44    	0.304143 	0.242069	-0.02     	0.813708
53 	47    	0.28339  	0.252866	-0.02     	0.841491
54 	44    	0.347076 	0.238268	-0.0166667	0.841491
55 	47    	0.366209 	0.214486	-0.0166667	0.841491
56 	45    	0.317056 	0.229343	-0.02     	0.841491
57 	45    	0.345605 	0.224764	-0.0166667	0.811247
58 	47    	0.333281 	0.208553	0.0626493 	0.811247
59 	43    	0.356599 	0.2443  	-0.0166667	0.732138
60 	45    	0.329456 	0.268802	-0.0175001	0.732772
61 	46    	0.322358 	0.257116	-0.02     	0.805075
62 	42    	0.333487 	0.268852	-0.02     	0.805075
63 	48    	0.295971 	0.262974	-0.02     	0.806701
64 	47    	0.359972 	0.279833	-0.02     	0.805245
65 	48    	0.316668 	0.236608	-0.02     	0.813919
66 	47    	0.287089 	0.211819	-0.02     	0.813981
67 	48    	0.335911 	0.187388	-0.02     	0.805075
68 	47    	0.282993 	0.221784	-0.02     	0.813981
69 	49    	0.310915 	0.214988	-0.02     	0.812083
70 	50    	0.314255 	0.217136	-0.02     	0.835107
71 	47    	0.342995 	0.249694	-0.02     	0.835277
72 	46    	0.384186 	0.251059	-0.0166667	0.835277
73 	48    	0.370368 	0.263053	-0.02     	0.835277
74 	46    	0.468136 	0.232008	-0.0171429	0.835277
75 	47    	0.498143 	0.242248	-0.0166667	0.945376
76 	44    	0.415637 	0.282186	-0.02     	0.945376
77 	43    	0.547412 	0.246506	-0.02     	0.945376
78 	50    	0.454664 	0.277816	-0.0175   	0.94789 
79 	46    	0.416253 	0.289822	-0.02     	0.94789 
80 	46    	0.494662 	0.312754	-0.0171428	0.94789 
81 	45    	0.508382 	0.303241	0.0737788 	0.999891
82 	45    	0.471531 	0.314806	-0.0133333	0.999891
83 	47    	0.461596 	0.288682	-0.0166667	0.999891
84 	43    	0.57875  	0.283355	0.110263  	0.999891
85 	46    	0.551472 	0.266152	0.0530603 	0.999891
86 	48    	0.500469 	0.300783	0.0939247 	1.07159 
87 	45    	0.43039  	0.312551	0.0855377 	1.07159 
88 	47    	0.461992 	0.257371	0.109364  	0.931633
89 	47    	0.477147 	0.297804	0.114262  	1.0643  
90 	46    	0.484705 	0.375168	-1        	1.0643  
91 	47    	0.475147 	0.313639	-0.016    	1.0643  
92 	46    	0.525436 	0.313055	0.0748698 	1.0643  
93 	49    	0.458873 	0.27973 	0.0567787 	1.0643  
94 	47    	0.507525 	0.295107	0.124878  	1.0643  
95 	48    	0.523981 	0.292311	0.0435444 	1.02524 
96 	46    	0.450632 	0.298617	-0.02     	0.991553
97 	44    	0.542021 	0.284773	0.125732  	0.993603
98 	47    	0.527216 	0.280765	0.119504  	0.993603
99 	44    	0.468983 	0.273811	0.0811241 	0.993603
100	43    	0.525131 	0.304907	0.15804   	0.993603
101	44    	0.489329 	0.306739	0.152969  	0.993603
102	45    	0.451914 	0.351172	-1        	0.993603
103	47    	0.380744 	0.307978	-1        	0.987038
104	48    	0.51356  	0.233624	0.20714   	0.993042
105	47    	0.488802 	0.261039	0.142641  	0.923834
106	43    	0.502757 	0.271241	0.0829699 	0.916748
107	46    	0.465202 	0.263935	0.107965  	0.935674
108	48    	0.449345 	0.255292	0.112725  	0.916748
109	48    	0.396391 	0.248505	0.0881448 	0.916748
110	46    	0.461369 	0.261805	0.104866  	0.923834
111	48    	0.527727 	0.267057	0.116306  	0.916748
112	46    	0.45982  	0.247726	0.0857243 	0.864247
113	47    	0.448504 	0.222441	0.0781206 	0.864247
114	47    	0.418966 	0.366953	-1        	0.885736
115	45    	0.439497 	0.315835	-1        	0.885366
116	50    	0.424422 	0.213459	0.066722  	0.833448
117	49    	0.465575 	0.22041 	0.158945  	0.912574
118	45    	0.394783 	0.406343	-1        	0.844981
119	48    	0.37815  	0.350261	-1        	0.86397 
120	45    	0.500737 	0.195545	0.188756  	0.86397 
121	48    	0.456104 	0.303752	-1        	0.907083
122	48    	0.48921  	0.224858	0.0993843 	0.907083
123	46    	0.389922 	0.377269	-1        	0.907083
124	44    	0.43369  	0.317583	-1        	0.907083
125	45    	0.491975 	0.236798	0.140258  	0.960885
126	47    	0.478163 	0.25531 	-0.0160001	0.960885
127	41    	0.496627 	0.323403	-1        	0.960885
128	44    	0.523785 	0.334749	-1        	0.960885
129	42    	0.550429 	0.248091	0.171359  	0.960885
130	44    	0.504316 	0.261611	0.162917  	0.960885
131	49    	0.485378 	0.249909	0.0950543 	0.953743
132	46    	0.50349  	0.23132 	0.202455  	0.953743
133	44    	0.461107 	0.316097	-1        	0.953743
134	46    	0.534837 	0.248808	0.147261  	1.07501 
135	47    	0.450277 	0.239016	0.174863  	0.926393
136	46    	0.472706 	0.31744 	-1        	0.938202
137	43    	0.484119 	0.34653 	-1        	0.938202
138	50    	0.427981 	0.301473	-1        	0.940297
139	45    	0.513559 	0.220165	0.131559  	0.86201 
140	46    	0.460411 	0.283248	-0.0166667	0.931965
141	46    	0.447223 	0.259697	-0.0171429	0.931965
142	48    	0.469987 	0.253637	0.133656  	0.931965
143	47    	0.471037 	0.253969	0.0934413 	0.999616
144	49    	0.432663 	0.210889	0.116888  	0.904228
145	48    	0.356534 	0.353568	-1        	0.904228
146	45    	0.439411 	0.376926	-1        	0.904228
147	46    	0.491482 	0.245798	0.122447  	0.924096
148	50    	0.427702 	0.376813	-1        	0.921029
149	45    	0.54951  	0.332726	-1        	0.943852
150	47    	0.465274 	0.257194	0.129405  	1.03832 
151	46    	0.499869 	0.340579	-1        	1.03832 
152	45    	0.453839 	0.315737	-1        	0.893853
153	47    	0.426491 	0.32852 	-1        	0.927218
154	48    	0.430136 	0.431694	-1        	0.977408
155	45    	0.430913 	0.263   	-0.0177778	0.977408
156	45    	0.511379 	0.269303	-0.0171429	0.977408
157	43    	0.512697 	0.286865	0.0959812 	0.929949
158	43    	0.533534 	0.2779  	0.10535   	0.929949
159	46    	0.405214 	0.339384	-1        	0.945218
160	47    	0.406202 	0.275645	-0.015    	0.909093
161	46    	0.381069 	0.346686	-1        	0.909093
162	48    	0.405601 	0.329454	-1        	0.926617
163	44    	0.448461 	0.27018 	0.0796543 	0.985032
164	46    	0.493781 	0.292017	0.0743261 	0.985032
165	42    	0.406923 	0.396916	-1        	0.985032
166	44    	0.485024 	0.335886	-1        	0.985032
167	49    	0.450065 	0.318138	-1        	0.874668
168	46    	0.512966 	0.233779	0.115861  	0.874668
169	43    	0.483762 	0.260219	0.0797244 	0.940191
170	44    	0.468854 	0.269083	0.158236  	0.939998
171	49    	0.352191 	0.340647	-1        	0.939998
172	44    	0.442364 	0.243786	-0.015    	1.02336 
173	44    	0.486217 	0.247473	0.121243  	1.02336 
174	44    	0.43755  	0.269456	0.148016  	1.02336 
175	46    	0.425309 	0.273692	0.133417  	1.02336 
176	46    	0.437627 	0.342686	-1        	0.939998
177	47    	0.490687 	0.270424	0.159703  	0.986623
178	43    	0.455607 	0.407154	-1        	0.986623
179	46    	0.455516 	0.256216	0.143295  	0.986623
180	48    	0.418987 	0.248067	-0.0166666	0.976279
181	44    	0.494605 	0.258652	-0.01     	0.978247
182	47    	0.485619 	0.335694	-1        	1.01301 
183	43    	0.497496 	0.32661 	-0.016    	1.02261 
184	46    	0.491211 	0.367558	-1        	1.02261 
185	48    	0.46401  	0.350612	-1        	1.02261 
186	47    	0.535451 	0.30132 	-0.0171429	1.02354 
187	49    	0.356386 	0.439034	-1        	1.02354 
188	42    	0.495258 	0.304629	-0.0133334	1.02354 
189	46    	0.491846 	0.280627	0.117926  	0.985692
190	46    	0.470871 	0.281369	-0.0171415	0.985692
191	43    	0.560241 	0.27492 	0.17765   	0.98698 
192	47    	0.484044 	0.293723	-0.0133333	0.987414
193	45    	0.508554 	0.264134	-0.0133333	0.92829 
194	46    	0.452425 	0.279922	-0.0177778	0.971313
195	47    	0.479648 	0.283449	0.0518073 	0.971313
196	45    	0.358945 	0.288569	0.0228411 	0.971313
197	46    	0.466931 	0.307143	-0.0175001	0.994053
198	47    	0.35721  	0.31353 	-0.0133334	1.03727 
199	38    	0.461895 	0.337091	-0.0171429	1.03727 
200	47    	0.409023 	0.302612	0.07205   	1.03652 
201	48    	0.506264 	0.298551	0.0561121 	0.90814 
202	43    	0.529144 	0.353189	-1        	1.05009 
203	46    	0.438222 	0.278618	0.114896  	0.90814 
204	45    	0.42928  	0.347637	-1        	0.984478
205	47    	0.414779 	0.282992	0.147931  	0.984478
206	46    	0.443363 	0.273138	0.0832007 	0.984478
207	46    	0.48948  	0.268783	0.0815886 	0.98753 
208	45    	0.445168 	0.385378	-1        	0.98257 
209	46    	0.498171 	0.269937	-0.015    	0.98257 
210	43    	0.47961  	0.282782	0.0875306 	0.98257 
211	44    	0.470393 	0.297706	0.141853  	0.98257 
212	48    	0.410595 	0.317829	-1        	0.98257 
213	47    	0.428179 	0.244662	-0.0166667	0.990701
214	45    	0.412395 	0.358017	-1        	0.878055
215	45    	0.419465 	0.306201	-1        	0.878055
216	43    	0.38098  	0.312476	-1        	0.907513
217	48    	0.3796   	0.209528	0.0552387 	0.907513
218	49    	0.357187 	0.32829 	-1        	0.907864
219	49    	0.453059 	0.282455	-1        	0.900233
220	45    	0.297926 	0.383565	-1        	0.900233
221	45    	0.393897 	0.2837  	-1        	0.828895
222	45    	0.464583 	0.247543	-0.0150002	0.878323
223	46    	0.45073  	0.247528	-0.015    	0.926222
224	47    	0.411722 	0.346229	-1        	0.926222
225	46    	0.41871  	0.266605	-0.018    	0.930326
226	48    	0.43908  	0.236556	0.116489  	0.874465
227	47    	0.432732 	0.222859	0.138531  	0.913382
228	48    	0.427817 	0.209597	0.0857076 	0.784628
229	47    	0.445815 	0.282027	-1        	0.819939
230	43    	0.427457 	0.304604	-1        	0.819939
231	47    	0.437436 	0.212503	0.0749363 	0.881303
232	45    	0.493216 	0.336887	-1        	0.936373
233	44    	0.392076 	0.344598	-1        	1.04143 
234	46    	0.381911 	0.318763	-1        	1.04143 
235	47    	0.437537 	0.25568 	0.0986035 	1.04143 
236	47    	0.326041 	0.463105	-1        	0.957516
237	45    	0.298247 	0.439421	-1        	0.883509
238	43    	0.527403 	0.265097	-0.0171428	0.946465
239	42    	0.392656 	0.265302	-0.0175   	0.946465
240	47    	0.289301 	0.464116	-1        	0.946465
241	47    	0.423559 	0.277466	-0.0166667	0.946465
242	48    	0.380407 	0.228966	-0.0160001	0.943401
243	47    	0.391083 	0.223205	0.100322  	0.943401
244	46    	0.369465 	0.414013	-1        	0.943401
245	45    	0.394932 	0.322242	-1        	0.914121
246	47    	0.373237 	0.299543	-1        	0.914121
247	47    	0.416654 	0.248649	-0.01     	0.890523
248	46    	0.486259 	0.253162	0.116016  	0.877425
249	48    	0.360698 	0.377576	-1        	0.936978
250	48    	0.345504 	0.45099 	-1        	0.936978
251	42    	0.483887 	0.266242	-0.0160001	0.936978
252	46    	0.492734 	0.24423 	0.133059  	0.936978
253	48    	0.465467 	0.310005	-1        	0.874349
254	43    	0.46336  	0.315013	-1        	0.874349
255	46    	0.48576  	0.313233	-1        	0.936978
256	48    	0.43939  	0.30495 	-1        	0.936978
257	48    	0.367417 	0.459133	-1        	0.833563
258	48    	0.413967 	0.217445	0.0611907 	0.853312
259	47    	0.449573 	0.318544	-1        	0.898018
260	46    	0.451092 	0.321311	-1        	0.828776
261	46    	0.427462 	0.314701	-1        	0.83331 
262	44    	0.44061  	0.305417	-1        	0.849197
263	45    	0.33562  	0.408199	-1        	0.849197
264	46    	0.419617 	0.368617	-1        	0.891746
265	45    	0.387297 	0.299785	-1        	0.894778
266	48    	0.409897 	0.284964	-1        	0.894778
267	49    	0.371909 	0.353231	-1        	0.860284
268	46    	0.42241  	0.301078	-1        	0.908131
269	49    	0.391168 	0.279413	-1        	0.826577
270	50    	0.345868 	0.448671	-1        	0.87413 
271	48    	0.414505 	0.293082	-1        	0.87413 
272	47    	0.401032 	0.423085	-1        	0.839828
273	43    	0.534438 	0.22932 	-0.0150001	0.840763
274	47    	0.477327 	0.208514	0.179186  	0.887321
275	46    	0.461584 	0.234951	0.116969  	0.934244
276	46    	0.5051   	0.235908	0.195854  	0.934244
277	46    	0.491872 	0.220568	0.145956  	0.934244
278	47    	0.429486 	0.307419	-1        	0.934244
279	46    	0.392892 	0.317242	-1        	0.974738
280	48    	0.372426 	0.370107	-1        	0.960743
281	41    	0.481619 	0.26315 	-0.016    	0.960743
282	44    	0.508391 	0.339728	-1        	0.968383
283	45    	0.487408 	0.359397	-1        	1.00592 
284	44    	0.449311 	0.359652	-1        	1.02596 
285	47    	0.415872 	0.34917 	-1        	1.00592 
286	46    	0.481581 	0.25686 	0.0745595 	1.00592 
287	45    	0.424484 	0.336194	-1        	1.05897 
288	47    	0.368475 	0.197359	-0.01     	0.877364
289	47    	0.357939 	0.341571	-1        	0.886488
290	46    	0.439798 	0.219437	0.172619  	0.879373
291	44    	0.436746 	0.231717	0.121302  	0.879373
292	44    	0.412674 	0.291939	-1        	0.879373
293	43    	0.406207 	0.483276	-1        	0.922222
294	47    	0.46692  	0.257574	0.150968  	0.950349
295	47    	0.393626 	0.315953	-1        	0.950349
296	47    	0.461584 	0.329364	-1        	0.962211
297	43    	0.466881 	0.291707	0.152255  	1.00605 
298	47    	0.387467 	0.379013	-1        	1.01003 
299	46    	0.410926 	0.331539	-1        	0.964897
300	45    	0.347267 	0.310254	-1        	0.964897
301	47    	0.382391 	0.241592	-0.01     	0.964897
302	47    	0.363817 	0.368805	-1        	0.964897
303	44    	0.422752 	0.397366	-1        	0.964897
304	47    	0.492399 	0.271962	0.148001  	0.964897
305	48    	0.414668 	0.368707	-1        	0.964897
306	45    	0.515562 	0.246298	0.0424118 	0.964897
307	46    	0.333082 	0.420923	-1        	0.964897
308	47    	0.431895 	0.238693	0.0852205 	0.98054 
309	45    	0.475572 	0.325875	-1        	0.98054 
310	46    	0.467563 	0.244531	0.18382   	0.98054 
311	44    	0.543018 	0.262701	0.195913  	0.981004
312	48    	0.464573 	0.32543 	-1        	0.955279
313	49    	0.503413 	0.253817	0.159538  	1.05125 
314	50    	0.451753 	0.237509	0.149789  	0.97732 
315	47    	0.486445 	0.280303	-0.016    	1.0491  
316	45    	0.560487 	0.292733	0.133797  	1.05009 
317	45    	0.457557 	0.341839	-1        	1.05009 
318	48    	0.535801 	0.253763	0.16253   	1.00745 
319	49    	0.389479 	0.302118	-1        	1.00808 
320	47    	0.412549 	0.284044	-1        	0.874719
321	48    	0.380543 	0.33866 	-1        	0.903313
322	47    	0.39949  	0.382107	-1        	0.881082
323	49    	0.487703 	0.166897	0.154543  	0.774028
324	49    	0.466621 	0.266101	-1        	0.800869
325	46    	0.428105 	0.196518	-0.01     	0.800869
326	46    	0.440465 	0.218923	-0.01     	0.847204
327	48    	0.449919 	0.365442	-1        	0.907261
328	47    	0.4881   	0.246448	0.107249  	0.983909
329	44    	0.460106 	0.263975	0.0764069 	0.983909
330	47    	0.432372 	0.306262	-1        	0.983909
331	43    	0.484287 	0.394367	-1        	0.983909
332	46    	0.403435 	0.433297	-1        	0.950443
333	48    	0.440539 	0.245842	0.145034  	0.936898
334	47    	0.492664 	0.228149	0.133076  	0.93539 
335	45    	0.483328 	0.257353	0.10915   	1.00025 
336	46    	0.539294 	0.229172	0.112325  	0.987083
337	47    	0.494998 	0.243249	0.142741  	0.987083
338	44    	0.451929 	0.261254	-0.0149999	0.987083
339	45    	0.53893  	0.248706	0.105779  	0.987083
340	47    	0.43262  	0.314029	-1        	0.932763
341	45    	0.527071 	0.216004	0.225676  	0.942729
342	45    	0.497588 	0.243562	0.136719  	0.942729
343	46    	0.4832   	0.237072	0.16988   	0.94306 
344	48    	0.434965 	0.202948	0.200993  	0.94306 
345	46    	0.369657 	0.405625	-1        	0.939588
346	49    	0.444826 	0.219787	0.189202  	0.978061
347	46    	0.487187 	0.219295	0.1901    	0.978061
348	45    	0.450317 	0.368926	-1        	0.978061
349	45    	0.50262  	0.243239	0.163364  	0.978061
350	47    	0.391063 	0.433757	-1        	0.978773
351	43    	0.474882 	0.238655	0.210442  	0.978773
352	41    	0.518576 	0.248549	0.208146  	0.978773
353	44    	0.443146 	0.245597	0.152918  	0.918623
354	41    	0.507491 	0.32963 	-1        	0.922566
355	47    	0.505544 	0.255588	-0.0171429	0.950443
356	46    	0.511664 	0.280771	0.202638  	1.03173 
357	48    	0.494382 	0.277155	0.13851   	1.03377 
358	47    	0.450551 	0.408517	-1        	1.03211 
359	47    	0.510868 	0.287236	0.164232  	1.03377 
360	41    	0.539621 	0.299938	-0.0166667	1.06469 
361	49    	0.451552 	0.420391	-1        	1.03454 
362	49    	0.421925 	0.266538	-0.0133334	1.06469 
363	50    	0.344601 	0.286745	-1        	0.940941
364	48    	0.440232 	0.203082	0.0996696 	0.940941
365	48    	0.437497 	0.212976	-0.015    	0.940941
366	49    	0.379509 	0.199657	-0.0150001	0.889479
367	46    	0.463033 	0.260967	-0.0150001	0.942417
368	47    	0.482923 	0.243815	0.0795049 	0.909303
369	47    	0.427552 	0.284599	-1        	0.852073
370	45    	0.443754 	0.234541	-0.0171429	0.859156
371	45    	0.494185 	0.245127	-0.0171429	0.894857
372	43    	0.487403 	0.23083 	0.123056  	0.894857
373	47    	0.421028 	0.208096	-0.0171429	0.860285
374	45    	0.467932 	0.231051	-0.0171429	0.899013
375	47    	0.439169 	0.215836	0.0743354 	0.951962
376	45    	0.396692 	0.289895	-1        	0.951962
377	47    	0.400827 	0.233651	-0.0199999	0.899013
378	45    	0.458635 	0.318467	-1        	0.899678
379	46    	0.447633 	0.262376	0.118516  	0.899678
380	43    	0.495196 	0.248355	0.14864   	0.899678
381	43    	0.529403 	0.255702	0.212315  	0.926226
382	44    	0.482274 	0.2295  	0.143857  	0.926226
383	48    	0.49448  	0.239963	-0.0175   	0.937018
384	46    	0.444387 	0.309409	-1        	0.937018
385	43    	0.384558 	0.373845	-1        	0.937018
386	45    	0.440175 	0.243348	-0.015    	0.918628
387	45    	0.435265 	0.303309	-1        	0.899013
388	47    	0.474249 	0.243906	0.0986597 	0.899013
389	45    	0.486455 	0.266496	-0.00551795	0.899013
390	47    	0.436992 	0.243881	0.117757   	0.931019
391	46    	0.51019  	0.254218	0.116291   	0.931019
392	46    	0.448982 	0.269186	-0.0199999 	0.991803
393	47    	0.417345 	0.279295	-0.0171428 	0.926197
394	48    	0.467629 	0.281954	0.0622598  	0.991665
395	47    	0.450714 	0.248033	-0.00506809	0.926197
396	45    	0.450656 	0.284957	-0.0166665 	1.00603 
397	46    	0.463766 	0.290938	0.141213   	1.01687 
398	48    	0.521243 	0.278135	0.066484   	1.01687 
399	45    	0.452461 	0.305752	-0.0159999 	1.01687 
400	44    	0.451336 	0.306225	-0.0166667 	1.01687 
401	48    	0.477005 	0.297694	-0.0199999 	1.00229 
402	43    	0.456057 	0.322098	-0.0175    	1.00229 
403	44    	0.486756 	0.29892 	0.11948    	1.00229 
404	49    	0.514476 	0.291321	-0.015     	1.01687 
405	44    	0.420219 	0.293089	-0.0175    	1.01687 
406	45    	0.470599 	0.303558	-0.0171429 	1.01687 
407	42    	0.535862 	0.30126 	0.0857406  	1.01687 
408	48    	0.473427 	0.312346	0.0886877  	1.01687 
409	41    	0.490367 	0.304049	-0.0166667 	1.01687 
410	47    	0.519179 	0.288592	0.118053   	1.01687 
411	46    	0.457125 	0.266025	-0.00506809	0.932598
412	44    	0.504676 	0.272492	0.121531   	1.00028 
413	47    	0.47214  	0.264346	-0.02      	0.932598
414	42    	0.490273 	0.305548	-0.016     	0.993621
415	48    	0.52449  	0.278445	0.127087   	1.00729 
416	46    	0.480238 	0.297227	0.075046   	1.01475 
417	43    	0.526105 	0.325239	-0.0174999 	1.01892 
418	46    	0.433984 	0.280552	-0.0166666 	1.01892 
419	40    	0.542041 	0.301733	0.0855534  	1.01892 
420	49    	0.358025 	0.246002	-0.0171429 	1.00955 
421	45    	0.405763 	0.227778	0.0930916  	1.00955 
422	48    	0.403301 	0.231556	0.0754887  	0.856506
423	47    	0.448824 	0.235891	-0.0175001 	0.905461
424	46    	0.500007 	0.237417	-0.0171429 	0.87507 
425	47    	0.520235 	0.244104	0.0763653  	0.87507 
426	47    	0.468087 	0.251061	-0.0166667 	0.866249
427	45    	0.513989 	0.262068	0.156099   	0.918056
428	45    	0.532782 	0.282314	-0.0133333 	1.05489 
429	47    	0.466459 	0.262582	0.115516   	1.05489 
430	44    	0.520914 	0.298571	-0.0177778 	1.05489 
431	46    	0.572612 	0.301004	-0.0150001 	1.05489 
432	47    	0.498247 	0.30408 	-0.0171428 	1.05489 
433	43    	0.588939 	0.2927  	0.060051   	1.14826 
434	45    	0.563417 	0.323971	-0.0133333 	1.14826 
435	47    	0.460195 	0.311913	-0.0171429 	1.14805 
436	44    	0.60345  	0.318428	-0.018     	1.14805 
437	41    	0.573631 	0.361659	0.0998931  	1.14805 
438	47    	0.432326 	0.338611	-0.02      	1.14805 
439	48    	0.468371 	0.33257 	0.0884919  	1.14805 
440	46    	0.490302 	0.35105 	-0.0166667 	1.14805 
441	47    	0.406988 	0.305236	0.0981634  	1.11558 
442	48    	0.415826 	0.249366	-0.0166665 	1.12247 
443	45    	0.468654 	0.253077	-0.0171428 	1.12247 
444	47    	0.51955  	0.295162	0.134408   	1.12696 
445	42    	0.459583 	0.303336	-0.016     	1.12385 
446	45    	0.502616 	0.299884	-0.0166667 	1.12385 
447	45    	0.495643 	0.314439	-0.0150001 	1.12385 
448	46    	0.543593 	0.312607	0.178759   	1.12385 
449	48    	0.466482 	0.271332	0.0659013  	1.12385 
450	47    	0.491478 	0.272445	-0.0166594 	1.12247 
451	46    	0.562529 	0.302866	-0.01      	1.12747 
452	42    	0.483413 	0.313757	-0.0133333 	1.01153 
453	46    	0.457514 	0.315402	-0.0159893 	1.0181  
454	45    	0.46492  	0.270722	0.105726   	1.00942 
455	48    	0.494012 	0.302288	0.0989254  	1.0178  
456	46    	0.485537 	0.267023	0.137565   	1.0178  
457	46    	0.425059 	0.253682	0.131346   	1.00942 
458	47    	0.476762 	0.23806 	-0.0159977 	0.874137
459	49    	0.478694 	0.251766	0.134587   	1.00942 
460	48    	0.443712 	0.342289	-1         	1.12289 
461	48    	0.509939 	0.267058	0.115543   	1.12289 
462	49    	0.460349 	0.253187	-0.0171427 	1.12289 
463	46    	0.44783  	0.358333	-1         	1.12289 
464	48    	0.440492 	0.250145	-0.016     	1.01798 
465	46    	0.490034 	0.28045 	0.0885592  	1.05081 
466	47    	0.497757 	0.262533	0.149484   	1.05081 
467	45    	0.460215 	0.272948	0.0745947  	1.05081 
468	44    	0.454547 	0.249128	0.160295   	1.05081 
469	50    	0.431146 	0.211681	0.158496   	0.976359
470	46    	0.460942 	0.275831	0.0742877  	1.03195 
471	48    	0.476953 	0.254449	0.132559   	0.928115
472	46    	0.437844 	0.236099	0.0744378  	0.928115
473	46    	0.451947 	0.272384	0.0831857  	0.928115
474	44    	0.440763 	0.296004	0.0748138  	1.12162 
475	45    	0.378661 	0.295748	-0.0159999 	1.12162 
476	47    	0.401205 	0.273152	0.108274   	1.01142 
477	48    	0.436546 	0.267637	0.087804   	1.1235  
478	42    	0.543769 	0.306662	0.0626943  	1.1235  
479	48    	0.461251 	0.295106	0.12405    	1.12377 
480	46    	0.468953 	0.28058 	0.123157   	1.1235  
481	46    	0.460091 	0.298139	0.0660763  	1.1235  
482	46    	0.379269 	0.339208	-1         	1.12369 
483	46    	0.386089 	0.25682 	0.0838411  	1.12369 
484	48    	0.331725 	0.298344	-1         	1.00837 
485	48    	0.38142  	0.22745 	-0.02      	1.00837 
486	46    	0.403759 	0.265116	-0.015     	1.06199 
487	45    	0.440559 	0.245683	0.142584   	1.00949 
488	46    	0.38473  	0.230563	0.136695   	0.908225
489	46    	0.410281 	0.244977	0.093264   	1.00144 
490	47    	0.456133 	0.255992	0.0853517  	1.00144 
491	46    	0.424525 	0.233549	0.140289   	1.00144 
492	50    	0.430173 	0.297274	-1         	0.907982
493	44    	0.458692 	0.271246	-0.016     	0.924891
494	46    	0.441184 	0.253081	0.0574974  	0.937656
495	42    	0.537437 	0.254596	0.163353   	0.932733
496	47    	0.40954  	0.374813	-1         	0.986826
497	47    	0.430435 	0.451981	-1         	1.02216 
498	48    	0.376375 	0.237303	-0.0175001 	1.06205 
499	47    	0.40793  	0.331605	-1         	1.06205 
500	46    	0.424646 	0.281457	-0.0160001 	1.06205 
501	47    	0.460025 	0.282142	-0.0183333 	1.06205 
502	45    	0.465098 	0.306296	-0.0166665 	1.01914 
503	44    	0.516926 	0.307314	-0.0166667 	1.01914 
504	48    	0.369665 	0.264131	-0.0175    	1.01914 
505	44    	0.45051  	0.238441	0.11669    	0.930997
506	46    	0.407753 	0.32011 	-1         	0.970945
507	43    	0.500868 	0.240346	0.171735   	1.04265 
508	48    	0.451983 	0.277393	-0.0171429 	1.04265 
509	48    	0.438305 	0.249941	0.0988782  	1.0366  
510	44    	0.475356 	0.358864	-1         	1.06436 
511	44    	0.54658  	0.311733	0.0854231  	1.06436 
512	46    	0.455151 	0.440786	-1         	1.06436 
513	48    	0.527015 	0.317928	0.0756522  	1.17914 
514	44    	0.550631 	0.318111	0.0754084  	1.17982 
515	45    	0.543918 	0.319602	0.147968   	1.17982 
516	46    	0.495669 	0.301723	0.111254   	1.17982 
517	46    	0.409355 	0.246858	0.11883    	0.930571
518	48    	0.464556 	0.323714	-1         	0.974506
519	46    	0.465706 	0.24354 	0.106918   	0.949189
520	43    	0.468559 	0.251922	0.161982   	0.949189
521	46    	0.522195 	0.328506	-1         	0.966744
522	46    	0.525572 	0.24057 	0.189505   	0.966744
523	46    	0.50582  	0.241744	0.186648   	0.949189
524	44    	0.429375 	0.310779	-1         	0.894996
525	45    	0.52831  	0.281238	0.13951    	0.964577
526	47    	0.49642  	0.24299 	0.195691   	0.901497
527	46    	0.477156 	0.236965	0.153263   	0.901497
528	43    	0.474334 	0.329974	-1         	0.931516
529	42    	0.491811 	0.287126	-0.0175    	0.96301 
530	48    	0.352499 	0.355196	-1         	1.02022 
531	47    	0.434491 	0.238966	-0.016     	0.931516
532	45    	0.530951 	0.231094	0.20087    	0.931516
533	48    	0.432915 	0.322794	-1         	0.932059
534	47    	0.459774 	0.250707	-0.02      	0.932059
535	45    	0.451912 	0.334879	-1         	0.934758
536	48    	0.529955 	0.256777	0.176397   	0.970318
537	47    	0.36544  	0.371436	-1         	0.970318
538	48    	0.476391 	0.216775	0.138305   	0.879919
539	47    	0.503915 	0.207809	0.189809   	0.879919
540	45    	0.515358 	0.220547	-0.0133333 	0.900589
541	46    	0.514736 	0.219185	0.183697   	0.900589
542	48    	0.49511  	0.228497	0.148652   	0.900589
543	49    	0.52493  	0.239883	0.143105   	0.968335
544	46    	0.513235 	0.247516	0.173817   	0.939251
545	44    	0.50775  	0.272101	-0.0133333 	1.05001 
546	44    	0.557288 	0.301156	0.160818   	1.07515 
547	45    	0.555361 	0.310927	-0.0177778 	1.06978 
548	46    	0.538108 	0.299866	0.156743   	1.06978 
549	45    	0.581885 	0.300366	0.102273   	1.05001 
550	47    	0.516403 	0.302938	0.152334   	1.00462 
551	44    	0.51301  	0.301449	0.114763   	1.12113 
552	45    	0.551979 	0.322377	0.0589013  	1.12113 
553	46    	0.488874 	0.297296	0.144038   	1.12113 
554	45    	0.551088 	0.32991 	0.0705826  	1.12113 
555	48    	0.46852  	0.285743	0.139486   	1.12113 
556	42    	0.514445 	0.32849 	-0.0181819 	1.12113 
557	45    	0.519618 	0.345818	0.0659645  	1.12113 
558	45    	0.478225 	0.330799	-0.0159999 	1.12113 
559	46    	0.664948 	0.357914	-0.0166667 	1.12161 
560	46    	0.563167 	0.365383	-0.015992  	1.12161 
561	46    	0.548838 	0.359786	0.1466     	1.12237 
562	47    	0.53877  	0.366775	-0.018     	1.12237 
563	48    	0.569575 	0.314641	0.0952042  	1.10381 
564	47    	0.486509 	0.288944	0.103628   	1.10381 
565	46    	0.540099 	0.302965	0.138932   	1.11756 
566	46    	0.62894  	0.319693	-0.0185714 	1.11756 
567	45    	0.55199  	0.351758	-0.00671136	1.08156 
568	45    	0.599848 	0.305988	0.164234   	1.11756 
569	48    	0.503586 	0.320204	0.0856095  	1.11756 
570	46    	0.472169 	0.306071	-0.0166666 	1.04198 
571	46    	0.575646 	0.301591	-0.0166666 	1.12113 
572	44    	0.675904 	0.276105	0.173998   	1.06694 
573	45    	0.598646 	0.322223	-0.016     	1.05573 
574	48    	0.513384 	0.324749	-0.02      	1.05573 
575	42    	0.516757 	0.331594	0.115668   	1.09868 
576	46    	0.562163 	0.342247	-0.0166584 	1.12448 
577	46    	0.490263 	0.334359	0.131007   	1.17916 
578	49    	0.499052 	0.318479	0.116841   	1.11115 
579	47    	0.52728  	0.336582	-0.0166667 	1.1221  
580	44    	0.610399 	0.318057	-0.0199999 	1.0419  
581	46    	0.516253 	0.318849	-0.0175    	1.0419  
582	45    	0.601836 	0.297156	0.0989824  	1.17634 
583	49    	0.477351 	0.309982	-0.0166667 	1.17634 
584	45    	0.554208 	0.325651	-0.016     	1.12881 
585	44    	0.562305 	0.321867	0.0737892  	1.12881 
586	47    	0.470523 	0.373427	-1         	1.12881 
587	44    	0.571779 	0.326436	0.11961    	1.12881 
588	41    	0.592696 	0.339123	0.0592105  	1.12881 
589	47    	0.487691 	0.301207	0.143941   	1.12881 
590	48    	0.496991 	0.353009	-1         	1.00598 
591	47    	0.537375 	0.256691	0.170185   	1.00598 
592	46    	0.510307 	0.255739	-0.0166665 	1.00666 
593	46    	0.466675 	0.276988	-0.015     	1.00666 
594	46    	0.438571 	0.272082	-0.0171428 	1.00666 
595	49    	0.39077  	0.311544	-1         	1.00666 
596	47    	0.486472 	0.250328	0.0541107  	1.00666 
597	49    	0.456308 	0.384498	-1         	0.964361
598	45    	0.451529 	0.396026	-1         	0.964361
599	47    	0.496572 	0.267645	0.0939836  	1.02905 
600	41    	0.555832 	0.308097	-0.0166666 	1.02905 
601	47    	0.545521 	0.28289 	0.157953   	1.10436 
602	48    	0.434792 	0.287749	0.139245   	1.1268  
603	45    	0.581627 	0.321139	0.0768628  	1.13671 
604	44    	0.431296 	0.330661	-0.0166667 	1.13671 
605	45    	0.368734 	0.296468	-0.02      	1.13671 
606	47    	0.424442 	0.243485	0.160989   	1.13671 
607	45    	0.485924 	0.287685	0.0425255  	1.13671 
608	44    	0.450929 	0.298075	0.123488   	1.13671 
609	43    	0.498547 	0.318391	0.0934351  	1.13671 
610	48    	0.390686 	0.254297	-0.0133334 	0.986191
611	45    	0.454478 	0.234411	0.0168115  	0.930752
612	47    	0.443957 	0.255852	-0.01      	0.908876
613	47    	0.475806 	0.261885	0.104489   	0.97063 
614	43    	0.481436 	0.259825	-0.0133333 	0.97063 
615	48    	0.455488 	0.278492	-0.01      	1.06448 
616	49    	0.429664 	0.268444	-0.0166667 	0.96674 
617	48    	0.431645 	0.247204	-0.016     	0.886509
618	46    	0.441191 	0.233533	-0.0166666 	0.96674 
619	46    	0.48489  	0.244371	-0.0166667 	0.880169
620	42    	0.490969 	0.282882	-0.02      	0.916006
621	47    	0.38173  	0.261211	-0.0171429 	0.988067
622	45    	0.394284 	0.26362 	-0.0160001 	0.988067
623	48    	0.404044 	0.249754	-0.016     	0.920064
624	47    	0.462088 	0.260892	0.103037   	0.920299
625	46    	0.447396 	0.258338	-0.0106536 	0.920299
626	47    	0.447675 	0.245022	-0.0160001 	0.909271
627	47    	0.437688 	0.262196	-0.016     	1.00647 
628	45    	0.515397 	0.288091	0.0994884  	1.01887 
629	46    	0.391987 	0.27142 	-0.02      	1.01887 
630	47    	0.561681 	0.307218	0.154521   	1.01887 
631	42    	0.527284 	0.334009	0.143624   	1.01887 
632	48    	0.454305 	0.281062	0.10675    	1.01684 
633	44    	0.512698 	0.315192	-0.0150001 	1.01567 
634	46    	0.500095 	0.272023	0.105615   	0.975447
635	47    	0.469538 	0.276849	-0.01      	1.01684 
636	47    	0.507324 	0.288072	0.0990294  	0.996579
637	47    	0.469687 	0.268012	0.127822   	0.98052 
638	45    	0.396694 	0.254258	-0.0175002 	0.9314  
639	43    	0.516361 	0.291294	-0.0133334 	0.994866
640	49    	0.428186 	0.289131	-0.0177778 	1.06834 
641	46    	0.442489 	0.298296	0.0757081  	1.06834 
642	38    	0.521681 	0.333692	0.0769608  	1.11978 
643	46    	0.493497 	0.322138	0.106679   	1.11978 
644	44    	0.511342 	0.328572	-0.016     	1.06834 
645	47    	0.451225 	0.295968	0.0994686  	1.0755  
646	49    	0.511401 	0.326917	0.0962876  	1.11932 
647	48    	0.444405 	0.280354	-0.02      	1.0755  
648	46    	0.538341 	0.272701	0.117275   	1.0755  
649	47    	0.489062 	0.281743	0.146723   	1.0755  
650	45    	0.558089 	0.269619	0.156294   	0.980186
651	48    	0.429005 	0.33697 	-1         	0.968399
652	45    	0.476069 	0.26524 	0.0748439  	0.968399
653	46    	0.526832 	0.239584	0.0620665  	0.968399
654	47    	0.536813 	0.272378	-0.0166666 	0.968399
655	46    	0.574312 	0.281793	0.155937   	0.98126 
656	46    	0.541128 	0.276811	0.0838978  	0.98126 
657	44    	0.592825 	0.330357	-1         	0.98126 
658	45    	0.57188  	0.343434	-1         	0.98126 
659	46    	0.580606 	0.277697	0.163823   	1.0335  
660	47    	0.511146 	0.403177	-1         	1.04238 
661	47    	0.540825 	0.282794	0.142964   	1.04238 
662	47    	0.552805 	0.261994	0.109378   	1.04238 
663	47    	0.58953  	0.251107	0.124553   	1.04238 
664	44    	0.595333 	0.261982	0.120114   	1.04238 
665	47    	0.545271 	0.292084	-0.0166668 	0.985315
666	48    	0.582766 	0.249391	-0.016     	0.985315
667	48    	0.493419 	0.272569	0.133331   	0.985315
668	49    	0.551695 	0.257537	-0.0160001 	0.985315
669	45    	0.59354  	0.278811	0.137571   	0.985315
670	48    	0.546409 	0.265469	-0.016     	0.985006
671	48    	0.572849 	0.34835 	-1         	0.978138
672	47    	0.457349 	0.333118	-1         	0.971007
673	46    	0.527603 	0.243382	0.157141   	0.971007
674	46    	0.527421 	0.397801	-1         	0.977959
675	45    	0.584851 	0.283058	0.0877171  	0.983984
676	50    	0.508442 	0.259334	0.0740351  	1.06897 
677	47    	0.559579 	0.288113	-0.015     	0.991464
678	46    	0.536946 	0.314241	-0.016     	1.05085 
679	47    	0.480066 	0.282944	-0.01      	1.00071 
680	42    	0.503907 	0.276738	0.053021   	1.00071 
681	46    	0.587619 	0.274633	0.18693    	1.07521 
682	45    	0.527632 	0.311615	0.160664   	1.11382 
683	47    	0.470182 	0.428057	-1         	1.11382 
684	45    	0.61075  	0.393909	-1         	1.1141  
685	44    	0.630701 	0.407173	-1         	1.1141  
686	46    	0.636649 	0.34425 	-0.0166652 	1.1141  
687	42    	0.629636 	0.409007	-1         	1.11567 
688	43    	0.586797 	0.34726 	0.0623668  	1.11567 
689	43    	0.486339 	0.396134	-1         	1.11382 
690	45    	0.570319 	0.347203	0.0839708  	1.13161 
691	47    	0.521778 	0.468692	-1         	1.13161 
692	47    	0.585196 	0.387016	-1         	1.13161 
693	48    	0.514388 	0.389967	-1         	1.13161 
694	45    	0.474271 	0.389006	-1         	1.13161 
695	48    	0.453405 	0.348558	-1         	1.13161 
696	47    	0.521332 	0.26773 	0.180937   	1.0735  
697	46    	0.518845 	0.291379	0.172755   	1.0735  
698	48    	0.412047 	0.454645	-1         	1.11943 
699	46    	0.49708  	0.369907	-1         	1.01101 
700	47    	0.529552 	0.391024	-1         	1.01101 
701	49    	0.468003 	0.351083	-1         	1.09445 
702	48    	0.479104 	0.253612	0.168123   	0.997442
703	44    	0.501246 	0.347005	-1         	1.10714 
704	45    	0.523574 	0.368274	-1         	0.997442
705	50    	0.481418 	0.404606	-1         	1.07566 
706	48    	0.452535 	0.379854	-1         	0.941972
707	48    	0.520332 	0.341724	-1         	1.05195 
708	45    	0.491949 	0.364241	-1         	1.0491  
709	46    	0.465143 	0.377293	-1         	1.10905 
710	50    	0.303276 	0.420011	-1         	1.11397 
711	49    	0.359376 	0.406994	-1         	1.11397 
712	45    	0.52708  	0.338207	-0.015     	1.11397 
713	48    	0.504449 	0.39273 	-1         	1.17616 
714	47    	0.587182 	0.3063  	-0.015     	1.11444 
715	45    	0.607336 	0.308844	0.118508   	1.10503 
716	48    	0.624577 	0.29736 	0.194932   	1.11449 
717	49    	0.476853 	0.371379	-1         	1.11861 
718	45    	0.560293 	0.349145	-0.0177778 	1.11861 
719	46    	0.555618 	0.397459	-1         	1.11664 
720	47    	0.583443 	0.317539	0.109866   	1.13174 
721	46    	0.548815 	0.395553	-1         	1.11261 
722	47    	0.580156 	0.318436	0.204732   	1.11435 
723	48    	0.366246 	0.443629	-1         	1.10604 
724	49    	0.493279 	0.418923	-1         	1.12429 
725	48    	0.444853 	0.411649	-1         	1.12429 
726	48    	0.469733 	0.309371	-0.0171429 	1.18334 
727	47    	0.561068 	0.35196 	0.107539   	1.18062 
728	48    	0.406531 	0.284232	-0.015     	1.18334 
729	42    	0.609406 	0.348712	-0.0171429 	1.18334 
730	45    	0.591803 	0.404933	-1         	1.18334 
731	48    	0.579802 	0.449711	-1         	1.18334 
732	46    	0.497553 	0.443168	-1         	1.1196  
733	45    	0.511339 	0.321723	-0.0171429 	1.07363 
734	45    	0.563716 	0.332275	0.137475   	1.10879 
735	47    	0.535718 	0.341591	-0.018     	1.18062 
736	45    	0.501844 	0.382631	-1         	1.10934 
737	42    	0.598261 	0.340245	-0.015     	1.10879 
738	45    	0.461145 	0.345083	-0.015     	1.10879 
739	44    	0.55595  	0.318491	0.100365   	1.10875 
740	47    	0.453373 	0.386225	-1         	1.10875 
741	46    	0.501387 	0.339014	-0.0181818 	1.10875 
742	46    	0.494756 	0.348004	-0.018     	1.11525 
743	44    	0.557127 	0.362286	0.0963363  	1.11525 
744	42    	0.601496 	0.370747	-0.0181818 	1.13878 
745	49    	0.514624 	0.324557	0.0940797  	1.13878 
746	48    	0.45988  	0.29097 	0.0531557  	1.07228 
747	48    	0.475759 	0.364772	-1         	1.07066 
748	47    	0.490839 	0.286681	0.100504   	1.0227  
749	46    	0.510824 	0.351584	-1         	1.0227  
750	42    	0.5275   	0.371645	-1         	1.0227  
751	46    	0.500581 	0.322237	0.112839   	1.06572 
752	45    	0.545398 	0.390613	-1         	1.10811 
753	46    	0.471263 	0.302011	0.040358   	1.10811 
754	47    	0.465666 	0.263469	-0.0150001 	1.06225 
755	45    	0.590009 	0.279965	0.176054   	1.11124 
756	47    	0.483336 	0.303165	-0.0184615 	0.993678
757	48    	0.565532 	0.273821	0.0660381  	0.998428
758	47    	0.443794 	0.279482	-0.015     	1.01    
759	47    	0.495009 	0.361642	-1         	1.01    
760	47    	0.509211 	0.350064	-1         	0.959223
761	46    	0.503056 	0.277959	-0.0166666 	1.07059 
762	44    	0.460096 	0.378214	-1         	1.08633 
763	48    	0.402276 	0.340609	-1         	0.965066
764	46    	0.421901 	0.349858	-1         	0.965066
765	46    	0.510969 	0.365536	-1         	1.00543 
766	49    	0.429028 	0.349557	-1         	1.04585 
767	45    	0.559067 	0.290446	-0.0181818 	1.10858 
768	48    	0.426168 	0.401558	-1         	1.10697 
769	48    	0.499949 	0.287222	0.128078   	1.0397  
770	48    	0.462185 	0.356658	-1         	1.05879 
771	47    	0.466094 	0.349878	-1         	1.05879 
772	47    	0.420881 	0.462435	-1         	1.04664 
773	45    	0.501314 	0.284423	0.14955    	0.998992
774	49    	0.43665  	0.386791	-1         	1.05073 
775	47    	0.515064 	0.420514	-1         	1.04846 
776	40    	0.571832 	0.386816	-1         	1.04846 
777	47    	0.502754 	0.385083	-1         	1.11658 
778	48    	0.369975 	0.458764	-1         	1.05357 
779	46    	0.498712 	0.391596	-1         	1.11747 
780	47    	0.353859 	0.462647	-1         	1.04846 
781	45    	0.514276 	0.256364	0.0622289  	0.974655
782	47    	0.597729 	0.27162 	0.131073   	1.11387 
783	48    	0.507697 	0.429425	-1         	1.11387 
784	45    	0.543564 	0.315509	0.141747   	1.11387 
785	47    	0.487666 	0.406087	-1         	1.11387 
786	43    	0.497034 	0.303919	0.129775   	1.11387 
787	46    	0.504744 	0.314779	0.105985   	1.11387 
788	48    	0.514404 	0.307048	0.109832   	1.03088 
789	49    	0.35333  	0.443178	-1         	0.971096
790	48    	0.485639 	0.255725	-0.016     	0.971096
791	46    	0.441858 	0.400396	-1         	0.954741
792	48    	0.483793 	0.26976 	-0.0160001 	0.945405
793	43    	0.552346 	0.281328	0.128963   	0.961505
794	45    	0.468831 	0.346671	-1         	0.961505
795	45    	0.478615 	0.269127	0.160275   	0.979778
796	46    	0.468794 	0.295977	-0.0133333 	0.977784
797	46    	0.505185 	0.355686	-1         	0.981709
798	48    	0.438528 	0.282687	-0.02      	0.977784
799	46    	0.517766 	0.261367	-0.0171428 	0.977784
800	49    	0.483297 	0.266353	0.156888   	0.978651
801	45    	0.596172 	0.253474	0.103215   	1.00725 
802	48    	0.53479  	0.339497	-1         	1.00691 
803	43    	0.549254 	0.285529	0.17431    	1.00691 
804	47    	0.628951 	0.296942	-0.0171413 	1.11372 
805	48    	0.481445 	0.285403	-0.015     	1.04245 
806	46    	0.564619 	0.310673	-0.016     	1.04531 
807	44    	0.571547 	0.318478	0.119152   	1.04245 
808	47    	0.569272 	0.293424	0.143491   	1.04245 
809	44    	0.604084 	0.313324	0.17243    	1.04336 
810	46    	0.501738 	0.319047	0.128316   	0.982237
811	46    	0.503786 	0.38354 	-1         	1.04682 
812	48    	0.470506 	0.386238	-1         	1.04916 
813	44    	0.43677  	0.484738	-1         	1.04916 
814	46    	0.584218 	0.319069	0.146799   	1.12516 
815	45    	0.545868 	0.312842	0.119725   	1.12516 
816	46    	0.602529 	0.332068	-0.0166667 	1.12516 
817	46    	0.510005 	0.332067	0.10999    	1.12516 
818	46    	0.443811 	0.322684	0.116582   	1.12516 
819	49    	0.495344 	0.322016	0.0838973  	1.04885 
820	47    	0.534277 	0.315641	-0.0150001 	1.05315 
821	46    	0.476529 	0.281266	-0.0159977 	1.00013 
822	47    	0.510692 	0.29384 	0.0862861  	1.05679 
823	46    	0.485908 	0.327333	-0.0166667 	1.16919 
824	48    	0.482752 	0.325496	0.111177   	1.11864 
825	50    	0.45374  	0.295228	0.133649   	1.04771 
826	45    	0.476973 	0.376575	-1         	1.11014 
827	48    	0.467466 	0.369248	-1         	1.11014 
828	50    	0.448887 	0.42114 	-1         	1.11443 
829	47    	0.526856 	0.309894	0.132022   	1.11443 
830	47    	0.423482 	0.368423	-1         	1.11443 
831	44    	0.51816  	0.347399	-0.0160001 	1.11915 
832	46    	0.490384 	0.404807	-1         	1.11443 
833	47    	0.409792 	0.355373	-1         	1.11145 
834	48    	0.388437 	0.330519	-1         	1.00795 
835	44    	0.463742 	0.408846	-1         	1.00795 
836	48    	0.316542 	0.457667	-1         	1.03612 
837	44    	0.455422 	0.34135 	-1         	1.07372 
838	41    	0.548963 	0.307739	0.134023   	1.07372 
839	46    	0.491809 	0.314566	0.104218   	1.07372 
840	49    	0.444071 	0.316048	-0.0166666 	1.07372 
841	39    	0.50019  	0.299422	-0.0175    	1.07372 
842	46    	0.463156 	0.305437	0.0752492  	1.07371 
843	45    	0.446796 	0.370106	-1         	1.07371 
844	46    	0.460803 	0.281195	0.160102   	1.07371 
845	44    	0.494219 	0.277749	0.0751579  	1.07371 
846	46    	0.459582 	0.36538 	-1         	1.07371 
847	46    	0.483217 	0.312675	0.12575    	1.07371 
848	43    	0.53648  	0.339448	-0.018     	1.07371 
849	48    	0.380854 	0.280992	-0.0160001 	1.07099 
850	43    	0.528116 	0.32326 	-0.015     	1.07099 
851	46    	0.451145 	0.298356	0.157372   	1.07099 
852	49    	0.446437 	0.306996	-0.0199999 	1.07099 
853	47    	0.556116 	0.309404	-0.0160001 	1.07946 
854	41    	0.598012 	0.317559	0.150193   	1.07946 
855	49    	0.416763 	0.264434	-0.015     	1.02002 
856	45    	0.491897 	0.281558	0.102812   	1.02002 
857	44    	0.545898 	0.309231	0.0563774  	1.02002 
858	49    	0.390008 	0.276321	-0.0166652 	1.00429 
859	46    	0.502032 	0.274919	0.115888   	1.05682 
860	46    	0.403007 	0.299434	-0.016     	0.979232
861	48    	0.462658 	0.282516	-0.0175    	1.02189 
862	45    	0.480031 	0.307844	-0.0175    	1.02189 
863	46    	0.435829 	0.253849	0.16568    	1.02189 
864	42    	0.462085 	0.280398	-0.0171428 	1.02189 
865	46    	0.478528 	0.295438	0.126382   	1.02189 
866	44    	0.539318 	0.29838 	0.0752733  	1.02189 
867	46    	0.449352 	0.294557	0.0629446  	1.02189 
868	43    	0.523438 	0.313358	-0.0160001 	1.02189 
869	45    	0.598758 	0.300316	-0.0166667 	1.02189 
870	44    	0.518383 	0.31242 	0.0325073  	1.02189 
871	46    	0.531767 	0.317683	-0.0166667 	1.02189 
872	48    	0.481264 	0.297884	-0.00506809	1.01866 
873	45    	0.483554 	0.25846 	0.164334   	1.05799 
874	48    	0.403834 	0.253599	0.0128991  	1.00551 
875	43    	0.446932 	0.25446 	0.140288   	0.923647
876	44    	0.46081  	0.279604	0.0653497  	0.923647
877	47    	0.447702 	0.259049	0.0130905  	1.01709 
878	49    	0.38253  	0.250495	0.0348068  	1.02862 
879	47    	0.375299 	0.262923	-0.015     	1.03872 
880	47    	0.482055 	0.298068	0.0631061  	1.03872 
881	46    	0.455792 	0.282071	0.0752262  	1.04375 
882	46    	0.490028 	0.307821	-0.0150001 	1.05259 
883	47    	0.474637 	0.268527	-0.0171415 	1.05259 
884	48    	0.41364  	0.263549	-0.0166652 	1.05259 
885	48    	0.417847 	0.259832	-0.0150001 	1.011   
886	49    	0.41022  	0.2536  	-0.015     	0.932453
887	47    	0.417774 	0.263386	-0.0166667 	1.01709 
888	47    	0.499777 	0.25826 	0.128064   	0.932885
889	43    	0.560644 	0.257472	0.166028   	1.00774 
890	47    	0.467868 	0.271473	-0.0133334 	1.01866 
891	41    	0.552021 	0.288102	-0.0133333 	1.01866 
892	46    	0.464255 	0.313612	0.0858913  	1.01866 
893	45    	0.533165 	0.289562	0.0640553  	1.01866 
894	46    	0.426492 	0.257412	0.154598   	1.01866 
895	46    	0.514965 	0.282293	0.115228   	1.01866 
896	43    	0.481733 	0.292172	-0.0133333 	0.989843
897	46    	0.447207 	0.324655	-0.0233333 	1.01906 
898	41    	0.52362  	0.328448	0.0849381  	1.00458 
899	44    	0.453069 	0.32438 	-0.0171429 	1.00458 
900	44    	0.485208 	0.30634 	0.0983939  	1.00458 
901	44    	0.5411   	0.307004	-0.015     	1.00579 
902	44    	0.506723 	0.30831 	0.0630205  	1.01826 
903	47    	0.507257 	0.305431	-0.0171415 	1.02003 
904	45    	0.479395 	0.276735	0.0886021  	1.02003 
905	47    	0.455927 	0.287777	0.0756259  	1.02003 
906	48    	0.446311 	0.268793	0.141996   	1.02003 
907	48    	0.459495 	0.268984	0.0687529  	1.02003 
908	46    	0.53712  	0.290099	0.177708   	1.01476 
909	45    	0.477569 	0.272552	0.157448   	1.01476 
910	47    	0.449997 	0.254731	-0.016     	1.01476 
911	44    	0.493759 	0.288972	-0.015     	1.01476 
912	48    	0.424354 	0.278017	0.0854948  	1.01476 
913	49    	0.390353 	0.220089	0.0134345  	0.898398
914	46    	0.53417  	0.246646	-0.02      	0.911033
915	46    	0.478747 	0.252147	-0.015     	0.912207
916	50    	0.440738 	0.236021	-0.0133333 	0.898957
917	48    	0.463925 	0.247486	-0.0175001 	0.89927 
918	45    	0.471554 	0.224991	0.0987074  	0.89927 
919	40    	0.511562 	0.25339 	0.0692681  	0.911033
920	42    	0.483544 	0.24853 	0.116671   	0.89927 
921	46    	0.488552 	0.253144	0.0858697  	0.89927 
922	46    	0.452127 	0.26088 	-0.0160001 	0.909487
923	43    	0.506058 	0.278002	-0.0133333 	0.915454
924	46    	0.452204 	0.251504	0.0821417  	0.917131
925	44    	0.510281 	0.265672	0.0989573  	0.917131
926	45    	0.509329 	0.252536	0.0628817  	0.917131
927	46    	0.506887 	0.276316	0.0151363  	0.917131
928	42    	0.541404 	0.280828	0.113759   	0.917131
929	44    	0.505834 	0.260813	0.132605   	0.926435
930	47    	0.425227 	0.264199	-0.00588229	0.916511
931	43    	0.457212 	0.264949	0.147121   	0.916511
932	46    	0.515286 	0.283842	0.0831653  	0.951718
933	47    	0.503615 	0.225608	0.16486    	0.916511
934	44    	0.506832 	0.274953	0.0685715  	0.990288
935	46    	0.452908 	0.296294	-0.018     	0.990288
936	45    	0.52195  	0.29072 	0.141037   	0.990288
937	42    	0.533669 	0.302705	-0.01      	0.990288
938	46    	0.494912 	0.369395	-1         	0.990288
939	49    	0.425052 	0.272529	-0.0166667 	0.999077
940	47    	0.469307 	0.236905	0.196799   	0.990288
941	46    	0.551622 	0.280982	-0.0166668 	1.00256 
942	46    	0.589595 	0.266056	0.115283   	0.990288
943	42    	0.554109 	0.265697	0.0722537  	0.990288
944	49    	0.522927 	0.286025	-0.016     	0.990937
945	47    	0.465687 	0.274596	-0.016     	0.983063
946	42    	0.597907 	0.299259	0.133778   	0.999809
947	44    	0.604    	0.308353	0.121558   	1.05831 
948	47    	0.608457 	0.319545	0.0636691  	1.06437 
949	49    	0.517748 	0.299255	-0.0133333 	1.06921 
950	43    	0.614013 	0.324635	-0.015     	1.06921 
951	45    	0.575195 	0.337307	0.103426   	1.06921 
952	47    	0.551902 	0.311485	-0.016     	1.06921 
953	49    	0.550178 	0.34752 	0.12258    	1.14246 
954	48    	0.489083 	0.297903	-0.0133333 	1.00269 
955	46    	0.514161 	0.274736	0.15758    	1.00269 
956	48    	0.555521 	0.270418	0.154913   	0.975154
957	48    	0.543513 	0.297632	-0.0166667 	1.05399 
958	46    	0.474579 	0.281962	0.104112   	1.05595 
959	46    	0.569816 	0.313393	-0.0175    	1.00479 
960	44    	0.531758 	0.300805	0.140689   	1.01631 
961	49    	0.485467 	0.355906	-1         	1.05227 
962	48    	0.476283 	0.343628	-1         	1.05405 
963	45    	0.50976  	0.284931	0.156329   	0.999027
964	45    	0.453957 	0.344538	-1         	0.999027
965	46    	0.53248  	0.269938	-0.0166666 	0.999027
966	45    	0.447179 	0.298162	-0.015     	0.999027
967	45    	0.488375 	0.35462 	-1         	0.999027
968	49    	0.489657 	0.260136	0.136401   	0.940758
969	44    	0.539263 	0.255542	0.169087   	1.03785 
970	40    	0.601322 	0.2665  	0.209889   	1.03785 
971	46    	0.54004  	0.238943	0.191265   	0.938073
972	49    	0.499315 	0.23566 	-0.02      	0.999027
973	43    	0.489157 	0.337184	-1         	1.05099 
974	46    	0.575987 	0.287857	0.0555521  	1.05099 
975	46    	0.577398 	0.267663	0.135412   	0.998265
976	47    	0.569735 	0.278172	0.109547   	0.947683
977	44    	0.574564 	0.273298	0.146222   	0.947683
978	46    	0.470412 	0.416866	-1         	0.947683
979	49    	0.500805 	0.271471	0.0403718  	1.04402 
980	47    	0.525247 	0.256613	0.16271    	1.04402 
981	42    	0.595463 	0.265166	-0.0177778 	1.04402 
982	48    	0.532867 	0.237363	0.0614458  	0.978113
983	46    	0.492729 	0.32689 	-1         	1.05176 
984	46    	0.550904 	0.271866	0.13698    	1.05176 
985	46    	0.456367 	0.259778	0.0674539  	0.980262
986	47    	0.47479  	0.29026 	-0.0133333 	1.00487 
987	44    	0.479721 	0.302971	-0.0133333 	1.00487 
988	45    	0.493942 	0.275933	0.0408338  	1.00487 
989	43    	0.513928 	0.319312	-0.0171413 	1.11266 
990	48    	0.457116 	0.305637	-0.0171429 	1.00487 
991	47    	0.462644 	0.270016	0.140351   	0.997223
992	47    	0.410387 	0.246838	-0.015     	0.997223
993	46    	0.46144  	0.243905	-0.0171429 	0.997223
994	46    	0.427799 	0.251036	0.126331   	0.864774
995	45    	0.506624 	0.239106	0.12205    	0.880398
996	47    	0.492276 	0.270714	-0.0160001 	1.03643 
997	48    	0.513033 	0.267383	-0.018     	1.03643 
998	43    	0.549552 	0.281419	0.0590206  	1.11519 
999	46    	0.474192 	0.317235	-0.0171429 	1.11519 
1000	47    	0.488521 	0.280506	0.127183   	1.09915 