Argument values: path=C:\Users\1625203\Downloads\Framsticks50rc22\Framsticks50rc22, lib=None, sim=eval-allcriteria.sim;deterministic.sim;sample-period-2.sim;f9-mut-010.sim, genformat=None, initialgenotype=/*9*/BLU, opt=vertpos, popsize=50, generations=1000, tournament=10, pmut=0.9, pxov=0.2, hof_size=1, hof_savefile=None, max_numparts=30, max_numjoints=None, max_numneurons=None, max_numconnections=None, max_numgenochars=50
Using Framsticks version: 5.0rc22
Home (writable) dir     : C:\Users\1625203\Downloads\Framsticks50rc22\Framsticks50rc22\data
Resources dir           : C:\Users\1625203\Downloads\Framsticks50rc22\Framsticks50rc22\data

Available objects: ['CheckpointEvent', 'Collision', 'CrCollision', 'Creature', 'CreatureSettings', 'CreatureSignals', 'CreatureSnapshot', 'Dictionary', 'ExpProperties', 'ExpState', 'ExtValue', 'File', 'FunctionReference', 'GenMan', 'GenManStats', 'GenePool', 'GenePools', 'Geno', 'Genotype', 'Interface', 'Joint', 'Loader', 'Math', 'MechJoint', 'MechPart', 'MessageCatcher', 'Model', 'ModelGeometry', 'ModelSymmetry', 'Neuro', 'NeuroClass', 'NeuroClassLibrary', 'NeuroDef', 'NeuroSignals', 'NeuronsSimEnabled', 'ODE', 'Orient', 'Part', 'Population', 'Populations', 'Ref', 'Signal', 'SignalView', 'SimilMeasure', 'SimilMeasureDistribution', 'SimilMeasureGreedy', 'SimilMeasureHungarian', 'Simulator', 'SlaveSimulators', 'StopEvent', 'String', 'UserScripts', 'Vector', 'WireframeAppearance', 'World', 'WorldMap', 'WorldSignals', 'XYZ', '__builtins__', '__cached__', '__doc__', '__file__', '__loader__', '__name__', '__package__', '__spec__', 'c_api', 'ctypes', 'home_dir', 'init', 'os', 're', 'res_dir', 'sim_params', 'stats', 'sys']

Performing a basic test 1/2... OK.
Performing a basic test 2/2... OK.
Using settings: ['eval-allcriteria.sim', 'deterministic.sim', 'sample-period-2.sim', 'f9-mut-010.sim']
gen	nevals	avg     	stddev	min     	max     
0  	50    	0.218369	0     	0.218369	0.218369
1  	43    	0.0714506	0.13331	-0.0166667	0.514537
2  	45    	0.12745  	0.170155	-0.0166667	0.514537
3  	48    	0.191186 	0.183024	-0.0166667	0.812825
4  	47    	0.219282 	0.192933	-0.0166666	0.812825
5  	47    	0.261631 	0.241348	-0.0171429	0.812825
6  	47    	0.310208 	0.227522	-0.0166666	0.812825
7  	49    	0.319283 	0.228747	-0.0171429	0.812977
8  	42    	0.3162   	0.279323	-0.0171429	0.812977
9  	45    	0.327758 	0.287667	-0.0166666	0.812977
10 	47    	0.22805  	0.245665	-0.0166667	0.812977
11 	48    	0.268634 	0.245286	-0.0171428	0.812977
12 	46    	0.334627 	0.254105	-0.02     	0.812977
13 	46    	0.253212 	0.261386	-0.0171429	0.812977
14 	45    	0.35911  	0.262255	-0.0166667	0.812977
15 	46    	0.249332 	0.254825	-0.0171429	0.812977
16 	47    	0.276423 	0.258633	-0.0175   	0.812977
17 	49    	0.180547 	0.191323	-0.0171429	0.811396
18 	48    	0.247789 	0.216857	-0.0166667	0.812977
19 	46    	0.284051 	0.235195	-0.0166667	0.812977
20 	46    	0.324226 	0.241495	-0.0171429	0.812977
21 	45    	0.326312 	0.269953	-0.0177777	0.812977
22 	49    	0.275642 	0.246488	-0.0175   	0.812977
23 	46    	0.295869 	0.248287	-0.02     	0.706014
24 	44    	0.356636 	0.233417	-0.0166667	0.819969
25 	46    	0.394343 	0.242793	-0.0166652	0.730095
26 	48    	0.339236 	0.2883  	-0.02     	0.81995 
27 	46    	0.292163 	0.279749	-0.02     	0.81995 
28 	45    	0.278987 	0.26985 	-0.02     	0.81995 
29 	45    	0.271549 	0.246576	-0.0175001	0.81995 
30 	45    	0.38547  	0.27703 	-0.0166667	0.81995 
31 	46    	0.346612 	0.274602	-0.0174999	0.81995 
32 	48    	0.290538 	0.242619	-0.0166667	0.81995 
33 	47    	0.367243 	0.242893	-0.0160001	0.81995 
34 	47    	0.380959 	0.244283	-0.0166667	0.813756
35 	48    	0.255409 	0.219963	-0.0171429	0.813708
36 	44    	0.400386 	0.262966	-0.0171428	0.818806
37 	45    	0.324079 	0.240158	-0.0175   	0.818806
38 	48    	0.3696   	0.254869	-0.0166667	0.813756
39 	47    	0.271441 	0.25044 	-0.02     	0.813756
40 	46    	0.283265 	0.234797	-0.0171429	0.813708
41 	45    	0.302799 	0.276164	-0.0171429	0.813756
42 	46    	0.267705 	0.254557	-0.0175   	0.813756
43 	46    	0.248637 	0.270535	-0.02     	0.813756
44 	44    	0.26856  	0.277983	-0.0177778	0.813756
45 	47    	0.277324 	0.248477	-0.0175   	0.813756
46 	46    	0.27396  	0.268536	-0.02     	0.813756
47 	45    	0.275618 	0.271301	-0.0171429	0.813756
48 	44    	0.288757 	0.268861	-0.0171429	0.813756
49 	46    	0.24289  	0.220548	-0.0166668	0.813756
50 	46    	0.28108  	0.257736	-0.0171429	0.813708
51 	45    	0.257272 	0.255544	-0.0171429	0.813708
52 	44    	0.247148 	0.229424	-0.0166667	0.813708
53 	45    	0.246705 	0.251718	-0.0171429	0.819969
54 	46    	0.254663 	0.264446	-0.0166667	0.813708
55 	46    	0.285772 	0.269299	-0.0166667	0.813756
56 	48    	0.271805 	0.224238	-0.0166668	0.813756
57 	48    	0.23601  	0.214202	-0.0175001	0.811396
58 	42    	0.33049  	0.217503	-0.0175   	0.813756
59 	43    	0.319166 	0.239638	-0.0175   	0.811396
60 	47    	0.295545 	0.228764	-0.0171429	0.812083
61 	47    	0.289234 	0.225632	-0.0166666	0.705857
62 	47    	0.327622 	0.236435	-0.02     	0.812825
63 	45    	0.334121 	0.278684	-0.0171429	0.812308
64 	43    	0.373659 	0.276792	-0.0166652	0.812977
65 	47    	0.274719 	0.259038	-0.02     	0.812977
66 	46    	0.326277 	0.255955	-0.0171428	0.812977
67 	49    	0.329095 	0.231746	-0.0166667	0.812977
68 	45    	0.291298 	0.256131	-0.0166667	0.812977
69 	43    	0.378392 	0.267331	-0.0166667	0.812977
70 	48    	0.239431 	0.251785	-0.0166667	0.812977
71 	45    	0.222155 	0.272974	-0.0166667	0.812825
72 	44    	0.302721 	0.274939	-0.02     	0.812825
73 	50    	0.312569 	0.242668	-0.02     	0.812977
74 	48    	0.201883 	0.206471	-0.02     	0.812977
75 	46    	0.196133 	0.200862	-0.0166667	0.812977
76 	47    	0.288498 	0.19464 	-0.0166667	0.812308
77 	43    	0.331483 	0.247816	-0.02     	0.812977
78 	45    	0.351609 	0.251555	-0.0171429	0.819458
79 	47    	0.340399 	0.275784	-0.0171429	0.819458
80 	47    	0.305322 	0.253628	-0.0171428	0.819458
81 	44    	0.328105 	0.25952 	-0.0166667	0.819458
82 	44    	0.33846  	0.267928	-0.0166667	0.819458
83 	46    	0.361991 	0.252586	-0.0171429	0.819458
84 	47    	0.355461 	0.272528	-0.0171429	0.819458
85 	48    	0.371153 	0.255021	-0.02     	0.819458
86 	46    	0.376444 	0.212665	-0.016    	0.819458
87 	48    	0.305994 	0.232888	-0.0166667	0.705296
88 	44    	0.343018 	0.250582	-0.02     	0.730315
89 	49    	0.381235 	0.233952	-0.0171428	0.856245
90 	44    	0.504828 	0.219238	-0.015    	0.856245
91 	49    	0.29252  	0.215921	-0.0171429	0.856245
92 	46    	0.408762 	0.237129	-0.02     	0.856245
93 	45    	0.397418 	0.248237	-0.0160001	0.871988
94 	47    	0.426366 	0.241998	-0.016    	0.97222 
95 	49    	0.364949 	0.234857	-0.0160001	0.856245
96 	46    	0.435973 	0.232925	-0.0150001	0.785675
97 	46    	0.427963 	0.230632	0.0663184 	0.853925
98 	45    	0.477649 	0.250991	-0.0149999	0.851253
99 	49    	0.374983 	0.202259	-0.016    	0.851253
100	42    	0.451323 	0.216592	0.0895122 	0.851253
101	48    	0.395706 	0.216492	-0.0166666	0.7847  
102	47    	0.366864 	0.224837	-0.0171429	0.849838
103	44    	0.437025 	0.255327	-0.018    	0.872422
104	44    	0.481018 	0.253655	0.0692267 	0.872422
105	48    	0.429383 	0.268455	-0.0150003	0.899354
106	46    	0.424517 	0.279199	-0.0177778	0.899354
107	48    	0.505591 	0.278841	0.0879584 	1.05598 
108	48    	0.415912 	0.288465	-0.0133334	0.942177
109	50    	0.466499 	0.253996	0.0580526 	0.916722
110	44    	0.488797 	0.283372	-0.0166667	0.942177
111	45    	0.465153 	0.26885 	0.0705125 	0.942177
112	46    	0.452944 	0.274429	0.0750567 	0.910822
113	45    	0.459679 	0.247002	-0.0150001	0.89988 
114	46    	0.448055 	0.285156	0.0914396 	1.05998 
115	46    	0.480784 	0.278583	-0.015    	1.05998 
116	42    	0.455575 	0.313835	0.0793364 	1.05998 
117	46    	0.407454 	0.305299	-0.016    	1.05998 
118	48    	0.370306 	0.224287	0.0770904 	1.05998 
119	47    	0.422842 	0.2425  	-0.015    	0.975376
120	47    	0.407028 	0.233012	-0.016    	0.786457
121	49    	0.423686 	0.22206 	0.0956259 	0.940864
122	47    	0.410943 	0.237046	-0.01     	1.04202 
123	47    	0.370181 	0.267523	-0.0180001	1.04202 
124	49    	0.404369 	0.255654	0.0750335 	0.960442
125	45    	0.393542 	0.271781	-0.0175   	0.960442
126	46    	0.447943 	0.283121	-0.0150001	0.941096
127	47    	0.372612 	0.255889	-0.0175   	0.913712
128	46    	0.44257  	0.267818	0.0853736 	0.935223
129	50    	0.367885 	0.232606	-0.0171428	0.832932
130	46    	0.390703 	0.232456	-0.0150001	0.851385
131	46    	0.487073 	0.246352	0.0982962 	0.981791
132	47    	0.417867 	0.263   	0.0695997 	0.935223
133	45    	0.440766 	0.250341	-0.0160001	0.935223
134	41    	0.444928 	0.29251 	-0.0171429	0.935223
135	46    	0.414893 	0.257371	0.0270036 	0.935223
136	48    	0.422687 	0.280041	-0.016    	0.935223
137	46    	0.513261 	0.230548	0.117761  	0.935223
138	44    	0.544786 	0.262507	0.092594  	1.02166 
139	47    	0.430799 	0.273981	0.0753967 	1.02166 
140	44    	0.538443 	0.301065	0.126981  	1.04235 
141	46    	0.467024 	0.344361	-0.016    	1.04235 
142	46    	0.485523 	0.340053	-0.0166667	1.12313 
143	48    	0.526448 	0.311871	0.10997   	1.06884 
144	44    	0.490778 	0.298222	-0.0177778	1.07009 
145	47    	0.390275 	0.284823	-0.0175   	1.04235 
146	47    	0.471864 	0.272255	0.132694  	1.04235 
147	44    	0.495146 	0.291497	-0.01     	0.982908
148	48    	0.430517 	0.304155	-0.0166666	1.03078 
149	45    	0.454515 	0.294949	0.0582947 	0.941234
150	50    	0.360439 	0.246911	-0.0177778	0.907618
151	48    	0.467579 	0.24844 	-0.0199999	0.980401
152	48    	0.466075 	0.268175	-0.016    	0.980401
153	43    	0.444655 	0.282655	0.0664808 	0.980401
154	45    	0.369498 	0.261636	0.0629508 	0.980401
155	49    	0.405103 	0.298244	-0.02     	0.978767
156	44    	0.424866 	0.244712	0.049485  	0.914241
157	45    	0.493218 	0.263142	-0.0175001	0.95832 
158	43    	0.476721 	0.280423	0.108673  	1.04897 
159	45    	0.486402 	0.288765	0.118599  	1.04897 
160	47    	0.443834 	0.288937	-0.0166666	1.04897 
161	50    	0.393488 	0.277436	-0.0150001	1.01002 
162	47    	0.463474 	0.249452	0.0559432 	1.01002 
163	46    	0.466587 	0.268403	-0.0171428	1.01002 
164	45    	0.459956 	0.273932	0.0663858 	1.01008 
165	47    	0.414206 	0.234797	0.07546   	1.01002 
166	48    	0.38869  	0.219908	-0.0133337	0.968558
167	46    	0.423947 	0.236507	-0.0133333	0.968558
168	50    	0.354247 	0.197423	-0.0133333	0.919757
169	47    	0.454319 	0.207348	0.0751283 	0.847005
170	48    	0.439858 	0.240227	-0.01     	0.920239
171	45    	0.42905  	0.262943	-0.0171429	0.920239
172	47    	0.36552  	0.237575	-0.0171428	0.920239
173	47    	0.464637 	0.253912	0.168623  	0.920239
174	48    	0.442879 	0.242321	0.121597  	0.920239
175	44    	0.481186 	0.275434	0.120121  	0.930078
176	44    	0.475352 	0.262078	-0.0177778	0.979427
177	45    	0.446646 	0.226276	0.0985922 	0.979427
178	47    	0.349341 	0.235845	-0.016    	0.979427
179	48    	0.375163 	0.223372	-0.0160001	0.892289
180	47    	0.489125 	0.259395	0.0748481 	0.977473
181	46    	0.437917 	0.255944	0.0918694 	0.977473
182	45    	0.420158 	0.235309	0.135092  	0.91932 
183	45    	0.433366 	0.244334	-0.0166667	0.91375 
184	45    	0.444388 	0.242607	0.119977  	0.961148
185	44    	0.458252 	0.276702	0.081553  	0.993952
186	45    	0.463026 	0.267205	0.123855  	0.993952
187	46    	0.390963 	0.253427	-0.016    	1.00511 
188	45    	0.405828 	0.240449	-0.0166667	1.00511 
189	45    	0.398346 	0.226528	-0.01     	1.00736 
190	47    	0.402928 	0.212527	0.0990995 	1.00736 
191	44    	0.418803 	0.250551	-0.015    	1.00736 
192	49    	0.411846 	0.248139	-0.0159977	1.01772 
193	49    	0.438722 	0.283987	-0.0149999	1.02198 
194	46    	0.48123  	0.270423	0.143537  	1.02198 
195	49    	0.394757 	0.214827	0.138885  	0.900701
196	47    	0.42615  	0.216447	0.103511  	0.925004
197	47    	0.405246 	0.231957	0.0756987 	0.945839
198	46    	0.417233 	0.221775	0.115533  	0.945839
199	47    	0.417601 	0.248458	-0.015    	0.945839
200	47    	0.435545 	0.257486	0.135009  	0.947509
201	45    	0.473603 	0.268365	-0.01     	0.937185
202	47    	0.444348 	0.26193 	-0.015    	0.950452
203	46    	0.457045 	0.277327	-0.0133333	0.950452
204	48    	0.410652 	0.243954	0.107043  	0.982257
205	46    	0.391015 	0.230428	-0.0166667	0.877182
206	46    	0.416405 	0.252209	-0.0160001	0.876978
207	48    	0.43287  	0.248659	0.0770963 	1.12404 
208	48    	0.421506 	0.25267 	-0.01     	1.12404 
209	47    	0.415191 	0.248755	-0.015    	1.12404 
210	48    	0.40446  	0.256564	-0.0175   	1.12404 
211	47    	0.432904 	0.266875	-0.0160001	1.12404 
212	45    	0.494082 	0.241196	0.066906  	0.906162
213	44    	0.442974 	0.266983	-0.015    	1.12384 
214	45    	0.452234 	0.270341	0.0757551 	1.12384 
215	46    	0.405094 	0.250724	-0.0166667	1.12384 
216	43    	0.470296 	0.265297	0.155116  	1.12384 
217	44    	0.453019 	0.275477	-0.0171429	1.00862 
218	46    	0.415624 	0.293244	-0.0175   	1.12435 
219	48    	0.395821 	0.23448 	0.0726556 	1.01866 
220	43    	0.434809 	0.25851 	0.150068  	1.01866 
221	47    	0.408486 	0.24249 	0.120819  	1.01866 
222	45    	0.458374 	0.273295	0.135943  	1.02104 
223	41    	0.485719 	0.285935	0.0580965 	1.02104 
224	47    	0.479503 	0.265266	-0.0133334	1.12193 
225	42    	0.433929 	0.295376	-0.0171429	1.12193 
226	42    	0.492053 	0.306507	0.0965121 	1.12193 
227	47    	0.429082 	0.266155	0.0535132 	1.12193 
228	47    	0.391753 	0.278202	-0.0174999	1.12193 
229	47    	0.476353 	0.269873	0.074748  	1.12193 
230	46    	0.537976 	0.284308	0.167817  	1.12347 
231	47    	0.455769 	0.260944	-0.015    	1.01475 
232	49    	0.41945  	0.216939	0.0834294 	0.933481
233	45    	0.406536 	0.201551	0.0998953 	0.933481
234	46    	0.472484 	0.284354	0.0457278 	1.02197 
235	46    	0.454264 	0.249076	-0.0166666	1.01936 
236	42    	0.519991 	0.284409	0.106685  	1.02138 
237	46    	0.46653  	0.26623 	-0.0159977	1.09089 
238	45    	0.409991 	0.264323	-0.016    	1.09089 
239	46    	0.430091 	0.267785	-0.0133333	1.09089 
240	49    	0.379583 	0.201126	0.115228  	1.08883 
241	46    	0.437924 	0.254356	0.0669819 	1.09909 
242	45    	0.409314 	0.266048	-0.01     	1.08883 
243	46    	0.424654 	0.266686	-0.015    	1.16701 
244	47    	0.36018  	0.268542	-0.0171429	1.08883 
245	49    	0.424572 	0.232782	0.0680083 	0.94629 
246	49    	0.375437 	0.18196 	0.117674  	0.887596
247	47    	0.378157 	0.1942  	-0.0159976	0.905867
248	47    	0.428203 	0.226065	-0.0159963	0.935535
249	45    	0.4391   	0.227166	0.157785  	0.935535
250	45    	0.473443 	0.215938	0.1088    	0.911085
251	49    	0.415708 	0.209112	0.0850301 	0.905275
252	47    	0.437988 	0.217423	-0.0171429	0.845971
253	46    	0.42877  	0.202252	-0.0166667	0.845971
254	42    	0.497701 	0.227531	0.10637   	0.982839
255	49    	0.432067 	0.23028 	0.113405  	0.996979
256	47    	0.423669 	0.236842	0.06663   	0.996979
257	46    	0.44354  	0.234384	-0.0171429	0.996979
258	46    	0.434674 	0.258077	-0.02     	0.93538 
259	45    	0.498708 	0.247692	0.161166  	0.933538
260	47    	0.435698 	0.277299	-0.016    	0.933538
261	43    	0.494654 	0.248408	-0.0150002	0.933538
262	48    	0.468944 	0.243592	0.129841  	0.995679
263	49    	0.45535  	0.318609	-1        	0.987772
264	44    	0.519439 	0.253535	0.0925146 	0.987772
265	46    	0.504692 	0.251228	0.160866  	0.974094
266	42    	0.493493 	0.282932	-0.01     	0.974094
267	48    	0.473572 	0.241264	0.117081  	0.974094
268	48    	0.388622 	0.217562	-0.0166667	0.977194
269	47    	0.442056 	0.239482	0.0863386 	1.00693 
270	48    	0.429747 	0.252982	0.127723  	0.998404
271	47    	0.464368 	0.261513	0.0749854 	0.982618
272	48    	0.394084 	0.261486	0.0473377 	1.05848 
273	45    	0.404921 	0.265602	0.117234  	1.05848 
274	45    	0.461329 	0.283323	0.159498  	1.05848 
275	39    	0.46343  	0.320998	0.0883637 	1.05848 
276	45    	0.448449 	0.296541	0.0531643 	1.05848 
277	48    	0.373688 	0.270779	-0.0150003	1.16456 
278	47    	0.346395 	0.208409	-0.0133333	0.991189
279	45    	0.426184 	0.262629	0.0525457 	0.991189
280	46    	0.497756 	0.285914	0.0802803 	1.00059 
281	50    	0.304061 	0.208839	-0.0216666	0.937519
282	48    	0.345311 	0.198083	-0.02     	0.937519
283	47    	0.355276 	0.203353	-0.0166666	0.937519
284	47    	0.400624 	0.180702	0.0995752 	0.937519
285	48    	0.338668 	0.178085	-0.02     	0.937519
286	45    	0.431705 	0.207193	0.0827593 	0.924054
287	44    	0.487652 	0.269262	-0.0171413	0.924054
288	49    	0.386444 	0.230169	-0.02     	1.00497 
289	42    	0.512574 	0.250323	-0.0133333	0.998405
290	46    	0.397934 	0.274093	0.0415073 	1.00388 
291	46    	0.414282 	0.257031	-0.0166667	1.00388 
292	44    	0.446326 	0.237322	0.178936  	1.00388 
293	43    	0.446572 	0.268659	-0.01     	1.00388 
294	47    	0.41279  	0.231708	0.0990759 	1.00388 
295	46    	0.383767 	0.218975	-0.0166667	0.889582
296	46    	0.472071 	0.23952 	-0.0175   	0.947307
297	47    	0.396389 	0.231389	-0.0133332	0.923425
298	46    	0.380465 	0.213935	-0.0133333	0.923425
299	49    	0.316607 	0.168569	0.1006    	0.903485
300	45    	0.381323 	0.284038	-1        	0.917832
301	46    	0.411161 	0.245681	0.0590054 	1.01705 
302	43    	0.453933 	0.287362	-0.018    	1.01705 
303	46    	0.409661 	0.280701	-0.02     	1.01705 
304	45    	0.406233 	0.275555	0.0533866 	1.01705 
305	47    	0.425793 	0.252428	-0.0159976	1.01705 
306	48    	0.346192 	0.22656 	-0.0150002	0.911802
307	42    	0.374682 	0.223359	-0.0133337	0.911802
308	47    	0.409918 	0.231169	-0.0159966	0.865762
309	47    	0.459741 	0.26299 	-0.0166667	0.962131
310	47    	0.42437  	0.255582	-0.0166666	0.963969
311	46    	0.398686 	0.240609	0.0850903 	0.867458
312	45    	0.475674 	0.259956	-0.0166666	0.867458
313	44    	0.412024 	0.270983	-0.015    	0.867458
314	47    	0.411285 	0.268918	-0.0166666	0.867458
315	40    	0.42184  	0.276187	-0.015    	0.962131
316	47    	0.401656 	0.249463	0.0747611 	0.867458
317	45    	0.397014 	0.29127 	-0.0199998	0.868417
318	44    	0.442366 	0.274003	-0.016    	0.94626 
319	46    	0.453788 	0.241453	0.0749081 	0.867554
320	48    	0.461092 	0.243792	-0.015    	0.86905 
321	45    	0.50824  	0.277963	0.062241  	0.86905 
322	45    	0.508703 	0.274531	0.0439841 	1.04194 
323	46    	0.419891 	0.279348	0.0851261 	1.04194 
324	46    	0.378333 	0.290943	-0.0150001	0.997896
325	44    	0.373827 	0.2681  	-0.0149999	0.913847
326	46    	0.395962 	0.284537	-0.0199999	0.938931
327	40    	0.481861 	0.289174	0.143526  	1.04194 
328	45    	0.420463 	0.296908	0.0530859 	1.04194 
329	41    	0.457506 	0.281375	0.0756562 	1.04194 
330	48    	0.408405 	0.267975	0.0533451 	0.974557
331	47    	0.37174  	0.29526 	-0.0171429	1.06239 
332	47    	0.350914 	0.277195	-0.018    	0.943309
333	47    	0.476305 	0.282392	0.0849104 	0.975553
334	42    	0.42177  	0.278469	-0.0133334	0.937151
335	50    	0.385785 	0.254982	-0.015    	0.975553
336	46    	0.370947 	0.251054	-0.0175   	0.898946
337	46    	0.414663 	0.238846	0.0853839 	0.963863
338	47    	0.408496 	0.253215	-0.0175   	0.990118
339	44    	0.451366 	0.287943	-0.0150003	0.990118
340	48    	0.461252 	0.282053	-0.016    	1.04194 
341	43    	0.414031 	0.306581	-0.0166666	1.04194 
342	46    	0.405414 	0.273336	-0.0133333	0.990118
343	43    	0.393472 	0.303622	-0.0199839	0.990118
344	44    	0.492713 	0.295262	-0.0149999	1.04196 
345	45    	0.473529 	0.307737	-0.0160001	1.04196 
346	50    	0.387104 	0.249847	0.0590165 	0.945149
347	45    	0.429315 	0.249359	0.109225  	0.945149
348	45    	0.452798 	0.268028	0.0644148 	0.945149
349	47    	0.462599 	0.280768	-0.016    	1.042   
350	47    	0.444385 	0.277708	-0.0166668	0.869917
351	46    	0.434307 	0.247194	-0.015    	0.98668 
352	47    	0.433079 	0.270619	-0.0171429	0.869917
353	44    	0.432781 	0.271005	0.0749962 	0.954567
354	42    	0.460056 	0.310859	-0.02     	1.042   
355	44    	0.47263  	0.30629 	0.084064  	1.0511  
356	45    	0.436259 	0.297129	0.0593031 	1.0511  
357	47    	0.400959 	0.31028 	-0.0171429	1.05621 
358	45    	0.425427 	0.287638	-0.02     	1.05621 
359	46    	0.428348 	0.279655	0.0795018 	1.05621 
360	45    	0.434062 	0.300134	0.0496898 	1.05621 
361	46    	0.417481 	0.301593	-0.015    	1.06375 
362	46    	0.40657  	0.300585	-0.0181819	1.06375 
363	45    	0.335284 	0.289892	-0.0181818	1.06375 
364	49    	0.337739 	0.285867	-0.0171429	1.06375 
365	47    	0.391619 	0.26566 	-0.0133333	1.06375 
366	49    	0.412751 	0.289209	-0.02     	1.06375 
367	48    	0.38665  	0.268218	-0.0174999	0.906491
368	48    	0.303667 	0.218985	-0.016    	0.906491
369	45    	0.33974  	0.264453	-0.0160001	0.906491
370	48    	0.457326 	0.276914	-0.02     	0.945892
371	44    	0.429784 	0.289504	-0.016    	0.906491
372	47    	0.413195 	0.29882 	-0.0166666	0.906469
373	44    	0.451989 	0.268557	0.0662831 	0.99478 
374	46    	0.455696 	0.288581	-0.0166667	0.906469
375	47    	0.409123 	0.288903	-0.0166667	0.932151
376	49    	0.351641 	0.229097	-0.0171428	0.906469
377	46    	0.378542 	0.228661	-0.0171429	0.906469
378	44    	0.369621 	0.246395	-0.0149999	0.906469
379	46    	0.412524 	0.235176	0.0593022 	0.906469
380	46    	0.379613 	0.264224	-0.0171429	0.906469
381	44    	0.438238 	0.269419	-0.0166666	0.891666
382	46    	0.361497 	0.263265	-0.018    	0.89805 
383	47    	0.407768 	0.240079	0.0733055 	0.89805 
384	44    	0.402773 	0.269334	-0.0150002	0.89805 
385	49    	0.38542  	0.255422	-0.0171428	0.89805 
386	44    	0.36905  	0.263286	0.0743823 	0.89805 
387	45    	0.386591 	0.301343	-0.02     	0.977293
388	47    	0.326134 	0.277796	0.0530966 	0.977293
389	48    	0.372782 	0.226   	-0.0133333	0.913066
390	46    	0.418214 	0.231279	-0.0133334	0.784861
391	47    	0.313765 	0.20535 	-0.0171429	0.778721
392	45    	0.3415   	0.214936	-0.0175   	0.851149
393	45    	0.411115 	0.240477	-0.0133333	0.851149
394	45    	0.416966 	0.233114	0.0756737 	0.851149
395	45    	0.419669 	0.244703	-0.0133338	0.867113
396	45    	0.428537 	0.262084	-0.0166667	0.856208
397	47    	0.389805 	0.238538	0.0859552 	0.854591
398	48    	0.398352 	0.248447	-0.015    	0.85818 
399	44    	0.486613 	0.246552	0.0990775 	0.866847
400	48    	0.320449 	0.218566	0.0851685 	0.85459 
401	48    	0.36308  	0.246046	-0.02     	0.865831
402	40    	0.401582 	0.272268	0.0758586 	0.865831
403	48    	0.362356 	0.258639	-0.016    	0.869351
404	46    	0.392854 	0.2561  	0.0746128 	0.869351
405	47    	0.377539 	0.252973	-0.016    	0.946935
406	45    	0.416504 	0.223305	0.117237  	0.946935
407	47    	0.374698 	0.233196	0.111296  	0.946657
408	41    	0.423524 	0.248596	-0.0175   	0.946657
409	45    	0.402214 	0.271552	-0.02     	0.946657
410	44    	0.382731 	0.249306	-0.0175   	0.869332
411	48    	0.393882 	0.219826	-0.0174999	0.869332
412	42    	0.447675 	0.225891	0.0933003 	0.869332
413	50    	0.336223 	0.198853	-0.016    	0.779455
414	48    	0.385255 	0.227106	-0.0175   	0.860601
415	47    	0.387193 	0.239365	0.0709691 	0.861148
416	44    	0.439723 	0.233981	-0.016    	0.861148
417	47    	0.395321 	0.217618	0.0618291 	0.855896
418	48    	0.388935 	0.215012	0.0853065 	0.785509
419	49    	0.396575 	0.19991 	0.0792266 	0.827022
420	44    	0.382247 	0.225521	-0.0171428	0.827022
421	44    	0.375987 	0.227669	-0.016    	0.793799
422	48    	0.391354 	0.211541	0.0743174 	0.827022
423	48    	0.387334 	0.22336 	-0.0160001	0.82063 
424	47    	0.391417 	0.255264	-0.0171428	0.859878
425	48    	0.376988 	0.273193	0.0642532 	1.0285  
426	48    	0.464351 	0.294637	-0.0177778	1.03628 
427	47    	0.375528 	0.295156	-0.0133337	1.03628 
428	45    	0.379158 	0.297292	-0.016    	1.03628 
429	47    	0.435652 	0.296931	-0.015    	1.03628 
430	46    	0.403341 	0.316162	-0.0166666	1.04159 
431	45    	0.378779 	0.307374	-0.017143 	1.04159 
432	49    	0.317994 	0.266196	-0.0133332	1.0307  
433	45    	0.408552 	0.266435	-0.0200001	1.0307  
434	47    	0.400179 	0.265404	-0.0146967	0.86169 
435	46    	0.373003 	0.249292	-0.0175   	0.88503 
436	44    	0.453041 	0.255212	-0.0133333	0.88503 
437	48    	0.398793 	0.235071	0.0693254 	0.88503 
438	46    	0.400774 	0.235117	-0.0171429	0.891981
439	46    	0.386178 	0.229204	0.0668015 	0.891981
440	47    	0.385203 	0.236444	-0.0171429	0.932331
441	45    	0.403467 	0.216937	-0.02     	0.932331
442	48    	0.372954 	0.207243	-0.01     	0.839794
443	46    	0.43897  	0.231592	-0.015    	0.87805 
444	46    	0.363708 	0.189233	0.0565896 	0.839794
445	46    	0.399065 	0.218462	-0.015    	0.839794
446	45    	0.447518 	0.242847	0.0744269 	0.839832
447	47    	0.399337 	0.248436	-0.018    	0.869457
448	47    	0.459495 	0.216387	0.0851345 	0.828294
449	46    	0.387939 	0.202645	0.110985  	0.795437
450	46    	0.396395 	0.232514	0.0748675 	0.795437
451	47    	0.343673 	0.228882	-0.02     	0.795437
452	47    	0.415812 	0.247396	0.0708212 	0.955838
453	47    	0.398826 	0.230911	-0.0171428	0.955838
454	48    	0.324249 	0.208482	-0.018    	0.843616
455	43    	0.380655 	0.189299	-0.0171428	0.843616
456	45    	0.443298 	0.223054	-0.0171429	0.843616
457	45    	0.428497 	0.216604	0.0758229 	0.843616
458	47    	0.388705 	0.219761	-0.0177777	0.955835
459	47    	0.363671 	0.21762 	0.0844615 	0.769872
460	43    	0.400144 	0.24081 	-0.0171428	0.769872
461	48    	0.273599 	0.163854	-0.0166666	0.73258 
462	45    	0.357544 	0.176489	-0.0133333	0.733655
463	41    	0.383563 	0.231481	-0.0171429	0.733655
464	47    	0.351031 	0.20786 	0.0747494 	0.85137 
465	48    	0.345611 	0.208739	-0.0175   	0.867186
466	43    	0.396816 	0.207289	-0.00671136	0.867186
467	47    	0.433103 	0.244026	0.0714975  	0.867186
468	49    	0.384241 	0.236262	-0.0175    	0.84929 
469	46    	0.387241 	0.234089	-0.0171428 	0.84929 
470	43    	0.379888 	0.261023	-0.0177778 	0.88044 
471	50    	0.3148   	0.192252	-0.01      	0.875753
472	45    	0.435679 	0.193675	0.0611065  	0.927838
473	47    	0.407783 	0.273664	-0.0166666 	0.939912
474	46    	0.3383   	0.230478	0.0663312  	0.859193
475	47    	0.423918 	0.204425	-0.016     	0.854331
476	44    	0.474096 	0.218461	0.0537688  	0.861835
477	48    	0.414542 	0.218815	-0.00670266	0.861835
478	46    	0.364736 	0.233727	-0.0175    	0.854331
479	44    	0.458252 	0.293089	-1         	0.861835
480	50    	0.401455 	0.221787	0.0660027  	0.818083
481	47    	0.36182  	0.200413	-0.00503074	0.783292
482	44    	0.376586 	0.295833	-1         	0.83981 
483	46    	0.417068 	0.215275	-0.0166666 	0.83981 
484	48    	0.336154 	0.215856	0.0631433  	0.88878 
485	49    	0.374331 	0.15751 	0.0357624  	0.795503
486	45    	0.382873 	0.22831 	-0.0175    	0.820396
487	46    	0.424943 	0.230104	0.0700272  	0.868101
488	46    	0.260469 	0.380735	-1         	0.868101
489	45    	0.331028 	0.279675	-1         	0.868101
490	47    	0.32175  	0.271121	-1         	0.868101
491	48    	0.294782 	0.315268	-1         	0.709082
492	46    	0.362157 	0.265779	-1         	0.731322
493	46    	0.359998 	0.173489	0.144148   	0.731322
494	46    	0.227582 	0.363174	-1         	0.731322
495	45    	0.353124 	0.2289  	-0.0175    	0.731322
496	49    	0.284573 	0.231769	-0.0171429 	0.731322
497	46    	0.360236 	0.224983	-0.0175    	0.813417
498	48    	0.304947 	0.238892	-0.0183333 	0.73021 
499	44    	0.311014 	0.235695	-0.02      	0.731322
500	44    	0.357073 	0.246726	-0.02      	0.835619
501	45    	0.34872  	0.247416	-0.0200001 	0.835619
502	42    	0.358592 	0.251878	-0.0150002 	0.835619
503	42    	0.361213 	0.319207	-0.02      	0.835619
504	47    	0.372439 	0.261777	-0.0175    	0.835619
505	46    	0.347682 	0.28366 	-0.02      	0.835049
506	44    	0.454225 	0.276077	-0.02      	0.835049
507	45    	0.428721 	0.268654	-0.02      	0.835049
508	47    	0.326069 	0.264719	-0.02      	0.81779 
509	48    	0.376383 	0.256073	-0.02      	0.755771
510	48    	0.429024 	0.251631	-0.015     	0.817693
511	47    	0.387706 	0.256163	-0.0171429 	0.835049
512	49    	0.343207 	0.254984	-0.02      	0.83486 
513	48    	0.322092 	0.255684	-0.02      	0.835637
514	46    	0.347679 	0.278171	-0.0200001 	0.835637
515	47    	0.378688 	0.262604	-0.02      	0.835175
516	46    	0.375762 	0.280869	-0.0177777 	0.835637
517	49    	0.278493 	0.255929	-0.02      	0.835175
518	46    	0.364449 	0.28116 	-0.0171429 	0.835175
519	45    	0.329511 	0.286569	-0.0233333 	0.835175
520	43    	0.331488 	0.266142	-0.02      	0.835049
521	44    	0.326473 	0.27591 	-0.0175    	0.835364
522	47    	0.299507 	0.264743	-0.0177777 	0.835637
523	47    	0.341762 	0.267596	-0.0177778 	0.833462
524	48    	0.366771 	0.238833	-0.0133333 	0.837713
525	48    	0.42325  	0.274156	-0.0171429 	0.837713
526	46    	0.281159 	0.263641	-0.0200001 	0.83609 
527	45    	0.371809 	0.247618	-0.0175    	0.855477
528	46    	0.377721 	0.258614	-0.0166667 	0.838265
529	47    	0.263955 	0.217507	-0.02      	0.838265
530	44    	0.346556 	0.248067	-0.0175    	0.838265
531	44    	0.33929  	0.258975	-0.0177778 	0.838265
532	47    	0.374529 	0.281035	-0.0177778 	0.836005
533	46    	0.326473 	0.24984 	-0.02      	0.814136
534	44    	0.37254  	0.258391	-0.02      	0.814136
535	43    	0.377811 	0.271055	-0.02      	0.814136
536	45    	0.285201 	0.26021 	-0.02      	0.814136
537	46    	0.269771 	0.228825	-0.0175001 	0.807979
538	47    	0.295504 	0.19615 	-0.018     	0.807979
539	48    	0.338692 	0.206499	-0.0160001 	0.826319
540	45    	0.375482 	0.228486	-0.0177778 	0.751236
541	45    	0.343941 	0.231106	-0.0175    	0.751236
542	46    	0.363957 	0.219187	-0.0166667 	0.751236
543	45    	0.36631  	0.206491	-0.0171429 	0.751236
544	44    	0.375262 	0.197601	-0.0166667 	0.751236
545	45    	0.365384 	0.19521 	-0.016     	0.751236
546	47    	0.355399 	0.205196	-0.0171429 	0.751236
547	44    	0.391072 	0.199191	-0.0166666 	0.751236
548	45    	0.38711  	0.181101	0.0766982  	0.744822
549	48    	0.37852  	0.187756	-0.0166667 	0.761982
550	47    	0.330059 	0.177286	-0.0171429 	0.761982
551	47    	0.376619 	0.203149	-0.01      	0.761982
552	47    	0.396424 	0.203705	0.0751963  	0.761982
553	45    	0.405022 	0.211465	-0.015     	0.773592
554	46    	0.393362 	0.200095	0.0832148  	0.773592
555	45    	0.408545 	0.233254	0.0852103  	0.836468
556	44    	0.413978 	0.239522	-0.0150001 	0.836468
557	49    	0.31744  	0.176783	0.0751732  	0.773592
558	46    	0.333465 	0.19976 	-0.0171428 	0.785504
559	47    	0.356012 	0.178666	-0.01      	0.785504
560	43    	0.346147 	0.164909	0.0747885  	0.785504
561	45    	0.347145 	0.199538	0.0851277  	0.785504
562	46    	0.273108 	0.194136	-0.0181818 	0.693054
563	44    	0.363367 	0.196521	-0.015     	0.709537
564	44    	0.340595 	0.223238	-0.0166667 	0.717459
565	50    	0.318287 	0.190158	-0.0133333 	0.698784
566	44    	0.333087 	0.229325	-0.02      	0.712703
567	48    	0.386736 	0.188474	-0.02      	0.730043
568	46    	0.346742 	0.237734	-0.02      	0.730043
569	43    	0.353144 	0.233628	-0.0200001 	0.828679
570	45    	0.316474 	0.264696	-0.0200001 	0.833522
571	45    	0.360103 	0.262312	-0.0200001 	0.848033
572	45    	0.394827 	0.256276	-0.0175001 	0.833522
573	45    	0.348657 	0.269518	-0.0174999 	0.833522
574	44    	0.375699 	0.280892	-0.02      	0.889045
575	44    	0.339684 	0.269301	-0.0166667 	0.889045
576	48    	0.405735 	0.275678	-0.0175    	0.889045
577	47    	0.436939 	0.231973	0.0723893  	0.889045
578	48    	0.382796 	0.255996	-0.0166667 	0.889045
579	47    	0.353937 	0.26674 	-0.018     	0.889045
580	47    	0.405312 	0.219951	0.0768884  	0.844237
581	45    	0.476141 	0.238812	0.0864966  	0.980981
582	46    	0.380378 	0.25687 	-0.0171413 	0.980981
583	47    	0.332082 	0.216833	-0.016     	0.877618
584	45    	0.342458 	0.196579	-0.0159999 	0.715399
585	46    	0.421572 	0.230881	-0.0177777 	0.947348
586	44    	0.385147 	0.233857	-0.0171429 	0.947348
587	49    	0.362084 	0.22191 	-0.02      	0.947348
588	43    	0.478423 	0.270857	-0.022     	0.947348
589	49    	0.380708 	0.219287	-0.015     	0.870219
590	46    	0.353646 	0.219828	-0.0166667 	0.870219
591	48    	0.42129  	0.219649	0.114494   	0.86239 
592	46    	0.337561 	0.248603	-0.0175    	0.876298
593	47    	0.406414 	0.244715	-0.015     	0.86239 
594	46    	0.370657 	0.258051	-0.0133333 	0.863058
595	48    	0.381752 	0.246483	0.0669839  	0.856086
596	49    	0.367404 	0.240433	-0.0175    	0.867477
597	47    	0.352968 	0.236079	-0.02      	0.785016
598	47    	0.36356  	0.190726	0.0998013  	0.780299
599	46    	0.405295 	0.194998	0.075192   	0.780299
600	44    	0.452298 	0.229429	-0.0166666 	0.870993
601	47    	0.375391 	0.228425	-0.00503074	0.849367
602	46    	0.362496 	0.222691	-0.02      	0.849367
603	46    	0.404111 	0.222154	-0.01      	0.790427
604	46    	0.397191 	0.24124 	-0.0166667 	0.787178
605	42    	0.457294 	0.262543	-0.0171429 	0.787147
606	47    	0.404816 	0.224149	0.0578135  	0.850236
607	48    	0.355713 	0.221321	-0.016     	0.787147
608	47    	0.413125 	0.224597	-0.0171428 	0.83968 
609	45    	0.407894 	0.254913	-0.0159999 	0.848879
610	46    	0.366644 	0.257361	-0.0171428 	0.848879
611	47    	0.377005 	0.25499 	-0.0171428 	0.864437
612	47    	0.370631 	0.213813	0.0671825  	0.863649
613	46    	0.390866 	0.218432	-0.0175    	0.860725
614	49    	0.391162 	0.251153	-0.0175001 	0.86195 
615	45    	0.401213 	0.231961	-0.0166652 	0.86195 
616	43    	0.408696 	0.272698	-0.0133333 	0.86195 
617	47    	0.391183 	0.227849	-0.015     	0.854368
618	46    	0.37428  	0.233211	-0.0175001 	0.854368
619	43    	0.401759 	0.220564	0.0668191  	0.854368
620	49    	0.330303 	0.206387	-0.0175001 	0.903946
621	48    	0.383221 	0.222262	-0.0177777 	0.804471
622	42    	0.449443 	0.24236 	-0.0133334 	0.804471
623	50    	0.37635  	0.217002	-0.0159965 	0.805718
624	45    	0.416804 	0.23936 	-0.0166667 	0.80751 
625	47    	0.431076 	0.250417	-0.0175004 	0.903946
626	47    	0.410009 	0.260901	-0.016     	0.903946
627	47    	0.451372 	0.261457	-0.0171429 	0.894969
628	46    	0.392156 	0.250322	0.0748606  	0.894969
629	44    	0.391634 	0.276623	-0.018     	0.894969
630	45    	0.436622 	0.254844	-0.0166667 	0.94692 
631	45    	0.41971  	0.271914	0.0717296  	1.04096 
632	43    	0.487178 	0.293934	0.086074   	0.997583
633	48    	0.507791 	0.304056	0.0392805  	1.04094 
634	49    	0.450701 	0.30843 	0.0748335  	1.05138 
635	45    	0.422848 	0.299278	0.0782424  	1.05138 
636	46    	0.479287 	0.318499	-0.0133337 	0.982061
637	47    	0.378232 	0.255292	-0.0171428 	0.946927
638	45    	0.478688 	0.248304	0.147116   	0.982061
639	43    	0.473444 	0.298759	-0.0133333 	0.982061
640	47    	0.41123  	0.276376	0.0748606  	0.982061
641	47    	0.426007 	0.279018	-0.0133333 	0.982061
642	43    	0.463221 	0.274743	0.109719   	0.982061
643	43    	0.447544 	0.316735	-0.015     	0.982061
644	42    	0.50805  	0.281143	0.0930855  	0.982061
645	45    	0.369321 	0.270202	-0.02      	0.90088 
646	44    	0.495513 	0.279283	-0.016     	0.949641
647	45    	0.43408  	0.265354	-0.01      	0.968031
648	48    	0.402456 	0.245159	-0.0133333 	0.967226
649	46    	0.344227 	0.277691	-0.0171429 	0.967226
650	43    	0.427711 	0.273605	-0.0159963 	1.0707  
651	48    	0.37637  	0.25037 	-0.0150001 	0.898605
652	48    	0.404868 	0.238197	0.0530016  	0.936392
653	47    	0.466218 	0.207227	0.142646   	0.936392
654	48    	0.431613 	0.250643	-0.016     	1.06566 
655	47    	0.487352 	0.256903	0.120927   	0.936392
656	44    	0.455378 	0.272943	0.0430887  	0.936392
657	44    	0.423075 	0.284221	-0.0175    	0.936392
658	48    	0.372032 	0.214463	-0.01      	0.936392
659	48    	0.334213 	0.184663	0.0429497  	0.739634
660	47    	0.430301 	0.191488	0.15213    	0.880618
661	50    	0.382124 	0.226475	-0.02      	0.898099
662	44    	0.464038 	0.244654	-0.0166667 	0.927333
663	47    	0.419723 	0.259296	-0.02      	0.927333
664	42    	0.41867  	0.265511	-0.0133334 	0.927333
665	47    	0.407943 	0.272553	-0.0133333 	0.979922
666	43    	0.444892 	0.300939	0.0632329  	1.0309  
667	47    	0.412692 	0.271679	-0.016     	1.0309  
668	48    	0.358754 	0.267044	-0.016     	1.0309  
669	45    	0.460069 	0.270976	-0.016     	1.0309  
670	46    	0.373837 	0.246566	-0.016     	1.0309  
671	46    	0.437001 	0.256912	0.10879    	1.0309  
672	46    	0.463771 	0.279347	-0.0133338 	1.0309  
673	45    	0.435159 	0.302045	-0.0133334 	1.0309  
674	44    	0.404359 	0.289808	0.0850748  	1.0309  
675	46    	0.409083 	0.287425	-0.0200001 	1.0309  
676	45    	0.447148 	0.284598	-0.0133334 	1.0309  
677	46    	0.455938 	0.271888	-0.0133333 	0.879458
678	44    	0.405239 	0.264064	-0.0177778 	0.879458
679	44    	0.445073 	0.253224	-0.016     	0.899571
680	49    	0.426492 	0.261734	0.0752305  	1.0309  
681	46    	0.441145 	0.310528	0.0837199  	1.03127 
682	44    	0.440628 	0.303947	-0.0171429 	1.0309  
683	49    	0.346534 	0.247634	0.0748402  	0.933852
684	48    	0.371623 	0.228546	0.0751256  	0.933852
685	46    	0.390249 	0.261029	-0.0166667 	0.933852
686	41    	0.473615 	0.275754	0.0535407  	0.941329
687	46    	0.380813 	0.255983	-0.02      	0.941329
688	46    	0.445191 	0.272346	0.0854473  	1.0309  
689	47    	0.417806 	0.317824	-0.016     	1.0309  
690	46    	0.476579 	0.300267	-0.0150001 	1.0309  
691	44    	0.495245 	0.301025	-0.01      	0.947348
692	45    	0.454812 	0.28716 	0.0861186  	1.0309  
693	49    	0.393652 	0.23875 	0.0593721  	1.0309  
694	44    	0.406698 	0.227639	0.0800756  	0.920175
695	48    	0.362468 	0.213605	-0.016     	0.83976 
696	48    	0.441801 	0.210409	0.0843101  	0.83486 
697	45    	0.390018 	0.230085	0.0621032  	0.83486 
698	45    	0.429816 	0.246982	-0.0133333 	0.981194
699	44    	0.379366 	0.258513	-0.0174999 	0.981194
700	46    	0.411584 	0.243864	-0.0133333 	0.890625
701	46    	0.426107 	0.279774	0.063142   	0.855154
702	48    	0.381832 	0.249093	-0.02      	0.855154
703	49    	0.37419  	0.233423	0.0758307  	0.867186
704	47    	0.415367 	0.224016	0.116445   	0.867186
705	44    	0.421562 	0.247702	0.057452   	0.867186
706	43    	0.382639 	0.264626	-0.0175    	0.899141
707	46    	0.332036 	0.215763	-0.0200001 	0.867186
708	47    	0.343513 	0.234165	-0.016     	0.867186
709	45    	0.416294 	0.252833	-0.0133333 	0.867186
710	47    	0.423182 	0.26804 	0.0747615  	0.947209
711	46    	0.344359 	0.270449	-0.0171428 	0.865958
712	44    	0.345298 	0.240205	-0.01      	0.863058
713	49    	0.299032 	0.193567	-0.0149998 	0.854284
714	48    	0.317201 	0.191646	-0.0166668 	0.854284
715	43    	0.388318 	0.243625	-0.0171428 	0.854284
716	47    	0.367742 	0.241608	-0.0175    	0.854284
717	46    	0.440904 	0.270706	0.0748534  	0.879415
718	43    	0.398739 	0.249277	0.0746834  	0.854284
719	47    	0.31582  	0.243371	-0.016     	0.850217
720	44    	0.377136 	0.235093	-0.0175    	0.850217
721	47    	0.408048 	0.24525 	-0.02      	0.850217
722	41    	0.438764 	0.246936	-0.01      	0.857342
723	43    	0.357578 	0.258533	-0.0133334 	0.857342
724	48    	0.344501 	0.240824	-0.0166666 	0.839841
725	46    	0.410275 	0.279079	-0.0150001 	0.839841
726	47    	0.336832 	0.22251 	-0.016     	0.839841
727	47    	0.345824 	0.231166	-0.02      	0.852134
728	43    	0.387745 	0.211423	0.0777202  	0.86574 
729	48    	0.35643  	0.225651	0.0483796  	0.86195 
730	44    	0.420795 	0.254246	-0.0133333 	0.879111
731	46    	0.380513 	0.251949	-0.016     	0.879111
732	47    	0.404748 	0.250158	-0.0175    	0.879111
733	45    	0.448956 	0.260999	-0.0175001 	0.867381
734	47    	0.375778 	0.225236	0.085128   	0.867381
735	49    	0.383439 	0.195774	-0.0133333 	0.771856
736	48    	0.324972 	0.182815	-0.01      	0.7028  
737	50    	0.32103  	0.19747 	-0.0171427 	0.715577
738	48    	0.342569 	0.182409	-0.0175    	0.777649
739	46    	0.391946 	0.212433	-0.0175    	0.789421
740	47    	0.360248 	0.221542	-0.0177779 	0.783034
741	44    	0.40883  	0.226633	-0.016     	0.783034
742	45    	0.420847 	0.22801 	0.0965118  	0.854284
743	45    	0.445695 	0.244232	-0.016     	0.854284
744	47    	0.386059 	0.23193 	-0.016     	0.854284
745	47    	0.314884 	0.224181	-0.0175    	0.851347
746	46    	0.347892 	0.210728	-0.018     	0.851347
747	45    	0.360666 	0.210617	0.0825029  	0.786682
748	45    	0.354097 	0.193407	0.0748821  	0.786682
749	50    	0.345735 	0.216893	-0.0133332 	0.867146
750	42    	0.40271  	0.240072	-0.016     	0.867146
751	45    	0.405938 	0.2403  	0.0846697  	1.0299  
752	46    	0.426665 	0.278263	0.0791681  	1.0299  
753	46    	0.373432 	0.269779	-0.0179999 	1.0299  
754	48    	0.393637 	0.264703	-0.0159999 	1.0299  
755	48    	0.369159 	0.247622	-0.0177776 	1.0299  
756	45    	0.419592 	0.268053	-0.0133333 	0.939841
757	46    	0.439291 	0.265434	0.0827245  	0.888979
758	44    	0.484148 	0.281967	0.0631855  	0.987152
759	43    	0.449273 	0.328617	-0.0177778 	0.987152
760	46    	0.415803 	0.269339	-0.0133333 	0.888979
761	47    	0.46828  	0.278296	-0.0166652 	0.931058
762	49    	0.347498 	0.244988	-0.0166667 	0.939841
763	47    	0.415577 	0.247506	-0.02      	0.939841
764	44    	0.43847  	0.295866	-0.0171428 	1.0299  
765	50    	0.379992 	0.220535	0.0807349  	1.14741 
766	44    	0.459886 	0.2839  	-0.0150002 	1.14741 
767	45    	0.430706 	0.334929	-0.015     	1.14741 
768	44    	0.435831 	0.339347	0.0596739  	1.14741 
769	46    	0.388545 	0.360238	-0.0133333 	1.14741 
770	45    	0.528535 	0.340215	-0.0133333 	1.14741 
771	43    	0.473441 	0.327246	-0.01      	1.14741 
772	46    	0.439146 	0.342457	0.0668885  	1.14741 
773	46    	0.448303 	0.318133	-0.018     	1.14741 
774	47    	0.45654  	0.308114	0.0764853  	1.14741 
775	44    	0.507908 	0.304869	0.057447   	1.0299  
776	43    	0.410262 	0.335094	-0.016     	1.0299  
777	43    	0.453139 	0.303247	-0.00506809	1.0299  
778	46    	0.495917 	0.304898	0.075411   	1.0299  
779	47    	0.401194 	0.277942	-0.01      	0.948728
780	49    	0.433927 	0.286871	-0.0166667 	0.906363
781	46    	0.429688 	0.270307	0.0880284  	0.906302
782	47    	0.415199 	0.275825	-0.0175    	0.995099
783	45    	0.454967 	0.268782	-0.0171428 	0.995099
784	46    	0.502888 	0.273858	-0.02      	0.995099
785	48    	0.461869 	0.276625	-0.0171428 	0.995099
786	47    	0.483968 	0.281122	-0.0133333 	0.900491
787	49    	0.41955  	0.288186	-0.0175    	0.889272
788	48    	0.461038 	0.272499	-0.0174999 	0.889272
789	47    	0.464302 	0.273488	-0.0175    	0.995099
790	45    	0.522421 	0.288132	0.0666056  	0.995099
791	44    	0.502077 	0.286697	-0.016     	0.94303 
792	48    	0.381354 	0.266862	-0.0166667 	0.94303 
793	49    	0.375381 	0.233647	-0.0166667 	0.797415
794	46    	0.419762 	0.247881	-0.015     	0.906531
795	46    	0.455553 	0.263083	-0.0150001 	0.906531
796	47    	0.367227 	0.271992	-0.02      	0.906531
797	46    	0.466982 	0.266799	0.0593213  	0.906363
798	45    	0.47485  	0.281336	-0.0183333 	0.988509
799	42    	0.514987 	0.279337	0.0596331  	0.994845
800	45    	0.467899 	0.309286	-0.018     	1.03543 
801	48    	0.483546 	0.286376	-0.02      	0.988509
802	45    	0.421717 	0.308463	-0.0171428 	0.988509
803	45    	0.406617 	0.307216	-0.0177779 	0.982377
804	44    	0.420649 	0.32862 	-0.0166667 	0.991697
805	47    	0.417475 	0.315553	-0.0166667 	1.03543 
806	47    	0.41292  	0.303027	-0.0177778 	0.991697
807	43    	0.403422 	0.271393	0.0924801  	0.991697
808	48    	0.368647 	0.226868	0.0659953  	0.84219 
809	47    	0.394859 	0.216034	0.0510105  	0.84219 
810	44    	0.412655 	0.253445	-0.0150001 	0.852346
811	48    	0.438583 	0.220591	0.0853686  	0.949143
812	49    	0.387719 	0.231435	-0.0160001 	0.831945
813	45    	0.414004 	0.242832	0.0687508  	0.798357
814	45    	0.418568 	0.243458	0.0623986  	0.803781
815	46    	0.400116 	0.232717	-0.015     	0.90394 
816	45    	0.458503 	0.235781	0.0750832  	0.90394 
817	47    	0.389976 	0.233367	-0.0166667 	0.901116
818	47    	0.416454 	0.247612	0.0646041  	0.901116
819	45    	0.405721 	0.258675	-0.0175    	0.900081
820	48    	0.418803 	0.257472	-0.02      	0.900081
821	46    	0.388214 	0.276962	-0.0175    	0.858508
822	46    	0.369165 	0.23921 	-0.0166667 	0.904428
823	46    	0.401088 	0.213101	-0.0133333 	0.904428
824	50    	0.429401 	0.219882	0.0659203  	0.763385
825	46    	0.453785 	0.220885	-0.0133334 	0.91092 
826	45    	0.355566 	0.233956	-0.0171428 	0.91092 
827	43    	0.437239 	0.232451	0.0788184  	0.91092 
828	47    	0.417852 	0.247929	-0.015     	0.91092 
829	43    	0.479804 	0.233334	0.113763   	0.91092 
830	47    	0.385963 	0.267863	-0.0166667 	0.913   
831	46    	0.335894 	0.255867	-0.0160001 	0.913   
832	44    	0.419547 	0.262359	-0.015     	0.913   
833	48    	0.394666 	0.254428	-0.0159999 	0.91092 
834	45    	0.428536 	0.247443	-0.0166667 	0.91092 
835	43    	0.362994 	0.233434	-0.015     	0.824124
836	49    	0.373424 	0.214636	0.0849677  	0.761195
837	49    	0.417297 	0.193478	0.0953321  	0.815023
838	49    	0.459544 	0.218486	-0.015     	0.779232
839	47    	0.479931 	0.220022	-0.016     	0.828542
840	46    	0.457725 	0.229932	-0.02      	0.828542
841	47    	0.422355 	0.237082	-0.0159999 	0.813415
842	48    	0.458605 	0.255732	-0.0133333 	1.04047 
843	48    	0.412977 	0.253862	-0.015     	0.994823
844	46    	0.531043 	0.241756	0.16075    	0.883247
845	48    	0.491887 	0.248566	-0.016     	0.883247
846	45    	0.460073 	0.239485	0.141237   	0.994823
847	48    	0.492177 	0.256047	-0.0166666 	0.994823
848	45    	0.43776  	0.293491	-0.0166667 	0.994823
849	45    	0.446419 	0.291536	-0.0171429 	0.994823
850	50    	0.422564 	0.277943	-0.0160001 	0.890806
851	44    	0.406371 	0.284661	-0.0175    	0.890806
852	45    	0.444446 	0.264511	-0.02      	0.890806
853	47    	0.386429 	0.266446	-0.02      	0.835693
854	44    	0.354581 	0.270761	-0.0200001 	0.835693
855	44    	0.309332 	0.258887	-0.02      	0.835693
856	48    	0.338488 	0.241107	-0.0175    	0.758669
857	44    	0.427175 	0.225643	0.0934258  	0.956759
858	43    	0.402639 	0.243308	-0.0184615 	0.835693
859	47    	0.367559 	0.24456 	-0.0200001 	0.830908
860	47    	0.358586 	0.25616 	-0.0171429 	0.800637
861	47    	0.353045 	0.245072	-0.02      	0.855818
862	45    	0.413316 	0.245977	-0.0133334 	0.855818
863	46    	0.452817 	0.2474  	-0.0166666 	0.871485
864	44    	0.403303 	0.244112	-0.0177778 	0.871485
865	43    	0.507123 	0.263136	-0.0160001 	0.881213
866	46    	0.468485 	0.278369	-0.0175001 	0.947793
867	45    	0.460738 	0.26431 	-0.018     	0.947793
868	46    	0.389651 	0.244946	-0.0171429 	0.880853
869	42    	0.496836 	0.252879	0.0772278  	0.880853
870	45    	0.435488 	0.250142	-0.0174999 	0.880853
871	44    	0.472813 	0.260044	0.0773504  	0.880853
872	44    	0.425741 	0.259243	0.0795264  	0.93054 
873	49    	0.367233 	0.227507	-0.0166667 	0.870002
874	47    	0.460599 	0.249691	-0.0177778 	0.926942
875	44    	0.479296 	0.252835	-0.0133333 	0.926942
876	46    	0.431079 	0.294857	-0.0177778 	1.03829 
877	44    	0.41725  	0.28279 	-0.0166666 	1.03829 
878	46    	0.439681 	0.268312	-0.0149999 	0.989164
879	48    	0.451852 	0.25394 	-0.018     	0.959235
880	45    	0.463979 	0.228121	0.103389   	0.860385
881	49    	0.455524 	0.271403	-0.0177777 	0.967716
882	48    	0.419473 	0.249567	0.0747941  	0.959235
883	44    	0.411947 	0.228512	0.0458023  	0.905353
884	45    	0.399965 	0.265961	0.0588631  	0.959235
885	48    	0.311883 	0.223358	-0.0175    	0.907588
886	45    	0.364158 	0.225824	-0.015     	0.907588
887	41    	0.437047 	0.242948	-0.0175    	0.907588
888	45    	0.488045 	0.249186	0.13888    	0.975655
889	50    	0.365736 	0.243582	-0.0166667 	0.906879
890	48    	0.41004  	0.249708	-0.0177778 	0.906879
891	47    	0.448253 	0.273228	-0.0150001 	0.975141
892	47    	0.411363 	0.265466	-0.0159999 	0.890134
893	45    	0.39988  	0.249822	-0.0133337 	0.890134
894	49    	0.495097 	0.225859	0.0904504  	0.848702
895	46    	0.441484 	0.226025	0.142015   	0.890134
896	42    	0.451164 	0.238301	0.0928213  	0.890134
897	49    	0.42196  	0.228254	-0.016     	0.975141
898	48    	0.412037 	0.205997	0.141599   	0.890134
899	44    	0.439231 	0.265699	-0.0171429 	0.89412 
900	49    	0.431654 	0.238772	-0.0175    	0.97501 
901	48    	0.431586 	0.243093	0.0660182  	0.975141
902	47    	0.516829 	0.262836	0.117689   	0.978864
903	43    	0.495019 	0.309724	-0.018     	0.978864
904	41    	0.545547 	0.316621	-0.0133332 	1.07059 
905	45    	0.506672 	0.328575	-0.015     	1.07059 
906	44    	0.438063 	0.331329	-0.0160001 	1.07059 
907	45    	0.437541 	0.281017	0.05717    	1.07059 
908	44    	0.468086 	0.316152	-0.0199999 	1.07059 
909	48    	0.446399 	0.275209	-0.0150001 	0.902822
910	43    	0.494867 	0.271866	0.0706321  	0.9433  
911	47    	0.442455 	0.286479	-0.01      	0.989661
912	44    	0.488748 	0.265358	-0.0183333 	0.903423
913	46    	0.466202 	0.270656	-0.02      	0.902822
914	47    	0.468296 	0.26997 	-0.0171429 	0.905477
915	44    	0.436917 	0.280391	-0.018     	0.905477
916	48    	0.381605 	0.212527	0.137547   	0.906754
917	48    	0.4031   	0.220029	0.124465   	0.899125
918	48    	0.440322 	0.240442	-0.0171429 	0.884176
919	48    	0.372807 	0.209653	-0.02      	0.830812
920	46    	0.3546   	0.219209	-0.0166666 	0.844121
921	45    	0.409961 	0.228829	-0.0166666 	0.844121
922	43    	0.480043 	0.258575	0.0963268  	0.845004
923	46    	0.463417 	0.261888	0.0724925  	0.844696
924	46    	0.412485 	0.260207	-0.0166666 	0.866224
925	46    	0.46931  	0.231953	0.0573865  	0.866224
926	48    	0.370975 	0.222189	-0.0133337 	0.823863
927	46    	0.403693 	0.249318	-0.0133333 	0.872967
928	44    	0.455611 	0.25384 	0.116319   	0.901906
929	48    	0.423919 	0.224611	0.149072   	0.904671
930	47    	0.437217 	0.260482	-0.015     	0.913455
931	49    	0.464134 	0.247632	0.143852   	0.929233
932	47    	0.44761  	0.290509	-0.0171429 	0.973408
933	45    	0.452153 	0.28011 	-0.0150001 	0.973408
934	47    	0.506028 	0.270693	0.116991   	0.982277
935	48    	0.460319 	0.277979	0.106491   	1.04169 
936	44    	0.503438 	0.29293 	0.0560434  	1.04169 
937	46    	0.477637 	0.304736	-0.0166666 	1.04476 
938	43    	0.468045 	0.3244  	0.106072   	1.12392 
939	43    	0.475317 	0.354834	0.107696   	1.12392 
940	47    	0.429567 	0.341665	-0.0166666 	1.11624 
941	43    	0.471444 	0.324226	0.078498   	1.11624 
942	47    	0.478968 	0.301696	0.152371   	1.11624 
943	46    	0.517208 	0.300131	-0.015     	1.11624 
944	48    	0.419225 	0.284796	-0.0175    	1.04281 
945	48    	0.500595 	0.258488	0.141347   	1.04758 
946	45    	0.396745 	0.301024	-0.0177778 	1.04542 
947	48    	0.437681 	0.265455	-0.0171429 	1.04542 
948	48    	0.380118 	0.218134	-0.0159957 	0.955313
949	44    	0.535387 	0.236758	0.169861   	0.955313
950	47    	0.426247 	0.312747	-1         	0.955313
951	44    	0.475514 	0.27966 	0.116409   	0.955313
952	48    	0.499937 	0.236511	0.186567   	0.955313
953	46    	0.397022 	0.262024	-0.0160001 	1.0462  
954	46    	0.450065 	0.271986	-0.0133333 	1.12189 
955	44    	0.513473 	0.279965	-0.0150001 	1.04847 
956	48    	0.480449 	0.283647	0.1049     	0.962208
957	47    	0.406401 	0.240202	-0.0166666 	0.962208
958	47    	0.474612 	0.20908 	0.192      	0.977182
959	43    	0.458916 	0.24125 	0.123308   	0.977182
960	46    	0.480672 	0.237641	0.102478   	0.963571
961	45    	0.493169 	0.241989	0.115677   	0.963571
962	47    	0.462622 	0.225013	-0.0166667 	0.963571
963	48    	0.467729 	0.234836	-0.015     	0.891083
964	48    	0.492447 	0.231409	-0.0171428 	0.963571
965	47    	0.417811 	0.217879	0.128053   	0.900687
966	47    	0.433487 	0.251921	-0.018     	0.900687
967	45    	0.498412 	0.227986	0.157904   	0.900811
968	46    	0.452355 	0.23892 	-0.0159966 	0.909799
969	49    	0.423153 	0.23605 	-0.0166652 	0.909799
970	44    	0.462241 	0.245258	0.0930318  	0.897435
971	50    	0.431979 	0.207782	0.152019   	0.832895
972	47    	0.399412 	0.208724	-0.0166667 	0.900811
973	46    	0.408388 	0.210876	-0.0175    	0.945358
974	49    	0.380064 	0.17057 	-0.018     	0.820686
975	47    	0.416071 	0.175947	0.153874   	0.820686
976	43    	0.415932 	0.198016	-0.02      	0.755658
977	48    	0.378036 	0.207548	-0.02      	0.761165
978	47    	0.438828 	0.205603	0.0993373  	0.892439
979	47    	0.369414 	0.223599	-0.0171429 	0.892439
980	47    	0.449794 	0.238387	-0.0150001 	0.892439
981	47    	0.431076 	0.23744 	0.0910437  	0.899442
982	46    	0.498073 	0.232159	-0.0171428 	0.981091
983	48    	0.43028  	0.250283	-0.01      	0.927579
984	45    	0.437038 	0.240894	0.119268   	0.927579
985	45    	0.385835 	0.293249	-1         	0.927579
986	47    	0.393293 	0.28801 	-1         	0.864803
987	43    	0.452542 	0.284858	-1         	0.836703
988	48    	0.432004 	0.278392	-1         	0.853408
989	47    	0.377689 	0.236831	-0.0171429 	0.853408
990	48    	0.377981 	0.214862	-0.0149999 	0.84829 
991	46    	0.413441 	0.198748	0.119363   	0.84829 
992	45    	0.493662 	0.212807	-0.0177778 	0.84829 
993	43    	0.471716 	0.24203 	0.123764   	0.84829 
994	46    	0.474358 	0.243025	-0.0150001 	0.912958
995	47    	0.419536 	0.223862	0.0540448  	0.840849
996	45    	0.368513 	0.257656	-0.02      	0.84942 
997	44    	0.386418 	0.257613	-0.0171429 	0.912958
998	47    	0.396295 	0.247007	-0.0133333 	1.00549 
999	45    	0.425646 	0.26196 	-0.0150001 	1.00549 
1000	47    	0.38158  	0.222988	0.0715738  	1.00549 
Best individuals:
(1.167014046115617,) 	-->	 /*9*/DDDLBFFBLRBFUUUUL
VMNeuronManager.autoload: Neuro classes added: Delay Light Nn PIDP PIDV SeeLight SeeLight2 S0 S1 Thr 
UserScripts.autoload: 19 user scripts added.
Simulator.load: Loading from 'eval-allcriteria.sim'
Loader.load: Comments read from file follow:
Loader.load:  Sample settings for evaluating many criteria of performance of a Framsticks creature.
Loader.load:  See the "evalcount" parameter if you want to speed the evaluation up or have a more stable result.
Loader.load:  Other important parameters are "Energy0" and "perfperiod".
Loader.load:  Put this file in the "data" subdirectory within the Framsticks distribution.
Simulator.load: Settings loaded from 'eval-allcriteria.sim'
Simulator.load: Loading from 'deterministic.sim'
Loader.load: Comments read from file follow:
Loader.load:  Parameter values that make the evaluation of a Framsticks creature deterministic.
Loader.load:  The values turn off random noise, so evaluation of the same genotype will always yield the same performance.
Loader.load:  The advantage is that you do not need to evaluate a genotype many times, and performance values are reliable.
Loader.load:  The disadvantage is that evolved creatures are "overfitting", i.e. rely entirely on the specific environment,
Loader.load:  and their behavior may be different in any other environment or (even slightly) changed conditions or parameter values,
Loader.load:  so each creature evolved using these settings must be later inspected using exactly the same setup.
Loader.load: 
Loader.load:  Before loading this file, load base settings, e.g. "eval-allcriteria.sim".
Loader.load:  Put this file in the "data" subdirectory within the Framsticks distribution.
Simulator.load: Settings loaded from 'deterministic.sim'
Simulator.load: Loading from 'sample-period-2.sim'
Loader.load: Comments read from file follow:
Loader.load:  Very low "performance sampling period" in the first population to sample performance very often during lifespan
Loader.load:  and avoid overlooking some behavior. Averaged performance of sampled values is returned as the final value.
Loader.load:  See http://www.framsticks.com/a/al_params.html#exper-perfcalc
Loader.load: 
Loader.load:  Before loading this file, load base settings, e.g. "eval-allcriteria.sim".
Loader.load:  Put this file in the "data" subdirectory within the Framsticks distribution.
Simulator.load: Loading from 'f9-mut-010.sim'
Simulator.load: Settings loaded from 'f9-mut-010.sim'
