gen	nevals	avg     	stddev	min     	max     
0  	50    	0.218369	0     	0.218369	0.218369
1  	42    	0.0751271	0.117497	-0.015  	0.356517
2  	44    	0.143299 	0.131285	-0.016  	0.414587
3  	48    	0.191628 	0.160765	-0.0160001	0.582913
4  	46    	0.264271 	0.152862	-0.02     	0.582913
5  	48    	0.259257 	0.178986	-0.0166667	0.594973
6  	41    	0.328317 	0.206665	-0.02     	0.716296
7  	44    	0.310272 	0.241151	-0.02     	0.716296
8  	49    	0.27751  	0.170035	-0.02     	0.637575
9  	45    	0.348337 	0.195323	-0.0166667	0.637575
10 	45    	0.348316 	0.219816	-0.0177778	0.716296
11 	47    	0.354347 	0.201459	-0.02     	0.650442
12 	43    	0.326529 	0.228354	-0.02     	0.646659
13 	46    	0.328108 	0.209025	-0.0177778	0.647353
14 	49    	0.341851 	0.207591	-0.0171429	0.7127  
15 	48    	0.344091 	0.222789	-0.0175   	0.835619
16 	46    	0.349643 	0.239478	-0.02     	0.73021 
17 	43    	0.443367 	0.235798	-0.0171428	0.835619
18 	48    	0.383394 	0.263933	-0.02     	0.741707
19 	45    	0.356754 	0.26983 	-0.02     	0.741707
20 	47    	0.33207  	0.262293	-0.0175   	0.741707
21 	48    	0.331011 	0.259489	-0.02     	0.830908
22 	44    	0.343867 	0.240024	-0.0177778	0.830908
23 	47    	0.340075 	0.252047	-0.02     	0.830908
24 	46    	0.377319 	0.237522	-0.0133333	0.830908
25 	48    	0.352246 	0.241354	-0.0166668	0.830908
26 	47    	0.337816 	0.240069	-0.0175   	0.73105 
27 	48    	0.38823  	0.22129 	0.068184  	0.795646
28 	44    	0.391871 	0.241802	-0.0166666	0.795646
29 	46    	0.396392 	0.25131 	-0.0166667	0.830908
30 	45    	0.351129 	0.270998	-0.0175   	0.795646
31 	47    	0.325679 	0.214397	-0.0199999	0.795646
32 	45    	0.3363   	0.248653	-0.0199999	0.795646
33 	46    	0.372706 	0.254758	-0.0166667	0.801389
34 	45    	0.350268 	0.268245	-0.02     	0.809021
35 	47    	0.32648  	0.249697	-0.02     	0.807243
36 	48    	0.372382 	0.270043	-0.02     	0.835494
37 	44    	0.37336  	0.22759 	-0.0166666	0.835494
38 	45    	0.379909 	0.283887	-0.0175   	0.835494
39 	46    	0.327614 	0.269631	-0.02     	0.835494
40 	45    	0.373881 	0.259014	-0.0200001	0.817772
41 	47    	0.382071 	0.252748	-0.02     	0.835494
42 	43    	0.421563 	0.284817	-0.02     	0.835494
43 	45    	0.272423 	0.236057	-0.02     	0.79924 
44 	46    	0.316477 	0.216155	-0.0199999	0.807243
45 	45    	0.375082 	0.253648	-0.0199999	0.816682
46 	45    	0.324837 	0.253569	-0.0171429	0.816682
47 	44    	0.287433 	0.25674 	-0.016    	0.807243
48 	46    	0.342801 	0.264574	-0.02     	0.809021
49 	46    	0.288795 	0.281757	-0.02     	0.809021
50 	46    	0.298966 	0.249142	-0.02     	0.809021
51 	45    	0.328131 	0.272004	-0.0199999	0.814682
52 	49    	0.298991 	0.241479	-0.0175   	0.801796
53 	45    	0.325046 	0.248668	-0.016    	0.817363
54 	47    	0.304395 	0.232832	-0.02     	0.816267
55 	48    	0.367799 	0.215068	-0.0171429	0.81705 
56 	46    	0.329228 	0.228101	-0.0166667	0.81705 
57 	47    	0.382283 	0.254182	-0.0159999	0.816682
58 	45    	0.32859  	0.260743	-0.0171428	0.816682
59 	44    	0.300867 	0.248571	-0.016    	0.817363
60 	46    	0.324134 	0.261592	-0.0166666	0.817363
61 	47    	0.272689 	0.27101 	-0.0166666	0.817363
62 	46    	0.361121 	0.268374	-0.016    	0.974523
63 	46    	0.334356 	0.260336	0.0914444 	0.974523
64 	49    	0.337269 	0.294795	-0.0175   	0.903057
65 	47    	0.291987 	0.235579	-0.0160001	0.903057
66 	47    	0.330459 	0.235384	-0.0166667	0.893453
67 	47    	0.35624  	0.267748	-0.0199999	0.892784
68 	47    	0.388155 	0.25775 	-0.0133332	0.916778
69 	46    	0.402304 	0.272754	0.101492  	0.916778
70 	44    	0.393259 	0.283573	0.0612802 	0.892784
71 	47    	0.39113  	0.272228	0.090103  	0.971078
72 	48    	0.379998 	0.250454	0.0646553 	0.893953
73 	45    	0.368186 	0.329065	-1        	0.831945
74 	46    	0.513823 	0.241733	0.126109  	0.937757
75 	46    	0.445719 	0.400985	-1        	0.937757
76 	49    	0.424625 	0.407041	-1        	0.981948
77 	47    	0.320661 	0.551943	-1        	0.932351
78 	43    	0.301761 	0.602913	-1        	1.01113 
79 	46    	0.524982 	0.427644	-1        	1.01113 
80 	45    	0.283493 	0.511452	-1        	1.0353  
81 	42    	0.370563 	0.46388 	-1        	1.0353  
82 	43    	0.383208 	0.475169	-1        	1.0353  
83 	46    	0.306319 	0.541575	-1        	1.0353  
84 	47    	0.191614 	0.598797	-1        	1.03493 
85 	45    	0.369564 	0.419434	-1        	1.0494  
86 	45    	0.43556  	0.492166	-1        	1.0494  
87 	45    	0.448222 	0.486974	-1        	1.08312 
88 	49    	0.327289 	0.314581	-1        	1.08312 
89 	48    	0.411304 	0.277072	0.120446  	0.995642
90 	47    	0.272476 	0.499157	-1        	0.972968
91 	48    	0.292708 	0.457485	-1        	0.972968
92 	45    	0.381553 	0.385614	-1        	0.972968
93 	47    	0.277636 	0.54899 	-1        	0.97609 
94 	47    	0.442585 	0.469092	-1        	0.976944
95 	46    	0.381456 	0.440767	-1        	0.976944
96 	48    	0.148291 	0.575727	-1        	0.950087
97 	44    	0.455547 	0.384975	-1        	0.964046
98 	46    	0.234738 	0.633788	-1        	0.979217
99 	43    	0.460983 	0.369249	-1        	0.979217
100	46    	0.347321 	0.431698	-1        	0.979217
101	46    	0.371984 	0.310359	-1        	0.947763
102	44    	0.32727  	0.521295	-1        	0.947763
103	45    	0.380198 	0.456731	-1        	0.952872
104	46    	0.379419 	0.444577	-1        	0.947763
105	48    	0.222055 	0.499812	-1        	0.947763
106	45    	0.347901 	0.472257	-1        	0.945079
107	48    	0.316892 	0.346844	-1        	0.963193
108	46    	0.29702  	0.502396	-1        	0.963193
109	43    	0.421374 	0.390357	-1        	0.951999
110	47    	0.408192 	0.428136	-1        	0.951999
111	45    	0.315705 	0.492282	-1        	0.951999
112	48    	0.233018 	0.583584	-1        	0.900123
113	45    	0.324905 	0.505259	-1        	0.900123
114	47    	0.358042 	0.417252	-1        	1.03324 
115	44    	0.501124 	0.369164	-1        	1.03324 
116	50    	0.338205 	0.485943	-1        	1.03609 
117	46    	0.348734 	0.489028	-1        	1.03609 
118	43    	0.440103 	0.470794	-1        	1.03609 
119	49    	0.177494 	0.515257	-1        	0.996066
120	50    	0.379399 	0.438758	-1        	1.02107 
121	49    	0.307728 	0.472697	-1        	1.07428 
122	46    	0.377328 	0.569237	-1        	1.10341 
123	46    	0.227214 	0.434731	-1        	1.07428 
124	48    	0.461534 	0.492142	-1        	1.08877 
125	47    	0.461802 	0.499099	-1        	1.111   
126	43    	0.432168 	0.501422	-1        	1.111   
127	47    	0.32493  	0.386497	-1        	1.111   
128	45    	0.307824 	0.470485	-1        	1.0667  
129	47    	0.263861 	0.505211	-1        	1.10671 
130	45    	0.323098 	0.438528	-1        	1.10671 
131	46    	0.394354 	0.562906	-1        	1.10309 
132	47    	0.313474 	0.564626	-1        	1.10309 
133	45    	0.451006 	0.381245	-1        	1.10309 
134	43    	0.444863 	0.491238	-1        	1.10309 
135	45    	0.361378 	0.526861	-1        	1.03728 
136	49    	0.175775 	0.546093	-1        	1.1032  
137	48    	0.354041 	0.433041	-1        	1.06625 
138	49    	0.428009 	0.264357	0.0845773 	1.06625 
139	48    	0.26149  	0.600527	-1        	1.06625 
140	47    	0.357251 	0.356666	-1        	0.938073
141	47    	0.341621 	0.463698	-1        	0.938771
142	46    	0.485635 	0.341976	-1        	0.938771
143	43    	0.456359 	0.500977	-1        	0.938771
144	45    	0.402397 	0.446327	-1        	0.938771
145	47    	0.360956 	0.5248  	-1        	0.978035
146	48    	0.348318 	0.466103	-1        	0.938771
147	45    	0.426669 	0.395503	-1        	0.938771
148	46    	0.346427 	0.568584	-1        	1.02878 
149	41    	0.335979 	0.621657	-1        	1.02878 
150	48    	0.341466 	0.492636	-1        	1.02878 
151	48    	0.379988 	0.456754	-1        	1.04007 
152	45    	0.360341 	0.583734	-1        	1.02621 
153	48    	0.330682 	0.514541	-1        	1.02621 
154	45    	0.418432 	0.54292 	-1        	1.02687 
155	44    	0.310991 	0.59701 	-1        	1.02687 
156	45    	0.438774 	0.3448  	-1        	1.02548 
157	46    	0.41941  	0.516471	-1        	1.04163 
158	43    	0.535215 	0.328095	0.107685  	1.04163 
159	44    	0.275751 	0.564716	-1        	1.04285 
160	44    	0.365    	0.563125	-1        	1.08665 
161	46    	0.286023 	0.519132	-1        	1.08665 
162	46    	0.295229 	0.554862	-1        	1.08665 
163	46    	0.346134 	0.502311	-1        	1.08665 
164	48    	0.283562 	0.55524 	-1        	1.08665 
165	44    	0.401179 	0.504254	-1        	1.08665 
166	46    	0.282182 	0.546209	-1        	1.14403 
167	48    	0.237141 	0.513118	-1        	1.03438 
168	46    	0.352907 	0.477891	-1        	1.14874 
169	46    	0.44026  	0.373515	-1        	1.14874 
170	49    	0.361932 	0.446601	-1        	1.07283 
171	43    	0.333637 	0.419739	-1        	0.972752
172	42    	0.356522 	0.488694	-1        	0.965395
173	49    	0.238934 	0.509351	-1        	0.981791
174	47    	0.120495 	0.708555	-1        	0.954336
175	48    	0.415804 	0.389254	-1        	0.975626
176	45    	0.456376 	0.345365	-1        	0.976011
177	48    	0.382026 	0.454081	-1        	0.975626
178	45    	0.318947 	0.512728	-1        	0.975626
179	45    	0.462094 	0.264086	0.12279   	0.975626
180	45    	0.430738 	0.46188 	-1        	1.0598  
181	48    	0.363612 	0.550563	-1        	1.05493 
182	43    	0.284755 	0.631267	-1        	1.07511 
183	50    	0.39769  	0.411894	-1        	1.02751 
184	48    	0.28131  	0.578838	-1        	1.04213 
185	45    	0.454301 	0.46504 	-1        	1.01294 
186	45    	0.353912 	0.521646	-1        	1.001   
187	46    	0.422576 	0.449435	-1        	1.00821 
188	47    	0.418932 	0.447254	-1        	1.01427 
189	43    	0.436551 	0.458678	-1        	1.08043 
190	45    	0.494477 	0.436542	-1        	1.02807 
191	45    	0.424307 	0.463566	-1        	1.01258 
192	48    	0.456509 	0.40596 	-1        	1.03025 
193	43    	0.564056 	0.314899	0.186717  	1.05214 
194	48    	0.296423 	0.630448	-1        	1.04134 
195	44    	0.370304 	0.545202	-1        	1.04134 
196	43    	0.499122 	0.433997	-1        	1.06182 
197	47    	0.381782 	0.461091	-1        	1.06182 
198	44    	0.439378 	0.422726	-1        	1.06182 
199	46    	0.366272 	0.411418	-1        	1.09341 
200	44    	0.339261 	0.497206	-1        	1.09341 
201	45    	0.281284 	0.517279	-1        	1.07467 
202	47    	0.405638 	0.467312	-1        	1.0918  
203	46    	0.225763 	0.554904	-1        	1.0918  
204	44    	0.400287 	0.445119	-1        	1.05195 
205	48    	0.29834  	0.484574	-1        	1.10941 
206	45    	0.35707  	0.48657 	-1        	1.10941 
207	43    	0.266448 	0.536706	-1        	1.10941 
208	47    	0.207018 	0.585517	-1        	1.10235 
209	43    	0.302185 	0.555791	-1        	1.07643 
210	47    	0.201799 	0.492077	-1        	1.07643 
211	46    	0.304867 	0.434235	-1        	1.04502 
212	44    	0.405819 	0.482234	-1        	1.01367 
213	42    	0.390259 	0.476184	-1        	1.01367 
214	48    	0.312814 	0.560973	-1        	1.0293  
215	42    	0.48815  	0.497895	-1        	1.03737 
216	48    	0.464451 	0.495193	-1        	1.05614 
217	47    	0.380013 	0.559956	-1        	1.06202 
218	47    	0.297015 	0.525537	-1        	1.06202 
219	48    	0.269153 	0.412475	-1        	1.06016 
220	46    	0.389455 	0.322392	-1        	1.0406  
221	47    	0.352534 	0.448117	-1        	1.0406  
222	46    	0.336705 	0.525039	-1        	1.06165 
223	49    	0.262749 	0.539372	-1        	1.07608 
224	46    	0.440389 	0.376416	-1        	1.07608 
225	46    	0.347147 	0.415008	-1        	1.07608 
226	48    	0.299737 	0.469595	-1        	1.06396 
227	47    	0.355919 	0.397422	-1        	1.04928 
228	47    	0.264904 	0.572296	-1        	1.00212 
229	48    	0.440403 	0.356921	-1        	1.002   
230	49    	0.330643 	0.37361 	-1        	1.02465 
231	43    	0.449641 	0.408571	-1        	1.03409 
232	48    	0.181522 	0.478186	-1        	1.01878 
233	42    	0.338715 	0.512294	-1        	1.0287  
234	43    	0.448712 	0.476406	-1        	1.04842 
235	45    	0.393464 	0.591906	-1        	1.04842 
236	43    	0.353843 	0.580674	-1        	1.04842 
237	45    	0.483374 	0.356777	-1        	1.04842 
238	45    	0.429471 	0.464518	-1        	1.0287  
239	46    	0.318981 	0.564269	-1        	1.0287  
240	50    	0.438548 	0.459647	-1        	1.03964 
241	45    	0.486951 	0.435128	-1        	1.04889 
242	43    	0.471324 	0.543095	-1        	1.04889 
243	47    	0.271631 	0.628488	-1        	1.04889 
244	50    	0.341129 	0.479234	-1        	1.04845 
245	45    	0.381019 	0.499676	-1        	1.02602 
246	47    	0.353064 	0.525835	-1        	0.990519
247	48    	0.397737 	0.508504	-1        	1.04013 
248	41    	0.473947 	0.540934	-1        	1.04013 
249	47    	0.436924 	0.468829	-1        	1.02672 
250	47    	0.355866 	0.491871	-1        	1.02672 
251	47    	0.401151 	0.471408	-1        	1.03284 
252	47    	0.407586 	0.464591	-1        	1.03782 
253	44    	0.390688 	0.513354	-1        	1.03782 
254	45    	0.351176 	0.493735	-1        	1.03782 
255	49    	0.297725 	0.461328	-1        	1.04497 
256	46    	0.468079 	0.495394	-1        	1.04497 
257	46    	0.465141 	0.384447	-1        	1.06067 
258	47    	0.370489 	0.58483 	-1        	1.04497 
259	43    	0.462954 	0.403007	-1        	1.04497 
260	48    	0.238816 	0.614454	-1        	1.06493 
261	45    	0.318189 	0.491818	-1        	1.06493 
262	49    	0.228611 	0.482584	-1        	0.99783 
263	47    	0.373828 	0.452301	-1        	0.989799
264	48    	0.260153 	0.518891	-1        	1.02362 
265	45    	0.389242 	0.578784	-1        	1.0318  
266	45    	0.468612 	0.406563	-1        	1.0318  
267	49    	0.293079 	0.574047	-1        	1.04439 
268	48    	0.302838 	0.5203  	-1        	1.01397 
269	47    	0.483922 	0.290444	0.187757  	0.969403
270	45    	0.315203 	0.56874 	-1        	0.976513
271	42    	0.483628 	0.442339	-1        	1.01933 
272	46    	0.277741 	0.563739	-1        	1.02182 
273	46    	0.506134 	0.509737	-1        	1.07257 
274	46    	0.229013 	0.62553 	-1        	1.07257 
275	43    	0.290884 	0.526214	-1        	1.07257 
276	45    	0.318508 	0.565466	-1        	1.07257 
277	48    	0.474443 	0.455634	-1        	1.09888 
278	48    	0.308107 	0.503339	-1        	1.09888 
279	50    	0.0498122	0.568696	-1        	1.04317 
280	45    	0.413888 	0.429177	-1        	1.04317 
281	42    	0.384134 	0.523784	-1        	1.01827 
282	49    	0.380219 	0.458576	-1        	1.10857 
283	47    	0.411898 	0.490024	-1        	1.10857 
284	49    	0.47319  	0.324866	0.159144  	1.10857 
285	43    	0.353816 	0.601761	-1        	1.10857 
286	45    	0.464765 	0.455038	-1        	1.19742 
287	45    	0.278958 	0.60865 	-1        	1.19742 
288	45    	0.443911 	0.396935	-1        	1.19742 
289	45    	0.330962 	0.59013 	-1        	1.14978 
290	49    	0.27227  	0.450776	-1        	1.14978 
291	45    	0.296165 	0.509473	-1        	1.14224 
292	45    	0.447107 	0.346938	-1        	1.14907 
293	46    	0.386805 	0.464168	-1        	1.15175 
294	47    	0.263872 	0.541228	-1        	1.14729 
295	46    	0.311795 	0.646776	-1        	1.12541 
296	45    	0.272446 	0.587706	-1        	1.12541 
297	46    	0.230438 	0.637191	-1        	1.12541 
298	48    	0.240589 	0.722281	-1        	1.10494 
299	47    	0.311231 	0.681658	-1        	1.11868 
300	46    	0.408748 	0.567345	-1        	1.14667 
301	46    	0.303396 	0.562399	-1        	1.10494 
302	46    	0.443536 	0.424152	-1        	1.10494 
303	48    	0.355131 	0.544652	-1        	1.10617 
304	44    	0.428353 	0.585922	-1        	1.14545 
305	44    	0.462799 	0.559499	-1        	1.14545 
306	45    	0.335137 	0.64161 	-1        	1.14978 
307	47    	0.375987 	0.574486	-1        	1.14545 
308	43    	0.440802 	0.405643	-1        	1.12836 
309	48    	0.2692   	0.449988	-1        	1.10609 
310	46    	0.451216 	0.486405	-1        	1.12868 
311	49    	0.200705 	0.668076	-1        	1.14555 
312	44    	0.481453 	0.439943	-1        	1.1461  
313	46    	0.326146 	0.631591	-1        	1.15032 
314	44    	0.4225   	0.442651	-1        	1.15032 
315	46    	0.451857 	0.462171	-1        	1.20217 
316	47    	0.141332 	0.58956 	-1        	1.13402 
317	48    	0.227366 	0.562186	-1        	1.10248 
318	45    	0.456436 	0.473626	-1        	1.1036  
319	48    	0.416029 	0.409079	-1        	1.06201 
320	46    	0.403496 	0.420075	-1        	1.06201 
321	45    	0.28672  	0.587124	-1        	1.03489 
322	48    	0.30047  	0.445395	-1        	1.03916 
323	40    	0.398666 	0.380109	-1        	1.03916 
324	45    	0.464334 	0.355832	-1        	1.03916 
325	46    	0.251157 	0.655709	-1        	1.03916 
326	44    	0.456761 	0.363569	-1        	1.07387 
327	49    	0.389864 	0.465919	-1        	1.05934 
328	44    	0.321559 	0.534847	-1        	1.05737 
329	44    	0.301818 	0.525416	-1        	1.05737 
330	48    	0.35511  	0.448422	-1        	1.05921 
331	47    	0.206671 	0.590142	-1        	1.08859 
332	45    	0.294538 	0.518438	-1        	1.04288 
333	48    	0.097144 	0.617569	-1        	1.06613 
334	47    	0.369851 	0.483767	-1        	1.02292 
335	42    	0.436443 	0.355922	-1        	1.15847 
336	46    	0.3572   	0.508913	-1        	1.15847 
337	45    	0.350027 	0.519175	-1        	1.15847 
338	48    	0.263613 	0.49749 	-1        	1.10931 
339	45    	0.40166  	0.471616	-1        	1.10931 
340	43    	0.402535 	0.529847	-1        	1.11035 
341	45    	0.31071  	0.574555	-1        	1.16239 
342	48    	0.315858 	0.574265	-1        	1.15996 
343	39    	0.476377 	0.52536 	-1        	1.15996 
344	50    	0.0892333	0.631086	-1        	1.16149 
345	48    	0.291827 	0.598107	-1        	1.16194 
346	47    	0.308845 	0.510519	-1        	1.09852 
347	46    	0.301123 	0.560441	-1        	1.08355 
348	46    	0.264985 	0.484058	-1        	1.06703 
349	49    	0.213974 	0.492941	-1        	1.00339 
350	49    	0.375395 	0.363985	-1        	1.04557 
351	50    	0.238599 	0.498598	-1        	0.864333
352	45    	0.389728 	0.462747	-1        	0.867057
353	47    	0.234733 	0.654605	-1        	0.867057
354	45    	0.251335 	0.699353	-1        	0.873352
355	40    	0.364726 	0.63767 	-1        	0.892257
356	45    	0.281265 	0.650148	-1        	0.942901
357	45    	0.374108 	0.572613	-1        	0.942901
358	46    	0.423137 	0.501665	-1        	0.9644  
359	45    	0.323458 	0.635209	-1        	0.9644  
360	43    	0.361915 	0.611637	-1        	0.965344
361	49    	0.342577 	0.509088	-1        	0.959455
362	46    	0.322261 	0.586634	-1        	0.952974
363	47    	0.258408 	0.673003	-1        	0.963707
364	47    	0.30611  	0.566129	-1        	0.993524
365	48    	0.419666 	0.529628	-1        	0.993524
366	43    	0.335657 	0.597683	-1        	0.964573
367	47    	0.410216 	0.491736	-1        	0.993143
368	45    	0.382209 	0.536083	-1        	0.988698
369	46    	0.388227 	0.42891 	-1        	0.988698
370	47    	0.271263 	0.594226	-1        	0.988698
371	49    	0.100006 	0.650693	-1        	0.988698
372	43    	0.460578 	0.442955	-1        	0.988698
373	49    	0.328129 	0.504254	-1        	1.01123 
374	48    	0.254127 	0.593099	-1        	0.988698
375	45    	0.452926 	0.547512	-1        	0.988698
376	45    	0.432188 	0.4966  	-1        	0.988698
377	46    	0.371443 	0.483734	-1        	1.02474 
378	47    	0.474668 	0.388398	-1        	0.979519
379	45    	0.297589 	0.610632	-1        	0.970174
380	46    	0.427185 	0.496739	-1        	0.970174
381	45    	0.401222 	0.569368	-1        	0.970174
382	45    	0.544142 	0.402342	-1        	0.970174
383	47    	0.390728 	0.524474	-1        	0.949876
384	45    	0.491147 	0.50173 	-1        	0.949876
385	48    	0.175154 	0.655033	-1        	0.884409
386	46    	0.332135 	0.578999	-1        	0.919287
387	44    	0.372362 	0.59221 	-1        	0.945123
388	48    	0.44657  	0.531018	-1        	0.945123
389	47    	0.195516 	0.667962	-1        	0.945123
390	49    	0.319709 	0.591607	-1        	0.95172 
391	46    	0.349844 	0.558759	-1        	0.947168
392	47    	0.313343 	0.660085	-1        	0.928292
393	46    	0.426098 	0.530265	-1        	0.928292
394	44    	0.375675 	0.595331	-1        	0.928292
395	47    	0.0445821	0.774393	-1        	0.91598 
396	45    	0.32173  	0.581966	-1        	0.91598 
397	44    	0.256519 	0.699156	-1        	0.91598 
398	44    	0.272912 	0.679451	-1        	0.919751
399	45    	0.341733 	0.599993	-1        	0.924478
400	50    	0.0482789	0.753486	-1        	0.940048
401	45    	-0.026764	0.785423	-1        	0.94729 
402	44    	0.353616 	0.598668	-1        	0.967881
403	45    	0.268812 	0.679657	-1        	0.947414
404	46    	0.219413 	0.726143	-1        	0.992252
405	44    	0.282112 	0.718249	-1        	0.979425
406	46    	0.179585 	0.739605	-1        	0.979425
407	47    	0.275646 	0.675296	-1        	0.966597
408	44    	0.232057 	0.702702	-1        	0.966597
409	43    	0.245046 	0.667706	-1        	0.993407
410	40    	0.45858  	0.607517	-1        	0.993407
411	46    	0.299326 	0.65894 	-1        	0.993407
412	44    	0.499833 	0.514738	-1        	1.02951 
413	45    	0.416619 	0.629712	-1        	1.02951 
414	47    	0.304144 	0.661508	-1        	1.02951 
415	43    	0.479589 	0.508454	-1        	1.02951 
416	41    	0.5398   	0.536544	-1        	1.02951 
417	47    	0.350079 	0.645762	-1        	1.02951 
418	43    	0.540533 	0.575025	-1        	1.00935 
419	45    	0.343842 	0.641646	-1        	1.00935 
420	48    	0.296216 	0.58672 	-1        	0.993407
421	46    	0.27644  	0.727005	-1        	1.02652 
422	46    	0.496118 	0.512313	-1        	1.02652 
423	43    	0.581118 	0.420739	-1        	1.02652 
424	46    	0.421329 	0.496654	-1        	1.02652 
425	45    	0.387501 	0.581944	-1        	1.02652 
426	47    	0.271335 	0.62173 	-1        	1.02908 
427	46    	0.261748 	0.680877	-1        	1.02998 
428	48    	0.295219 	0.575828	-1        	1.05776 
429	46    	0.0788122	0.703856	-1        	1.05776 
430	45    	0.052453 	0.785434	-1        	1.03146 
431	46    	0.050535 	0.784581	-1        	1.03146 
432	46    	0.214218 	0.714797	-1        	1.03146 
433	49    	0.0702568	0.697755	-1        	1.05136 
434	47    	0.218628 	0.719955	-1        	1.05136 
435	45    	0.528725 	0.419592	-1        	1.05136 
436	43    	0.358555 	0.663996	-1        	1.05495 
437	46    	0.255107 	0.655655	-1        	1.05495 
438	47    	0.389731 	0.541762	-1        	1.0999  
439	43    	0.35835  	0.538685	-1        	1.0999  
440	46    	0.317087 	0.598023	-1        	1.0999  
441	46    	0.345865 	0.64834 	-1        	1.01717 
442	45    	0.436738 	0.519766	-1        	1.01717 
443	48    	0.235623 	0.708266	-1        	1.03352 
444	46    	0.247692 	0.649441	-1        	1.03352 
445	44    	0.346064 	0.615271	-1        	1.03352 
446	49    	0.483769 	0.522977	-1        	1.0421  
447	45    	0.283859 	0.666333	-1        	1.0421  
448	47    	0.300284 	0.634687	-1        	1.0421  
449	48    	0.151127 	0.656105	-1        	1.00823 
450	48    	0.256906 	0.638666	-1        	1.0257  
451	46    	0.352362 	0.52756 	-1        	1.02792 
452	46    	0.241316 	0.710215	-1        	1.0925  
453	45    	0.259416 	0.645777	-1        	1.02792 
454	47    	0.273035 	0.603917	-1        	1.01064 
455	46    	0.224612 	0.732435	-1        	0.999993
456	46    	0.329042 	0.719791	-1        	1.05507 
457	48    	0.244993 	0.637223	-1        	1.07316 
458	47    	0.419699 	0.447611	-1        	1.06874 
459	46    	0.414631 	0.535239	-1        	0.964387
460	43    	0.460035 	0.51207 	-1        	0.97901 
461	47    	0.228966 	0.621487	-1        	0.937277
462	44    	0.378178 	0.573318	-1        	0.944263
463	42    	0.52387  	0.465842	-1        	0.980762
464	46    	0.375305 	0.619846	-1        	1.02661 
465	47    	0.411321 	0.538093	-1        	0.985671
466	45    	0.462119 	0.467903	-1        	0.983483
467	47    	0.300342 	0.661472	-1        	0.983483
468	48    	0.479118 	0.464961	-1        	0.983483
469	46    	0.391968 	0.622744	-1        	0.981473
470	49    	0.413133 	0.624851	-1        	0.983483
471	44    	0.405733 	0.588938	-1        	1.02811 
472	47    	0.442285 	0.516243	-1        	1.02811 
473	47    	0.416388 	0.674785	-1        	1.02862 
474	45    	0.379682 	0.654349	-1        	1.03965 
475	42    	0.525824 	0.433507	-1        	1.03965 
476	44    	0.462214 	0.609918	-1        	1.03965 
477	48    	0.488364 	0.534644	-1        	1.02811 
478	45    	0.398724 	0.587579	-1        	1.03965 
479	47    	0.320154 	0.635149	-1        	1.03965 
480	48    	0.298375 	0.627953	-1        	1.03965 
481	45    	0.423021 	0.597324	-1        	1.03965 
482	48    	0.362279 	0.532442	-1        	1.03965 
483	49    	0.355054 	0.618418	-1        	1.03965 
484	48    	0.470884 	0.358636	-1        	1.03965 
485	45    	0.510969 	0.415672	-1        	1.03965 
486	48    	0.349485 	0.521703	-1        	1.03965 
487	48    	0.45384  	0.506439	-1        	1.03965 
488	45    	0.379177 	0.446759	-1        	1.02811 
489	47    	0.328106 	0.591504	-1        	1.00706 
490	46    	0.435394 	0.506523	-1        	1.01891 
491	45    	0.538779 	0.428138	-1        	1.01891 
492	44    	0.540922 	0.418939	-1        	1.01891 
493	44    	0.493329 	0.46928 	-1        	1.01891 
494	44    	0.552453 	0.475075	-1        	1.01891 
495	45    	0.421881 	0.461147	-1        	1.04373 
496	46    	0.48769  	0.476486	-1        	1.04373 
497	45    	0.504864 	0.530348	-1        	1.04373 
498	47    	0.426539 	0.602255	-1        	1.03514 
499	48    	0.231411 	0.557855	-1        	1.03514 
500	49    	0.166414 	0.662597	-1        	1.02531 
501	45    	0.414676 	0.500963	-1        	1.03221 
502	47    	0.366677 	0.534371	-1        	1.03591 
503	49    	0.359695 	0.564993	-1        	1.03591 
504	43    	0.492571 	0.475949	-1        	1.03591 
505	47    	0.444374 	0.472466	-1        	1.04125 
506	45    	0.461258 	0.485079	-1        	1.11383 
507	46    	0.422356 	0.515651	-1        	1.11383 
508	44    	0.412658 	0.410655	-1        	1.11383 
509	47    	0.453091 	0.428147	-1        	1.12167 
510	49    	0.303367 	0.517021	-1        	1.12167 
511	47    	0.432485 	0.517744	-1        	1.13653 
512	46    	0.311266 	0.565635	-1        	1.08949 
513	46    	0.299769 	0.507805	-1        	1.07242 
514	45    	0.398578 	0.326903	-1        	1.07242 
515	45    	0.403051 	0.400386	-1        	1.09025 
516	41    	0.387835 	0.506039	-1        	1.09025 
517	47    	0.323027 	0.518091	-1        	1.09363 
518	46    	0.482225 	0.356566	-1        	1.08355 
519	47    	0.351029 	0.464317	-1        	1.08355 
520	46    	0.414777 	0.462847	-1        	1.09748 
521	45    	0.501117 	0.4811  	-1        	1.11383 
522	46    	0.396999 	0.5184  	-1        	1.125   
523	49    	0.239673 	0.598209	-1        	1.13471 
524	46    	0.397173 	0.455034	-1        	1.13471 
525	46    	0.382243 	0.488807	-1        	1.13471 
526	43    	0.438169 	0.414908	-1        	1.13471 
527	48    	0.281864 	0.545096	-1        	1.125   
528	46    	0.373734 	0.483255	-1        	1.11383 
529	46    	0.491453 	0.362004	-1        	1.11383 
530	47    	0.381336 	0.529451	-1        	1.12102 
531	46    	0.509382 	0.489802	-1        	1.12102 
532	43    	0.351755 	0.548609	-1        	1.12102 
533	46    	0.394828 	0.391629	-1        	1.12102 
534	48    	0.385165 	0.425186	-1        	1.04542 
535	48    	0.454698 	0.3188  	-1        	0.957926
536	46    	0.534408 	0.395499	-1        	1.01097 
537	47    	0.239237 	0.697303	-1        	1.04362 
538	46    	0.441995 	0.453032	-1        	1.04362 
539	48    	0.444372 	0.541547	-1        	0.958856
540	46    	0.366046 	0.603169	-1        	0.996024
541	46    	0.369811 	0.574429	-1        	0.997865
542	47    	0.437377 	0.386321	-1        	0.997413
543	48    	0.473477 	0.448051	-1        	0.960995
544	43    	0.502893 	0.509064	-1        	0.963597
545	49    	0.344827 	0.557158	-1        	1.00019 
546	45    	0.499146 	0.422371	-1        	1.087   
547	46    	0.45563  	0.41608 	-1        	1.087   
548	41    	0.442253 	0.484159	-1        	1.087   
549	45    	0.440788 	0.466052	-1        	1.087   
550	46    	0.47108  	0.423625	-1        	1.087   
551	49    	0.391245 	0.378258	-1        	1.04102 
552	46    	0.436034 	0.23086 	0.203418  	1.04102 
553	47    	0.434121 	0.383757	-1        	1.00755 
554	48    	0.351025 	0.475645	-1        	0.93322 
555	48    	0.478953 	0.49964 	-1        	0.939914
556	46    	0.418152 	0.496045	-1        	0.975612
557	45    	0.531867 	0.357388	-1        	1.0627  
558	44    	0.546099 	0.357289	-1        	1.0627  
559	45    	0.487638 	0.429561	-1        	1.0627  
560	47    	0.544216 	0.319528	0.113132  	1.0627  
561	46    	0.482927 	0.380804	-1        	1.0627  
562	47    	0.446587 	0.376905	-1        	1.0627  
563	48    	0.326396 	0.48212 	-1        	1.0627  
564	46    	0.417467 	0.357088	-1        	1.0044  
565	47    	0.462378 	0.328876	-1        	1.06027 
566	44    	0.339387 	0.46687 	-1        	1.06027 
567	47    	0.461993 	0.345107	-1        	1.06027 
568	45    	0.561814 	0.301185	0.171103  	1.06027 
569	46    	0.517353 	0.297046	-0.0160001	1.06027 
570	49    	0.486269 	0.339462	-1        	1.06027 
571	45    	0.478099 	0.419273	-1        	1.06027 
572	44    	0.511215 	0.300085	0.134829  	1.06027 
573	47    	0.46549  	0.289203	-0.016    	1.06027 
574	44    	0.448646 	0.403758	-1        	1.06027 
575	47    	0.438818 	0.392647	-1        	1.06027 
576	48    	0.409312 	0.375496	-1        	1.06027 
577	42    	0.576723 	0.292568	0.188122  	1.06027 
578	48    	0.426517 	0.38662 	-1        	1.00286 
579	46    	0.525584 	0.370751	-1        	1.06027 
580	46    	0.427533 	0.406771	-1        	1.06027 
581	48    	0.465674 	0.313711	-1        	1.00883 
582	47    	0.46726  	0.350828	-1        	1.01567 
583	47    	0.403551 	0.392716	-1        	1.00883 
584	46    	0.494073 	0.350402	-1        	1.01567 
585	47    	0.456477 	0.507035	-1        	1.01645 
586	46    	0.366203 	0.498215	-1        	1.05898 
587	48    	0.393755 	0.540149	-1        	1.05898 
588	43    	0.443584 	0.515342	-1        	1.05898 
589	46    	0.299671 	0.637837	-1        	1.05898 
590	43    	0.481971 	0.532952	-1        	1.05898 
591	48    	0.522902 	0.286413	0.176485  	1.05898 
592	42    	0.487763 	0.432969	-1        	1.05898 
593	43    	0.394196 	0.546859	-1        	1.05898 
594	47    	0.366315 	0.499087	-1        	1.05898 
595	49    	0.353871 	0.520551	-1        	1.05898 
596	48    	0.37718  	0.525459	-1        	1.05898 
597	47    	0.102718 	0.657038	-1        	1.01547 
598	43    	0.424172 	0.549912	-1        	1.01547 
599	48    	0.247981 	0.602091	-1        	0.981482
600	46    	0.36281  	0.651226	-1        	0.993115
601	48    	0.393051 	0.545323	-1        	1.01704 
602	41    	0.452535 	0.600812	-1        	1.01704 
603	48    	0.369014 	0.618693	-1        	1.01704 
604	46    	0.397157 	0.587035	-1        	1.02462 
605	49    	0.271009 	0.650461	-1        	1.01704 
606	45    	0.391018 	0.621956	-1        	0.992173
607	43    	0.458937 	0.552315	-1        	0.992173
608	48    	0.249094 	0.680306	-1        	1.02462 
609	47    	0.335177 	0.63978 	-1        	0.995249
610	48    	0.268987 	0.65483 	-1        	0.979117
611	47    	0.530264 	0.480349	-1        	0.981657
612	48    	0.366216 	0.583447	-1        	0.979117
613	47    	0.437889 	0.395918	-1        	0.977736
614	46    	0.386215 	0.653796	-1        	0.977736
615	46    	0.375204 	0.575438	-1        	1.0019  
616	46    	0.349103 	0.644289	-1        	0.946311
617	48    	0.256613 	0.640816	-1        	0.979772
618	47    	0.263212 	0.641608	-1        	0.979772
619	44    	0.476901 	0.55736 	-1        	0.979772
620	47    	0.516639 	0.473716	-1        	0.988563
621	47    	0.44727  	0.555716	-1        	1.0075  
622	47    	0.431821 	0.558018	-1        	1.03552 
623	48    	0.250551 	0.60729 	-1        	1.03552 
624	42    	0.525596 	0.379605	-1        	1.03552 
625	47    	0.282358 	0.661414	-1        	1.03552 
626	50    	0.337738 	0.569537	-1        	1.03326 
627	49    	0.46176  	0.520649	-1        	1.0278  
628	45    	0.413726 	0.509129	-1        	1.01906 
629	49    	0.228321 	0.643209	-1        	1.03326 
630	44    	0.419246 	0.51384 	-1        	1.03326 
631	46    	0.436079 	0.438889	-1        	1.03326 
632	46    	0.254125 	0.530921	-1        	1.03326 
633	44    	0.456204 	0.473458	-1        	1.03326 
634	45    	0.376264 	0.500291	-1        	1.03326 
635	47    	0.333872 	0.430911	-1        	1.03326 
636	48    	0.27953  	0.592041	-1        	1.05394 
637	46    	0.420138 	0.473232	-1        	1.05394 
638	45    	0.322089 	0.656087	-1        	1.03905 
639	48    	0.366743 	0.418251	-1        	1.03905 
640	45    	0.287321 	0.598194	-1        	1.03905 
641	44    	0.439448 	0.532356	-1        	1.03905 
642	47    	0.189626 	0.699572	-1        	1.03905 
643	43    	0.504022 	0.387709	-1        	1.03905 
644	49    	0.455799 	0.427748	-1        	1.0138  
645	47    	0.236176 	0.712004	-1        	0.997252
646	47    	0.33123  	0.647289	-1        	1.01521 
647	48    	0.129696 	0.731485	-1        	1.01521 
648	46    	0.345876 	0.666662	-1        	1.10587 
649	47    	0.183417 	0.658286	-1        	1.10587 
650	47    	0.233878 	0.61878 	-1        	1.10587 
651	49    	0.340081 	0.611136	-1        	1.04956 
652	44    	0.332956 	0.614994	-1        	1.07704 
653	44    	0.458524 	0.385941	-1        	1.07704 
654	48    	0.469059 	0.293781	0.160736  	1.07704 
655	48    	0.387191 	0.593939	-1        	1.02509 
656	47    	0.393005 	0.521237	-1        	1.02736 
657	45    	0.483653 	0.435338	-1        	1.07244 
658	47    	0.454372 	0.364406	-1        	1.08518 
659	43    	0.201993 	0.734799	-1        	1.06772 
660	46    	0.38135  	0.508103	-1        	1.07282 
661	46    	0.293079 	0.51364 	-1        	1.07282 
662	45    	0.43623  	0.427624	-1        	1.07615 
663	48    	0.438725 	0.374953	-1        	1.10586 
664	46    	0.348737 	0.442295	-1        	1.10586 
665	45    	0.404912 	0.407172	-1        	1.13873 
666	46    	0.318906 	0.560156	-1        	1.03133 
667	45    	0.399666 	0.461608	-1        	1.03495 
668	45    	0.0842361	0.704527	-1        	1.08518 
669	48    	0.230889 	0.641185	-1        	1.0376  
670	47    	0.284653 	0.500567	-1        	1.03286 
671	43    	0.371038 	0.485413	-1        	1.03286 
672	50    	0.287949 	0.485285	-1        	0.992943
673	45    	0.317391 	0.627516	-1        	0.999841
674	46    	0.232835 	0.708948	-1        	0.996663
675	44    	0.26141  	0.755133	-1        	0.996663
676	48    	0.179734 	0.678417	-1        	1.01053 
677	44    	0.293101 	0.592488	-1        	1.01053 
678	47    	0.37653  	0.581994	-1        	1.02328 
679	45    	0.361312 	0.665058	-1        	1.02328 
680	46    	0.517379 	0.43396 	-1        	1.04    
681	47    	0.129479 	0.752853	-1        	1.04    
682	46    	0.107936 	0.709666	-1        	1.04    
683	45    	-0.148141	0.787993	-1        	0.996663
684	47    	0.138342 	0.777483	-1        	1.04    
685	46    	-0.0215308	0.80718 	-1        	1.04    
686	46    	0.186922  	0.692881	-1        	1.04    
687	43    	0.399199  	0.603782	-1        	1.04    
688	44    	0.32838   	0.576793	-1        	1.04    
689	46    	0.342741  	0.625009	-1        	1.045   
690	47    	0.278794  	0.638693	-1        	1.06074 
691	44    	0.142659  	0.771238	-1        	1.11503 
692	46    	-0.0295995	0.780267	-1        	1.11503 
693	47    	0.103029  	0.741226	-1        	1.11503 
694	45    	-0.00911218	0.827002	-1        	1.11503 
695	48    	0.0446495  	0.661075	-1        	1.02336 
696	42    	0.284235   	0.580413	-1        	1.02336 
697	47    	0.242168   	0.643535	-1        	1.02861 
698	47    	0.274838   	0.699444	-1        	1.11503 
699	43    	0.225221   	0.759762	-1        	1.11503 
700	49    	-0.00858032	0.75991 	-1        	1.11503 
701	48    	-0.164461  	0.838077	-1        	1.06288 
702	47    	0.0495418  	0.800407	-1        	1.11503 
703	49    	-0.128787  	0.725164	-1        	1.08767 
704	45    	0.428191   	0.521054	-1        	1.00028 
705	43    	0.140259   	0.767263	-1        	1.00028 
706	47    	0.12033    	0.746889	-1        	1.00028 
707	46    	0.329143   	0.600671	-1        	1.05127 
708	45    	0.205865   	0.699685	-1        	1.05127 
709	41    	0.124214   	0.752891	-1        	1.05127 
710	47    	0.0923444  	0.790962	-1        	1.05127 
711	43    	0.198551   	0.727417	-1        	1.02206 
712	46    	0.216023   	0.729385	-1        	1.05127 
713	43    	0.322908   	0.685547	-1        	1.07328 
714	46    	0.209226   	0.634069	-1        	1.07328 
715	45    	-0.0924209 	0.836031	-1        	1.07814 
716	46    	-0.0227223 	0.806346	-1        	1.07814 
717	48    	0.0856563  	0.762896	-1        	1.07814 
718	46    	-0.0487018 	0.79668 	-1        	1.02634 
719	47    	0.126962   	0.749117	-1        	1.02634 
720	46    	0.058959   	0.7392  	-1        	1.02241 
721	46    	-0.0227013 	0.745139	-1        	1.02241 
722	47    	-0.103744  	0.713887	-1        	1.03645 
723	46    	0.17571    	0.704461	-1        	1.03645 
724	45    	0.194049   	0.75447 	-1        	1.00104 
725	44    	0.103159   	0.77129 	-1        	1.05875 
726	47    	-0.115242  	0.733661	-1        	1.0223  
727	43    	0.043959   	0.767602	-1        	1.0223  
728	45    	-0.142049  	0.799926	-1        	1.0006  
729	48    	-0.0200887 	0.676118	-1        	0.99595 
730	45    	0.322233   	0.55326 	-1        	1.02783 
731	49    	0.211864   	0.539088	-1        	1.02783 
732	46    	0.253659   	0.563636	-1        	1.02783 
733	47    	0.363678   	0.488873	-1        	1.07347 
734	47    	0.357455   	0.529402	-1        	1.07347 
735	49    	0.365282   	0.489491	-1        	1.07347 
736	46    	0.327892   	0.510618	-1        	1.02839 
737	49    	0.32294    	0.476779	-1        	1.02839 
738	48    	0.349166   	0.436885	-1        	1.02839 
739	46    	0.397899   	0.600634	-1        	1.03756 
740	49    	0.485735   	0.442916	-1        	1.09734 
741	49    	0.212928   	0.498867	-1        	1.03072 
742	47    	0.151899   	0.589676	-1        	1.03072 
743	47    	0.288213   	0.5469  	-1        	1.03072 
744	44    	0.361951   	0.488854	-1        	1.0072  
745	46    	0.145687   	0.592337	-1        	1.0072  
746	42    	0.369551   	0.455178	-1        	1.0072  
747	47    	0.212502   	0.561727	-1        	1.0072  
748	47    	0.126165   	0.653271	-1        	1.02603 
749	43    	0.291734   	0.548458	-1        	1.02451 
750	47    	0.18673    	0.576867	-1        	0.949939
751	47    	0.0550397  	0.639231	-1        	0.988651
752	45    	0.278094   	0.581635	-1        	0.992361
753	44    	0.142154   	0.720111	-1        	1.0052  
754	48    	0.28834    	0.706165	-1        	1.05801 
755	48    	0.264335   	0.613681	-1        	1.05801 
756	49    	0.236167   	0.56275 	-1        	1.05801 
757	47    	0.200868   	0.657881	-1        	1.05801 
758	48    	0.22165    	0.698896	-1        	1.05801 
759	45    	0.240896   	0.596892	-1        	1.05801 
760	46    	0.225428   	0.671967	-1        	1.0124  
761	46    	0.132859   	0.715292	-1        	1.0124  
762	47    	0.272874   	0.64171 	-1        	1.00502 
763	44    	0.361985   	0.563687	-1        	0.956056
764	49    	0.109168   	0.69216 	-1        	0.94417 
765	47    	0.449641   	0.387623	-1        	0.973538
766	44    	0.43387    	0.492544	-1        	0.953093
767	43    	0.14759    	0.724948	-1        	0.917265
768	46    	0.427962   	0.495203	-1        	0.912085
769	43    	0.119865   	0.745493	-1        	0.907715
770	46    	0.290277   	0.720418	-1        	0.981738
771	44    	0.25209    	0.646317	-1        	0.963501
772	46    	0.0332362  	0.714415	-1        	0.963501
773	47    	0.072887   	0.698317	-1        	0.963501
774	48    	0.126153   	0.67172 	-1        	0.963501
775	46    	0.0900302  	0.645549	-1        	0.963501
776	46    	0.202237   	0.563353	-1        	1.05139 
777	45    	0.216463   	0.65178 	-1        	1.05139 
778	45    	0.35949    	0.416722	-1        	1.05139 
779	43    	0.290192   	0.65119 	-1        	1.05139 
780	47    	0.323345   	0.352181	-1        	0.992704
781	47    	0.167398   	0.509515	-1        	0.994052
782	48    	0.147945   	0.565868	-1        	1.00505 
783	49    	0.240001   	0.543369	-1        	0.992704
784	46    	0.258216   	0.55754 	-1        	0.979391
785	46    	0.0974183  	0.718446	-1        	1.05374 
786	46    	0.191002   	0.678984	-1        	1.02559 
787	44    	0.153736   	0.694255	-1        	1.01389 
788	46    	0.27783    	0.528719	-1        	1.01389 
789	46    	0.494356   	0.260017	0.134653  	0.916794
790	47    	0.480983   	0.407696	-1        	0.960864
791	46    	0.414882   	0.446139	-1        	0.960864
792	43    	0.373667   	0.540243	-1        	0.960864
793	44    	0.473505   	0.357497	-1        	0.994661
794	41    	0.431475   	0.362464	-1        	0.960864
795	45    	0.395302   	0.450384	-1        	0.968841
796	47    	0.499047   	0.356407	-1        	1.05099 
797	47    	0.39655    	0.399501	-1        	1.01097 
798	43    	0.459689   	0.366046	-1        	1.01097 
799	44    	0.456284   	0.300249	0.110481  	1.01097 
800	48    	0.373992   	0.411898	-1        	1.01097 
801	47    	0.370868   	0.459123	-1        	1.06497 
802	43    	0.427955   	0.377979	-1        	1.07282 
803	48    	0.291852   	0.476001	-1        	1.07282 
804	48    	0.328022   	0.373914	-1        	1.07282 
805	41    	0.48625    	0.314571	0.133257  	1.07282 
806	43    	0.444411   	0.513145	-1        	1.09684 
807	41    	0.404254   	0.367784	-0.0166668	1.0757  
808	44    	0.361306   	0.40273 	-1        	1.09684 
809	45    	0.323117   	0.358021	-1        	1.09684 
810	46    	0.408614   	0.33821 	0.0884576 	1.08069 
811	43    	0.359853   	0.318588	0.0533047 	1.07754 
812	46    	0.273042   	0.462124	-1        	1.07754 
813	42    	0.356137   	0.428185	-1        	1.06497 
814	48    	0.298074   	0.349329	-1        	1.05861 
815	45    	0.421698   	0.429576	-1        	1.05861 
816	45    	0.418799   	0.320143	0.069204  	1.05861 
817	47    	0.250038   	0.387217	-1        	1.09674 
818	47    	0.220984   	0.431224	-1        	1.082   
819	43    	0.445348   	0.316497	-0.0218181	1.09715 
820	46    	0.238641   	0.425784	-1        	1.09715 
821	46    	0.326451   	0.294956	0.0412309 	1.09715 
822	44    	0.333552   	0.507433	-1        	1.09715 
823	47    	0.199921   	0.569666	-1        	1.10948 
824	47    	0.271566   	0.442145	-1        	1.10948 
825	45    	0.219792   	0.493881	-1        	1.09715 
826	48    	0.268565   	0.407929	-1        	1.09715 
827	44    	0.245541   	0.476869	-1        	1.08888 
828	44    	0.480629   	0.36453 	-1        	1.08888 
829	44    	0.350126   	0.474216	-1        	1.08888 
830	42    	0.422688   	0.39976 	-1        	1.08888 
831	47    	0.271264   	0.40669 	-1        	1.09572 
832	46    	0.399161   	0.423913	-1        	1.10472 
833	45    	0.416411   	0.48302 	-1        	1.11047 
834	47    	0.403953   	0.465113	-1        	1.11047 
835	46    	0.274527   	0.536839	-1        	1.11047 
836	45    	0.338816   	0.473642	-1        	1.11047 
837	47    	0.330195   	0.426079	-1        	1.11047 
838	47    	0.304792   	0.517921	-1        	1.11347 
839	46    	0.309457   	0.558414	-1        	1.11347 
840	44    	0.35896    	0.536944	-1        	1.10472 
841	47    	0.250895   	0.526619	-1        	1.05543 
842	44    	0.482724   	0.34384 	0.137414  	1.05543 
843	49    	0.256895   	0.457033	-1        	1.04851 
844	46    	0.341434   	0.447414	-1        	1.10864 
845	47    	0.301402   	0.436429	-1        	1.03273 
846	48    	0.257191   	0.36354 	-1        	1.04891 
847	46    	0.193151   	0.472574	-1        	1.04891 
848	49    	0.237198   	0.381996	-1        	1.04891 
849	45    	0.324273   	0.296119	-1        	0.869087
850	46    	0.346738   	0.517339	-1        	0.939319
851	46    	0.469689   	0.371135	-1        	0.988876
852	46    	0.251746   	0.65717 	-1        	1.01595 
853	47    	0.409949   	0.421306	-1        	0.997478
854	46    	0.28257    	0.591661	-1        	0.997478
855	46    	0.358046   	0.505604	-1        	0.997478
856	45    	0.388764   	0.524849	-1        	0.99956 
857	45    	0.288036   	0.533148	-1        	1.00026 
858	47    	0.307762   	0.565115	-1        	0.99956 
859	47    	0.377034   	0.464024	-1        	0.999657
860	47    	0.16999    	0.597929	-1        	0.959972
861	47    	0.253511   	0.491167	-1        	0.999519
862	49    	0.273829   	0.500557	-1        	1.08839 
863	45    	0.267185   	0.553797	-1        	1.00442 
864	47    	0.348975   	0.496526	-1        	0.999657
865	45    	0.311664   	0.447355	-1        	0.999657
866	47    	0.173342   	0.561981	-1        	0.999657
867	44    	0.326963   	0.457717	-1        	1.06036 
868	45    	0.311924   	0.453331	-1        	0.984182
869	44    	0.381704   	0.490296	-1        	0.984182
870	49    	0.326387   	0.517399	-1        	1.02153 
871	46    	0.346889   	0.571231	-1        	0.984182
872	43    	0.468221   	0.379619	-1        	0.984182
873	48    	0.300991   	0.508049	-1        	0.984182
874	43    	0.254565   	0.574621	-1        	0.984182
875	44    	0.456109   	0.310727	-0.0175   	0.984182
876	49    	0.224816   	0.505684	-1        	1.03557 
877	47    	0.264453   	0.529106	-1        	1.03557 
878	46    	0.305051   	0.501203	-1        	1.03557 
879	49    	0.39603    	0.43495 	-1        	1.02292 
880	45    	0.453859   	0.335526	-1        	1.02292 
881	47    	0.475067   	0.34411 	-1        	1.02292 
882	46    	0.426933   	0.335122	-1        	1.02292 
883	48    	0.258084   	0.520614	-1        	1.02518 
884	47    	0.368653   	0.304974	-1        	1.02518 
885	46    	0.226196   	0.556322	-1        	1.02347 
886	46    	0.357348   	0.482998	-1        	1.01892 
887	47    	0.346763   	0.488805	-1        	1.01892 
888	47    	0.337334   	0.360108	-1        	0.976976
889	47    	0.143954   	0.655128	-1        	0.976976
890	49    	0.372798   	0.489901	-1        	1.04501 
891	47    	0.374768   	0.533052	-1        	1.04501 
892	45    	0.301139   	0.586298	-1        	1.04501 
893	48    	0.190913   	0.526733	-1        	1.03984 
894	44    	0.398139   	0.399322	-1        	1.04637 
895	44    	0.378647   	0.45731 	-1        	1.03984 
896	48    	0.353253   	0.438354	-1        	1.03984 
897	46    	0.437743   	0.519502	-1        	1.14121 
898	49    	0.351918   	0.433786	-1        	1.03199 
899	43    	0.464448   	0.371772	-1        	1.04802 
900	44    	0.329974   	0.548651	-1        	1.04802 
901	44    	0.369336   	0.554636	-1        	1.08785 
902	44    	0.36217    	0.578941	-1        	1.1542  
903	46    	0.338933   	0.45915 	-1        	1.08785 
904	46    	0.202696   	0.597983	-1        	1.08785 
905	47    	0.258859   	0.550166	-1        	1.08739 
906	47    	0.262018   	0.494239	-1        	1.08739 
907	47    	0.174989   	0.583601	-1        	1.08739 
908	49    	0.264213   	0.550403	-1        	1.07916 
909	44    	0.333093   	0.493785	-1        	1.07916 
910	47    	0.287657   	0.396159	-1        	0.980484
911	48    	0.22126    	0.491681	-1        	0.980484
912	47    	0.288479   	0.469765	-1        	0.915851
913	48    	0.461003   	0.398527	-1        	1.03807 
914	47    	0.304041   	0.522283	-1        	1.03807 
915	45    	0.405012   	0.472645	-1        	1.03807 
916	45    	0.413308   	0.426984	-1        	1.03807 
917	46    	0.205998   	0.559332	-1        	1.03807 
918	46    	0.227288   	0.51657 	-1        	1.03807 
919	47    	0.383192   	0.389475	-1        	1.03807 
920	45    	0.353498   	0.413313	-1        	1.03807 
921	44    	0.490148   	0.323014	-0.0159917	1.03807 
922	46    	0.440515   	0.497603	-1        	1.03818 
923	48    	0.386486   	0.277672	0.142336  	1.0376  
924	46    	0.361556   	0.547124	-1        	1.09104 
925	48    	0.221579   	0.51838 	-1        	0.97053 
926	45    	0.383154   	0.50574 	-1        	1.0185  
927	48    	0.390414   	0.403391	-1        	0.97053 
928	46    	0.320559   	0.511389	-1        	0.97053 
929	44    	0.518604   	0.300844	-0.0200001	0.97053 
930	49    	0.280997   	0.629853	-1        	0.997395
931	45    	0.482642   	0.438397	-1        	0.968645
932	47    	0.468726   	0.348782	-1        	1.01963 
933	45    	0.478719   	0.437106	-1        	1.0199  
934	50    	0.393842   	0.457178	-1        	1.02087 
935	47    	0.443615   	0.436423	-1        	1.02217 
936	45    	0.338503   	0.501798	-1        	1.02217 
937	44    	0.429682   	0.389156	-1        	1.02217 
938	46    	0.307875   	0.478887	-1        	1.02217 
939	44    	0.33824    	0.540431	-1        	1.02217 
940	45    	0.384641   	0.4227  	-1        	1.06794 
941	45    	0.357779   	0.498123	-1        	1.06794 
942	44    	0.462407   	0.45429 	-1        	1.07046 
943	46    	0.366757   	0.421343	-1        	1.07046 
944	48    	0.387862   	0.50833 	-1        	1.17758 
945	46    	0.44601    	0.378572	-1        	1.17758 
946	46    	0.41033    	0.501536	-1        	1.17758 
947	45    	0.273952   	0.5292  	-1        	1.17758 
948	46    	0.41587    	0.555041	-1        	1.17758 
949	48    	0.250041   	0.502865	-1        	1.17758 
950	49    	0.256356   	0.583962	-1        	1.17623 
951	44    	0.396655   	0.607718	-1        	1.17623 
952	46    	0.504336   	0.455568	-1        	1.17623 
953	50    	0.480665   	0.454573	-1        	1.17623 
954	43    	0.561243   	0.382032	0.14365   	1.17791 
955	46    	0.237583   	0.630063	-1        	1.17791 
956	45    	0.247028   	0.644677	-1        	1.17791 
957	43    	0.384429   	0.496959	-1        	1.17791 
958	47    	0.264928   	0.490903	-1        	1.17858 
959	50    	0.354631   	0.350947	-1        	1.1679  
960	47    	0.377162   	0.616272	-1        	1.17858 
961	44    	0.347515   	0.624143	-1        	1.17858 
962	43    	0.396141   	0.519538	-1        	1.17791 
963	44    	0.441476   	0.544308	-1        	1.17842 
964	47    	0.416616   	0.420855	-1        	1.17791 
965	46    	0.265166   	0.57736 	-1        	1.17842 
966	47    	0.206907   	0.541532	-1        	1.17791 
967	46    	0.292739   	0.492824	-1        	1.17791 
968	44    	0.338458   	0.553573	-1        	1.08117 
969	47    	0.291238   	0.528488	-1        	1.08117 
970	46    	0.294655   	0.491141	-1        	1.07878 
971	45    	0.320187   	0.591566	-1        	1.08619 
972	45    	0.39059    	0.432443	-1        	1.06993 
973	46    	0.260886   	0.631936	-1        	1.06516 
974	44    	0.490087   	0.505083	-1        	1.08131 
975	46    	0.373637   	0.475199	-1        	1.08131 
976	43    	0.395486   	0.578798	-1        	1.11856 
977	49    	0.389015   	0.616118	-1        	1.1196  
978	44    	0.438655   	0.466584	-1        	1.08288 
979	46    	0.401178   	0.401666	-1        	1.16968 
980	45    	0.44293    	0.426131	-1        	1.18049 
981	45    	0.320996   	0.64814 	-1        	1.18049 
982	46    	0.420969   	0.471942	-1        	1.17981 
983	46    	0.318681   	0.570213	-1        	1.17981 
984	43    	0.411353   	0.520652	-1        	1.17981 
985	43    	0.270345   	0.624907	-1        	1.17981 
986	45    	0.290128   	0.563939	-1        	1.17981 
987	48    	0.390477   	0.545486	-1        	1.13687 
988	45    	0.444518   	0.542898	-1        	1.17981 
989	49    	0.27444    	0.62931 	-1        	1.15127 
990	44    	0.381326   	0.356361	0.0595617 	1.15127 
991	47    	0.305464   	0.517153	-1        	1.15127 
992	42    	0.459562   	0.565035	-1        	1.15127 
993	43    	0.350695   	0.45425 	-1        	1.15127 
994	45    	0.433534   	0.377539	0.110651  	1.15127 
995	48    	0.348675   	0.321057	-0.015    	1.11674 
996	47    	0.308177   	0.504007	-1        	1.07842 
997	49    	0.237846   	0.458432	-1        	1.07842 
998	48    	0.319375   	0.495856	-1        	1.08296 
999	45    	0.388672   	0.423655	-1        	1.06324 
1000	48    	0.293265   	0.572881	-1        	1.14159 
