Argument values: path=C:\Users\1625203\Downloads\Framsticks50rc22\Framsticks50rc22, lib=None, sim=eval-allcriteria.sim;deterministic.sim;sample-period-2.sim;f9-mut-020.sim, genformat=None, initialgenotype=/*9*/BLU, opt=vertpos, popsize=50, generations=1000, tournament=10, pmut=0.9, pxov=0.2, hof_size=1, hof_savefile=None, max_numparts=30, max_numjoints=None, max_numneurons=None, max_numconnections=None, max_numgenochars=50
Using Framsticks version: 5.0rc22
Home (writable) dir     : C:\Users\1625203\Downloads\Framsticks50rc22\Framsticks50rc22\data
Resources dir           : C:\Users\1625203\Downloads\Framsticks50rc22\Framsticks50rc22\data

Available objects: ['CheckpointEvent', 'Collision', 'CrCollision', 'Creature', 'CreatureSettings', 'CreatureSignals', 'CreatureSnapshot', 'Dictionary', 'ExpProperties', 'ExpState', 'ExtValue', 'File', 'FunctionReference', 'GenMan', 'GenManStats', 'GenePool', 'GenePools', 'Geno', 'Genotype', 'Interface', 'Joint', 'Loader', 'Math', 'MechJoint', 'MechPart', 'MessageCatcher', 'Model', 'ModelGeometry', 'ModelSymmetry', 'Neuro', 'NeuroClass', 'NeuroClassLibrary', 'NeuroDef', 'NeuroSignals', 'NeuronsSimEnabled', 'ODE', 'Orient', 'Part', 'Population', 'Populations', 'Ref', 'Signal', 'SignalView', 'SimilMeasure', 'SimilMeasureDistribution', 'SimilMeasureGreedy', 'SimilMeasureHungarian', 'Simulator', 'SlaveSimulators', 'StopEvent', 'String', 'UserScripts', 'Vector', 'WireframeAppearance', 'World', 'WorldMap', 'WorldSignals', 'XYZ', '__builtins__', '__cached__', '__doc__', '__file__', '__loader__', '__name__', '__package__', '__spec__', 'c_api', 'ctypes', 'home_dir', 'init', 'os', 're', 'res_dir', 'sim_params', 'stats', 'sys']

Performing a basic test 1/2... OK.
Performing a basic test 2/2... OK.
Using settings: ['eval-allcriteria.sim', 'deterministic.sim', 'sample-period-2.sim', 'f9-mut-020.sim']
gen	nevals	avg     	stddev	min     	max     
0  	50    	0.218369	0     	0.218369	0.218369
1  	48    	0.0721236	0.119881	-0.0160001	0.356517
2  	47    	0.119609 	0.158233	-0.02     	0.58318 
3  	47    	0.169287 	0.169691	-0.0166667	0.583036
4  	46    	0.222742 	0.200334	-0.0171428	0.650538
5  	49    	0.23438  	0.215247	-0.0199999	0.596871
6  	46    	0.306959 	0.211224	-0.0200001	0.596925
7  	48    	0.278119 	0.202773	-0.02     	0.797563
8  	50    	0.284305 	0.195981	-0.0166666	0.725427
9  	47    	0.266017 	0.208609	-0.0171429	0.730197
10 	45    	0.27891  	0.213528	-0.02     	0.730197
11 	47    	0.267016 	0.206069	-0.0166667	0.730197
12 	44    	0.314018 	0.224374	-0.0171428	0.730197
13 	48    	0.321777 	0.198554	-0.016    	0.797563
14 	44    	0.298772 	0.247206	-0.0175   	0.797563
15 	47    	0.289695 	0.232293	-0.02     	0.73105 
16 	45    	0.274227 	0.228301	-0.0171429	0.73105 
17 	47    	0.24992  	0.232394	-0.02     	0.842338
18 	46    	0.289057 	0.195718	-0.0175001	0.842338
19 	47    	0.261085 	0.204451	-0.0200001	0.842338
20 	46    	0.307424 	0.19489 	-0.0166666	0.842338
21 	45    	0.29943  	0.203699	-0.0171429	0.73019 
22 	46    	0.306059 	0.209591	-0.02     	0.73019 
23 	45    	0.327833 	0.226174	-0.0171428	0.730303
24 	49    	0.209746 	0.211475	-0.02     	0.745244
25 	44    	0.292915 	0.237945	-0.02     	0.760579
26 	46    	0.340136 	0.22765 	-0.0177778	0.745244
27 	46    	0.334469 	0.23711 	-0.0174999	0.837751
28 	44    	0.321265 	0.246378	-0.02     	0.837751
29 	48    	0.297262 	0.221477	-0.0177778	0.837751
30 	45    	0.292409 	0.218667	-0.0175   	0.837751
31 	48    	0.276589 	0.216873	-0.018    	0.837751
32 	48    	0.269157 	0.190462	-0.0177778	0.837751
33 	46    	0.286531 	0.196325	-0.0175   	0.837751
34 	46    	0.300281 	0.206244	-0.0175   	0.836934
35 	44    	0.284919 	0.21471 	-0.0175   	0.836934
36 	48    	0.268634 	0.19943 	-0.02     	0.727944
37 	46    	0.291559 	0.218554	-0.0175001	0.836934
38 	45    	0.295456 	0.224047	-0.02     	0.836934
39 	44    	0.290165 	0.237056	-0.0175   	0.836934
40 	43    	0.347714 	0.236028	-0.0183334	0.836934
41 	44    	0.29027  	0.243801	-0.0177777	0.836934
42 	45    	0.279147 	0.244944	-0.0199999	0.837751
43 	44    	0.317699 	0.223798	-0.0171429	0.836934
44 	50    	0.288608 	0.192575	-0.0174947	0.835571
45 	46    	0.259096 	0.20274 	-0.02     	0.835571
46 	41    	0.341462 	0.249956	-0.02     	0.839462
47 	47    	0.296821 	0.208733	-0.0171429	0.835571
48 	46    	0.283116 	0.219762	-0.0175   	0.751923
49 	48    	0.279448 	0.17067 	-0.0177778	0.647535
50 	44    	0.323993 	0.20388 	-0.0175   	0.731201
51 	49    	0.299396 	0.195808	-0.0177778	0.834764
52 	46    	0.293146 	0.180302	-0.0177777	0.729979
53 	46    	0.306528 	0.170297	-0.0166667	0.729979
54 	45    	0.304425 	0.196233	-0.0177778	0.755534
55 	44    	0.341624 	0.238946	-0.0177777	0.755534
56 	48    	0.314314 	0.219596	-0.018    	0.755534
57 	49    	0.335085 	0.214013	-0.02     	0.804588
58 	45    	0.312273 	0.22635 	-0.02     	0.729979
59 	41    	0.391087 	0.228201	-0.0171427	0.835026
60 	43    	0.393032 	0.257416	-0.02     	0.835026
61 	47    	0.332134 	0.240277	-0.0175   	0.756677
62 	45    	0.296324 	0.229447	-0.02     	0.757968
63 	48    	0.361749 	0.213402	-0.0179999	0.839856
64 	46    	0.389863 	0.237244	-0.0200001	0.817553
65 	47    	0.47886  	0.21005 	-0.0175   	0.758331
66 	47    	0.347059 	0.25453 	-0.016    	0.904265
67 	43    	0.403063 	0.259016	-0.016    	0.900652
68 	44    	0.418409 	0.200137	-0.0166667	0.802224
69 	48    	0.396669 	0.214386	0.0751967 	0.856792
70 	45    	0.382278 	0.202571	-0.0171429	0.78953 
71 	48    	0.36008  	0.237819	-0.0159963	0.825458
72 	48    	0.385908 	0.219498	-0.02     	0.758331
73 	47    	0.372068 	0.213427	-0.0177778	0.754446
74 	46    	0.347123 	0.165135	0.0762104 	0.725728
75 	43    	0.359794 	0.187406	-0.0177778	0.755342
76 	48    	0.335054 	0.197466	-0.0171428	0.779308
77 	46    	0.36962  	0.201909	-0.02     	0.779308
78 	45    	0.378593 	0.22234 	-0.0166666	0.865935
79 	47    	0.304045 	0.217249	-0.02     	0.79329 
80 	48    	0.347105 	0.215346	-0.0200001	0.726095
81 	49    	0.305438 	0.204336	-0.02     	0.856212
82 	48    	0.343033 	0.187423	-0.0175003	0.856212
83 	44    	0.306128 	0.180967	-0.02     	0.738034
84 	46    	0.3498   	0.181788	-0.015    	0.712853
85 	45    	0.351438 	0.20172 	-0.02     	0.712853
86 	47    	0.312578 	0.186783	0.0626615 	0.856212
87 	44    	0.34207  	0.207065	-0.02     	0.856212
88 	46    	0.282516 	0.198751	-0.016    	0.732932
89 	45    	0.365148 	0.177205	0.111096  	0.732932
90 	47    	0.316162 	0.194419	-0.02     	0.76988 
91 	46    	0.336475 	0.208206	-0.02     	0.81468 
92 	47    	0.308328 	0.191427	-0.02     	0.740367
93 	42    	0.343025 	0.18527 	-0.0133333	0.81419 
94 	45    	0.327754 	0.20494 	-0.0171429	0.81419 
95 	42    	0.375498 	0.204289	0.08169   	0.81419 
96 	44    	0.380962 	0.244021	-0.0175001	0.81419 
97 	45    	0.351485 	0.237166	-0.0166667	0.81419 
98 	45    	0.352305 	0.246643	-0.0166666	0.81419 
99 	44    	0.345245 	0.229761	-0.0175   	0.81419 
100	45    	0.32243  	0.202328	-0.0171428	0.81419 
101	47    	0.308176 	0.18536 	-0.0160001	0.81419 
102	47    	0.322472 	0.155408	0.0754384 	0.81419 
103	47    	0.346632 	0.194368	-0.0175   	0.81419 
104	48    	0.279993 	0.21005 	-0.02     	0.81419 
105	44    	0.307391 	0.206734	-0.02     	0.81419 
106	43    	0.299133 	0.239956	-0.02     	0.81419 
107	46    	0.317813 	0.224666	-0.0200001	0.81419 
108	46    	0.292026 	0.226613	-0.0199999	0.81419 
109	44    	0.350914 	0.222454	-0.0171428	0.81419 
110	46    	0.274473 	0.25595 	-0.0177778	0.81419 
111	47    	0.281988 	0.220579	-0.02     	0.818054
112	48    	0.277327 	0.227261	-0.02     	0.818054
113	48    	0.29314  	0.225607	-0.02     	0.817693
114	47    	0.344307 	0.215558	-0.0175   	0.832539
115	45    	0.315131 	0.238429	-0.02     	0.832539
116	48    	0.331083 	0.210068	-0.0200001	0.817693
117	46    	0.32466  	0.217403	-0.02     	0.730153
118	48    	0.27593  	0.217891	-0.02     	0.730348
119	47    	0.355809 	0.235234	-0.02     	0.827061
120	47    	0.314618 	0.237445	-0.017143 	0.813834
121	47    	0.354391 	0.25093 	-0.0225   	0.755945
122	48    	0.317433 	0.255628	-0.0200001	0.75552 
123	44    	0.354899 	0.262178	-0.02     	0.90338 
124	49    	0.29047  	0.220991	-0.0171428	0.756572
125	47    	0.288456 	0.211432	-0.0171428	0.756572
126	46    	0.323456 	0.202596	-0.0133333	0.826956
127	43    	0.385472 	0.189702	-0.02     	0.730153
128	47    	0.352412 	0.212535	-0.0200001	0.843277
129	45    	0.323884 	0.189723	-0.0175001	0.843277
130	47    	0.328931 	0.160182	0.0911572 	0.738199
131	44    	0.355359 	0.18616 	-0.02     	0.828415
132	48    	0.347082 	0.184078	-0.0175   	0.828415
133	45    	0.409388 	0.207624	-0.0171428	0.828415
134	44    	0.404565 	0.244854	-0.0174999	0.828415
135	44    	0.320662 	0.249123	-0.0175   	0.828415
136	46    	0.33772  	0.222459	-0.0177778	0.828415
137	49    	0.337185 	0.251991	-0.018    	0.755096
138	44    	0.328633 	0.228051	-0.018    	0.822264
139	46    	0.355834 	0.211217	-0.0177778	0.822183
140	48    	0.341227 	0.240516	-0.0179999	0.822264
141	46    	0.390127 	0.2233  	-0.0175   	0.8242  
142	48    	0.356185 	0.217033	-0.0177778	0.827335
143	46    	0.333081 	0.201921	-0.0171428	0.827335
144	47    	0.375791 	0.221688	-0.02     	0.901893
145	45    	0.370853 	0.246959	-0.0166667	0.901893
146	43    	0.406669 	0.241485	-0.018    	0.901893
147	46    	0.41371  	0.248783	-0.0166667	0.901893
148	47    	0.329311 	0.222222	0.0662868 	0.901893
149	46    	0.337951 	0.213415	-0.0166667	0.760823
150	45    	0.414032 	0.196836	-0.0133337	0.762637
151	44    	0.411449 	0.216448	-0.015    	0.805617
152	47    	0.407389 	0.224432	-0.02     	0.810625
153	44    	0.395512 	0.246757	-0.018    	0.805617
154	49    	0.390446 	0.223631	-0.0166667	0.82755 
155	49    	0.407486 	0.203214	0.0685409 	0.967432
156	47    	0.378383 	0.238573	0.0886631 	0.850608
157	44    	0.383032 	0.229343	0.0893126 	0.867783
158	46    	0.34976  	0.222527	-0.0171428	0.861631
159	46    	0.349268 	0.215239	-0.01     	0.861631
160	47    	0.335146 	0.225752	-0.0200001	0.850608
161	46    	0.324794 	0.175336	0.0756276 	0.850608
162	46    	0.355467 	0.184724	-0.00670266	0.850608
163	47    	0.314922 	0.206225	-0.0166667 	0.867783
164	46    	0.362745 	0.206548	0.085613   	0.860715
165	43    	0.362322 	0.254964	-0.0175    	0.860715
166	46    	0.350501 	0.238454	-0.02      	0.860715
167	38    	0.448404 	0.26532 	-0.0171428 	0.860715
168	44    	0.344942 	0.269413	-0.0166667 	0.862792
169	42    	0.408816 	0.245628	-0.0133333 	0.860715
170	47    	0.37406  	0.223693	-0.0160001 	0.860715
171	47    	0.368763 	0.212188	0.12014    	0.860715
172	50    	0.326686 	0.21386 	-0.0166667 	0.858279
173	45    	0.415114 	0.267956	-0.0171429 	0.864424
174	47    	0.388213 	0.254022	-0.0174998 	0.862792
175	49    	0.363253 	0.229761	-0.016     	0.89596 
176	44    	0.408641 	0.233151	-0.0166667 	0.8664  
177	46    	0.399415 	0.205215	0.0851162  	0.869172
178	47    	0.370041 	0.228633	0.0854971  	0.869172
179	48    	0.359734 	0.190565	0.0525779  	0.862556
180	47    	0.338414 	0.213358	0.0592332  	0.862556
181	47    	0.291496 	0.218188	-0.016     	0.867797
182	49    	0.308145 	0.17536 	-0.0133333 	0.760479
183	46    	0.368945 	0.219684	-0.01      	0.760479
184	49    	0.340939 	0.182554	0.0802102  	0.728762
185	47    	0.347952 	0.18109 	-0.02      	0.728762
186	47    	0.315953 	0.192092	-0.0175    	0.728762
187	48    	0.384098 	0.165359	0.108117   	0.728762
188	48    	0.317826 	0.217681	-0.0183333 	0.728762
189	46    	0.387848 	0.210423	-0.0150001 	0.728762
190	48    	0.337801 	0.172097	-0.02      	0.728762
191	46    	0.380731 	0.173388	-0.0171428 	0.728762
192	46    	0.336352 	0.194462	-0.0174999 	0.728762
193	41    	0.433317 	0.214802	-0.0233333 	0.873522
194	42    	0.402119 	0.235607	0.0345497  	0.873522
195	49    	0.343255 	0.220651	-0.017143  	0.756549
196	48    	0.367493 	0.186632	-0.0133333 	0.756549
197	42    	0.354509 	0.21773 	-0.02      	0.756549
198	47    	0.33792  	0.225195	-0.0166666 	0.895706
199	46    	0.373968 	0.251308	-0.0183333 	0.895706
200	48    	0.343366 	0.247863	-0.0171429 	0.807485
201	46    	0.375654 	0.194466	-0.0133333 	0.808345
202	47    	0.355119 	0.213502	-0.0175    	0.809839
203	48    	0.338279 	0.200525	-0.017143  	0.809839
204	47    	0.335241 	0.166837	0.0681715  	0.809839
205	49    	0.316504 	0.153354	0.0744622  	0.70562 
206	45    	0.315914 	0.181983	-0.0133333 	0.755402
207	46    	0.355765 	0.195974	-0.0160001 	0.755402
208	47    	0.359644 	0.219278	-0.02      	0.834751
209	45    	0.344814 	0.221393	-0.0133333 	0.834751
210	48    	0.328507 	0.211975	-0.02      	0.731104
211	47    	0.367215 	0.204612	-0.02      	0.731536
212	46    	0.368422 	0.210317	-0.0175    	0.712433
213	47    	0.344456 	0.200896	-0.0175    	0.731104
214	45    	0.360063 	0.209226	-0.0166667 	0.731104
215	47    	0.280232 	0.2036  	-0.02      	0.757709
216	46    	0.3301   	0.191302	-0.02      	0.757709
217	43    	0.387293 	0.207331	-0.0175001 	0.757709
218	44    	0.383974 	0.218416	-0.0159998 	0.757709
219	47    	0.352479 	0.172205	-0.0166665 	0.757709
220	44    	0.32649  	0.210115	-0.0160001 	0.756103
221	44    	0.340667 	0.192867	-0.0166666 	0.742185
222	46    	0.329069 	0.210634	-0.0166667 	0.742185
223	45    	0.355244 	0.200956	-0.02      	0.730144
224	45    	0.340234 	0.206146	-0.0181819 	0.730144
225	49    	0.308734 	0.178466	-0.02      	0.706587
226	48    	0.268481 	0.183135	-0.02      	0.702794
227	47    	0.290412 	0.17489 	-0.0177778 	0.693435
228	45    	0.32577  	0.170523	-0.0171429 	0.706587
229	43    	0.339788 	0.207893	-0.016     	0.706587
230	48    	0.288138 	0.214241	-0.0177778 	0.752153
231	44    	0.29181  	0.240064	-0.0177778 	0.752153
232	48    	0.304776 	0.210517	-0.0171429 	0.706515
233	45    	0.243633 	0.212633	-0.02      	0.706515
234	46    	0.266708 	0.197065	-0.02      	0.706515
235	44    	0.263407 	0.203168	-0.0171429 	0.706211
236	49    	0.223636 	0.170259	-0.0171429 	0.510414
237	48    	0.243955 	0.157649	-0.0181818 	0.581325
238	47    	0.263322 	0.185862	-0.02      	0.693602
239	46    	0.276514 	0.208237	-0.02      	0.731317
240	47    	0.216732 	0.205854	-0.0175    	0.749035
241	46    	0.20094  	0.164572	-0.02      	0.616806
242	47    	0.269023 	0.16395 	-0.02      	0.698672
243	47    	0.268518 	0.171826	-0.02      	0.616806
244	47    	0.276008 	0.184079	-0.02      	0.698735
245	47    	0.260741 	0.163328	-0.02      	0.690761
246	43    	0.312095 	0.186756	-0.0175    	0.730422
247	43    	0.34916  	0.224742	-0.0177778 	0.730422
248	47    	0.307109 	0.208006	-0.016     	0.730023
249	48    	0.313337 	0.20206 	-0.0175    	0.831232
250	45    	0.291306 	0.212987	-0.0200001 	0.75141 
251	47    	0.280495 	0.196357	-0.0175    	0.75141 
252	47    	0.28812  	0.224538	-0.02      	0.75141 
253	46    	0.283944 	0.208149	-0.0166667 	0.75141 
254	43    	0.331784 	0.237023	-0.02      	0.75141 
255	47    	0.287818 	0.173484	-0.0177778 	0.75141 
256	46    	0.336339 	0.193747	-0.016     	0.75141 
257	44    	0.311667 	0.220087	-0.0177777 	0.75141 
258	45    	0.326036 	0.203351	-0.0160001 	0.843711
259	47    	0.318442 	0.19502 	-0.0177778 	0.843711
260	48    	0.301148 	0.191695	-0.0171429 	0.843711
261	44    	0.310338 	0.222546	-0.02      	0.843711
262	45    	0.309931 	0.21037 	-0.0171429 	0.843711
263	47    	0.309067 	0.201175	-0.0177778 	0.843711
264	47    	0.301193 	0.188993	-0.0175001 	0.843711
265	48    	0.277262 	0.183841	-0.0177778 	0.706234
266	46    	0.29597  	0.225709	-0.0177743 	0.706234
267	45    	0.341869 	0.207369	-0.0171429 	0.70665 
268	48    	0.267157 	0.219968	-0.02      	0.706234
269	48    	0.317972 	0.216312	-0.02      	0.726164
270	47    	0.291581 	0.215045	-0.0175    	0.726164
271	46    	0.329585 	0.230632	-0.0171429 	0.730872
272	45    	0.309341 	0.255458	-0.0175    	0.730872
273	50    	0.236613 	0.186067	-0.02      	0.7028  
274	44    	0.364299 	0.218736	-0.0166667 	0.729979
275	44    	0.369696 	0.21619 	-0.0166666 	0.729979
276	48    	0.229185 	0.200693	-0.0175    	0.706539
277	46    	0.280164 	0.182048	-0.0171429 	0.706107
278	45    	0.257254 	0.18494 	-0.02      	0.70647 
279	44    	0.323045 	0.218943	-0.0171429 	0.706107
280	43    	0.272244 	0.217173	-0.0171428 	0.706107
281	49    	0.203832 	0.170956	-0.0171429 	0.703208
282	46    	0.233181 	0.204688	-0.0180001 	0.743075
283	46    	0.227492 	0.185536	-0.0200001 	0.70647 
284	50    	0.290372 	0.178342	-0.02      	0.706515
285	46    	0.275201 	0.198693	-0.0181818 	0.795646
286	47    	0.278018 	0.18207 	-0.0175    	0.706515
287	47    	0.318706 	0.203663	-0.0166667 	0.706596
288	49    	0.229503 	0.206493	-0.02      	0.706515
289	48    	0.306983 	0.220692	-0.0171428 	0.706596
290	47    	0.247945 	0.221283	-0.0171428 	0.706596
291	49    	0.249469 	0.18859 	-0.0166666 	0.706285
292	47    	0.25763  	0.181094	-0.0177778 	0.654207
293	43    	0.27054  	0.177311	-0.0159999 	0.654207
294	48    	0.282833 	0.187048	-0.0171428 	0.614356
295	46    	0.297515 	0.206952	-0.0175004 	0.730348
296	46    	0.297496 	0.202383	-0.0175001 	0.730348
297	47    	0.309763 	0.219462	-0.0199999 	0.832288
298	47    	0.293625 	0.221337	-0.0174999 	0.83112 
299	39    	0.419266 	0.2343  	-0.02      	0.83112 
300	46    	0.380089 	0.248927	-0.016     	0.83112 
301	44    	0.361398 	0.235959	-0.018     	0.807579
302	47    	0.334893 	0.213134	-0.0150001 	0.807579
303	48    	0.301413 	0.176875	0.0756375  	0.867981
304	46    	0.343679 	0.184827	-0.0133333 	0.807579
305	49    	0.306717 	0.165263	-0.0179999 	0.707169
306	45    	0.31024  	0.134494	0.123113   	0.692552
307	45    	0.313806 	0.140618	-0.017143  	0.660333
308	45    	0.39172  	0.145237	0.0865245  	0.72803 
309	46    	0.382694 	0.165994	0.0757351  	0.707091
310	41    	0.416599 	0.17224 	0.0965549  	0.707091
311	45    	0.308079 	0.205331	-0.0166667 	0.707091
312	47    	0.315133 	0.171718	0.0464382  	0.708332
313	46    	0.397674 	0.191043	-0.0180002 	0.777691
314	42    	0.355499 	0.196244	-0.0175    	0.813756
315	44    	0.31606  	0.221429	-0.0171428 	0.777691
316	49    	0.32398  	0.187649	-0.02      	0.712459
317	45    	0.328681 	0.177147	-0.016     	0.654119
318	47    	0.356301 	0.157731	0.0988999  	0.69959 
319	43    	0.373947 	0.169359	-0.016     	0.69959 
320	46    	0.300758 	0.180091	-0.0177778 	0.654119
321	47    	0.333485 	0.179748	-0.0171428 	0.813708
322	46    	0.287843 	0.180867	-0.0166667 	0.653414
323	43    	0.340466 	0.181251	-0.0150001 	0.653414
324	47    	0.369494 	0.184516	-0.0177777 	0.725571
325	45    	0.35655  	0.220086	-0.0171429 	0.726905
326	47    	0.313407 	0.189524	-0.0171429 	0.756537
327	47    	0.300422 	0.20628 	-0.0174999 	0.755534
328	47    	0.308364 	0.191355	-0.0166665 	0.718084
329	44    	0.302652 	0.215346	-0.02      	0.718084
330	47    	0.30969  	0.199814	-0.0171429 	0.771159
331	46    	0.304839 	0.21264 	-0.0177778 	0.771159
332	48    	0.282595 	0.197818	-0.0177777 	0.771159
333	47    	0.271464 	0.182544	-0.0171429 	0.765579
334	44    	0.330882 	0.222787	-0.0171428 	0.76912 
335	47    	0.33268  	0.221241	-0.0175    	0.771457
336	44    	0.35977  	0.200836	0.0994514  	0.857548
337	49    	0.30238  	0.178437	-0.0177778 	0.766789
338	47    	0.291692 	0.211945	-0.0177778 	0.854731
339	46    	0.367741 	0.196851	0.0748441  	0.88309 
340	42    	0.387433 	0.246454	-0.0159893 	0.88309 
341	45    	0.400652 	0.240971	-0.0166667 	0.88309 
342	46    	0.359417 	0.254631	-0.0171429 	0.88309 
343	47    	0.376487 	0.219998	0.0502262  	0.88309 
344	46    	0.348064 	0.22097 	-0.0175    	0.88309 
345	44    	0.384028 	0.211244	0.07317    	0.88309 
346	44    	0.352706 	0.254792	-0.0171429 	0.88309 
347	47    	0.332245 	0.223838	-0.0177778 	0.88309 
348	46    	0.358964 	0.206772	-0.02      	0.88309 
349	42    	0.377669 	0.238204	-0.0177778 	0.88309 
350	46    	0.344122 	0.222737	-0.01      	0.88309 
351	48    	0.319951 	0.220927	-0.0199999 	0.88309 
352	48    	0.364601 	0.21778 	0.0670902  	0.866014
353	42    	0.403247 	0.241733	-0.01      	0.866014
354	45    	0.355816 	0.237894	-0.0175    	0.863282
355	48    	0.369272 	0.228353	-0.0171429 	0.866014
356	48    	0.365311 	0.196945	0.0533515  	0.855949
357	43    	0.417064 	0.237183	0.0744274  	0.855949
358	46    	0.349107 	0.21064 	-0.0177778 	0.783685
359	45    	0.328304 	0.195214	-0.0133334 	0.783685
360	50    	0.31758  	0.170203	-0.015     	0.763913
361	48    	0.3374   	0.193865	-0.0171428 	0.756617
362	47    	0.306982 	0.199296	-0.0175    	0.756617
363	48    	0.307244 	0.202066	-0.02      	0.756617
364	46    	0.321085 	0.180365	0.0666443  	0.861685
365	46    	0.318615 	0.18769 	-0.0171429 	0.861685
366	50    	0.294046 	0.155807	-0.01      	0.786543
367	50    	0.373038 	0.1696  	-0.0175    	0.791528
368	45    	0.360292 	0.191958	-0.0133333 	0.791528
369	45    	0.310938 	0.187293	-0.016     	0.791528
370	44    	0.315914 	0.21137 	-0.0171428 	0.791528
371	45    	0.359312 	0.218895	0.066786   	0.868172
372	48    	0.317444 	0.196586	0.0398681  	0.791528
373	46    	0.355401 	0.188084	0.112447   	0.791528
374	42    	0.354315 	0.245297	-0.01      	0.853071
375	46    	0.354679 	0.228051	-0.0166666 	0.853071
376	45    	0.385523 	0.194589	0.0600184  	0.791528
377	43    	0.401974 	0.226325	-0.0166667 	0.868172
378	44    	0.417917 	0.228918	-0.0150001 	0.827399
379	46    	0.374757 	0.226479	-0.0177778 	0.827399
380	47    	0.342002 	0.237595	-0.01      	0.827399
381	43    	0.415609 	0.278556	-0.017778  	0.828558
382	49    	0.314018 	0.232077	-0.02      	0.8231  
383	44    	0.376897 	0.226884	-0.0200001 	0.8231  
384	48    	0.35526  	0.208514	0.0638857  	0.8231  
385	46    	0.311064 	0.204333	-0.02      	0.74111 
386	50    	0.257252 	0.191753	-0.02      	0.723862
387	47    	0.303508 	0.219511	-0.02      	0.832636
388	41    	0.347724 	0.231858	-0.02      	0.833109
389	45    	0.355808 	0.241815	-0.017143  	0.788875
390	45    	0.348209 	0.220421	-0.0200001 	0.79458 
391	48    	0.317599 	0.202359	-0.02      	0.788875
392	46    	0.363701 	0.179243	-0.0149999 	0.694281
393	47    	0.322354 	0.170711	0.0791252  	0.683984
394	46    	0.313066 	0.159628	-0.02      	0.683984
395	46    	0.280728 	0.151904	-0.02      	0.683984
396	48    	0.328851 	0.13321 	-0.0133334 	0.683984
397	43    	0.315592 	0.151606	-0.0160001 	0.660275
398	46    	0.315768 	0.156614	-0.015     	0.663532
399	46    	0.329501 	0.182443	-0.0166667 	0.723532
400	48    	0.291202 	0.202782	-0.02      	0.733982
401	47    	0.257058 	0.18911 	-0.0177778 	0.73497 
402	46    	0.337755 	0.18771 	-0.02      	0.73497 
403	45    	0.323883 	0.189574	-0.0171429 	0.733428
404	49    	0.286535 	0.186932	-0.0199999 	0.833442
405	44    	0.309271 	0.182807	-0.015     	0.833442
406	45    	0.331974 	0.18805 	-0.015     	0.833442
407	45    	0.304426 	0.245259	-0.02      	0.833442
408	49    	0.280215 	0.224964	-0.02      	0.833442
409	47    	0.272823 	0.212621	-0.02      	0.833442
410	41    	0.282577 	0.264313	-0.02      	0.833442
411	43    	0.333649 	0.228734	-0.02      	0.833442
412	46    	0.242797 	0.19339 	-0.02      	0.833442
413	43    	0.310841 	0.231539	-0.02      	0.833442
414	46    	0.311132 	0.221466	-0.02      	0.833442
415	47    	0.239448 	0.18455 	-0.02      	0.832832
416	48    	0.313218 	0.184102	-0.0233333 	0.832832
417	44    	0.329022 	0.18476 	-0.0171432 	0.832832
418	45    	0.286196 	0.212592	-0.02      	0.801819
419	47    	0.272283 	0.195815	-0.0199999 	0.83165 
420	45    	0.285967 	0.214417	-0.0171429 	0.832832
421	48    	0.275037 	0.199255	-0.0228571 	0.832832
422	45    	0.291277 	0.19035 	-0.016     	0.832832
423	47    	0.287165 	0.160156	-0.0150001 	0.832118
424	47    	0.310657 	0.151084	-0.02      	0.832118
425	40    	0.34165  	0.170309	-0.02      	0.832118
426	45    	0.266843 	0.179432	-0.0199999 	0.61684 
427	48    	0.28721  	0.176049	-0.02      	0.633958
428	45    	0.346887 	0.159256	-0.0166665 	0.714432
429	50    	0.275434 	0.142987	-0.0177779 	0.571279
430	43    	0.331483 	0.127966	0.0982779  	0.571279
431	49    	0.285109 	0.155697	-0.0150003 	0.718685
432	47    	0.253288 	0.148308	-0.02      	0.574186
433	46    	0.271356 	0.14221 	-0.02      	0.574186
434	48    	0.257052 	0.152436	-0.02      	0.584482
435	47    	0.299255 	0.129518	-0.016     	0.615216
436	46    	0.299865 	0.177097	-0.02      	0.761092
437	48    	0.307979 	0.187685	-0.0166667 	0.786598
438	49    	0.274797 	0.139397	-0.0150002 	0.612711
439	48    	0.307695 	0.111705	0.0912687  	0.583136
440	45    	0.308004 	0.134994	-0.0175    	0.596485
441	47    	0.31408  	0.160831	-0.0171429 	0.811396
442	45    	0.347601 	0.199243	-0.01      	0.92318 
443	46    	0.333977 	0.230035	-0.016     	0.92318 
444	48    	0.32116  	0.22393 	-0.0175    	0.819969
445	47    	0.337708 	0.215762	-0.0160001 	0.819969
446	44    	0.302506 	0.207045	-0.02      	0.819969
447	45    	0.310883 	0.238427	-0.0175    	0.819969
448	47    	0.311133 	0.272973	-0.0200001 	0.819969
449	49    	0.306668 	0.210558	-0.0160001 	0.819969
450	44    	0.292649 	0.227659	-0.0175    	0.819969
451	45    	0.293308 	0.229608	-0.0175001 	0.819969
452	45    	0.298844 	0.235129	-0.02      	0.819969
453	45    	0.342193 	0.240932	-0.0166667 	0.819969
454	46    	0.298195 	0.194301	-0.02      	0.819969
455	47    	0.273767 	0.216694	-0.0175    	0.811247
456	45    	0.283795 	0.199066	-0.018     	0.702711
457	50    	0.246068 	0.174802	-0.02      	0.702995
458	45    	0.260396 	0.189289	-0.0199999 	0.705141
459	46    	0.301578 	0.173942	-0.0183334 	0.812977
460	47    	0.22248  	0.161459	-0.02      	0.695373
461	47    	0.278538 	0.168849	-0.017143  	0.695373
462	47    	0.262186 	0.174263	-0.0171429 	0.812977
463	46    	0.262277 	0.172855	-0.02      	0.812977
464	44    	0.273628 	0.197883	-0.0175    	0.812977
465	46    	0.269321 	0.201531	-0.02      	0.812977
466	47    	0.184293 	0.235388	-0.0175    	0.812977
467	45    	0.237777 	0.182589	-0.0171429 	0.812977
468	45    	0.258575 	0.239645	-0.0171428 	0.812977
469	43    	0.267475 	0.255645	-0.0177778 	0.812977
470	48    	0.253852 	0.214614	-0.0175    	0.812977
471	46    	0.237288 	0.171222	-0.02      	0.812977
472	48    	0.231146 	0.191951	-0.0171429 	0.812308
473	43    	0.277643 	0.201859	-0.0175    	0.812308
474	47    	0.215013 	0.174104	-0.0171429 	0.812308
475	47    	0.255274 	0.156509	-0.02      	0.812308
476	44    	0.271927 	0.185308	-0.02      	0.812308
477	46    	0.289399 	0.17315 	-0.0175    	0.67845 
478	47    	0.318501 	0.173683	-0.0133333 	0.739067
479	46    	0.296084 	0.162858	-0.01      	0.653516
480	44    	0.282429 	0.150138	-0.02      	0.703491
481	48    	0.299036 	0.18731 	-0.02      	0.703491
482	48    	0.290528 	0.181048	-0.0174999 	0.70647 
483	45    	0.35957  	0.19069 	-0.0166666 	0.70647 
484	46    	0.325176 	0.214054	-0.0175001 	0.72962 
485	43    	0.374623 	0.206351	-0.0133333 	0.72962 
486	47    	0.323302 	0.211798	-0.018     	0.72962 
487	44    	0.3446   	0.212012	-0.02      	0.72962 
488	44    	0.336465 	0.193721	-0.02      	0.72962 
489	46    	0.352498 	0.215844	-0.0166666 	0.72962 
490	48    	0.276675 	0.201679	-0.02      	0.706596
491	49    	0.24929  	0.200507	-0.02      	0.690684
492	45    	0.26336  	0.171603	-0.0175    	0.690684
493	47    	0.274009 	0.188126	-0.0171429 	0.690742
494	48    	0.287809 	0.188089	-0.0166667 	0.703531
495	43    	0.27439  	0.163863	-0.0166667 	0.702748
496	48    	0.253696 	0.178998	-0.02      	0.616828
497	47    	0.282693 	0.185605	-0.0166667 	0.616828
498	46    	0.296643 	0.195373	-0.0175    	0.730348
499	50    	0.270233 	0.187815	-0.0199999 	0.650257
500	47    	0.305355 	0.226781	-0.0177777 	0.726058
501	46    	0.284307 	0.221423	-0.0175    	0.83112 
502	44    	0.292507 	0.229778	-0.0199999 	0.730348
503	44    	0.35032  	0.216375	-0.0175    	0.736027
504	46    	0.288968 	0.226981	-0.0175    	0.736027
505	41    	0.344248 	0.255199	-0.02      	0.736027
506	46    	0.300643 	0.230112	-0.02      	0.730872
507	48    	0.311883 	0.214225	-0.02      	0.736027
508	48    	0.284949 	0.21561 	-0.0175    	0.835494
509	46    	0.305155 	0.203448	-0.0175    	0.835494
510	48    	0.354667 	0.222484	-0.0199999 	0.751242
511	46    	0.32849  	0.238619	-0.0171429 	0.751242
512	50    	0.295617 	0.202647	-0.0171428 	0.757874
513	46    	0.331325 	0.211392	-0.02      	0.800245
514	44    	0.334615 	0.204553	-0.0166666 	0.800245
515	46    	0.320447 	0.226284	-0.0200001 	0.800245
516	50    	0.353958 	0.218677	-0.02      	0.757874
517	48    	0.386001 	0.23646 	-0.02      	0.906371
518	47    	0.331385 	0.212549	-0.02      	0.818261
519	48    	0.355975 	0.246186	-0.02      	0.817772
520	45    	0.367785 	0.230992	-0.02      	0.817772
521	47    	0.344269 	0.228468	-0.02      	0.817772
522	45    	0.313928 	0.221114	-0.0171426 	0.726745
523	46    	0.357817 	0.214561	-0.0177777 	0.828875
524	47    	0.335464 	0.199271	-0.0171428 	0.83112 
525	49    	0.28466  	0.223824	-0.02      	0.83112 
526	46    	0.328105 	0.228253	-0.02      	0.83112 
527	42    	0.319867 	0.232501	-0.0174999 	0.83112 
528	46    	0.348781 	0.205373	-0.016     	0.73019 
529	47    	0.364258 	0.216423	-0.0166666 	0.749797
530	47    	0.327505 	0.235279	-0.02      	0.835049
531	45    	0.376104 	0.209974	0.0824876  	0.835049
532	48    	0.332188 	0.249225	-0.0181818 	0.749797
533	48    	0.357699 	0.206037	-0.018     	0.775103
534	47    	0.311525 	0.184198	-0.0175    	0.690626
535	49    	0.29442  	0.166251	-0.02      	0.703684
536	46    	0.31781  	0.171432	0.086751   	0.826496
537	47    	0.334399 	0.178078	0.0614233  	0.826496
538	49    	0.316889 	0.213085	-0.0171429 	0.762438
539	46    	0.340595 	0.198074	0.0958402  	0.76667 
540	44    	0.363986 	0.189203	-0.0160001 	0.762595
541	47    	0.331267 	0.210028	-0.02      	0.771338
542	43    	0.376072 	0.20151 	0.10737    	0.771338
543	46    	0.375929 	0.239389	-0.02      	0.849474
544	46    	0.328312 	0.224021	-0.0166667 	0.849474
545	48    	0.318439 	0.1724  	0.0670201  	0.776885
546	47    	0.308474 	0.181049	-0.016     	0.84592 
547	48    	0.293172 	0.174626	-0.015     	0.776885
548	44    	0.337714 	0.181218	-0.018     	0.776885
549	44    	0.359326 	0.202618	-0.0133336 	0.776885
550	48    	0.326789 	0.212268	-0.0171429 	0.872639
551	43    	0.349847 	0.192481	-0.0133334 	0.856757
552	48    	0.303358 	0.193707	-0.0175    	0.850341
553	47    	0.311266 	0.217245	-0.015     	0.850341
554	47    	0.290007 	0.202442	-0.0175    	0.776885
555	43    	0.369846 	0.197402	-0.02      	0.776885
556	48    	0.318583 	0.195476	-0.016     	0.776885
557	46    	0.36631  	0.206222	0.0469398  	0.788277
558	46    	0.338788 	0.210749	0.0863192  	0.786791
559	47    	0.349361 	0.198966	0.0665995  	0.878126
560	48    	0.318544 	0.200964	-0.0171428 	0.878126
561	48    	0.334138 	0.183158	-0.015     	0.878126
562	45    	0.379503 	0.203715	0.0861017  	0.878126
563	48    	0.334255 	0.205387	-0.0150001 	0.878126
564	45    	0.347753 	0.203165	0.0740165  	0.878126
565	44    	0.382884 	0.17326 	0.0756989  	0.878126
566	45    	0.366378 	0.218668	-0.0171429 	0.878126
567	46    	0.376068 	0.22006 	0.0644834  	0.878126
568	46    	0.353021 	0.2366  	-0.01      	0.878126
569	48    	0.423482 	0.232139	0.0628433  	0.878126
570	50    	0.316209 	0.191424	-0.0133333 	0.839841
571	45    	0.336519 	0.17122 	-0.0171429 	0.878126
572	49    	0.333398 	0.163904	0.0856721  	0.852134
573	47    	0.361782 	0.172683	0.111871   	0.839841
574	49    	0.353929 	0.167165	-0.0175    	0.718376
575	47    	0.329591 	0.167035	-0.0171428 	0.674561
576	44    	0.384009 	0.202098	-0.015     	0.788672
577	45    	0.326359 	0.210572	-0.0133333 	0.788672
578	44    	0.295155 	0.17931 	-0.018     	0.773066
579	48    	0.292572 	0.118684	0.0970812  	0.742626
580	46    	0.309863 	0.139931	0.0666414  	0.727318
581	46    	0.319063 	0.176863	-0.02      	0.727318
582	49    	0.285751 	0.142213	-0.0166667 	0.65424 
583	46    	0.350587 	0.144024	0.0745244  	0.645579
584	46    	0.310296 	0.172996	-0.02      	0.654723
585	48    	0.301768 	0.192519	-0.02      	0.650515
586	47    	0.323615 	0.185071	-0.0183333 	0.685415
587	48    	0.276714 	0.172925	-0.0177779 	0.669073
588	47    	0.321246 	0.194181	-0.0175001 	0.887273
589	48    	0.31383  	0.207466	-0.018     	0.887273
590	48    	0.297281 	0.17654 	0.0744622  	0.825818
591	46    	0.280871 	0.190735	-0.0175    	0.723926
592	47    	0.308277 	0.170193	-0.0171427 	0.676945
593	43    	0.357582 	0.168059	0.112295   	0.676945
594	47    	0.31993  	0.181418	-0.0177778 	0.761275
595	45    	0.339255 	0.185602	0.0855623  	0.843231
596	46    	0.385142 	0.225145	-0.0171429 	0.865555
597	45    	0.374057 	0.209968	0.0828718  	0.865555
598	45    	0.339056 	0.236131	-0.016     	0.865555
599	47    	0.391215 	0.250514	-0.0166667 	0.867489
600	44    	0.355441 	0.229956	-0.017143  	0.867489
601	44    	0.3625   	0.215061	0.0765296  	0.865555
602	44    	0.329523 	0.205752	-0.016     	0.856864
603	46    	0.379069 	0.245866	-0.0166667 	0.949028
604	46    	0.391201 	0.228242	-0.015     	0.895674
605	47    	0.410169 	0.214957	-0.016     	0.895674
606	49    	0.372878 	0.197478	0.104293   	0.8664  
607	49    	0.340005 	0.210982	-0.02      	0.8664  
608	45    	0.37043  	0.190297	-0.016     	0.783495
609	46    	0.359352 	0.202973	-0.0183333 	0.866072
610	45    	0.358521 	0.232117	-0.0175    	0.8664  
611	46    	0.344878 	0.231312	-0.0149998 	0.8664  
612	45    	0.371583 	0.24271 	-0.016     	0.8664  
613	46    	0.407537 	0.222021	-0.02      	0.8664  
614	43    	0.373183 	0.254344	0.0589469  	0.866995
615	46    	0.355271 	0.222787	0.086351   	0.8664  
616	46    	0.329374 	0.205459	-0.0180001 	0.8664  
617	46    	0.321483 	0.217492	0.0864286  	0.86375 
618	46    	0.345169 	0.21785 	-0.0171429 	0.86375 
619	49    	0.28453  	0.161072	-0.0166667 	0.854186
620	47    	0.343733 	0.18483 	0.0758589  	0.854186
621	47    	0.363907 	0.233327	-0.0166667 	0.854186
622	46    	0.393375 	0.242686	-0.016     	0.925407
623	47    	0.382337 	0.251793	-0.0166666 	0.925407
624	45    	0.413309 	0.240723	-0.0175    	0.841112
625	42    	0.39052  	0.236092	-0.00503074	0.841112
626	48    	0.332386 	0.208807	0.0981739  	0.855183
627	47    	0.315676 	0.206891	-0.02      	0.841737
628	46    	0.324034 	0.216673	-0.0166667 	0.85895 
629	47    	0.341859 	0.22779 	-0.0171429 	0.85895 
630	44    	0.332771 	0.226804	0.0711099  	0.85895 
631	45    	0.327856 	0.239454	-0.0171429 	0.85895 
632	47    	0.316215 	0.238191	-0.02      	0.85895 
633	47    	0.347849 	0.218216	-0.02      	0.85895 
634	46    	0.33835  	0.238411	-0.02      	0.833485
635	45    	0.282122 	0.269788	-0.02      	0.833485
636	44    	0.348124 	0.26986 	-0.02      	0.833485
637	43    	0.34662  	0.276712	-0.02      	0.833485
638	44    	0.374344 	0.270928	-0.02      	0.836975
639	45    	0.372067 	0.293711	-0.0200001 	0.837163
640	46    	0.335559 	0.264313	-0.02      	0.833485
641	46    	0.371936 	0.228475	-0.02      	0.833485
642	43    	0.360568 	0.25996 	-0.02      	0.833485
643	49    	0.287381 	0.267609	-0.02      	0.833485
644	46    	0.365299 	0.22885 	-0.018     	0.849139
645	47    	0.323361 	0.229579	-0.0166667 	0.818806
646	47    	0.340222 	0.222945	-0.0171429 	0.818806
647	47    	0.372089 	0.196557	-0.0149973 	0.818806
648	45    	0.387801 	0.242972	-0.0166667 	0.818806
649	48    	0.251203 	0.223734	-0.02      	0.818806
650	43    	0.30382  	0.194644	-0.0171428 	0.818806
651	46    	0.306897 	0.238344	-0.02      	0.818806
652	46    	0.284539 	0.23211 	-0.0171413 	0.818806
653	47    	0.33175  	0.24145 	-0.017143  	0.818806
654	47    	0.314457 	0.235311	-0.02      	0.818806
655	49    	0.338337 	0.220106	-0.0171429 	0.812308
656	50    	0.327592 	0.255245	-0.0166667 	0.813708
657	46    	0.270826 	0.280156	-0.02      	0.813708
658	47    	0.212164 	0.244539	-0.0171429 	0.813708
659	46    	0.302306 	0.240609	-0.0166667 	0.813708
660	47    	0.256942 	0.248643	-0.0171429 	0.813708
661	46    	0.235774 	0.230909	-0.0166667 	0.813708
662	46    	0.231696 	0.244642	-0.0171429 	0.812825
663	48    	0.286133 	0.240015	-0.0171429 	0.812977
664	48    	0.274573 	0.225528	-0.0175    	0.812825
665	46    	0.345545 	0.216425	-0.0175    	0.812825
666	45    	0.273845 	0.225657	-0.02      	0.73028 
667	47    	0.324914 	0.210985	-0.0175    	0.704723
668	50    	0.322286 	0.23368 	-0.0166667 	0.732935
669	48    	0.382524 	0.222626	-0.0166667 	0.732935
670	47    	0.288307 	0.20345 	-0.02      	0.732935
671	43    	0.373481 	0.22088 	-0.0171429 	0.732935
672	48    	0.305874 	0.23224 	-0.0171429 	0.729582
673	46    	0.286689 	0.241762	-0.0171429 	0.705828
674	50    	0.284634 	0.22916 	-0.0171427 	0.811396
675	44    	0.280933 	0.244766	-0.0171429 	0.813756
676	43    	0.298992 	0.264069	-0.0175    	0.813756
677	47    	0.256271 	0.27543 	-0.017143  	0.813756
678	44    	0.313908 	0.283583	-0.02      	0.813708
679	45    	0.333742 	0.272563	-0.02      	0.813708
680	43    	0.335979 	0.282559	-0.02      	0.813708
681	47    	0.268738 	0.237396	-0.0166667 	0.813708
682	47    	0.253736 	0.238895	-0.017143  	0.813708
683	46    	0.25412  	0.227873	-0.0166667 	0.813708
684	44    	0.266182 	0.263083	-0.02      	0.813708
685	47    	0.255306 	0.222543	-0.02      	0.813708
686	47    	0.226825 	0.209282	-0.0166667 	0.813708
687	48    	0.187454 	0.152095	-0.0171428 	0.596795
688	44    	0.261668 	0.16686 	-0.02      	0.596795
689	46    	0.303348 	0.21219 	-0.02      	0.813756
690	49    	0.272013 	0.220399	-0.02      	0.811247
691	48    	0.291039 	0.235141	-0.02      	0.811247
692	47    	0.285438 	0.24624 	-0.02      	0.811247
693	47    	0.234519 	0.244942	-0.0175    	0.813708
694	45    	0.298885 	0.276069	-0.0171429 	0.813708
695	48    	0.240704 	0.224702	-0.0166667 	0.813708
696	47    	0.23704  	0.244037	-0.02      	0.813756
697	46    	0.281735 	0.250113	-0.0166667 	0.812977
698	46    	0.229504 	0.25569 	-0.0175    	0.813708
699	49    	0.181491 	0.160688	-0.02      	0.652413
700	48    	0.261946 	0.188258	-0.0166667 	0.689268
701	48    	0.257533 	0.214274	-0.0171429 	0.702995
702	48    	0.288491 	0.204205	-0.0171429 	0.730315
703	47    	0.207445 	0.195347	-0.02      	0.730315
704	49    	0.233222 	0.170595	-0.02      	0.728702
705	46    	0.304639 	0.191254	-0.0171429 	0.721379
706	41    	0.346776 	0.24022 	-0.0171429 	0.721792
707	47    	0.302877 	0.230021	-0.017143  	0.721792
708	47    	0.29452  	0.19606 	-0.0175001 	0.721379
709	48    	0.291434 	0.176745	-0.0171429 	0.706107
710	46    	0.344309 	0.195853	-0.0150001 	0.726095
711	46    	0.291543 	0.21368 	-0.0171429 	0.726095
712	45    	0.289681 	0.237015	-0.0175    	0.729577
713	46    	0.339868 	0.213566	-0.0184615 	0.736027
714	45    	0.358901 	0.230137	-0.0175    	0.731344
715	48    	0.294979 	0.191189	-0.0175002 	0.726095
716	46    	0.290168 	0.207788	-0.0175    	0.726095
717	44    	0.272055 	0.204852	-0.02      	0.726095
718	46    	0.317314 	0.187577	-0.0175    	0.726164
719	45    	0.353467 	0.212511	-0.016     	0.872287
720	43    	0.338628 	0.209309	-0.0199999 	0.872287
721	47    	0.31753  	0.220292	-0.0171429 	0.726164
722	46    	0.33962  	0.200923	-0.0171429 	0.726164
723	41    	0.308094 	0.22985 	-0.02      	0.726164
724	42    	0.365371 	0.241194	-0.0177722 	0.729979
725	43    	0.354968 	0.243256	-0.0175    	0.730872
726	48    	0.325955 	0.235396	-0.0166667 	0.730872
727	47    	0.364675 	0.230413	-0.0175    	0.73281 
728	48    	0.306831 	0.181572	-0.0171428 	0.73281 
729	48    	0.317239 	0.195702	-0.02      	0.730872
730	46    	0.306457 	0.200472	-0.02      	0.730872
731	37    	0.357765 	0.226835	-0.0175    	0.730872
732	47    	0.323943 	0.230088	-0.0175001 	0.730153
733	45    	0.295904 	0.197441	-0.02      	0.736084
734	42    	0.398283 	0.214985	-0.0171428 	0.736084
735	48    	0.293846 	0.224201	-0.02      	0.731184
736	45    	0.31901  	0.2309  	-0.0200001 	0.736084
737	47    	0.281283 	0.223678	-0.0175001 	0.763014
738	45    	0.310211 	0.202975	-0.0200001 	0.730155
739	44    	0.30842  	0.250022	-0.02      	0.833487
740	45    	0.363576 	0.250753	-0.02      	0.833487
741	47    	0.341065 	0.229294	-0.02      	0.833487
742	43    	0.381606 	0.223048	0.0820662  	0.833487
743	46    	0.283502 	0.229551	-0.018     	0.755128
744	47    	0.37305  	0.2209  	-0.0177777 	0.88058 
745	43    	0.371024 	0.244918	-0.0177778 	0.837163
746	46    	0.346374 	0.234559	0.0674314  	0.83174 
747	48    	0.311436 	0.226817	-0.016     	0.83174 
748	48    	0.317725 	0.228189	-0.02      	0.826437
749	46    	0.339466 	0.212074	-0.0160001 	0.826437
750	48    	0.37317  	0.229388	-0.018     	0.833487
751	45    	0.359194 	0.250246	-0.02      	0.833487
752	47    	0.411554 	0.20265 	0.0664812  	0.833487
753	48    	0.294326 	0.230427	-0.02      	0.754706
754	45    	0.370203 	0.201278	-0.0175    	0.752882
755	44    	0.318847 	0.231373	-0.0175    	0.756269
756	47    	0.356431 	0.199884	-0.0175    	0.756269
757	44    	0.297791 	0.20668 	-0.0176964 	0.756269
758	43    	0.329713 	0.199014	-0.016     	0.756269
759	48    	0.317721 	0.222481	-0.0175    	0.809177
760	47    	0.286313 	0.203285	-0.0177778 	0.809177
761	46    	0.271176 	0.198437	-0.0177778 	0.813708
762	48    	0.322675 	0.211895	-0.0175    	0.813708
763	49    	0.389733 	0.230716	-0.0150002 	0.818806
764	42    	0.349095 	0.262563	-0.0166666 	0.818806
765	47    	0.28781  	0.247907	-0.0166667 	0.841249
766	47    	0.321284 	0.22854 	-0.016     	0.818806
767	45    	0.375771 	0.229672	-0.0166666 	0.818806
768	46    	0.319899 	0.211185	-0.0171428 	0.818806
769	47    	0.315537 	0.225663	-0.02      	0.818806
770	47    	0.237626 	0.208079	-0.0175    	0.813708
771	48    	0.278933 	0.182028	-0.02      	0.813708
772	47    	0.271627 	0.197673	-0.0171428 	0.813708
773	45    	0.254743 	0.163174	-0.0171429 	0.582589
774	47    	0.243482 	0.163664	-0.0171429 	0.589045
775	47    	0.27552  	0.150106	-0.0171429 	0.582589
776	47    	0.247794 	0.177158	-0.0171428 	0.607775
777	49    	0.250469 	0.183835	-0.0177778 	0.84009 
778	48    	0.262031 	0.196918	-0.0199999 	0.702229
779	45    	0.31186  	0.201725	-0.02      	0.704954
780	44    	0.34595  	0.236963	-0.0183333 	0.819317
781	47    	0.316058 	0.232932	-0.02      	0.729753
782	45    	0.363463 	0.211863	-0.0175    	0.729753
783	44    	0.346196 	0.221307	-0.0166667 	0.831993
784	48    	0.392721 	0.228573	-0.0171428 	0.811247
785	47    	0.253282 	0.229646	-0.0171429 	0.813708
786	46    	0.230959 	0.201113	-0.017143  	0.811247
787	47    	0.263657 	0.205781	-0.02      	0.811247
788	48    	0.255372 	0.194778	-0.02      	0.811247
789	46    	0.240412 	0.209679	-0.0171428 	0.811247
790	46    	0.197856 	0.185428	-0.0171428 	0.811247
791	46    	0.229623 	0.173026	-0.02      	0.642262
792	50    	0.264743 	0.151037	-0.0166667 	0.701667
793	44    	0.294677 	0.163251	-0.02      	0.701667
794	49    	0.304177 	0.131299	-0.0166667 	0.525471
795	47    	0.287047 	0.1194  	0.101462   	0.522135
796	48    	0.297775 	0.188644	-0.02      	0.684927
797	44    	0.328333 	0.180414	-0.02      	0.683231
798	42    	0.363546 	0.196573	0.0588395  	0.683231
799	48    	0.273664 	0.202038	-0.0177778 	0.725801
800	45    	0.372587 	0.184011	0.0856469  	0.756885
801	45    	0.278986 	0.184815	-0.0133338 	0.702562
802	42    	0.335681 	0.190695	-0.0166667 	0.815487
803	49    	0.241939 	0.168637	-0.02      	0.579516
804	46    	0.332106 	0.164609	-0.0177778 	0.75776 
805	49    	0.332275 	0.193989	-0.02      	0.82708 
806	48    	0.354937 	0.196799	-0.0166666 	0.76703 
807	44    	0.360098 	0.22258 	-0.0177777 	0.76703 
808	48    	0.307231 	0.17849 	-0.0149999 	0.76703 
809	49    	0.339156 	0.178159	-0.0150002 	0.77169 
810	47    	0.344314 	0.19097 	0.0987519  	0.798937
811	47    	0.363059 	0.207594	-0.0150002 	0.779475
812	46    	0.328436 	0.209013	-0.0177777 	0.779475
813	44    	0.369841 	0.206135	0.0963995  	0.807778
814	46    	0.340447 	0.203019	-0.0166667 	0.807778
815	47    	0.373559 	0.22735 	-0.01      	0.942523
816	48    	0.32444  	0.225908	-0.0175    	0.832068
817	44    	0.438845 	0.230986	-0.0199999 	0.832068
818	47    	0.330503 	0.23517 	-0.0177778 	0.832068
819	42    	0.483207 	0.272639	-0.0175    	0.979854
820	46    	0.365855 	0.299228	-0.02      	0.979854
821	41    	0.433581 	0.30241 	-0.0177778 	0.979854
822	41    	0.390046 	0.286768	-0.02      	0.979854
823	46    	0.378119 	0.299338	-0.0177778 	0.979854
824	49    	0.322682 	0.254081	-0.02      	0.979854
825	47    	0.361005 	0.199935	0.0665159  	0.807669
826	46    	0.36432  	0.244654	-0.0177778 	0.936358
827	43    	0.32944  	0.220373	-0.02      	0.805075
828	48    	0.317351 	0.232744	-0.0175    	0.805075
829	45    	0.380556 	0.238946	-0.0166583 	0.852602
830	44    	0.302757 	0.218826	-0.0199999 	0.805075
831	40    	0.348782 	0.240505	-0.02      	0.805075
832	47    	0.299445 	0.203456	-0.02      	0.805075
833	47    	0.314506 	0.217195	-0.0166667 	0.805075
834	41    	0.357482 	0.24377 	-0.0171428 	0.805075
835	50    	0.264633 	0.167242	-0.0175    	0.72355 
836	47    	0.320759 	0.178506	-0.0171428 	0.811302
837	47    	0.320461 	0.169499	-0.0166667 	0.897446
838	45    	0.34482  	0.216704	-0.0233333 	0.90557 
839	44    	0.386847 	0.252197	-0.0175    	0.90557 
840	47    	0.426217 	0.222364	-0.0133333 	0.897446
841	50    	0.359455 	0.228702	0.0709299  	0.812439
842	45    	0.362163 	0.249292	-0.02      	0.812439
843	46    	0.276837 	0.223916	-0.018     	0.812439
844	48    	0.293071 	0.178543	-0.02      	0.813756
845	46    	0.338387 	0.198675	-0.0166666 	0.813756
846	44    	0.291323 	0.208416	-0.02      	0.813756
847	45    	0.270155 	0.233108	-0.0175    	0.813756
848	48    	0.317145 	0.210609	-0.02      	0.813756
849	47    	0.306826 	0.193566	0.0638582  	0.813756
850	44    	0.352646 	0.24611 	-0.0171429 	0.813756
851	48    	0.289815 	0.22976 	-0.0175    	0.819458
852	47    	0.288278 	0.201951	-0.0199999 	0.819458
853	41    	0.37841  	0.246036	-0.02      	0.819458
854	46    	0.340353 	0.243977	-0.0150002 	0.819458
855	48    	0.305672 	0.232161	-0.0175    	0.811396
856	47    	0.326144 	0.237195	-0.0177778 	0.811396
857	45    	0.290999 	0.222072	-0.0174999 	0.811396
858	47    	0.335368 	0.239682	-0.02      	0.846461
859	41    	0.39583  	0.273585	-0.0177778 	0.846461
860	42    	0.347669 	0.239715	-0.02      	0.846461
861	44    	0.36752  	0.240262	-0.0177777 	0.846461
862	46    	0.339986 	0.253339	-0.02      	0.846461
863	47    	0.333344 	0.218974	-0.0181818 	0.732772
864	45    	0.297271 	0.227469	-0.0171429 	0.812977
865	47    	0.263274 	0.208492	-0.0171429 	0.706012
866	48    	0.288867 	0.239481	-0.02      	0.813756
867	48    	0.299127 	0.208087	-0.02      	0.813756
868	47    	0.259692 	0.238579	-0.0171429 	0.813756
869	46    	0.264105 	0.225515	-0.0171429 	0.813756
870	46    	0.269385 	0.229652	-0.0171429 	0.819458
871	45    	0.277519 	0.238919	-0.0175    	0.819458
872	46    	0.341059 	0.248412	-0.0171429 	0.819458
873	46    	0.330461 	0.245047	-0.0166667 	0.812083
874	46    	0.281394 	0.257203	-0.0175    	0.812825
875	47    	0.273975 	0.256585	-0.02      	0.812825
876	41    	0.286418 	0.284141	-0.0166668 	0.812308
877	49    	0.199555 	0.24487 	-0.0171429 	0.812825
878	45    	0.338361 	0.254585	-0.0166667 	0.812977
879	45    	0.358829 	0.276927	-0.0166666 	0.819969
880	45    	0.260155 	0.26231 	-0.017143  	0.819969
881	48    	0.28905  	0.241895	-0.0175    	0.812977
882	49    	0.299306 	0.23657 	-0.0166667 	0.812977
883	44    	0.266015 	0.219776	-0.02      	0.812977
884	48    	0.211097 	0.20526 	-0.0166667 	0.812977
885	48    	0.227165 	0.204   	-0.0166668 	0.812825
886	47    	0.180299 	0.188886	-0.0199999 	0.812825
887	47    	0.231865 	0.216775	-0.017778  	0.812977
888	42    	0.246859 	0.27162 	-0.0166667 	0.812977
889	45    	0.300286 	0.240731	-0.0177778 	0.812977
890	47    	0.236737 	0.225859	-0.0200001 	0.812977
891	47    	0.226377 	0.220849	-0.0166666 	0.812977
892	46    	0.245089 	0.184848	-0.0166667 	0.702995
893	45    	0.296769 	0.2361  	-0.0166667 	0.812825
894	45    	0.245157 	0.227644	-0.0171428 	0.811396
895	47    	0.261385 	0.225983	-0.0175    	0.813756
896	49    	0.234598 	0.251828	-0.0175    	0.812825
897	46    	0.335678 	0.253019	-0.0171429 	0.812825
898	46    	0.312292 	0.245462	-0.02      	0.812977
899	46    	0.297439 	0.25233 	-0.0171429 	0.812977
900	46    	0.259048 	0.21436 	-0.0199999 	0.812308
901	48    	0.247839 	0.203435	-0.0171429 	0.812308
902	48    	0.28123  	0.241752	-0.02      	0.812308
903	46    	0.23048  	0.261477	-0.0174999 	0.812977
904	43    	0.350577 	0.29627 	-0.0171429 	0.813756
905	45    	0.230199 	0.255316	-0.0166667 	0.813756
906	45    	0.214063 	0.223325	-0.017143  	0.813756
907	43    	0.276973 	0.232143	-0.0175    	0.812977
908	46    	0.29839  	0.264022	-0.0166666 	0.812977
909	44    	0.276024 	0.255239	-0.02      	0.812977
910	48    	0.231911 	0.204983	-0.0174999 	0.812977
911	50    	0.277336 	0.204948	-0.02      	0.832435
912	47    	0.302236 	0.224628	-0.0177778 	0.832435
913	47    	0.361922 	0.212452	-0.0175002 	0.832435
914	44    	0.353627 	0.234973	-0.02      	0.832435
915	46    	0.35942  	0.233575	-0.0200001 	0.832435
916	49    	0.300446 	0.230715	-0.02      	0.832435
917	48    	0.303475 	0.203813	-0.0177779 	0.756177
918	48    	0.265166 	0.203891	-0.0200001 	0.646118
919	48    	0.322256 	0.188898	-0.02      	0.767906
920	44    	0.343805 	0.233871	-0.02      	0.828244
921	45    	0.346295 	0.228197	-0.018     	0.767906
922	45    	0.320148 	0.219122	-0.02      	0.793617
923	47    	0.339096 	0.197877	-0.0133334 	0.767906
924	47    	0.340982 	0.224569	-0.02      	0.768202
925	43    	0.39714  	0.241329	-0.0200001 	0.768202
926	47    	0.302644 	0.216027	-0.018     	0.768202
927	46    	0.312318 	0.213178	-0.0171428 	0.768202
928	46    	0.306806 	0.202653	-0.02      	0.768202
929	44    	0.358329 	0.209215	-0.02      	0.768202
930	47    	0.30472  	0.237002	-0.02      	0.747421
931	46    	0.311312 	0.22195 	-0.0150001 	0.747421
932	47    	0.314778 	0.196293	-0.00670266	0.747421
933	48    	0.321586 	0.225157	-0.02      	0.843285
934	48    	0.269572 	0.18907 	-0.0175    	0.732073
935	46    	0.347949 	0.177105	-0.02      	0.733485
936	46    	0.307201 	0.182074	-0.015     	0.733926
937	49    	0.32668  	0.191505	-0.02      	0.733485
938	47    	0.322278 	0.176155	-0.0171429 	0.709573
939	47    	0.305958 	0.154139	-0.0159905 	0.734406
940	46    	0.297175 	0.205369	-0.0174999 	0.72698 
941	47    	0.361438 	0.204265	0.0751969  	0.811246
942	48    	0.27892  	0.171594	-0.01      	0.72698 
943	47    	0.2842   	0.163741	-0.0175    	0.727661
944	46    	0.317306 	0.189833	-0.0174999 	0.730876
945	46    	0.313822 	0.183817	-0.0171429 	0.727661
946	48    	0.273585 	0.144716	-0.016     	0.662527
947	43    	0.291228 	0.164375	-0.02      	0.662527
948	44    	0.314993 	0.177161	-0.02      	0.662527
949	45    	0.272263 	0.181969	-0.0199999 	0.662527
950	47    	0.291942 	0.180527	-0.018     	0.727661
951	46    	0.308385 	0.176248	-0.015     	0.811247
952	45    	0.301314 	0.228697	-0.0175    	0.820083
953	45    	0.311247 	0.219511	-0.0171429 	0.735904
954	44    	0.310811 	0.219799	-0.0166667 	0.735904
955	43    	0.311396 	0.214857	-0.0177777 	0.734164
956	45    	0.311173 	0.210803	-0.0177778 	0.734164
957	44    	0.298002 	0.220732	-0.0177778 	0.734164
958	46    	0.339628 	0.21033 	-0.0166667 	0.734164
959	47    	0.293348 	0.213007	-0.0177778 	0.730699
960	47    	0.346546 	0.208032	-0.0175    	0.732839
961	47    	0.343932 	0.247741	-0.0171429 	0.808915
962	46    	0.350179 	0.239108	-0.02      	0.805654
963	46    	0.30174  	0.236021	-0.02      	0.777723
964	44    	0.33348  	0.22645 	-0.02      	0.82597 
965	47    	0.316093 	0.197508	-0.0175    	0.731154
966	48    	0.309576 	0.214768	-0.0175001 	0.82597 
967	49    	0.284583 	0.198936	-0.0175001 	0.82597 
968	48    	0.317261 	0.201129	-0.0185714 	0.722956
969	46    	0.301701 	0.201388	-0.0199999 	0.722956
970	45    	0.306547 	0.208869	-0.0171429 	0.722956
971	44    	0.322109 	0.201018	-0.0177777 	0.722956
972	48    	0.260408 	0.181146	-0.02      	0.724575
973	48    	0.289886 	0.182769	-0.02      	0.707501
974	50    	0.276296 	0.165926	-0.015     	0.730095
975	48    	0.279164 	0.175888	-0.017143  	0.646669
976	45    	0.339929 	0.180992	-0.0225    	0.757014
977	46    	0.36155  	0.164466	0.0517542  	0.757014
978	45    	0.345105 	0.198414	-0.016     	0.857883
979	47    	0.360167 	0.202236	-0.02      	0.857883
980	45    	0.356189 	0.228766	-0.015     	0.859361
981	47    	0.320398 	0.210545	-0.0133332 	0.859361
982	44    	0.349365 	0.262673	-0.0177778 	0.859361
983	48    	0.333593 	0.213858	-0.0166667 	0.867851
984	45    	0.37728  	0.235515	-0.016     	0.861483
985	48    	0.317529 	0.178006	-0.0166667 	0.861483
986	46    	0.336164 	0.217798	-0.0133333 	0.861483
987	45    	0.345961 	0.210679	-0.016     	0.857883
988	45    	0.36791  	0.236798	0.0757826  	0.859361
989	47    	0.28894  	0.214683	-0.02      	0.857883
990	44    	0.359687 	0.237599	-0.0171429 	0.857883
991	45    	0.389497 	0.188055	0.0961782  	0.77529 
992	48    	0.292945 	0.215313	-0.0175    	0.751607
993	48    	0.343201 	0.196881	-0.0171429 	0.772756
994	48    	0.29132  	0.168111	-0.0175    	0.751607
995	46    	0.285584 	0.194405	-0.02      	0.724258
996	49    	0.250662 	0.181744	-0.0200001 	0.724258
997	47    	0.290987 	0.159671	-0.0175    	0.632013
998	45    	0.304659 	0.191574	-0.02      	0.645648
999	49    	0.275919 	0.175194	-0.022     	0.68981 
1000	45    	0.315694 	0.211993	-0.02      	0.812308
Best individuals:
(0.979853681043808,) 	-->	 /*9*/BDDRBRFBUUUU
VMNeuronManager.autoload: Neuro classes added: Delay Light Nn PIDP PIDV SeeLight SeeLight2 S0 S1 Thr 
UserScripts.autoload: 19 user scripts added.
Simulator.load: Loading from 'eval-allcriteria.sim'
Loader.load: Comments read from file follow:
Loader.load:  Sample settings for evaluating many criteria of performance of a Framsticks creature.
Loader.load:  See the "evalcount" parameter if you want to speed the evaluation up or have a more stable result.
Loader.load:  Other important parameters are "Energy0" and "perfperiod".
Loader.load:  Put this file in the "data" subdirectory within the Framsticks distribution.
Simulator.load: Settings loaded from 'eval-allcriteria.sim'
Simulator.load: Loading from 'deterministic.sim'
Loader.load: Comments read from file follow:
Loader.load:  Parameter values that make the evaluation of a Framsticks creature deterministic.
Loader.load:  The values turn off random noise, so evaluation of the same genotype will always yield the same performance.
Loader.load:  The advantage is that you do not need to evaluate a genotype many times, and performance values are reliable.
Loader.load:  The disadvantage is that evolved creatures are "overfitting", i.e. rely entirely on the specific environment,
Loader.load:  and their behavior may be different in any other environment or (even slightly) changed conditions or parameter values,
Loader.load:  so each creature evolved using these settings must be later inspected using exactly the same setup.
Loader.load: 
Loader.load:  Before loading this file, load base settings, e.g. "eval-allcriteria.sim".
Loader.load:  Put this file in the "data" subdirectory within the Framsticks distribution.
Simulator.load: Settings loaded from 'deterministic.sim'
Simulator.load: Loading from 'sample-period-2.sim'
Loader.load: Comments read from file follow:
Loader.load:  Very low "performance sampling period" in the first population to sample performance very often during lifespan
Loader.load:  and avoid overlooking some behavior. Averaged performance of sampled values is returned as the final value.
Loader.load:  See http://www.framsticks.com/a/al_params.html#exper-perfcalc
Loader.load: 
Loader.load:  Before loading this file, load base settings, e.g. "eval-allcriteria.sim".
Loader.load:  Put this file in the "data" subdirectory within the Framsticks distribution.
Simulator.load: Loading from 'f9-mut-020.sim'
Simulator.load: Settings loaded from 'f9-mut-020.sim'
