gen	nevals	avg     	stddev	min     	max     
0  	50    	0.218369	0     	0.218369	0.218369
1  	48    	0.0518613	0.103464	-0.0166667	0.306831
2  	49    	0.106201 	0.138039	-0.0166667	0.503744
3  	47    	0.151763 	0.120794	-0.02     	0.399483
4  	45    	0.18036  	0.156011	-0.0175   	0.581368
5  	45    	0.188679 	0.158839	-0.0166667	0.581368
6  	48    	0.178329 	0.145026	-0.0166667	0.581368
7  	46    	0.210764 	0.176744	-0.02     	0.581368
8  	48    	0.181688 	0.190265	-0.0166668	0.581238
9  	47    	0.177166 	0.16177 	-0.0166667	0.513963
10 	47    	0.157293 	0.160775	-0.0175   	0.581208
11 	45    	0.243144 	0.179817	-0.02     	0.812083
12 	48    	0.198999 	0.183872	-0.0177778	0.650508
13 	46    	0.230761 	0.159152	-0.0175   	0.615491
14 	47    	0.19659  	0.157109	-0.0175   	0.615682
15 	43    	0.294902 	0.187428	-0.0199999	0.695392
16 	44    	0.242365 	0.192071	-0.02     	0.702382
17 	46    	0.290411 	0.19465 	-0.0171429	0.705857
18 	45    	0.257738 	0.194964	-0.02     	0.695373
19 	46    	0.229148 	0.186668	-0.0171428	0.615682
20 	45    	0.24162  	0.229984	-0.02     	0.813756
21 	48    	0.204614 	0.201497	-0.0171429	0.813756
22 	45    	0.217924 	0.220612	-0.0171429	0.813756
23 	45    	0.176678 	0.162208	-0.0175001	0.813756
24 	45    	0.20942  	0.161706	-0.0171428	0.813756
25 	46    	0.225982 	0.188854	-0.0199999	0.813756
26 	45    	0.185903 	0.189455	-0.02     	0.811247
27 	50    	0.196844 	0.159334	-0.0166667	0.811396
28 	48    	0.196497 	0.196652	-0.02     	0.811396
29 	47    	0.243248 	0.20323 	-0.02     	0.811396
30 	48    	0.191003 	0.200547	-0.0233333	0.811396
31 	49    	0.172134 	0.159724	-0.0171429	0.558664
32 	47    	0.183817 	0.129913	-0.02     	0.514281
33 	45    	0.190021 	0.124386	-0.0171428	0.514281
34 	43    	0.181575 	0.183677	-0.0175   	0.697561
35 	48    	0.226033 	0.147562	-0.0177778	0.614583
36 	48    	0.214419 	0.147797	-0.0166667	0.582913
37 	43    	0.268934 	0.161392	-0.02     	0.593813
38 	42    	0.275918 	0.190988	-0.02     	0.593813
39 	49    	0.22598  	0.179095	-0.0171429	0.594973
40 	46    	0.194019 	0.150595	-0.0171429	0.594973
41 	47    	0.243473 	0.173935	-0.0171429	0.702748
42 	48    	0.225235 	0.159907	-0.02     	0.702748
43 	44    	0.231048 	0.178921	-0.02     	0.537866
44 	47    	0.158377 	0.154568	-0.0171429	0.537866
45 	47    	0.198446 	0.142655	-0.0175   	0.537866
46 	44    	0.223161 	0.166883	-0.02     	0.615613
47 	45    	0.237267 	0.171236	-0.02     	0.646269
48 	47    	0.255081 	0.150396	-0.0166667	0.646269
49 	45    	0.255831 	0.167353	-0.02     	0.646269
50 	50    	0.192325 	0.153662	-0.02     	0.732214
51 	43    	0.249668 	0.18703 	-0.018    	0.732214
52 	48    	0.272975 	0.169714	-0.0185714	0.732214
53 	43    	0.304104 	0.190353	-0.0177778	0.730315
54 	49    	0.259657 	0.176806	-0.0177778	0.744631
55 	47    	0.243387 	0.162065	-0.016    	0.615613
56 	47    	0.264688 	0.16474 	-0.0171429	0.727141
57 	50    	0.251779 	0.14834 	-0.0177778	0.666361
58 	46    	0.252229 	0.118014	-0.0175   	0.546234
59 	44    	0.267785 	0.153439	-0.0175   	0.698961
60 	45    	0.200088 	0.159673	-0.02     	0.686837
61 	46    	0.244335 	0.126817	-0.02     	0.531182
62 	47    	0.217014 	0.143219	-0.0200001	0.569814
63 	46    	0.23213  	0.150389	-0.0166666	0.640214
64 	42    	0.265852 	0.16291 	-0.02     	0.641154
65 	43    	0.292164 	0.142957	-0.0166569	0.641154
66 	41    	0.298625 	0.161903	-0.0166667	0.695772
67 	45    	0.281167 	0.157295	-0.0171429	0.695772
68 	48    	0.246264 	0.132702	-0.0228571	0.695772
69 	46    	0.287487 	0.15045 	-0.0133332	0.715899
70 	46    	0.271165 	0.152465	-0.0200001	0.637394
71 	44    	0.273767 	0.159621	-0.02     	0.719985
72 	45    	0.258353 	0.185152	-0.02     	0.719985
73 	46    	0.261671 	0.176124	-0.02     	0.716486
74 	47    	0.296594 	0.150751	-0.02     	0.686821
75 	47    	0.250825 	0.152203	-0.02     	0.581887
76 	44    	0.304755 	0.165766	0.0701382 	0.906295
77 	45    	0.31851  	0.166551	0.0828979 	0.906295
78 	45    	0.233641 	0.198089	-0.02     	0.906295
79 	48    	0.292424 	0.197592	-0.02     	0.906295
80 	46    	0.304637 	0.206179	-0.0166576	0.906295
81 	47    	0.288105 	0.178084	-0.0175   	0.906295
82 	44    	0.275451 	0.20257 	-0.02     	0.906295
83 	44    	0.304597 	0.149497	-0.02     	0.640275
84 	48    	0.250212 	0.131501	-0.02     	0.580451
85 	47    	0.256985 	0.144672	-0.02     	0.580451
86 	49    	0.228124 	0.141586	-0.02     	0.625987
87 	48    	0.237441 	0.15207 	-0.02     	0.68662 
88 	46    	0.26552  	0.121312	-0.0175   	0.580451
89 	47    	0.248646 	0.13206 	-0.02     	0.695056
90 	48    	0.264715 	0.145659	-0.0150001	0.653867
91 	46    	0.268451 	0.126322	-0.016    	0.626744
92 	44    	0.28188  	0.122763	-0.016    	0.626744
93 	46    	0.277575 	0.104573	-0.01     	0.626744
94 	48    	0.274561 	0.0967948	0.0759844 	0.474118
95 	44    	0.272844 	0.11757  	-0.0133333	0.482685
96 	46    	0.270344 	0.125393 	-0.0171428	0.488679
97 	40    	0.270548 	0.146784 	-0.02     	0.488679
98 	47    	0.263947 	0.123376 	-0.02     	0.482685
99 	42    	0.264976 	0.118325 	-0.0166667	0.482685
100	46    	0.252356 	0.131083 	-0.0166666	0.50027 
101	47    	0.283789 	0.131807 	-0.0177777	0.515704
102	48    	0.280847 	0.130921 	-0.02     	0.552169
103	44    	0.281004 	0.131814 	-0.0171429	0.568782
104	46    	0.262948 	0.1249   	-0.0175011	0.552169
105	44    	0.287536 	0.140098 	-0.0166666	0.552169
106	45    	0.213379 	0.139872 	-0.018    	0.552169
107	45    	0.279845 	0.116025 	-0.0174999	0.552169
108	46    	0.260872 	0.137769 	-0.02     	0.576537
109	49    	0.2781   	0.124328 	0.0661288 	0.577619
110	48    	0.28441  	0.0910625	0.116806  	0.516186
111	46    	0.300882 	0.0940376	0.0922444 	0.563413
112	49    	0.272756 	0.104081 	-0.0166666	0.563413
113	47    	0.294052 	0.113189 	-0.02     	0.563413
114	45    	0.275669 	0.2199   	-1        	0.703233
115	46    	0.29324  	0.229653 	-1        	0.703233
116	46    	0.271184 	0.182062 	-0.0171428	0.706501
117	48    	0.217352 	0.243572 	-1        	0.7065  
118	46    	0.21241  	0.172348 	-0.02     	0.703233
119	44    	0.212465 	0.252519 	-1        	0.731335
120	47    	0.187668 	0.163602 	-0.0200001	0.703233
121	45    	0.252198 	0.172088 	-0.0175   	0.703233
122	45    	0.246187 	0.199785 	-0.02     	0.703233
123	48    	0.245532 	0.133592 	-0.0175   	0.697866
124	42    	0.305526 	0.141494 	-0.02     	0.697866
125	46    	0.302343 	0.166941 	-0.0199999	0.697866
126	48    	0.276403 	0.131383 	-0.0171428	0.697866
127	46    	0.240609 	0.126102 	-0.016    	0.604326
128	48    	0.289621 	0.166285 	-0.02     	0.730695
129	45    	0.268149 	0.140184 	-0.0177779	0.730695
130	47    	0.295724 	0.125284 	0.084925  	0.695578
131	45    	0.309289 	0.144653 	-0.0133338	0.695578
132	45    	0.26292  	0.142964 	-0.02     	0.692129
133	47    	0.28695  	0.122229 	-0.018    	0.651963
134	44    	0.302263 	0.123113 	0.116344  	0.651963
135	39    	0.310307 	0.18358  	-0.02     	0.723466
136	45    	0.288473 	0.147818 	-0.0160001	0.723466
137	46    	0.278464 	0.138522 	-0.0177778	0.665164
138	43    	0.280502 	0.171832 	0.0627543 	0.805204
139	48    	0.274433 	0.13168  	-0.02     	0.62193 
140	48    	0.270409 	0.114061 	-0.02     	0.526655
141	45    	0.274473 	0.115846 	-0.0171429	0.526655
142	47    	0.301491 	0.114326 	-0.0150001	0.526655
143	44    	0.314413 	0.118883 	0.0727192 	0.526747
144	49    	0.253088 	0.113509 	-0.0166667	0.491569
145	44    	0.271255 	0.135298 	-0.0177778	0.67852 
146	46    	0.281121 	0.14473  	0.0743765 	0.67852 
147	42    	0.310274 	0.156291 	-0.0166665	0.67852 
148	47    	0.264442 	0.165357 	-0.0175   	0.67852 
149	43    	0.290987 	0.168301 	-0.02     	0.67852 
150	43    	0.288539 	0.159502 	-0.0175   	0.67852 
151	45    	0.268791 	0.171283 	-0.0171429	0.755949
152	48    	0.261759 	0.148131 	-0.0133332	0.736017
153	43    	0.338646 	0.191392 	-0.02     	0.736017
154	48    	0.240055 	0.177327 	-0.018    	0.740368
155	47    	0.267851 	0.126604 	0.0882595 	0.740368
156	45    	0.274665 	0.183635 	-0.02     	0.740368
157	46    	0.258621 	0.188018 	-0.02     	0.740368
158	50    	0.26392  	0.153617 	-0.016    	0.760709
159	45    	0.26184  	0.186184 	-0.02     	0.845304
160	45    	0.219443 	0.173484 	-0.0199999	0.589873
161	48    	0.273124 	0.148638 	-0.0160001	0.749996
162	49    	0.23515  	0.176888 	-0.0177779	0.725741
163	46    	0.24131  	0.148858 	-0.02     	0.584171
164	48    	0.20615  	0.138102 	-0.02     	0.584171
165	47    	0.235373 	0.141856 	-0.0171428	0.614433
166	46    	0.273308 	0.124136 	-0.0166666	0.604244
167	45    	0.262453 	0.179383 	-0.0171429	0.71838 
168	48    	0.23695  	0.136672 	-0.0177778	0.667843
169	47    	0.250648 	0.129001 	-0.02     	0.604244
170	47    	0.254598 	0.121814 	-0.0166667	0.604356
171	46    	0.271111 	0.162364 	-0.0171429	0.83112 
172	49    	0.236121 	0.141667 	-0.0171428	0.693092
173	49    	0.255902 	0.11797  	-0.0175   	0.706168
174	43    	0.237659 	0.154124 	-0.02     	0.706168
175	42    	0.239243 	0.147826 	-0.022    	0.706168
176	46    	0.260224 	0.130326 	-0.0166667	0.537378
177	48    	0.253613 	0.11097  	-0.0175   	0.537378
178	48    	0.255463 	0.127105 	-0.0175001	0.514252
179	46    	0.224679 	0.15418  	-0.0171429	0.706234
180	47    	0.219224 	0.17397  	-0.0166667	0.706234
181	46    	0.261571 	0.176068 	-0.02     	0.706234
182	45    	0.214022 	0.189795 	-0.02     	0.706234
183	47    	0.231508 	0.175908 	-0.0171429	0.706539
184	45    	0.245146 	0.184886 	-0.02     	0.706539
185	47    	0.218759 	0.156363 	-0.02     	0.595055
186	44    	0.263177 	0.15963  	-0.02     	0.79999 
187	50    	0.224095 	0.170359 	-0.0175   	0.706596
188	44    	0.245658 	0.167659 	-0.02     	0.706596
189	46    	0.226294 	0.176975 	-0.0175   	0.706596
190	46    	0.204611 	0.158964 	-0.0181818	0.706596
191	44    	0.246406 	0.191904 	-0.02     	0.706539
192	43    	0.254083 	0.178871 	-0.02     	0.706539
193	46    	0.282847 	0.199804 	-0.02     	0.706539
194	44    	0.282686 	0.223645 	-0.0166667	0.706539
195	44    	0.241939 	0.199062 	-0.0177778	0.706539
196	47    	0.215596 	0.177148 	-0.0175   	0.7028  
197	47    	0.234936 	0.190613 	-0.0166667	0.703208
198	45    	0.22753  	0.196244 	-0.0199999	0.703208
199	42    	0.290127 	0.214246 	-0.02     	0.703208
200	49    	0.215835 	0.151218 	-0.0171429	0.703208
201	45    	0.237926 	0.17036  	-0.0171429	0.703208
202	47    	0.208977 	0.171538 	-0.0233333	0.727881
203	42    	0.231321 	0.184706 	-0.02     	0.727881
204	47    	0.250877 	0.172042 	-0.02     	0.583008
205	46    	0.235374 	0.169856 	-0.02     	0.580576
206	47    	0.191108 	0.145498 	-0.02     	0.580576
207	46    	0.24127  	0.117222 	-0.0179999	0.495389
208	47    	0.269283 	0.118903 	-0.016    	0.59193 
209	47    	0.273376 	0.142383 	-0.0166666	0.605115
210	47    	0.241209 	0.145382 	-0.0171429	0.605115
211	47    	0.268298 	0.119834 	-0.0200001	0.605115
212	45    	0.221018 	0.131292 	-0.02     	0.529327
213	49    	0.221468 	0.117372 	-0.02     	0.529327
214	46    	0.222927 	0.139274 	-0.02     	0.529327
215	45    	0.292699 	0.141052 	-0.02     	0.657747
216	46    	0.271854 	0.135567 	-0.0159999	0.609349
217	43    	0.316066 	0.140513 	-0.0166667	0.557183
218	43    	0.294479 	0.149409 	-0.0159999	0.705739
219	49    	0.271658 	0.107664 	-0.02     	0.529327
220	49    	0.264056 	0.103079 	-0.0200001	0.504386
221	46    	0.305711 	0.123607 	0.0629453 	0.631947
222	47    	0.267262 	0.121581 	-0.0160002	0.561027
223	45    	0.303789 	0.126137 	0.0624014 	0.567987
224	44    	0.310742 	0.11891  	-0.0177778	0.567987
225	45    	0.29317  	0.126559 	0.0488405 	0.567987
226	47    	0.279894 	0.124256 	0.0626588 	0.548224
227	47    	0.27944  	0.114357 	0.0562189 	0.543044
228	45    	0.290856 	0.095091 	0.0785954 	0.541205
229	47    	0.291007 	0.0913254	0.103097  	0.541205
230	44    	0.261619 	0.20545  	-1        	0.541205
231	46    	0.282142 	0.20751  	-1        	0.542703
232	47    	0.31647  	0.112331 	0.118026  	0.738952
233	48    	0.287727 	0.1242   	0.0962431 	0.886799
234	47    	0.30383  	0.140123 	-0.016    	0.886799
235	48    	0.300719 	0.147627 	-0.0171429	0.886799
236	45    	0.270762 	0.166555 	-0.02     	0.886799
237	48    	0.276553 	0.136725 	-0.0166667	0.678522
238	43    	0.321204 	0.137213 	-0.01     	0.678522
239	47    	0.299225 	0.141509 	0.0538133 	0.584592
240	47    	0.301959 	0.106052 	0.0878018 	0.563033
241	47    	0.296674 	0.103048 	-0.016    	0.563033
242	46    	0.277566 	0.0851081	-0.0133334	0.450421
243	47    	0.260881 	0.193371 	-1        	0.446406
244	45    	0.273846 	0.208325 	-1        	0.560535
245	47    	0.301128 	0.0943232	0.0969835 	0.560535
246	48    	0.255    	0.100683 	-0.0166667	0.515669
247	48    	0.125849 	0.460861 	-1        	0.515669
248	49    	0.165055 	0.397257 	-1        	0.515669
249	47    	0.255551 	0.26821  	-1        	0.534458
250	48    	0.269153 	0.214769 	-1        	0.545726
251	45    	0.258645 	0.290892 	-1        	0.652909
252	46    	0.227653 	0.293005 	-1        	0.652909
253	45    	0.130439 	0.448393 	-1        	0.652909
254	48    	0.209693 	0.277909 	-1        	0.68981 
255	45    	0.23559  	0.29901  	-1        	0.627196
256	47    	0.200885 	0.286936 	-1        	0.627196
257	45    	0.291191 	0.258546 	-1        	0.68937 
258	46    	0.225277 	0.161175 	-0.02     	0.616852
259	45    	0.289592 	0.201134 	-0.0175   	0.813981
260	47    	0.229256 	0.191637 	-0.02     	0.813981
261	43    	0.286788 	0.219077 	-0.02     	0.813981
262	46    	0.318061 	0.23571  	-0.02     	0.813981
263	46    	0.300104 	0.208156 	-0.02     	0.813981
264	44    	0.242291 	0.196182 	-0.0181818	0.813981
265	48    	0.220434 	0.149145 	-0.0175   	0.813981
266	44    	0.264362 	0.21173  	-0.018    	0.813981
267	46    	0.224242 	0.196692 	-0.02     	0.813981
268	46    	0.254037 	0.178997 	-0.0171429	0.813981
269	45    	0.289624 	0.18083  	-0.0174999	0.813981
270	45    	0.244416 	0.191856 	-0.0175   	0.813981
271	46    	0.265334 	0.178638 	-0.02     	0.729652
272	44    	0.25345  	0.169812 	-0.02     	0.729652
273	44    	0.245965 	0.217897 	-0.02     	0.729652
274	46    	0.226271 	0.173272 	-0.02     	0.729652
275	47    	0.234564 	0.165631 	-0.02     	0.559957
276	50    	0.201832 	0.126628 	-0.0175   	0.490085
277	43    	0.226367 	0.12522  	-0.02     	0.498327
278	49    	0.232705 	0.133456 	-0.0171429	0.513963
279	48    	0.225335 	0.169663 	-0.0228572	0.581368
280	43    	0.260382 	0.197825 	-0.0171429	0.813708
281	45    	0.217362 	0.191208 	-0.02     	0.813708
282	43    	0.259397 	0.202095 	-0.0175   	0.813708
283	43    	0.259987 	0.22907  	-0.02     	0.813708
284	47    	0.21923  	0.235141 	-0.02     	0.813708
285	48    	0.27913  	0.210021 	-0.0171429	0.813708
286	44    	0.251762 	0.233203 	-0.0166667	0.813708
287	44    	0.189714 	0.223708 	-0.02     	0.813708
288	46    	0.160991 	0.194777 	-0.0171429	0.813708
289	49    	0.233834 	0.215684 	-0.0166667	0.813708
290	47    	0.203765 	0.226523 	-0.02     	0.813708
291	46    	0.222553 	0.191517 	-0.02     	0.813708
292	46    	0.233386 	0.214677 	-0.0175   	0.843203
293	46    	0.282629 	0.22955  	-0.02     	0.813708
294	46    	0.232828 	0.230387 	-0.0177778	0.813708
295	47    	0.211176 	0.212818 	-0.02     	0.813708
296	48    	0.276172 	0.217322 	-0.0171429	0.813708
297	45    	0.219475 	0.182633 	-0.02     	0.813708
298	45    	0.23277  	0.215963 	-0.0171429	0.813708
299	48    	0.209794 	0.208069 	-0.0171428	0.813708
300	45    	0.230537 	0.174956 	-0.02     	0.703401
301	49    	0.204436 	0.154777 	-0.0174999	0.617322
302	49    	0.202796 	0.164837 	-0.02     	0.614911
303	47    	0.20227  	0.143568 	-0.0175   	0.614911
304	46    	0.255054 	0.158851 	-0.02     	0.615682
305	45    	0.215469 	0.179052 	-0.02     	0.615682
306	43    	0.264006 	0.177575 	-0.0175   	0.617138
307	48    	0.282296 	0.201582 	-0.0171429	0.812977
308	44    	0.295958 	0.233126 	-0.02     	0.812977
309	48    	0.221846 	0.156378 	-0.0166668	0.703852
310	46    	0.205789 	0.168357 	-0.02     	0.703852
311	46    	0.200427 	0.184088 	-0.0166667	0.705837
312	40    	0.232992 	0.199644 	-0.0171428	0.705837
313	43    	0.228629 	0.199717 	-0.02     	0.705837
314	46    	0.168703 	0.196148 	-0.0166667	0.705837
315	44    	0.255026 	0.17146  	-0.0166667	0.705837
316	48    	0.191938 	0.209165 	-0.02     	0.705837
317	49    	0.218294 	0.202262 	-0.02     	0.812083
318	44    	0.254602 	0.213222 	-0.02     	0.812083
319	45    	0.255886 	0.208026 	-0.0175   	0.812977
320	47    	0.224888 	0.177766 	-0.0171426	0.695373
321	47    	0.113141 	0.169572 	-0.0174999	0.581321
322	47    	0.202867 	0.174383 	-0.02     	0.514444
323	44    	0.193401 	0.197217 	-0.02     	0.581321
324	49    	0.169124 	0.191338 	-0.0166667	0.811247
325	47    	0.203444 	0.171352 	-0.0175   	0.514611
326	49    	0.191906 	0.218218 	-0.02     	0.813756
327	45    	0.202145 	0.203142 	-0.0166667	0.813756
328	48    	0.133044 	0.159917 	-0.0199999	0.813756
329	48    	0.144717 	0.129654 	-0.0171429	0.504055
330	45    	0.18692  	0.144873 	-0.02     	0.520704
331	47    	0.20897  	0.156061 	-0.02     	0.540103
332	44    	0.215994 	0.178301 	-0.02     	0.704074
333	48    	0.196163 	0.175401 	-0.0177775	0.811247
334	48    	0.246013 	0.15957  	-0.0175   	0.813708
335	40    	0.259177 	0.19147  	-0.02     	0.813708
336	47    	0.231515 	0.159724 	-0.0160001	0.583947
337	46    	0.261314 	0.187371 	-0.0171428	0.600993
338	47    	0.182956 	0.167303 	-0.0166667	0.600993
339	47    	0.2128   	0.129946 	-0.02     	0.515749
340	49    	0.149553 	0.153171 	-0.0166667	0.614478
341	49    	0.183717 	0.145482 	-0.02     	0.515766
342	43    	0.232077 	0.163509 	-0.02     	0.598573
343	48    	0.200225 	0.164477 	-0.02     	0.60668 
344	44    	0.240732 	0.137282 	-0.0166667	0.60668 
345	46    	0.24175  	0.159345 	-0.0175   	0.730197
346	44    	0.271581 	0.203741 	-0.0175001	0.730197
347	43    	0.308216 	0.218713 	-0.0171429	0.730197
348	46    	0.29445  	0.198302 	-0.0171429	0.730197
349	44    	0.242981 	0.160459 	-0.0171428	0.730197
350	45    	0.219008 	0.174    	-0.0181818	0.73019 
351	44    	0.225643 	0.209373 	-0.0200001	0.73019 
352	44    	0.260869 	0.239171 	-0.02     	0.730303
353	46    	0.252897 	0.217493 	-0.02     	0.730303
354	48    	0.234437 	0.214896 	-0.0174998	0.817759
355	49    	0.231643 	0.177786 	-0.0199999	0.602778
356	46    	0.233342 	0.177575 	-0.02     	0.602778
357	45    	0.258988 	0.168681 	-0.0200001	0.704932
358	47    	0.238201 	0.148395 	-0.02     	0.597301
359	45    	0.238758 	0.150001 	-0.02     	0.587133
360	49    	0.233226 	0.137515 	-0.0171429	0.555269
361	49    	0.248392 	0.152624 	-0.0183333	0.697867
362	49    	0.233647 	0.13287  	-0.0171428	0.515856
363	45    	0.237802 	0.162517 	-0.0171429	0.705101
364	45    	0.225963 	0.14732  	-0.0175001	0.515996
365	47    	0.230707 	0.149605 	-0.02     	0.515996
366	45    	0.221876 	0.172183 	-0.0175   	0.515996
367	46    	0.191474 	0.177224 	-0.02     	0.515996
368	46    	0.225358 	0.188152 	-0.02     	0.582995
369	45    	0.244128 	0.184206 	-0.02     	0.614654
370	49    	0.173542 	0.175434 	-0.02     	0.813756
371	47    	0.214133 	0.155036 	-0.0199999	0.698672
372	47    	0.153806 	0.150638 	-0.02     	0.544163
373	49    	0.255213 	0.119981 	-0.02     	0.522671
374	44    	0.258282 	0.120547 	-0.02     	0.522671
375	46    	0.269994 	0.133525 	-0.0159999	0.571422
376	42    	0.285433 	0.130857 	-0.0177778	0.571422
377	45    	0.306591 	0.178837 	-0.0175   	0.747362
378	47    	0.317536 	0.171836 	-0.0150003	0.747362
379	45    	0.321885 	0.171127 	-0.02     	0.650506
380	44    	0.280731 	0.172592 	-0.0166667	0.650506
381	47    	0.252699 	0.174379 	-0.02     	0.630749
382	45    	0.285526 	0.154968 	-0.02     	0.706107
383	44    	0.304905 	0.180434 	-0.0177778	0.706107
384	48    	0.253868 	0.151083 	-0.0175   	0.706107
385	46    	0.242682 	0.149259 	-0.0166667	0.614149
386	45    	0.254825 	0.141047 	-0.0175001	0.614149
387	47    	0.261256 	0.169286 	-0.0175   	0.703753
388	46    	0.275301 	0.165111 	-0.0166667	0.703753
389	46    	0.240272 	0.169246 	-0.02     	0.703753
390	47    	0.267228 	0.1873   	-0.0171428	0.703753
391	45    	0.291283 	0.192077 	-0.0200001	0.703753
392	47    	0.266093 	0.171963 	-0.0166667	0.703753
393	48    	0.237375 	0.164807 	-0.02     	0.703753
394	45    	0.311446 	0.158428 	-0.02     	0.69597 
395	49    	0.235386 	0.1568   	-0.0171429	0.69597 
396	50    	0.210231 	0.134526 	-0.02     	0.502522
397	49    	0.25062  	0.118964 	-0.0171429	0.493118
398	45    	0.255594 	0.123963 	-0.0171429	0.516004
399	47    	0.277655 	0.140598 	-0.02     	0.541326
400	46    	0.270162 	0.150661 	-0.0171426	0.541326
401	46    	0.250451 	0.155983 	-0.0171429	0.541326
402	44    	0.239702 	0.152315 	-0.0171429	0.541326
403	47    	0.245566 	0.13147  	-0.02     	0.485978
404	49    	0.241534 	0.122411 	-0.0171429	0.48862 
405	46    	0.294629 	0.120331 	-0.01     	0.594048
406	47    	0.283279 	0.130046 	-0.02     	0.594048
407	44    	0.305386 	0.171439 	-0.02     	0.837163
408	47    	0.313476 	0.136268 	-0.0133333	0.656484
409	44    	0.284811 	0.143942 	-0.0175001	0.656484
410	47    	0.276491 	0.144123 	-0.016    	0.721892
411	44    	0.278579 	0.18129  	-0.02     	0.721892
412	48    	0.257672 	0.154149 	-0.0175   	0.721892
413	46    	0.241957 	0.15684  	-0.02     	0.721892
414	49    	0.217964 	0.141962 	-0.0175   	0.721892
415	43    	0.240153 	0.135411 	-0.02     	0.542865
416	47    	0.255969 	0.136372 	-0.0222222	0.542865
417	44    	0.229272 	0.138089 	-0.0228571	0.542865
418	48    	0.262974 	0.128117 	-0.018    	0.559662
419	47    	0.269002 	0.148346 	-0.016    	0.63522 
420	41    	0.272445 	0.170152 	-0.0171428	0.693407
421	48    	0.267714 	0.163003 	-0.02     	0.702675
422	48    	0.228408 	0.168577 	-0.02     	0.829788
423	45    	0.265534 	0.207287 	-0.0200001	0.829788
424	46    	0.295583 	0.1818   	-0.017143 	0.829788
425	48    	0.239277 	0.17812  	-0.02     	0.829788
426	45    	0.312434 	0.185111 	-0.0200001	0.829788
427	49    	0.220032 	0.139748 	-0.0200001	0.538852
428	47    	0.237263 	0.135794 	-0.0175   	0.586446
429	47    	0.260421 	0.115643 	-0.0171429	0.586446
430	44    	0.264095 	0.141434 	-0.02     	0.586446
431	46    	0.242557 	0.153793 	-0.0175   	0.62415 
432	46    	0.236377 	0.174831 	-0.02     	0.62415 
433	42    	0.269661 	0.183941 	-0.02     	0.62415 
434	48    	0.255021 	0.134957 	-0.0175001	0.62415 
435	48    	0.274188 	0.131771 	-0.0166666	0.62415 
436	43    	0.25646  	0.175654 	-0.02     	0.62415 
437	47    	0.257724 	0.157035 	-0.02     	0.62415 
438	47    	0.284245 	0.153208 	-0.0171428	0.62415 
439	45    	0.273215 	0.162101 	-0.0175   	0.784713
440	47    	0.28517  	0.165479 	-0.0175   	0.784713
441	44    	0.270652 	0.170534 	-0.02     	0.62415 
442	48    	0.235383 	0.1541   	-0.0166667	0.690247
443	46    	0.222826 	0.160094 	-0.0175   	0.690247
444	47    	0.235643 	0.148341 	-0.0200001	0.690247
445	45    	0.265602 	0.170261 	-0.02     	0.690247
446	43    	0.262587 	0.20323  	-0.0175   	0.690247
447	47    	0.306047 	0.207522 	-0.0171429	0.73105 
448	45    	0.262326 	0.193618 	-0.018    	0.73105 
449	44    	0.263833 	0.202005 	-0.0175001	0.73105 
450	47    	0.27305  	0.192373 	-0.02     	0.73105 
451	46    	0.246209 	0.167823 	-0.018    	0.73105 
452	47    	0.232779 	0.142525 	-0.0177778	0.73105 
453	47    	0.207637 	0.123085 	-0.018    	0.498525
454	46    	0.201736 	0.126194 	-0.0175   	0.464744
455	46    	0.236255 	0.106362 	-0.0177777	0.520972
456	50    	0.237203 	0.0949472	-0.0175003	0.471443
457	45    	0.234122 	0.140484 	-0.02     	0.537545
458	48    	0.256223 	0.115076 	-0.02     	0.499168
459	46    	0.256558 	0.13344  	-0.0200001	0.628862
460	46    	0.269029 	0.171789 	-0.02     	0.760349
461	46    	0.264889 	0.15203  	-0.02     	0.60823 
462	49    	0.220569 	0.158777 	-0.0200001	0.537249
463	48    	0.238239 	0.135736 	-0.0174998	0.578591
464	47    	0.231917 	0.147063 	-0.018    	0.578591
465	46    	0.266449 	0.126222 	-0.0233333	0.605398
466	48    	0.24526  	0.129853 	-0.018    	0.605398
467	45    	0.300629 	0.117179 	0.116848  	0.605398
468	44    	0.267124 	0.158181 	-0.02     	0.664467
469	47    	0.244312 	0.152581 	-0.0199999	0.605398
470	47    	0.235156 	0.129237 	-0.0177779	0.554905
471	48    	0.255631 	0.153331 	-0.02     	0.73005 
472	46    	0.264407 	0.119186 	-0.02     	0.523406
473	47    	0.280946 	0.140913 	-0.0175   	0.688993
474	44    	0.302113 	0.149898 	-0.0171429	0.653979
475	46    	0.276448 	0.135541 	-0.0181818	0.637977
476	48    	0.271047 	0.126768 	-0.0166665	0.558319
477	45    	0.249342 	0.126597 	-0.02     	0.558319
478	48    	0.253516 	0.145898 	-0.02     	0.538189
479	47    	0.257263 	0.12022  	-0.0177777	0.538189
480	47    	0.27141  	0.104793 	-0.012502 	0.58506 
481	43    	0.280623 	0.116599 	0.0748711 	0.538189
482	47    	0.270395 	0.110501 	-0.0166667	0.522651
483	48    	0.248252 	0.0969196	-0.015    	0.458205
484	48    	0.249371 	0.0899271	0.0560065 	0.477808
485	43    	0.269853 	0.099838 	0.0651709 	0.479356
486	49    	0.255509 	0.110235 	-0.015    	0.591517
487	47    	0.294554 	0.114702 	-0.0133333	0.591517
488	45    	0.279084 	0.132553 	-0.02     	0.614018
489	47    	0.284855 	0.127258 	-0.01     	0.619342
490	49    	0.284968 	0.108534 	0.0869247 	0.619342
491	43    	0.30209  	0.105953 	-0.0180001	0.508668
492	44    	0.300905 	0.118744 	0.10701   	0.508668
493	48    	0.245583 	0.133094 	-0.0171428	0.508668
494	45    	0.307515 	0.11207  	0.0763982 	0.508668
495	45    	0.266719 	0.116614 	-0.02     	0.508668
496	49    	0.256301 	0.107986 	-0.0171429	0.508668
497	49    	0.269609 	0.103593 	-0.015    	0.508668
498	47    	0.278092 	0.0990145	-0.015    	0.508668
499	46    	0.245724 	0.120728 	-0.0216667	0.508668
500	47    	0.254111 	0.100461 	-0.02     	0.474591
501	45    	0.288396 	0.0981472	0.10876   	0.474591
502	45    	0.263491 	0.113758 	-0.0177778	0.562837
503	45    	0.277155 	0.123105 	-0.015    	0.60458 
504	43    	0.30023  	0.11319  	-0.01     	0.60458 
505	50    	0.277057 	0.0962299	-0.018    	0.461496
506	44    	0.247177 	0.213394 	-1        	0.50526 
507	46    	0.240917 	0.209084 	-1        	0.50526 
508	45    	0.300062 	0.102463 	-0.016    	0.50526 
509	43    	0.297269 	0.128388 	-0.018    	0.527667
510	42    	0.303283 	0.144872 	-0.02     	0.535636
511	47    	0.286713 	0.117461 	-0.02     	0.567259
512	49    	0.29248  	0.125455 	-0.02     	0.555687
513	46    	0.284693 	0.144155 	-0.0166667	0.614823
514	46    	0.285004 	0.135443 	-0.016    	0.616898
515	45    	0.276282 	0.147893 	-0.0160001	0.705296
516	47    	0.294447 	0.141892 	-0.02     	0.705296
517	45    	0.258385 	0.165636 	-0.02     	0.705296
518	46    	0.281602 	0.17686  	-0.0171429	0.756156
519	44    	0.275892 	0.158039 	-0.0175   	0.756156
520	48    	0.237928 	0.185417 	-0.02     	0.819458
521	47    	0.263935 	0.180402 	-0.02     	0.695309
522	45    	0.26004  	0.18253  	-0.0177778	0.695392
523	47    	0.229444 	0.182796 	-0.018    	0.695309
524	47    	0.278474 	0.192076 	-0.02     	0.753759
525	45    	0.269239 	0.194338 	-0.0199999	0.784186
526	41    	0.298234 	0.17501  	-0.0166667	0.617347
527	45    	0.283169 	0.198405 	-0.02     	0.757874
528	48    	0.252025 	0.139173 	-0.0175001	0.695875
529	49    	0.260314 	0.15765  	-0.0200001	0.638391
530	44    	0.281503 	0.163412 	-0.0166667	0.638391
531	48    	0.226622 	0.151095 	-0.02     	0.722775
532	47    	0.234572 	0.141036 	-0.02     	0.61397 
533	48    	0.266257 	0.144904 	-0.018    	0.703187
534	45    	0.272521 	0.152548 	-0.0166666	0.730197
535	44    	0.286046 	0.156246 	-0.0233333	0.731852
536	46    	0.272821 	0.173391 	-0.0166667	0.742219
537	44    	0.3014   	0.186198 	-0.0177778	0.742219
538	45    	0.253657 	0.187614 	-0.02     	0.742219
539	45    	0.289372 	0.202403 	-0.0228572	0.873623
540	46    	0.255228 	0.167976 	-0.02     	0.873623
541	48    	0.252795 	0.146258 	-0.0199999	0.730223
542	43    	0.301656 	0.173994 	-0.02     	0.827206
543	48    	0.245358 	0.179442 	-0.02     	0.827206
544	46    	0.288918 	0.164544 	0.0855134 	0.827206
545	44    	0.228814 	0.145932 	-0.0175   	0.628425
546	48    	0.23571  	0.109804 	-0.0177777	0.433122
547	48    	0.244681 	0.105468 	-0.0166667	0.525023
548	49    	0.261    	0.104784 	0.0751814 	0.541063
549	46    	0.285174 	0.104705 	0.105895  	0.541063
550	45    	0.283993 	0.127688 	-0.02     	0.541063
551	48    	0.263725 	0.107055 	-0.0166667	0.541063
552	46    	0.272107 	0.125101 	-0.0228571	0.651027
553	48    	0.248372 	0.137177 	-0.0175   	0.521156
554	46    	0.288139 	0.147106 	-0.02     	0.72996 
555	49    	0.247076 	0.124125 	-0.02     	0.581112
556	46    	0.270768 	0.109154 	-0.0166667	0.471266
557	44    	0.272351 	0.114796 	-0.0166667	0.560214
558	46    	0.25733  	0.142534 	-0.02     	0.560214
559	47    	0.296638 	0.124389 	-0.0166667	0.560214
560	48    	0.276791 	0.128168 	-0.02     	0.615698
561	45    	0.285211 	0.130813 	-0.0175001	0.615698
562	44    	0.304232 	0.127363 	-0.02     	0.634635
563	47    	0.242373 	0.157586 	-0.02     	0.581205
564	45    	0.301072 	0.163803 	-0.02     	0.596291
565	46    	0.251129 	0.155491 	-0.0177778	0.596086
566	48    	0.252058 	0.149966 	-0.02     	0.686538
567	44    	0.284695 	0.119697 	-0.016    	0.596086
568	48    	0.31033  	0.0977519	0.0889721 	0.596086
569	49    	0.262307 	0.0880526	-0.0200001	0.432491
570	45    	0.28224  	0.131778 	-0.0175   	0.551764
571	46    	0.288289 	0.112142 	0.0788641 	0.53934 
572	46    	0.294848 	0.107125 	0.0662978 	0.53934 
573	46    	0.299859 	0.108252 	0.0741273 	0.53934 
574	46    	0.29629  	0.0962333	0.0991586 	0.53934 
575	47    	0.26979  	0.112108 	-0.018    	0.523212
576	44    	0.271143 	0.201388 	-1        	0.523212
577	45    	0.257641 	0.202712 	-1        	0.468969
578	45    	0.307279 	0.205073 	-1        	0.480521
579	45    	0.280247 	0.204821 	-1        	0.477193
580	49    	0.275002 	0.208822 	-1        	0.576613
581	47    	0.239891 	0.328402 	-1        	0.563666
582	45    	0.257507 	0.268816 	-1        	0.527198
583	47    	0.219482 	0.319916 	-1        	0.527198
584	44    	0.258846 	0.270823 	-1        	0.527198
585	47    	0.199563 	0.362652 	-1        	0.498005
586	48    	0.287519 	0.0796603	0.130351  	0.498005
587	45    	0.31964  	0.072569 	0.146975  	0.50547 
588	48    	0.249629 	0.265569 	-1        	0.459576
589	50    	0.243833 	0.26157  	-1        	0.467124
590	48    	0.303433 	0.0965619	0.0729173 	0.519138
591	47    	0.240589 	0.270488 	-1        	0.502342
592	42    	0.322667 	0.0995186	0.113439  	0.514546
593	47    	0.310345 	0.215666 	-1        	0.760781
594	44    	0.291252 	0.215543 	-1        	0.523271
595	50    	0.285143 	0.100367 	0.0838102 	0.550627
596	44    	0.196586 	0.334321 	-1        	0.556173
597	46    	0.235139 	0.216407 	-1        	0.556173
598	49    	0.294862 	0.102859 	0.0810205 	0.556173
599	46    	0.250391 	0.207743 	-1        	0.556173
600	47    	0.297986 	0.10514  	-0.0171428	0.543612
601	48    	0.289001 	0.0981896	-0.0133333	0.543612
602	45    	0.252763 	0.20763  	-1        	0.543612
603	47    	0.306581 	0.118739 	-0.0160001	0.543612
604	48    	0.265829 	0.0856766	0.0924343 	0.543612
605	47    	0.283932 	0.100153 	-0.0171429	0.588225
606	44    	0.233102 	0.273611 	-1        	0.588225
607	44    	0.314034 	0.0948611	0.115594  	0.588225
608	46    	0.30256  	0.0979909	-0.0171237	0.543612
609	43    	0.251364 	0.27114  	-1        	0.543612
610	45    	0.273194 	0.203771 	-1        	0.543612
611	50    	0.279177 	0.201239 	-1        	0.505094
612	43    	0.312201 	0.110488 	-0.0133333	0.514462
613	48    	0.293122 	0.119366 	-0.0171428	0.543706
614	45    	0.265608 	0.282711 	-1        	0.57539 
615	47    	0.325894 	0.127977 	-0.018    	0.639328
616	48    	0.291055 	0.156991 	-0.0177778	0.721858
617	49    	0.26903  	0.217152 	-1        	0.572982
618	45    	0.265308 	0.226942 	-1        	0.576504
619	45    	0.243281 	0.331815 	-1        	0.576504
620	46    	0.291023 	0.131032 	-0.025    	0.544225
621	45    	0.301573 	0.0981297	0.134744  	0.545665
622	47    	0.281791 	0.119887 	-0.0133334	0.545665
623	46    	0.28106  	0.167315 	-0.02     	0.730479
624	45    	0.27195  	0.149053 	-0.0166667	0.730479
625	44    	0.248055 	0.173904 	-0.0177778	0.730479
626	41    	0.308926 	0.178716 	-0.0160001	0.730479
627	47    	0.251641 	0.169654 	-0.0171429	0.730479
628	46    	0.236824 	0.178059 	-0.0175001	0.730479
629	48    	0.21235  	0.180047 	-0.02     	0.732116
630	44    	0.263742 	0.203483 	-0.02     	0.732116
631	46    	0.258649 	0.173882 	-0.0181818	0.732116
632	44    	0.299739 	0.186207 	-0.02     	0.732116
633	48    	0.227535 	0.194408 	-0.02     	0.741733
634	48    	0.256822 	0.173987 	-0.02     	0.619708
635	47    	0.241473 	0.135181 	-0.02     	0.543934
636	47    	0.269629 	0.127016 	-0.0171429	0.543934
637	47    	0.236805 	0.136399 	-0.02     	0.524052
638	46    	0.230095 	0.118049 	-0.0177777	0.524052
639	45    	0.264789 	0.115969 	-0.024    	0.524052
640	48    	0.257646 	0.138523 	-0.02     	0.666712
641	43    	0.258257 	0.144673 	-0.0175   	0.666712
642	45    	0.282748 	0.150327 	-0.02     	0.666712
643	46    	0.291068 	0.132055 	-0.0175   	0.658335
644	46    	0.265726 	0.148688 	-0.016    	0.652507
645	44    	0.258314 	0.16419  	-0.02     	0.652507
646	45    	0.276938 	0.13314  	-0.0171429	0.652507
647	41    	0.306301 	0.172838 	-0.02     	0.69218 
648	45    	0.279153 	0.183769 	-0.0199999	0.696674
649	45    	0.262623 	0.165437 	-0.02     	0.696674
650	42    	0.300878 	0.169397 	-0.0166667	0.696674
651	42    	0.310361 	0.168377 	-0.0181818	0.696674
652	44    	0.267446 	0.171249 	-0.02     	0.696674
653	45    	0.255356 	0.158642 	-0.02     	0.696674
654	46    	0.246411 	0.156515 	-0.0175   	0.660458
655	46    	0.2616   	0.159787 	-0.02     	0.660458
656	46    	0.240013 	0.146339 	-0.02     	0.538022
657	47    	0.258735 	0.150352 	-0.0177778	0.614213
658	45    	0.229628 	0.176804 	-0.0200001	0.614213
659	47    	0.252522 	0.151194 	-0.02     	0.700336
660	49    	0.23426  	0.115124 	-0.02     	0.511358
661	47    	0.252721 	0.120401 	-0.02     	0.612199
662	45    	0.297777 	0.134195 	-0.0177778	0.642775
663	45    	0.263638 	0.137561 	-0.018    	0.642775
664	45    	0.269752 	0.146332 	-0.0150001	0.642775
665	48    	0.286228 	0.106767 	0.0885979 	0.698685
666	44    	0.280134 	0.157024 	-0.0177778	0.698685
667	45    	0.263311 	0.180542 	-0.02     	0.698685
668	50    	0.247163 	0.123419 	-0.02     	0.718084
669	47    	0.261462 	0.178835 	-0.0175   	0.718084
670	45    	0.294327 	0.168089 	-0.02     	0.718084
671	47    	0.208276 	0.181541 	-0.0199999	0.718084
672	46    	0.276684 	0.187078 	-0.0175   	0.718084
673	47    	0.24372  	0.167748 	-0.02     	0.698961
674	46    	0.280855 	0.159443 	-0.0175   	0.698961
675	46    	0.281703 	0.20504  	-0.02     	0.732138
676	39    	0.373459 	0.215095 	-0.0159999	0.732138
677	45    	0.259189 	0.266744 	-0.02     	0.814356
678	45    	0.270176 	0.227419 	-0.0171429	0.814356
679	43    	0.279353 	0.263819 	-0.02     	0.814356
680	46    	0.30162  	0.245016 	-0.02     	0.840104
681	48    	0.233745 	0.20058  	-0.0199999	0.840104
682	45    	0.304879 	0.225145 	-0.0166667	0.813417
683	45    	0.305376 	0.221069 	-0.0175   	0.813417
684	43    	0.276142 	0.214793 	-0.0166667	0.813417
685	47    	0.243211 	0.207236 	-0.0199999	0.813417
686	48    	0.190129 	0.169666 	-0.0175   	0.813417
687	45    	0.230052 	0.136483 	-0.02     	0.607209
688	46    	0.271626 	0.139347 	-0.0175   	0.607209
689	43    	0.268165 	0.1633   	-0.02     	0.723162
690	49    	0.299527 	0.18726  	-0.0171429	0.822948
691	46    	0.305964 	0.160996 	0.0816682 	0.822948
692	49    	0.23227  	0.173321 	-0.0200001	0.825765
693	46    	0.24624  	0.172648 	-0.0171428	0.825765
694	47    	0.240761 	0.173699 	-0.0199998	0.822948
695	46    	0.22471  	0.170854 	-0.02     	0.822948
696	48    	0.215968 	0.199761 	-0.0177778	0.822948
697	46    	0.191598 	0.148308 	-0.02     	0.65228 
698	47    	0.247405 	0.14048  	-0.02     	0.663992
699	45    	0.298197 	0.192555 	-0.0199999	0.812118
700	48    	0.262803 	0.130867 	-0.0133333	0.601348
701	48    	0.249242 	0.122351 	-0.0171429	0.592086
702	46    	0.296468 	0.105754 	0.0992201 	0.625657
703	46    	0.28148  	0.115939 	-0.0133332	0.612076
704	45    	0.248219 	0.15317  	-0.0171429	0.612076
705	44    	0.264003 	0.140034 	-0.02     	0.612076
706	45    	0.241679 	0.159902 	-0.0199999	0.612076
707	47    	0.233435 	0.14476  	-0.0177778	0.612076
708	46    	0.246354 	0.154558 	-0.02     	0.612076
709	42    	0.291112 	0.158522 	0.0542519 	0.612076
710	48    	0.238314 	0.142997 	-0.02     	0.612076
711	45    	0.268523 	0.152423 	-0.0175   	0.612076
712	48    	0.241063 	0.120159 	-0.02     	0.540491
713	47    	0.226612 	0.144569 	-0.0177778	0.491868
714	47    	0.262425 	0.122328 	-0.02     	0.491868
715	47    	0.276031 	0.115498 	-0.0177778	0.491868
716	45    	0.264433 	0.126583 	-0.02     	0.518132
717	47    	0.276827 	0.120877 	-0.0177778	0.525158
718	47    	0.29274  	0.0930893	0.11616   	0.489906
719	44    	0.261192 	0.217295 	-1        	0.5058  
720	49    	0.273094 	0.210996 	-1        	0.60267 
721	46    	0.261899 	0.216102 	-1        	0.530889
722	49    	0.25939  	0.215775 	-1        	0.654365
723	45    	0.306928 	0.132515 	0.0779391 	0.654365
724	46    	0.294185 	0.178622 	-0.0200001	0.811396
725	45    	0.245963 	0.238651 	-1        	0.824689
726	45    	0.26597  	0.197361 	-0.016    	0.824689
727	47    	0.289437 	0.186913 	-0.02     	0.824689
728	47    	0.265689 	0.187012 	-0.02     	0.824689
729	43    	0.323932 	0.170185 	-0.0174999	0.742925
730	46    	0.286381 	0.137152 	-0.02     	0.624456
731	44    	0.291743 	0.140004 	0.110658  	0.667271
732	45    	0.303744 	0.181387 	-0.015    	0.721469
733	47    	0.313735 	0.168607 	-0.015    	0.721469
734	49    	0.273913 	0.15009  	-0.0171428	0.721469
735	47    	0.283165 	0.118586 	0.0429606 	0.602998
736	44    	0.301454 	0.127221 	-0.0160001	0.602231
737	47    	0.296573 	0.145062 	-0.02     	0.674817
738	43    	0.282857 	0.146034 	-0.0177778	0.695417
739	47    	0.307157 	0.156585 	-0.016    	0.812825
740	45    	0.326786 	0.171629 	-0.0183334	0.812825
741	46    	0.288697 	0.190085 	-0.02     	0.812825
742	45    	0.275307 	0.143098 	-0.0166666	0.595896
743	47    	0.301615 	0.111175 	-0.02     	0.595896
744	48    	0.27873  	0.108037 	-0.016    	0.580745
745	44    	0.306647 	0.113049 	0.0924146 	0.580745
746	42    	0.292839 	0.137401 	-0.02     	0.580745
747	47    	0.280425 	0.109719 	-0.02     	0.50933 
748	46    	0.287417 	0.0778238	0.110505  	0.505997
749	46    	0.26864  	0.0887379	0.0915059 	0.508281
750	45    	0.294601 	0.0867357	0.102438  	0.508281
751	46    	0.3009   	0.0902572	0.0612534 	0.508281
752	49    	0.289886 	0.0847168	-0.016    	0.421405
753	48    	0.235338 	0.260216 	-1        	0.411334
754	44    	0.290107 	0.093408 	-0.0133333	0.435472
755	47    	0.311563 	0.087578 	0.0721143 	0.513853
756	45    	0.316061 	0.111994 	0.0951033 	0.513853
757	46    	0.295164 	0.099313 	-0.0133332	0.513853
758	49    	0.297468 	0.0893013	-0.00506809	0.531061
759	47    	0.229288 	0.373754 	-1         	0.635189
760	47    	0.239725 	0.329114 	-1         	0.639746
761	46    	0.207172 	0.31892  	-1         	0.639746
762	45    	0.304978 	0.215346 	-1         	0.639746
763	47    	0.302244 	0.108715 	0.120797   	0.639746
764	44    	0.320928 	0.118855 	0.0944857  	0.639746
765	44    	0.286652 	0.222129 	-1         	0.639746
766	42    	0.352046 	0.133919 	-0.015     	0.698051
767	44    	0.324866 	0.137111 	0.0907878  	0.698051
768	48    	0.285717 	0.112694 	0.0893177  	0.639746
769	47    	0.325645 	0.102165 	0.129143   	0.639746
770	48    	0.256633 	0.211311 	-1         	0.55261 
771	47    	0.00606581	0.539422 	-1         	0.446101
772	50    	0.254225  	0.201035 	-1         	0.485481
773	48    	0.291671  	0.113792 	-0.0175    	0.485481
774	49    	0.2885    	0.103362 	-0.018     	0.498314
775	43    	0.269812  	0.273068 	-1         	0.485   
776	43    	0.268154  	0.216891 	-1         	0.587067
777	48    	0.0966627 	0.485238 	-1         	0.582478
778	47    	0.267823  	0.217371 	-1         	0.582478
779	46    	0.280294  	0.208309 	-1         	0.582478
780	43    	0.248442  	0.281991 	-1         	0.53069 
781	42    	0.299     	0.127165 	-0.02      	0.53069 
782	47    	0.263431  	0.214633 	-1         	0.550881
783	43    	0.281851  	0.217381 	-1         	0.550881
784	47    	0.23515   	0.28803  	-1         	0.617265
785	47    	0.30515   	0.0999027	0.0738274  	0.617265
786	45    	0.287024  	0.212161 	-1         	0.594029
787	48    	0.282989  	0.111497 	-0.0171428 	0.534672
788	49    	0.272061  	0.136112 	-0.018     	0.571762
789	44    	0.314408  	0.117736 	0.0923628  	0.5548  
790	48    	0.265434  	0.142615 	-0.02      	0.647898
791	48    	0.278232  	0.137684 	-0.0177777 	0.546593
792	45    	0.258718  	0.146505 	-0.02      	0.563063
793	47    	0.29536   	0.131602 	-0.0177778 	0.563063
794	50    	0.27243   	0.0951634	0.0878009  	0.476817
795	49    	0.262959  	0.120626 	-0.0171429 	0.476817
796	48    	0.278164  	0.0990792	0.0764283  	0.484918
797	50    	0.265756  	0.101359 	-0.016     	0.51382 
798	45    	0.294992  	0.111565 	-0.0183333 	0.574791
799	48    	0.260736  	0.130612 	-0.018     	0.729316
800	46    	0.286562  	0.168115 	-0.018     	0.729316
801	47    	0.323408  	0.162957 	-0.0181819 	0.729316
802	48    	0.217971  	0.171974 	-0.018     	0.728653
803	45    	0.258695  	0.156967 	-0.018     	0.603814
804	46    	0.26373   	0.13571  	-0.0175    	0.603814
805	47    	0.270726  	0.110641 	-0.0228572 	0.522437
806	46    	0.311437  	0.137778 	-0.0177778 	0.739913
807	49    	0.268273  	0.127883 	-0.0166667 	0.613467
808	45    	0.257519  	0.147061 	-0.0175    	0.608255
809	46    	0.257429  	0.167613 	-0.0181819 	0.615252
810	47    	0.292286  	0.1574   	-0.02      	0.615252
811	45    	0.303602  	0.16175  	-0.0177778 	0.841026
812	48    	0.24769   	0.159393 	-0.0171428 	0.841026
813	45    	0.283431  	0.137024 	-0.02      	0.627862
814	48    	0.258086  	0.142931 	-0.0171429 	0.756561
815	46    	0.279669  	0.116858 	-0.0174998 	0.49606 
816	48    	0.238828  	0.108847 	-0.02      	0.49606 
817	49    	0.259253  	0.116721 	-0.0175    	0.502203
818	46    	0.278299  	0.113021 	-0.0171429 	0.61408 
819	46    	0.269766  	0.109061 	0.0752378  	0.61408 
820	46    	0.27233   	0.11652  	0.0725961  	0.61408 
821	50    	0.266294  	0.112851 	-0.016     	0.533483
822	44    	0.304863  	0.107722 	0.100003   	0.56121 
823	42    	0.30191   	0.123575 	-0.015     	0.56121 
824	44    	0.312762  	0.147725 	-0.0171427 	0.654883
825	46    	0.29345   	0.105366 	0.0802375  	0.602974
826	48    	0.291599  	0.0964919	0.108649   	0.602974
827	48    	0.26483   	0.206187 	-1         	0.602974
828	41    	0.312849  	0.216936 	-1         	0.660046
829	45    	0.309071  	0.152558 	-0.015     	0.660046
830	47    	0.285442  	0.118364 	-0.0175    	0.660046
831	46    	0.291659  	0.0964289	0.0324545  	0.54509 
832	45    	0.309916  	0.0977691	-0.01      	0.490282
833	48    	0.288462  	0.0975846	0.0835856  	0.56609 
834	48    	0.268012  	0.0905246	-0.0150001 	0.562728
835	47    	0.27335   	0.0836472	0.0935921  	0.562728
836	49    	0.253624  	0.196763 	-1         	0.52766 
837	44    	0.299044  	0.0797991	0.12385    	0.52766 
838	46    	0.293964  	0.0826778	0.14659    	0.532092
839	48    	0.329632  	0.0731986	0.107604   	0.518607
840	48    	0.228929  	0.321301 	-1         	0.518607
841	44    	0.255007  	0.275508 	-1         	0.555706
842	49    	0.103855  	0.488593 	-1         	0.537534
843	47    	0.0569384 	0.53434  	-1         	0.545064
844	46    	0.119037  	0.458107 	-1         	0.477379
845	49    	0.114054  	0.454219 	-1         	0.429831
846	46    	0.0510104 	0.532848 	-1         	0.599745
847	46    	0.211986  	0.370021 	-1         	0.599745
848	44    	0.264597  	0.277518 	-1         	0.599745
849	48    	0.237247  	0.266776 	-1         	0.522338
850	47    	0.277409  	0.222893 	-1         	0.694701
851	47    	0.283559  	0.157804 	-0.018     	0.702382
852	45    	0.24392   	0.298927 	-1         	0.702382
853	44    	0.249103  	0.250801 	-1         	0.811396
854	39    	0.294679  	0.231733 	-0.017143  	0.811396
855	42    	0.292259  	0.241349 	-0.02      	0.813756
856	46    	0.260412  	0.226812 	-0.02      	0.813756
857	45    	0.235462  	0.225497 	-0.02      	0.813756
858	47    	0.19035   	0.194039 	-0.02      	0.813756
859	44    	0.231574  	0.192955 	-0.0171429 	0.813756
860	47    	0.239304  	0.178682 	-0.0171429 	0.703401
861	44    	0.233302  	0.205948 	-0.0199999 	0.705141
862	45    	0.220317  	0.171988 	-0.02      	0.706014
863	44    	0.232294  	0.196186 	-0.0171428 	0.706014
864	46    	0.218087  	0.187096 	-0.0174999 	0.706014
865	47    	0.223928  	0.191636 	-0.02      	0.813708
866	49    	0.205336  	0.175526 	-0.0171429 	0.813756
867	46    	0.193442  	0.202627 	-0.0171429 	0.812825
868	49    	0.204467  	0.132713 	-0.0171429 	0.601631
869	44    	0.198467  	0.140644 	-0.016     	0.601631
870	48    	0.18138   	0.140414 	-0.02      	0.515996
871	44    	0.226473  	0.139014 	-0.0200001 	0.581238
872	47    	0.213443  	0.156539 	-0.02      	0.590046
873	50    	0.191563  	0.140035 	-0.0175001 	0.604129
874	46    	0.254138  	0.150071 	-0.0166667 	0.710726
875	47    	0.201137  	0.142312 	-0.0171428 	0.710726
876	45    	0.232706  	0.111622 	-0.0225    	0.499368
877	45    	0.26767   	0.10193  	-0.0175    	0.507173
878	47    	0.255686  	0.128241 	-0.0177778 	0.515755
879	46    	0.272537  	0.144701 	-0.0175    	0.706637
880	46    	0.275781  	0.154595 	-0.0171429 	0.706637
881	47    	0.224183  	0.16572  	-0.0199999 	0.726745
882	48    	0.238584  	0.139987 	-0.0166668 	0.706637
883	47    	0.234446  	0.143627 	-0.02      	0.581443
884	46    	0.265915  	0.178559 	-0.0166667 	0.693487
885	44    	0.229189  	0.178589 	-0.0177778 	0.693487
886	44    	0.268004  	0.164248 	-0.0171428 	0.693487
887	43    	0.272465  	0.202259 	-0.0171429 	0.706575
888	49    	0.169785  	0.133708 	-0.02      	0.581443
889	48    	0.197483  	0.142804 	-0.02      	0.581443
890	44    	0.193219  	0.16701  	-0.0175    	0.581443
891	46    	0.212998  	0.142134 	-0.0171429 	0.581443
892	46    	0.216619  	0.157963 	-0.0200001 	0.693092
893	49    	0.20725   	0.139088 	-0.016     	0.505999
894	45    	0.234665  	0.167402 	-0.02      	0.58318 
895	44    	0.219732  	0.171795 	-0.02      	0.58318 
896	43    	0.220438  	0.184839 	-0.0166667 	0.58318 
897	46    	0.229812  	0.207673 	-0.02      	0.646154
898	44    	0.225982  	0.201322 	-0.0175    	0.646154
899	49    	0.213157  	0.168274 	-0.02      	0.576681
900	48    	0.257817  	0.158803 	-0.0200001 	0.64763 
901	42    	0.302033  	0.188154 	-0.02      	0.64763 
902	41    	0.32461   	0.186944 	-0.0175    	0.64763 
903	45    	0.290116  	0.180191 	-0.0171429 	0.647925
904	45    	0.27216   	0.169172 	-0.0174999 	0.647925
905	44    	0.30965   	0.159237 	0.0991795  	0.64763 
906	49    	0.266647  	0.138791 	-0.0171428 	0.667439
907	50    	0.255889  	0.121108 	-0.0171428 	0.706515
908	45    	0.218458  	0.128355 	-0.02      	0.614608
909	47    	0.277454  	0.167132 	-0.0177777 	0.706234
910	46    	0.283566  	0.179343 	-0.0166667 	0.750768
911	45    	0.280427  	0.179966 	-0.02      	0.750768
912	45    	0.287939  	0.170136 	-0.0177778 	0.706575
913	47    	0.274653  	0.160713 	-0.0171428 	0.706575
914	46    	0.257101  	0.141137 	-0.0175    	0.634665
915	47    	0.23806   	0.162556 	-0.0199999 	0.750869
916	46    	0.247672  	0.16875  	-0.0175    	0.64835 
917	44    	0.281167  	0.173554 	-0.02      	0.64835 
918	47    	0.274698  	0.155116 	-0.0174996 	0.64835 
919	44    	0.315153  	0.195504 	-0.0171429 	0.760722
920	44    	0.297266  	0.198543 	-0.0166667 	0.760722
921	48    	0.268063  	0.174858 	-0.0177778 	0.760722
922	46    	0.234051  	0.199749 	-0.02      	0.760722
923	47    	0.255321  	0.159459 	-0.0177779 	0.592245
924	45    	0.286517  	0.176391 	-0.02      	0.652555
925	49    	0.228959  	0.138316 	-0.02      	0.588024
926	46    	0.252016  	0.117872 	-0.0166667 	0.580445
927	46    	0.251282  	0.122117 	-0.0166667 	0.493583
928	45    	0.289694  	0.118806 	-0.015     	0.580202
929	46    	0.280219  	0.115252 	-0.0175001 	0.546089
930	47    	0.288216  	0.100008 	0.033939   	0.605892
931	48    	0.303474  	0.120427 	-0.02      	0.666296
932	48    	0.232422  	0.101332 	-0.0166667 	0.47573 
933	46    	0.261614  	0.128582 	-0.0166667 	0.591519
934	45    	0.289825  	0.126304 	-0.018     	0.591519
935	46    	0.259325  	0.141686 	-0.02      	0.591519
936	43    	0.286218  	0.165358 	-0.02      	0.615504
937	44    	0.29481   	0.171279 	-0.0228571 	0.689268
938	47    	0.294857  	0.173908 	-0.0166667 	0.812977
939	48    	0.254521  	0.184591 	-0.02      	0.802666
940	45    	0.275141  	0.177307 	-0.0199999 	0.689268
941	46    	0.256803  	0.177445 	-0.0181818 	0.688378
942	42    	0.251812  	0.191112 	-0.0171429 	0.58128 
943	44    	0.260391  	0.164211 	-0.0166667 	0.58128 
944	48    	0.192176  	0.162872 	-0.0175    	0.58128 
945	48    	0.210354  	0.147281 	-0.0171429 	0.581205
946	45    	0.243096  	0.153695 	-0.0225    	0.581205
947	44    	0.19103   	0.186388 	-0.0171428 	0.581205
948	49    	0.220568  	0.183329 	-0.02      	0.729233
949	48    	0.211798  	0.139943 	-0.018     	0.51442 
950	48    	0.225092  	0.18136  	-0.02      	0.812977
951	48    	0.217718  	0.135481 	-0.0166667 	0.583785
952	47    	0.226344  	0.170159 	-0.0175    	0.583785
953	48    	0.208666  	0.159372 	-0.02      	0.583785
954	45    	0.255791  	0.158937 	-0.02      	0.583818
955	46    	0.195739  	0.181704 	-0.02      	0.687227
956	46    	0.225943  	0.187859 	-0.0200001 	0.812083
957	49    	0.19945   	0.198834 	-0.0181818 	0.705123
958	46    	0.246286  	0.174135 	-0.0177778 	0.812083
959	44    	0.219523  	0.189953 	-0.02      	0.812083
960	45    	0.264014  	0.20338  	-0.016     	0.812825
961	47    	0.273495  	0.213323 	-0.0166667 	0.812825
962	45    	0.284572  	0.198991 	-0.0177778 	0.812825
963	48    	0.234984  	0.194488 	-0.0166667 	0.812977
964	43    	0.260917  	0.177104 	-0.0166667 	0.812308
965	47    	0.276788  	0.18303  	-0.02      	0.812308
966	45    	0.256138  	0.176217 	-0.0166667 	0.812308
967	46    	0.23833   	0.205598 	-0.02      	0.812308
968	44    	0.273513  	0.183448 	-0.02      	0.812308
969	47    	0.236487  	0.185011 	-0.02      	0.812308
970	45    	0.226542  	0.167295 	-0.0166667 	0.577362
971	46    	0.310156  	0.151562 	-0.016     	0.588468
972	47    	0.270762  	0.136046 	-0.0166667 	0.577362
973	43    	0.307908  	0.141216 	-0.0183333 	0.604761
974	44    	0.271444  	0.128785 	-0.02      	0.537388
975	45    	0.265035  	0.148248 	-0.0166666 	0.619089
976	42    	0.298336  	0.125742 	-0.0166667 	0.633594
977	41    	0.323831  	0.133442 	0.100028   	0.633594
978	43    	0.29921   	0.146027 	-0.02      	0.619089
979	45    	0.300909  	0.139251 	-0.0175    	0.619089
980	45    	0.279826  	0.151486 	-0.0160001 	0.619089
981	47    	0.220169  	0.115679 	-0.0180001 	0.420155
982	45    	0.278494  	0.115143 	-0.0177778 	0.582884
983	44    	0.292803  	0.126884 	-0.0175    	0.582884
984	48    	0.278544  	0.122423 	0.06332    	0.582884
985	44    	0.31576   	0.113196 	0.0965103  	0.582884
986	45    	0.285467  	0.121233 	0.0789212  	0.582884
987	46    	0.270598  	0.141274 	-0.0171428 	0.582884
988	50    	0.27823   	0.120114 	-0.016     	0.707958
989	47    	0.286774  	0.154689 	-0.015     	0.776878
990	46    	0.318241  	0.180808 	-0.0171428 	0.776878
991	45    	0.292201  	0.165895 	0.0481116  	0.776878
992	49    	0.295052  	0.123166 	0.0997989  	0.734494
993	47    	0.277051  	0.143555 	-0.02      	0.734494
994	45    	0.310476  	0.141222 	-0.0133333 	0.734494
995	45    	0.307496  	0.154674 	-0.016     	0.734494
996	45    	0.309838  	0.163246 	-0.02      	0.734494
997	48    	0.248991  	0.142691 	-0.02      	0.734494
998	44    	0.256064  	0.141564 	-0.0177778 	0.865671
999	47    	0.274977  	0.162416 	-0.02      	0.865671
1000	46    	0.293855  	0.13734  	-0.0166665 	0.865671