Argument values: path=C:\Users\1625203\Downloads\Framsticks50rc22\Framsticks50rc22, lib=None, sim=eval-allcriteria.sim;deterministic.sim;sample-period-2.sim;f9-mut-030.sim, genformat=None, initialgenotype=/*9*/BLU, opt=vertpos, popsize=50, generations=1000, tournament=10, pmut=0.9, pxov=0.2, hof_size=1, hof_savefile=None, max_numparts=30, max_numjoints=None, max_numneurons=None, max_numconnections=None, max_numgenochars=50
Using Framsticks version: 5.0rc22
Home (writable) dir     : C:\Users\1625203\Downloads\Framsticks50rc22\Framsticks50rc22\data
Resources dir           : C:\Users\1625203\Downloads\Framsticks50rc22\Framsticks50rc22\data

Available objects: ['CheckpointEvent', 'Collision', 'CrCollision', 'Creature', 'CreatureSettings', 'CreatureSignals', 'CreatureSnapshot', 'Dictionary', 'ExpProperties', 'ExpState', 'ExtValue', 'File', 'FunctionReference', 'GenMan', 'GenManStats', 'GenePool', 'GenePools', 'Geno', 'Genotype', 'Interface', 'Joint', 'Loader', 'Math', 'MechJoint', 'MechPart', 'MessageCatcher', 'Model', 'ModelGeometry', 'ModelSymmetry', 'Neuro', 'NeuroClass', 'NeuroClassLibrary', 'NeuroDef', 'NeuroSignals', 'NeuronsSimEnabled', 'ODE', 'Orient', 'Part', 'Population', 'Populations', 'Ref', 'Signal', 'SignalView', 'SimilMeasure', 'SimilMeasureDistribution', 'SimilMeasureGreedy', 'SimilMeasureHungarian', 'Simulator', 'SlaveSimulators', 'StopEvent', 'String', 'UserScripts', 'Vector', 'WireframeAppearance', 'World', 'WorldMap', 'WorldSignals', 'XYZ', '__builtins__', '__cached__', '__doc__', '__file__', '__loader__', '__name__', '__package__', '__spec__', 'c_api', 'ctypes', 'home_dir', 'init', 'os', 're', 'res_dir', 'sim_params', 'stats', 'sys']

Performing a basic test 1/2... OK.
Performing a basic test 2/2... OK.
Using settings: ['eval-allcriteria.sim', 'deterministic.sim', 'sample-period-2.sim', 'f9-mut-030.sim']
gen	nevals	avg     	stddev	min     	max     
0  	50    	0.218369	0     	0.218369	0.218369
1  	46    	0.0627874	0.106591	-0.016  	0.356517
2  	48    	0.0956612	0.130829	-0.0160001	0.514611
3  	45    	0.141406 	0.162015	-0.0166667	0.515522
4  	49    	0.175508 	0.167068	-0.02     	0.582913
5  	47    	0.231079 	0.159783	-0.02     	0.583187
6  	45    	0.239298 	0.187515	-0.0166667	0.583187
7  	46    	0.245207 	0.195021	-0.0166667	0.693234
8  	43    	0.255643 	0.227644	-0.0171428	0.702709
9  	46    	0.213496 	0.208459	-0.0171429	0.702709
10 	44    	0.22315  	0.196141	-0.0166667	0.702709
11 	47    	0.220444 	0.212511	-0.02     	0.702709
12 	49    	0.204824 	0.168904	-0.0171428	0.70633 
13 	45    	0.21676  	0.15315 	-0.02     	0.706431
14 	45    	0.26649  	0.197082	-0.02     	0.706431
15 	47    	0.255106 	0.192094	-0.016    	0.706431
16 	44    	0.233437 	0.220383	-0.0175   	0.706431
17 	47    	0.217403 	0.1826  	-0.0171428	0.706431
18 	47    	0.193658 	0.139412	-0.0200001	0.560599
19 	43    	0.27774  	0.141702	-0.0171429	0.628671
20 	47    	0.277259 	0.186325	-0.0181818	0.702954
21 	49    	0.257105 	0.150685	-0.0180001	0.703303
22 	41    	0.294395 	0.177594	-0.0171429	0.703303
23 	44    	0.251028 	0.180474	-0.0171429	0.703303
24 	48    	0.258496 	0.152696	-0.0175   	0.698452
25 	47    	0.24729  	0.175588	-0.0171429	0.698452
26 	47    	0.263932 	0.208482	-0.02     	0.70328 
27 	46    	0.310974 	0.18979 	-0.02     	0.800245
28 	45    	0.312551 	0.215934	-0.0175   	0.800245
29 	49    	0.216309 	0.171881	-0.02     	0.703179
30 	46    	0.268534 	0.171126	-0.0166666	0.731322
31 	45    	0.270207 	0.205989	-0.0171429	0.731322
32 	48    	0.252695 	0.201482	-0.0175   	0.731322
33 	46    	0.307512 	0.203958	-0.02     	0.731322
34 	44    	0.343417 	0.21082 	-0.016    	0.731322
35 	43    	0.274808 	0.23357 	-0.0175   	0.731322
36 	49    	0.224324 	0.181088	-0.0200001	0.731322
37 	43    	0.251858 	0.178142	-0.0166667	0.703753
38 	48    	0.244341 	0.153375	-0.02     	0.706539
39 	44    	0.269036 	0.18606 	-0.0177778	0.716524
40 	47    	0.275481 	0.199514	-0.02     	0.716524
41 	48    	0.271395 	0.19029 	-0.0166667	0.706539
42 	45    	0.342761 	0.20623 	-0.0171429	0.729979
43 	49    	0.26085  	0.194274	-0.02     	0.729979
44 	49    	0.244843 	0.212305	-0.0171428	0.729998
45 	48    	0.274863 	0.186016	-0.0175   	0.720048
46 	45    	0.283538 	0.196782	-0.02     	0.720048
47 	49    	0.257129 	0.175441	-0.0171429	0.615046
48 	45    	0.29975  	0.206764	-0.0166667	0.797563
49 	47    	0.333678 	0.204267	-0.0166667	0.720053
50 	50    	0.287572 	0.193141	-0.02     	0.730197
51 	45    	0.308168 	0.218173	-0.0171385	0.736027
52 	46    	0.307506 	0.226462	-0.02     	0.83112 
53 	48    	0.307013 	0.223688	-0.02     	0.83112 
54 	44    	0.302165 	0.241852	-0.02     	0.83112 
55 	44    	0.308329 	0.25775 	-0.02     	0.83112 
56 	46    	0.286982 	0.231622	-0.02     	0.83112 
57 	48    	0.244797 	0.208847	-0.0175   	0.730197
58 	47    	0.256161 	0.185717	-0.0199999	0.730197
59 	45    	0.275186 	0.183012	-0.0175   	0.730197
60 	44    	0.336478 	0.205074	-0.0171427	0.730197
61 	48    	0.310009 	0.198362	-0.0177778	0.730197
62 	46    	0.314265 	0.193356	-0.0166667	0.730197
63 	48    	0.249517 	0.203667	-0.0174999	0.706596
64 	44    	0.265452 	0.215353	-0.0171429	0.703753
65 	49    	0.226669 	0.163846	-0.02     	0.703753
66 	46    	0.255569 	0.181542	-0.02     	0.729565
67 	46    	0.240455 	0.174837	-0.02     	0.70647 
68 	50    	0.223831 	0.173754	-0.0199999	0.70647 
69 	46    	0.299032 	0.209013	-0.0199999	0.729998
70 	45    	0.272732 	0.22282 	-0.02     	0.729998
71 	47    	0.261559 	0.211263	-0.02     	0.729998
72 	49    	0.210673 	0.137652	-0.0171428	0.729979
73 	46    	0.226235 	0.127502	-0.02     	0.517242
74 	45    	0.282151 	0.162163	-0.0171428	0.649746
75 	47    	0.228064 	0.160087	-0.02     	0.614437
76 	45    	0.266562 	0.170602	-0.02     	0.616816
77 	47    	0.281077 	0.195692	-0.0174999	0.813981
78 	44    	0.342632 	0.227123	-0.0166665	0.813981
79 	47    	0.287929 	0.211338	-0.02     	0.706433
80 	48    	0.274759 	0.193806	-0.0175   	0.706046
81 	44    	0.262071 	0.203872	-0.0175   	0.725831
82 	45    	0.22974  	0.208483	-0.02     	0.725831
83 	46    	0.26024  	0.202789	-0.02     	0.725831
84 	43    	0.310222 	0.210768	-0.02     	0.726259
85 	47    	0.209885 	0.218654	-0.0181818	0.726259
86 	46    	0.259741 	0.194555	-0.0177778	0.726259
87 	44    	0.317455 	0.212804	-0.0175   	0.83096 
88 	45    	0.250726 	0.207979	-0.0177778	0.726259
89 	47    	0.279259 	0.164899	-0.016    	0.615849
90 	45    	0.277121 	0.18978 	-0.0175   	0.693559
91 	45    	0.245492 	0.171973	-0.0175   	0.616815
92 	43    	0.25842  	0.182164	-0.0171429	0.698689
93 	44    	0.278871 	0.180367	-0.02     	0.706077
94 	42    	0.286419 	0.194872	-0.0171427	0.706077
95 	45    	0.288865 	0.180914	-0.0171429	0.706077
96 	45    	0.243607 	0.200403	-0.02     	0.705921
97 	47    	0.288602 	0.2043  	-0.0166667	0.706285
98 	47    	0.276238 	0.190201	-0.0175   	0.705921
99 	48    	0.27252  	0.208283	-0.0171429	0.706539
100	46    	0.276137 	0.221882	-0.0166667	0.706539
101	44    	0.280411 	0.232779	-0.0171429	0.706539
102	47    	0.283926 	0.225254	-0.02     	0.837855
103	45    	0.304281 	0.21914 	-0.02     	0.706539
104	46    	0.345433 	0.223008	-0.02     	0.706539
105	46    	0.304001 	0.20352 	-0.0199999	0.706539
106	44    	0.278119 	0.215514	-0.0175   	0.730348
107	47    	0.219451 	0.182244	-0.0171429	0.73019 
108	46    	0.231859 	0.17215 	-0.02     	0.693441
109	44    	0.26574  	0.203946	-0.0166667	0.705972
110	44    	0.318044 	0.221691	-0.02     	0.706539
111	48    	0.252413 	0.216327	-0.02     	0.706539
112	47    	0.212925 	0.192969	-0.0171429	0.702842
113	45    	0.23022  	0.193044	-0.02     	0.702709
114	45    	0.198196 	0.183956	-0.02     	0.702709
115	48    	0.219382 	0.207844	-0.0200001	0.706431
116	46    	0.265936 	0.227678	-0.0171429	0.706431
117	45    	0.263281 	0.227419	-0.02     	0.706431
118	43    	0.287838 	0.227424	-0.0171429	0.706637
119	47    	0.206941 	0.179602	-0.02     	0.706107
120	47    	0.217738 	0.154592	-0.0171429	0.582913
121	45    	0.277068 	0.177801	-0.0175   	0.582956
122	49    	0.181969 	0.171248	-0.02     	0.582913
123	46    	0.260042 	0.157445	-0.0166667	0.58561 
124	49    	0.172506 	0.15378 	-0.02     	0.434673
125	48    	0.255428 	0.171495	-0.02     	0.706539
126	44    	0.295037 	0.180808	-0.0166666	0.706539
127	46    	0.237635 	0.181094	-0.0179999	0.654077
128	44    	0.234661 	0.165898	-0.02     	0.654077
129	48    	0.202465 	0.150546	-0.02     	0.654077
130	47    	0.250464 	0.158745	-0.02     	0.654077
131	46    	0.193159 	0.175826	-0.0175   	0.654077
132	47    	0.182466 	0.177584	-0.0171429	0.695964
133	39    	0.244049 	0.204456	-0.0166667	0.695964
134	43    	0.198487 	0.208226	-0.02     	0.583036
135	48    	0.156039 	0.186772	-0.0171428	0.58318 
136	44    	0.291227 	0.20505 	-0.0166667	0.58318 
137	47    	0.216166 	0.209069	-0.0166667	0.695373
138	43    	0.25668  	0.244257	-0.02     	0.812977
139	46    	0.216681 	0.209818	-0.02     	0.695373
140	47    	0.239325 	0.20114 	-0.0166667	0.703466
141	47    	0.215183 	0.192244	-0.0171429	0.703466
142	46    	0.243165 	0.202193	-0.0171429	0.811396
143	48    	0.141904 	0.150703	-0.0171429	0.515996
144	45    	0.213693 	0.159925	-0.016    	0.583187
145	44    	0.239689 	0.16598 	-0.0166667	0.583187
146	48    	0.19947  	0.175458	-0.0171428	0.583225
147	46    	0.193964 	0.194922	-0.0177778	0.594251
148	48    	0.254045 	0.153361	-0.0166667	0.712398
149	45    	0.202268 	0.190327	-0.0199999	0.712398
150	49    	0.228714 	0.143945	-0.0175   	0.613535
151	49    	0.243053 	0.147221	-0.0160001	0.601289
152	50    	0.21263  	0.171847	-0.0175   	0.614013
153	46    	0.316887 	0.137462	-0.0171426	0.644585
154	43    	0.330469 	0.168777	-0.0175   	0.736126
155	45    	0.352549 	0.175615	-0.0166666	0.736126
156	46    	0.350627 	0.187484	-0.0150001	0.736126
157	44    	0.335978 	0.193379	-0.0166666	0.736126
158	49    	0.267288 	0.189022	-0.0171428	0.856297
159	47    	0.252515 	0.17646 	-0.02     	0.856297
160	47    	0.226341 	0.161077	-0.02     	0.594213
161	49    	0.280017 	0.151936	-0.0179999	0.710762
162	46    	0.300528 	0.169375	-0.0171429	0.710762
163	47    	0.3031   	0.165799	-0.01     	0.710762
164	43    	0.299793 	0.169791	-0.016    	0.710762
165	50    	0.284254 	0.166698	-0.0166666	0.651164
166	45    	0.317119 	0.147014	-0.0177777	0.645962
167	45    	0.332827 	0.141164	-0.0181818	0.645962
168	46    	0.329288 	0.161187	-0.0159999	0.645962
169	47    	0.337548 	0.15519 	-0.0171429	0.645962
170	45    	0.323084 	0.152763	0.0788746 	0.645962
171	46    	0.335743 	0.184226	-0.0184615	0.943746
172	43    	0.372467 	0.217579	-0.0166666	0.943746
173	45    	0.334273 	0.169629	-0.015    	0.943746
174	45    	0.322473 	0.195051	-0.015    	0.795875
175	46    	0.283194 	0.188153	-0.0171428	0.795875
176	47    	0.284652 	0.154061	-0.0171428	0.643966
177	45    	0.337267 	0.129166	-0.02     	0.643966
178	46    	0.315133 	0.123878	-0.0133333	0.5496  
179	46    	0.26679  	0.111125	0.0637822 	0.5496  
180	46    	0.277278 	0.117263	0.0528138 	0.5496  
181	44    	0.351083 	0.135803	0.0778931 	0.700069
182	45    	0.334159 	0.16138 	-0.02     	0.785792
183	47    	0.290976 	0.135102	-0.0184616	0.700069
184	46    	0.334492 	0.129463	-0.0166667	0.700069
185	47    	0.315355 	0.111907	0.0859027 	0.570949
186	47    	0.275479 	0.218322	-1        	0.570949
187	43    	0.328333 	0.137238	-0.0174999	0.595442
188	47    	0.298183 	0.217103	-1        	0.622483
189	47    	0.32498  	0.0942888	0.0917907 	0.647088
190	45    	0.356002 	0.114402 	0.175406  	0.647088
191	46    	0.32984  	0.125754 	-0.0166666	0.647088
192	48    	0.303102 	0.0907437	0.130605  	0.647088
193	44    	0.27255  	0.288455 	-1        	0.647088
194	46    	0.300303 	0.220539 	-1        	0.647088
195	43    	0.228696 	0.381595 	-1        	0.647088
196	46    	0.0749696	0.549436 	-1        	0.647088
197	48    	0.253055 	0.269085 	-1        	0.565066
198	48    	0.203191 	0.409402 	-1        	0.531821
199	44    	0.218469 	0.369362 	-1        	0.531821
200	48    	0.116913 	0.458735 	-1        	0.531821
201	46    	0.200092 	0.311716 	-1        	0.432455
202	47    	0.268899 	0.268888 	-1        	0.470408
203	46    	0.275696 	0.1955   	-1        	0.451053
204	48    	0.308992 	0.0892612	0.0771403 	0.478784
205	47    	0.238835 	0.328555 	-1        	0.487706
206	46    	0.316069 	0.0987892	0.0725302 	0.5583  
207	45    	0.313601 	0.111821 	0.0793604 	0.5583  
208	43    	0.314168 	0.100636 	0.144078  	0.5583  
209	44    	0.318228 	0.109187 	0.138354  	0.570645
210	45    	0.289818 	0.212789 	-1        	0.570645
211	46    	0.304145 	0.102072 	-0.0222222	0.521318
212	45    	0.317179 	0.091952 	0.119686  	0.547389
213	48    	0.296232 	0.0959796	0.107765  	0.547389
214	46    	0.284319 	0.0996995	-0.015    	0.547389
215	48    	0.324268 	0.112237 	0.101277  	0.666288
216	49    	0.318748 	0.10439  	0.149799  	0.630741
217	46    	0.287573 	0.128505 	-0.0159977	0.583036
218	46    	0.186287 	0.372726 	-1        	0.563454
219	47    	0.289368 	0.141151 	-0.0166666	0.565891
220	46    	0.290389 	0.137915 	-0.016    	0.565891
221	48    	0.271904 	0.100159 	-0.0133338	0.565891
222	42    	0.311817 	0.111296 	-0.017143 	0.529104
223	46    	0.310642 	0.102277 	-0.015    	0.529104
224	46    	0.307361 	0.120047 	-0.016    	0.556818
225	42    	0.328121 	0.124111 	-0.0181818	0.556818
226	46    	0.314689 	0.149501 	-0.0150003	0.652775
227	43    	0.324835 	0.140158 	-0.0160002	0.652775
228	47    	0.296458 	0.118478 	0.0653492 	0.652775
229	43    	0.345854 	0.13053  	0.131739  	0.652775
230	45    	0.323825 	0.135031 	0.11465   	0.652775
231	47    	0.318867 	0.128391 	-0.0133333	0.661545
232	47    	0.310974 	0.104017 	0.128272  	0.652775
233	41    	0.321262 	0.14864  	-0.00503074	0.680412
234	49    	0.311144 	0.112294 	0.0640524  	0.680412
235	43    	0.329844 	0.127351 	-0.0175    	0.680412
236	47    	0.278711 	0.114451 	0.091169   	0.680412
237	47    	0.313105 	0.15105  	-0.0199999 	0.680412
238	46    	0.307469 	0.134299 	-0.0171429 	0.680412
239	43    	0.329772 	0.11413  	0.0412037  	0.680412
240	45    	0.340521 	0.106223 	0.120426   	0.680412
241	41    	0.336154 	0.12669  	0.109106   	0.680412
242	45    	0.322746 	0.130602 	0.0866408  	0.680412
243	49    	0.295216 	0.128868 	-0.0133332 	0.680412
244	41    	0.333123 	0.127166 	0.140246   	0.680412
245	42    	0.353873 	0.157002 	0.124034   	0.680412
246	45    	0.337163 	0.140056 	-0.0166667 	0.680412
247	47    	0.33581  	0.123856 	0.0685187  	0.680412
248	46    	0.297076 	0.109095 	0.0751046  	0.680412
249	45    	0.296021 	0.102431 	0.09233    	0.486018
250	46    	0.247896 	0.273026 	-1         	0.533693
251	49    	0.288238 	0.0876324	-0.015     	0.601769
252	49    	0.281676 	0.200532 	-1         	0.614291
253	46    	0.312297 	0.0888201	0.166078   	0.614291
254	47    	0.30342  	0.0866949	-0.0150001 	0.536877
255	46    	0.252985 	0.266662 	-1         	0.475485
256	45    	0.270146 	0.276185 	-1         	0.614927
257	46    	0.221579 	0.375872 	-1         	0.622351
258	46    	0.303975 	0.108392 	-0.0133333 	0.614927
259	47    	0.232115 	0.280073 	-1         	0.614927
260	46    	0.308758 	0.0853935	0.0910898  	0.507209
261	47    	0.303909 	0.104798 	-0.016     	0.507209
262	46    	0.302509 	0.10627  	0.0613395  	0.679444
263	47    	0.30709  	0.113445 	-0.0171428 	0.492125
264	46    	0.277773 	0.106521 	-0.02      	0.484283
265	46    	0.319619 	0.0961813	0.146432   	0.484283
266	45    	0.280647 	0.111109 	0.0528033  	0.551141
267	45    	0.286635 	0.106925 	0.0626254  	0.497997
268	47    	0.27168  	0.208462 	-1         	0.497997
269	47    	0.21317  	0.374195 	-1         	0.62247 
270	40    	0.314077 	0.143401 	-0.0171429 	0.62247 
271	47    	0.287575 	0.149993 	-0.0166667 	0.63465 
272	45    	0.276788 	0.194866 	-0.02      	0.64504 
273	47    	0.246498 	0.195832 	-0.02      	0.643038
274	42    	0.261436 	0.182359 	-0.0177777 	0.643038
275	46    	0.274841 	0.14971  	-0.0175001 	0.572056
276	48    	0.314063 	0.165901 	-0.0233333 	0.645805
277	44    	0.311616 	0.144281 	-0.02      	0.645805
278	47    	0.246679 	0.159172 	-0.02      	0.579377
279	45    	0.29668  	0.149555 	-0.018     	0.629344
280	44    	0.303373 	0.129727 	-0.0133333 	0.629344
281	49    	0.258928 	0.152724 	-0.02      	0.66824 
282	45    	0.260515 	0.16985  	-0.0200001 	0.66824 
283	50    	0.254119 	0.138258 	-0.0175    	0.6161  
284	43    	0.291627 	0.170243 	-0.02      	0.689247
285	44    	0.250542 	0.190204 	-0.02      	0.732214
286	47    	0.277374 	0.153228 	-0.02      	0.689247
287	43    	0.275902 	0.174632 	-0.016     	0.689268
288	44    	0.291034 	0.204176 	-0.0166667 	0.833493
289	43    	0.268218 	0.216411 	-0.02      	0.833493
290	46    	0.283296 	0.206853 	-0.02      	0.812825
291	47    	0.199733 	0.171085 	-0.02      	0.702033
292	49    	0.246423 	0.154298 	-0.0177778 	0.702033
293	47    	0.227614 	0.16683  	-0.02      	0.705022
294	49    	0.240801 	0.164332 	-0.0175    	0.706288
295	45    	0.249739 	0.162212 	-0.02      	0.706288
296	43    	0.236405 	0.201438 	-0.02      	0.705022
297	45    	0.266733 	0.164099 	-0.0171429 	0.65584 
298	45    	0.25821  	0.183462 	-0.0171428 	0.812308
299	46    	0.260517 	0.200591 	-0.0166666 	0.812308
300	45    	0.263706 	0.189192 	-0.02      	0.812308
301	45    	0.257733 	0.215177 	-0.02      	0.812308
302	44    	0.218381 	0.238392 	-0.02      	0.812308
303	47    	0.253748 	0.201818 	-0.02      	0.812977
304	47    	0.200646 	0.219531 	-0.02      	0.812977
305	47    	0.251977 	0.197099 	-0.0175    	0.732138
306	45    	0.274268 	0.209121 	-0.0171429 	0.729969
307	44    	0.270289 	0.205707 	-0.0166667 	0.729969
308	45    	0.275642 	0.204239 	-0.02      	0.729969
309	47    	0.260257 	0.206032 	-0.0175    	0.729969
310	46    	0.277149 	0.207428 	-0.0171428 	0.812977
311	49    	0.251255 	0.177659 	-0.0175    	0.813364
312	44    	0.245359 	0.181958 	-0.02      	0.813417
313	47    	0.260003 	0.162965 	-0.02      	0.813417
314	43    	0.338386 	0.184523 	0.0944812  	0.813417
315	46    	0.292774 	0.192683 	-0.02      	0.813417
316	47    	0.29117  	0.188159 	-0.0199999 	0.813417
317	45    	0.266229 	0.214992 	-0.0199999 	0.813708
318	49    	0.261689 	0.193937 	-0.02      	0.813708
319	47    	0.284424 	0.213446 	-0.0166667 	0.813708
320	43    	0.246188 	0.205704 	-0.0171428 	0.804635
321	47    	0.266791 	0.19876  	-0.02      	0.804635
322	47    	0.282838 	0.200587 	-0.0175001 	0.804635
323	47    	0.291016 	0.205403 	-0.0171429 	0.804635
324	49    	0.265686 	0.188416 	-0.0171429 	0.749309
325	46    	0.263468 	0.192856 	-0.02      	0.749309
326	45    	0.31792  	0.238795 	-0.02      	0.810827
327	45    	0.358102 	0.248319 	-0.0171429 	0.831993
328	48    	0.349506 	0.227041 	-0.02      	0.811396
329	44    	0.271826 	0.22505  	-0.0175001 	0.811396
330	45    	0.328983 	0.235445 	-0.02      	0.811396
331	49    	0.195825 	0.189545 	-0.02      	0.706026
332	47    	0.236095 	0.174387 	-0.0171429 	0.706026
333	44    	0.275839 	0.160888 	-0.02      	0.648005
334	45    	0.300656 	0.185075 	-0.016     	0.705601
335	47    	0.304494 	0.179258 	-0.02      	0.720546
336	46    	0.280151 	0.174777 	-0.02      	0.720546
337	48    	0.27709  	0.156548 	-0.02      	0.724117
338	47    	0.282213 	0.167007 	-0.02      	0.720546
339	45    	0.292225 	0.147095 	-0.02      	0.720546
340	47    	0.317122 	0.162562 	-0.0171431 	0.663109
341	47    	0.289269 	0.182378 	-0.0199998 	0.718795
342	48    	0.293263 	0.180962 	-0.02      	0.683629
343	48    	0.317243 	0.193663 	-0.0200001 	0.811396
344	48    	0.251031 	0.173106 	-0.0177778 	0.811396
345	47    	0.267855 	0.217427 	-0.018     	0.811396
346	46    	0.28681  	0.234084 	-0.0166667 	0.811396
347	44    	0.27872  	0.251191 	-0.0177778 	0.811396
348	46    	0.24353  	0.230104 	-0.02      	0.811396
349	47    	0.190511 	0.181101 	-0.02      	0.811396
350	44    	0.237305 	0.211093 	-0.02      	0.811396
351	47    	0.238059 	0.217307 	-0.0171429 	0.812977
352	42    	0.306641 	0.249255 	-0.02      	0.812977
353	47    	0.245801 	0.248879 	-0.0171429 	0.812977
354	48    	0.228055 	0.207418 	-0.0171429 	0.812308
355	47    	0.229116 	0.16212  	-0.02      	0.812083
356	47    	0.204209 	0.189802 	-0.02      	0.812308
357	44    	0.24194  	0.172472 	-0.0175    	0.812308
358	46    	0.244258 	0.186167 	-0.0175    	0.812308
359	49    	0.232035 	0.196164 	-0.0177778 	0.812308
360	47    	0.259594 	0.162429 	-0.0175    	0.617322
361	45    	0.235425 	0.163869 	-0.0166667 	0.617322
362	47    	0.257363 	0.188155 	-0.0175    	0.617322
363	44    	0.313185 	0.188235 	-0.02      	0.694701
364	46    	0.275947 	0.199331 	-0.0174999 	0.694701
365	46    	0.247534 	0.205925 	-0.02      	0.732935
366	46    	0.292595 	0.235541 	-0.02      	0.732935
367	46    	0.280826 	0.224444 	-0.0175    	0.811247
368	48    	0.239311 	0.209454 	-0.0171429 	0.732935
369	45    	0.281438 	0.166618 	-0.0171429 	0.732935
370	47    	0.239648 	0.200977 	-0.02      	0.729582
371	44    	0.267459 	0.195529 	-0.02      	0.729582
372	50    	0.237563 	0.16109  	-0.0199999 	0.542976
373	44    	0.265097 	0.175301 	-0.0175    	0.812083
374	44    	0.258571 	0.192019 	-0.0177778 	0.701765
375	46    	0.337764 	0.190214 	-0.016     	0.812083
376	44    	0.305959 	0.227672 	-0.0166667 	0.812083
377	49    	0.239034 	0.185067 	-0.02      	0.704883
378	43    	0.27845  	0.180965 	-0.02      	0.704883
379	46    	0.285936 	0.191793 	-0.02      	0.705984
380	45    	0.261437 	0.209929 	-0.02      	0.72962 
381	47    	0.279865 	0.190281 	-0.0171429 	0.812977
382	45    	0.257793 	0.212654 	-0.02      	0.812977
383	41    	0.268103 	0.237651 	-0.02      	0.812977
384	47    	0.257026 	0.254178 	-0.0171429 	0.812977
385	44    	0.250889 	0.230671 	-0.0160001 	0.812977
386	44    	0.26927  	0.245881 	-0.0166667 	0.812977
387	49    	0.220636 	0.205528 	-0.0175    	0.812977
388	47    	0.236176 	0.235585 	-0.0174999 	0.812977
389	46    	0.240653 	0.229775 	-0.0171429 	0.812977
390	46    	0.2336   	0.185069 	-0.0166667 	0.702349
391	47    	0.256921 	0.16906  	-0.0171429 	0.812308
392	48    	0.21044  	0.173226 	-0.0166667 	0.812308
393	47    	0.240861 	0.196    	-0.0171429 	0.812308
394	44    	0.195918 	0.206588 	-0.0171428 	0.812308
395	45    	0.287771 	0.195335 	-0.0166667 	0.812308
396	46    	0.200968 	0.222551 	-0.0166667 	0.812308
397	44    	0.202864 	0.241029 	-0.0174999 	0.812308
398	45    	0.172718 	0.230721 	-0.0171429 	0.812308
399	45    	0.205408 	0.218336 	-0.0166667 	0.812977
400	46    	0.187621 	0.172411 	-0.0160001 	0.596788
401	48    	0.189752 	0.196679 	-0.02      	0.617674
402	47    	0.229854 	0.195285 	-0.02      	0.583914
403	46    	0.195587 	0.210551 	-0.02      	0.83112 
404	47    	0.246073 	0.179705 	-0.0166667 	0.812308
405	46    	0.194653 	0.186992 	-0.02      	0.812308
406	49    	0.210136 	0.164618 	-0.02      	0.583914
407	42    	0.261163 	0.197806 	-0.0171428 	0.592077
408	43    	0.248244 	0.208717 	-0.02      	0.592077
409	43    	0.266145 	0.219742 	-0.02      	0.812825
410	48    	0.237237 	0.204589 	-0.0166668 	0.819969
411	49    	0.270232 	0.203471 	-0.02      	0.695373
412	47    	0.288879 	0.205021 	-0.02      	0.812977
413	46    	0.249931 	0.237679 	-0.0166667 	0.812825
414	47    	0.213728 	0.238881 	-0.02      	0.812308
415	48    	0.250666 	0.249435 	-0.0171429 	0.813756
416	50    	0.194557 	0.202955 	-0.017143  	0.812825
417	49    	0.20997  	0.220137 	-0.0177778 	0.813708
418	47    	0.203219 	0.16466  	-0.02      	0.647778
419	49    	0.243375 	0.170343 	-0.0175    	0.617032
420	48    	0.29666  	0.189539 	-0.0171429 	0.812083
421	44    	0.280865 	0.215878 	-0.02      	0.812083
422	44    	0.29221  	0.257818 	-0.0199998 	0.819969
423	41    	0.316962 	0.256549 	-0.0174999 	0.819969
424	44    	0.292358 	0.229137 	-0.0171429 	0.812083
425	45    	0.252117 	0.242621 	-0.02      	0.813756
426	48    	0.239143 	0.210109 	-0.0175    	0.812308
427	44    	0.277064 	0.247336 	-0.02      	0.818826
428	50    	0.211191 	0.174196 	-0.0171429 	0.813756
429	44    	0.274387 	0.173809 	-0.02      	0.813756
430	43    	0.276646 	0.198845 	-0.0175    	0.813756
431	45    	0.232368 	0.189576 	-0.0177778 	0.813756
432	45    	0.175053 	0.159087 	-0.0199999 	0.581238
433	43    	0.219833 	0.188557 	-0.0166667 	0.581238
434	44    	0.231117 	0.196891 	-0.02      	0.597557
435	42    	0.277014 	0.191532 	-0.02      	0.597557
436	45    	0.224097 	0.210509 	-0.0200001 	0.652409
437	44    	0.266117 	0.179698 	-0.0177778 	0.689503
438	46    	0.224705 	0.1637   	-0.02      	0.558787
439	49    	0.23797  	0.183202 	-0.0199999 	0.616425
440	45    	0.236236 	0.171268 	-0.0175    	0.577258
441	46    	0.274005 	0.185369 	-0.0171428 	0.689693
442	47    	0.22806  	0.168687 	-0.02      	0.581188
443	45    	0.26924  	0.181868 	-0.0166664 	0.581238
444	45    	0.239617 	0.193645 	-0.0175    	0.64395 
445	46    	0.253292 	0.188756 	-0.02      	0.59825 
446	49    	0.244867 	0.191026 	-0.02      	0.694721
447	45    	0.224067 	0.203436 	-0.0171429 	0.694721
448	49    	0.25278  	0.18698  	-0.0175    	0.813708
449	50    	0.254404 	0.183695 	-0.0171429 	0.790244
450	46    	0.267658 	0.199402 	-0.0175001 	0.728377
451	43    	0.258509 	0.200731 	-0.0175    	0.7262  
452	43    	0.307615 	0.209089 	-0.0171429 	0.790244
453	43    	0.274852 	0.203449 	-0.0177777 	0.790244
454	47    	0.298892 	0.200106 	-0.0175    	0.791209
455	46    	0.280549 	0.1884   	-0.02      	0.790244
456	47    	0.230455 	0.168174 	-0.02      	0.730156
457	46    	0.284253 	0.204342 	-0.02      	0.832342
458	49    	0.271225 	0.180662 	-0.0200001 	0.856211
459	50    	0.241561 	0.157523 	-0.02      	0.617032
460	45    	0.306013 	0.177025 	-0.0175    	0.706026
461	46    	0.286294 	0.236882 	-0.02      	0.812977
462	44    	0.262636 	0.223018 	-0.0199999 	0.812977
463	41    	0.31341  	0.250408 	-0.02      	0.812977
464	43    	0.308264 	0.259749 	-0.02      	0.819969
465	41    	0.333942 	0.283588 	-0.0166667 	0.812977
466	48    	0.224161 	0.209605 	-0.0171429 	0.812977
467	46    	0.213268 	0.218335 	-0.02      	0.812977
468	43    	0.294395 	0.252808 	-0.02      	0.812977
469	46    	0.204612 	0.261517 	-0.018     	0.812977
470	44    	0.251251 	0.235814 	-0.017143  	0.812977
471	47    	0.222626 	0.214583 	-0.0171429 	0.812977
472	45    	0.215404 	0.197101 	-0.0171429 	0.812977
473	45    	0.234861 	0.217345 	-0.0171429 	0.812977
474	48    	0.21137  	0.223869 	-0.0177778 	0.812977
475	46    	0.213636 	0.192404 	-0.02      	0.5751  
476	49    	0.199694 	0.134897 	-0.0166667 	0.496586
477	42    	0.263094 	0.141129 	-0.0180001 	0.654591
478	44    	0.241307 	0.136081 	-0.02      	0.458669
479	45    	0.297145 	0.135882 	-0.02      	0.843584
480	43    	0.301789 	0.142927 	-0.0200001 	0.843584
481	47    	0.278384 	0.139972 	-0.02      	0.547   
482	47    	0.242849 	0.140684 	-0.0175    	0.58085 
483	47    	0.279771 	0.144687 	-0.02      	0.683323
484	46    	0.274407 	0.125906 	0.106138   	0.683323
485	45    	0.328666 	0.163417 	0.111813   	0.696555
486	46    	0.337932 	0.187862 	-0.016     	0.74978 
487	48    	0.249655 	0.158197 	-0.02      	0.702117
488	46    	0.324473 	0.187682 	-0.018     	0.718614
489	48    	0.275675 	0.20904  	-0.02      	0.721209
490	45    	0.356818 	0.203942 	-0.0177778 	0.821737
491	46    	0.333467 	0.224374 	-0.02      	0.821737
492	43    	0.387753 	0.249646 	-0.0175    	0.859209
493	47    	0.318625 	0.255579 	-0.02      	0.859209
494	47    	0.305261 	0.252372 	-0.0177778 	0.863282
495	45    	0.31098  	0.234463 	-0.02      	0.861229
496	48    	0.312905 	0.225744 	-0.0177778 	0.861775
497	44    	0.376445 	0.254043 	-0.0171428 	0.861775
498	48    	0.255462 	0.212951 	-0.02      	0.861775
499	47    	0.334456 	0.191742 	-0.0171429 	0.861775
500	45    	0.298759 	0.209608 	-0.02      	0.706064
501	48    	0.285752 	0.157092 	-0.0181818 	0.706064
502	42    	0.299569 	0.149527 	-0.0166667 	0.697612
503	49    	0.274146 	0.114008 	0.071547   	0.61059 
504	44    	0.323471 	0.146116 	-0.0125054 	0.61059 
505	47    	0.303517 	0.158062 	0.0755891  	0.699472
506	45    	0.337098 	0.210858 	-0.0177778 	0.857678
507	43    	0.346968 	0.212342 	-0.0150001 	0.706261
508	47    	0.258253 	0.205787 	-0.0175    	0.703659
509	43    	0.318708 	0.227318 	-0.0174999 	0.703659
510	47    	0.293925 	0.203736 	-0.0171428 	0.724059
511	48    	0.307116 	0.212874 	-0.0177777 	0.697933
512	47    	0.265587 	0.165583 	-0.0166667 	0.728045
513	44    	0.296348 	0.184766 	-0.02      	0.728045
514	47    	0.269517 	0.175379 	-0.0174999 	0.728045
515	46    	0.289186 	0.208413 	-0.0177778 	0.728045
516	48    	0.252377 	0.190989 	-0.02      	0.727606
517	45    	0.288224 	0.190801 	-0.0171429 	0.727606
518	46    	0.235496 	0.187448 	-0.0200001 	0.727606
519	42    	0.285645 	0.192983 	-0.02      	0.727606
520	46    	0.287414 	0.183193 	-0.02      	0.727606
521	44    	0.278407 	0.211507 	-0.0199999 	0.727606
522	46    	0.237339 	0.176282 	-0.02      	0.727606
523	47    	0.284305 	0.180199 	-0.0166666 	0.727606
524	47    	0.264452 	0.203681 	-0.018     	0.732036
525	43    	0.290727 	0.231752 	-0.0175    	0.732036
526	46    	0.293207 	0.221012 	-0.018     	0.732036
527	44    	0.289731 	0.184122 	-0.0199999 	0.732036
528	46    	0.287053 	0.183675 	-0.0175    	0.732036
529	46    	0.267623 	0.162944 	-0.0175    	0.732736
530	48    	0.271014 	0.16852  	-0.0177778 	0.732736
531	44    	0.333173 	0.188364 	-0.0200001 	0.806024
532	48    	0.300015 	0.204487 	-0.0177778 	0.750409
533	44    	0.324611 	0.225842 	-0.0199999 	0.729753
534	45    	0.2949   	0.214314 	-0.02      	0.652773
535	46    	0.268034 	0.17108  	-0.0166666 	0.652773
536	50    	0.230536 	0.165879 	-0.02      	0.623162
537	46    	0.309228 	0.141166 	-0.016     	0.570556
538	45    	0.309682 	0.129275 	-0.0133334 	0.570556
539	48    	0.266134 	0.152334 	-0.02      	0.574345
540	49    	0.271134 	0.147679 	-0.0166666 	0.581321
541	46    	0.26767  	0.13872  	-0.02      	0.647987
542	42    	0.267613 	0.147561 	-0.0171428 	0.647987
543	49    	0.273973 	0.155513 	-0.02      	0.680013
544	47    	0.268699 	0.161041 	-0.0177777 	0.558255
545	46    	0.323578 	0.143916 	-0.016     	0.647363
546	46    	0.306303 	0.175546 	-0.02      	0.647363
547	48    	0.278103 	0.150599 	-0.0171429 	0.647363
548	46    	0.261583 	0.193905 	-0.0175    	0.834751
549	46    	0.296664 	0.242988 	-0.0166667 	0.834751
550	45    	0.299811 	0.256639 	-0.0200001 	0.834751
551	47    	0.271439 	0.215663 	-0.0200001 	0.818054
552	47    	0.266849 	0.202434 	-0.02      	0.72032 
553	49    	0.230696 	0.146231 	-0.02      	0.647363
554	47    	0.270707 	0.176298 	-0.02      	0.690742
555	47    	0.224225 	0.165176 	-0.02      	0.647363
556	46    	0.256762 	0.182433 	-0.02      	0.724102
557	46    	0.301329 	0.207659 	-0.02      	0.755881
558	45    	0.274471 	0.217196 	-0.0200001 	0.755881
559	45    	0.3355   	0.208141 	-0.0177778 	0.722207
560	49    	0.244262 	0.172471 	-0.02      	0.839795
561	46    	0.308522 	0.160265 	-0.0171429 	0.839795
562	45    	0.302533 	0.183807 	-0.0171429 	0.839795
563	47    	0.325151 	0.183446 	-0.01      	0.831481
564	46    	0.312436 	0.191356 	-0.02      	0.831481
565	46    	0.303833 	0.158046 	-0.0133334 	0.831481
566	49    	0.292191 	0.139555 	-0.02      	0.751765
567	47    	0.322096 	0.143749 	-0.0133333 	0.751765
568	47    	0.325418 	0.15385  	0.0543147  	0.621323
569	48    	0.290647 	0.158771 	-0.0166668 	0.669934
570	45    	0.297026 	0.140888 	-0.0177777 	0.669934
571	45    	0.313661 	0.158857 	-0.0133338 	0.613766
572	48    	0.310311 	0.144734 	-0.0133333 	0.750438
573	48    	0.288941 	0.175371 	-0.0166667 	0.776599
574	46    	0.286748 	0.173559 	-0.018     	0.776599
575	48    	0.311034 	0.183097 	-0.0166667 	0.849367
576	43    	0.299191 	0.208163 	-0.018     	0.849367
577	47    	0.336235 	0.177991 	0.113013   	0.849367
578	41    	0.354469 	0.238386 	-0.0177778 	0.849367
579	44    	0.32496  	0.212334 	0.0813231  	0.849367
580	47    	0.297134 	0.200661 	-0.0171427 	0.849367
581	39    	0.371167 	0.236022 	0.0687995  	0.849367
582	47    	0.311174 	0.166048 	-0.0175    	0.849367
583	47    	0.319834 	0.198686 	-0.0166667 	0.849367
584	42    	0.370172 	0.220556 	-0.0133333 	0.849367
585	45    	0.313048 	0.204905 	-0.0171428 	0.800245
586	46    	0.283717 	0.203627 	-0.016     	0.800245
587	45    	0.311046 	0.160629 	-0.02      	0.721849
588	44    	0.304211 	0.173806 	-0.0171429 	0.653802
589	46    	0.261815 	0.142951 	-0.0166667 	0.649005
590	47    	0.330881 	0.168138 	-0.016     	0.772496
591	47    	0.263103 	0.172897 	-0.02      	0.728723
592	47    	0.30633  	0.15378  	-0.0171429 	0.651819
593	45    	0.297772 	0.15158  	-0.02      	0.696498
594	46    	0.310948 	0.165188 	-0.02      	0.716521
595	45    	0.283614 	0.169012 	-0.02      	0.616922
596	50    	0.245781 	0.134084 	-0.0181819 	0.544307
597	47    	0.24067  	0.151395 	-0.0177778 	0.655043
598	48    	0.25891  	0.155223 	-0.018     	0.655043
599	44    	0.282107 	0.145702 	-0.0150001 	0.702322
600	49    	0.278232 	0.140301 	-0.0175    	0.702322
601	45    	0.278279 	0.150917 	-0.0171429 	0.647846
602	46    	0.290209 	0.149321 	-0.016     	0.723808
603	46    	0.298888 	0.168141 	-0.0150001 	0.723808
604	44    	0.318165 	0.169302 	-0.0171429 	0.693426
605	49    	0.322157 	0.195482 	-0.0171427 	0.726164
606	47    	0.270836 	0.213764 	-0.0171429 	0.698663
607	46    	0.266435 	0.212748 	-0.0166666 	0.740915
608	45    	0.299695 	0.220631 	-0.02      	0.740915
609	45    	0.278615 	0.241245 	-0.02      	0.706596
610	43    	0.27218  	0.198358 	-0.0200001 	0.706596
611	48    	0.256013 	0.194584 	-0.0175    	0.698663
612	48    	0.274233 	0.207469 	-0.0171429 	0.79999 
613	45    	0.305635 	0.205044 	-0.0175    	0.717802
614	45    	0.306544 	0.190979 	-0.0166666 	0.709742
615	48    	0.240984 	0.171017 	-0.0177778 	0.709742
616	48    	0.281216 	0.165232 	-0.018     	0.709742
617	49    	0.221596 	0.142014 	-0.018     	0.581364
618	48    	0.285659 	0.154053 	-0.0171429 	0.582951
619	44    	0.26678  	0.137543 	-0.0166667 	0.582767
620	44    	0.297239 	0.185777 	-0.02      	0.582767
621	47    	0.261106 	0.177356 	-0.02      	0.581325
622	45    	0.306618 	0.15083  	-0.02      	0.582956
623	46    	0.206248 	0.182464 	-0.02      	0.582956
624	46    	0.248586 	0.188135 	-0.0171428 	0.582956
625	46    	0.263145 	0.186962 	-0.0160001 	0.583225
626	47    	0.171247 	0.194647 	-0.0171429 	0.581456
627	43    	0.263509 	0.168523 	-0.0171428 	0.58318 
628	43    	0.26575  	0.189061 	-0.02      	0.58318 
629	45    	0.22082  	0.194753 	-0.0200001 	0.58318 
630	49    	0.200645 	0.175756 	-0.0177781 	0.58318 
631	45    	0.230609 	0.204938 	-0.0171429 	0.706107
632	46    	0.234306 	0.175272 	-0.0171429 	0.614471
633	45    	0.259901 	0.197602 	-0.02      	0.645806
634	43    	0.307463 	0.201019 	-0.0171429 	0.7028  
635	48    	0.262249 	0.205256 	-0.0171429 	0.703208
636	44    	0.30114  	0.198943 	-0.0177778 	0.703208
637	45    	0.293183 	0.21542  	-0.0175    	0.756193
638	46    	0.245094 	0.204603 	-0.0171429 	0.756193
639	42    	0.279291 	0.221463 	-0.0171429 	0.756193
640	47    	0.291837 	0.220776 	-0.017143  	0.756193
641	47    	0.293033 	0.22874  	-0.0199999 	0.756193
642	48    	0.264089 	0.190085 	-0.018     	0.756193
643	44    	0.308473 	0.194642 	-0.0166667 	0.756193
644	47    	0.289892 	0.173226 	-0.0171429 	0.81779 
645	43    	0.313843 	0.176806 	-0.0177778 	0.81779 
646	48    	0.30525  	0.164907 	-0.0175    	0.701524
647	46    	0.290907 	0.173567 	-0.0177778 	0.726533
648	46    	0.249479 	0.151695 	-0.02      	0.593415
649	42    	0.312995 	0.154417 	-0.0133333 	0.640083
650	49    	0.263111 	0.158999 	-0.02      	0.593415
651	47    	0.272041 	0.164327 	-0.018     	0.593415
652	45    	0.28454  	0.177504 	-0.017143  	0.626904
653	49    	0.245202 	0.180985 	-0.02      	0.72346 
654	48    	0.22132  	0.154556 	-0.02      	0.72346 
655	48    	0.277304 	0.144138 	-0.02      	0.609633
656	44    	0.246766 	0.166292 	-0.02      	0.609633
657	48    	0.255039 	0.145486 	-0.02      	0.497052
658	48    	0.254659 	0.15211  	-0.0177779 	0.654553
659	44    	0.264163 	0.158784 	-0.0175    	0.654553
660	45    	0.327356 	0.136157 	-0.0200001 	0.654553
661	45    	0.272237 	0.139869 	-0.0177778 	0.610176
662	47    	0.302414 	0.177739 	-0.02      	0.81995 
663	48    	0.268606 	0.205567 	-0.0222222 	0.812977
664	47    	0.259579 	0.183794 	-0.02      	0.81995 
665	46    	0.273406 	0.173109 	-0.0175    	0.81995 
666	47    	0.266687 	0.196771 	-0.0171429 	0.81995 
667	47    	0.300111 	0.214199 	-0.0171429 	0.81995 
668	49    	0.251511 	0.185477 	-0.0175    	0.706012
669	46    	0.259344 	0.203966 	-0.0175    	0.771764
670	43    	0.331764 	0.22906  	-0.0171429 	0.771764
671	46    	0.245487 	0.209844 	-0.02      	0.771764
672	44    	0.29767  	0.213674 	-0.02      	0.771764
673	46    	0.273335 	0.236115 	-0.0166667 	0.858906
674	46    	0.310003 	0.199931 	-0.02      	0.948045
675	43    	0.322601 	0.219245 	-0.0171429 	0.948045
676	45    	0.351515 	0.16815  	-0.0133334 	0.948045
677	47    	0.334547 	0.191436 	-0.0160001 	0.948045
678	47    	0.324738 	0.208465 	-0.0166666 	0.948045
679	48    	0.305736 	0.170109 	-0.016     	0.752069
680	45    	0.344564 	0.1504   	-0.0166666 	0.752069
681	46    	0.329125 	0.15209  	-0.016     	0.720336
682	46    	0.320455 	0.167565 	-0.02      	0.72126 
683	45    	0.336902 	0.240785 	-1         	0.72126 
684	48    	0.32181  	0.131934 	0.0921911  	0.752533
685	45    	0.292967 	0.156999 	0.0865424  	0.752533
686	50    	0.305345 	0.190413 	-0.0177778 	0.710332
687	46    	0.270351 	0.180909 	-0.0166667 	0.710332
688	48    	0.317046 	0.160462 	0.0748606  	0.710332
689	47    	0.306064 	0.158409 	-0.0171429 	0.710332
690	48    	0.322041 	0.200445 	-0.02      	0.710332
691	43    	0.353515 	0.207627 	-0.0160001 	0.835049
692	47    	0.300407 	0.213505 	-0.02      	0.835049
693	45    	0.354642 	0.228045 	-0.02      	0.835619
694	44    	0.28689  	0.247803 	-0.02      	0.810465
695	46    	0.332967 	0.223088 	-0.02      	0.810465
696	44    	0.327511 	0.221392 	-0.02      	0.810465
697	46    	0.304539 	0.197038 	-0.0171429 	0.731273
698	41    	0.324533 	0.218547 	-0.02      	0.731273
699	48    	0.31299  	0.191493 	-0.02      	0.736092
700	48    	0.263535 	0.2087   	-0.02      	0.736092
701	47    	0.293649 	0.186737 	-0.0166666 	0.835026
702	49    	0.311608 	0.203611 	-0.0171428 	0.698473
703	47    	0.288626 	0.187447 	-0.02      	0.692801
704	45    	0.300223 	0.183376 	-0.0177778 	0.695971
705	41    	0.295432 	0.213305 	-0.0175    	0.696511
706	47    	0.252999 	0.207637 	-0.0171429 	0.696511
707	48    	0.281    	0.188242 	-0.0199999 	0.682502
708	46    	0.310175 	0.208504 	-0.02      	0.718805
709	46    	0.240412 	0.201303 	-0.02      	0.682502
710	47    	0.274389 	0.154569 	-0.02      	0.697951
711	46    	0.3185   	0.158245 	-0.0175    	0.650306
712	48    	0.273794 	0.166232 	-0.02      	0.698446
713	47    	0.319002 	0.178429 	-0.02      	0.729613
714	42    	0.285173 	0.213829 	-0.0200001 	0.726095
715	49    	0.279885 	0.191192 	-0.02      	0.706168
716	44    	0.290435 	0.221886 	-0.0171429 	0.706168
717	45    	0.296296 	0.221264 	-0.0175    	0.706168
718	47    	0.277863 	0.183028 	-0.0166666 	0.706596
719	46    	0.31885  	0.198313 	-0.02      	0.731296
720	44    	0.303389 	0.196138 	-0.0166667 	0.731296
721	46    	0.254271 	0.202403 	-0.02      	0.731296
722	46    	0.330097 	0.175181 	-0.0171428 	0.731296
723	46    	0.319146 	0.22045  	-0.02      	0.736128
724	48    	0.260647 	0.206822 	-0.0200001 	0.731296
725	47    	0.274364 	0.198996 	-0.0179999 	0.693426
726	45    	0.291303 	0.173315 	-0.0171429 	0.693426
727	46    	0.279039 	0.178179 	-0.0171429 	0.706515
728	42    	0.268919 	0.213246 	-0.0177778 	0.706515
729	46    	0.251694 	0.21098  	-0.0171428 	0.706515
730	44    	0.299357 	0.182716 	-0.016     	0.706515
731	48    	0.328763 	0.209556 	-0.0159917 	0.853807
732	47    	0.317968 	0.201321 	-0.0171428 	0.853807
733	46    	0.282417 	0.220782 	-0.0171429 	0.853807
734	46    	0.329504 	0.216025 	-0.0150002 	0.853807
735	45    	0.320058 	0.212266 	0.0967815  	0.853807
736	50    	0.262879 	0.170096 	-0.0175    	0.703041
737	50    	0.268554 	0.160976 	-0.0180001 	0.649564
738	44    	0.300987 	0.182136 	-0.02      	0.707409
739	48    	0.262217 	0.187259 	-0.0200001 	0.707409
740	46    	0.291278 	0.171501 	-0.0171428 	0.707409
741	49    	0.224367 	0.15598  	-0.02      	0.518844
742	50    	0.244569 	0.164134 	-0.02      	0.722987
743	42    	0.359647 	0.178252 	0.0882487  	0.722987
744	45    	0.356869 	0.196856 	-0.02      	0.722987
745	46    	0.290013 	0.195466 	-0.0175    	0.722987
746	48    	0.318235 	0.187583 	-0.02      	0.723414
747	45    	0.265066 	0.184232 	-0.02      	0.65271 
748	47    	0.273661 	0.168877 	-0.018     	0.647118
749	49    	0.25905  	0.14841  	-0.0174999 	0.645002
750	48    	0.283853 	0.150078 	-0.02      	0.586644
751	46    	0.299581 	0.155133 	-0.0175    	0.799814
752	45    	0.311869 	0.152405 	-0.02      	0.799814
753	44    	0.300062 	0.169918 	-0.02      	0.799814
754	47    	0.248882 	0.174743 	-0.02      	0.651608
755	44    	0.320116 	0.169751 	-0.0181818 	0.652301
756	46    	0.286332 	0.177477 	-0.02      	0.652301
757	46    	0.298213 	0.172718 	-0.02      	0.676537
758	48    	0.291647 	0.165235 	-0.02      	0.723589
759	45    	0.333279 	0.158584 	-0.0166667 	0.676537
760	46    	0.297489 	0.177453 	-0.0133333 	0.781513
761	46    	0.265977 	0.202123 	-0.0228571 	0.781513
762	45    	0.283018 	0.178482 	-0.0175001 	0.781513
763	48    	0.24763  	0.177369 	-0.0150001 	0.660004
764	49    	0.331629 	0.159181 	-0.0199999 	0.660004
765	45    	0.304164 	0.180271 	-0.0171427 	0.660004
766	43    	0.300831 	0.151797 	-0.018     	0.660004
767	47    	0.265801 	0.165052 	-0.02      	0.601491
768	44    	0.308969 	0.145677 	-0.015     	0.601071
769	46    	0.282343 	0.146018 	-0.02      	0.601071
770	49    	0.288093 	0.134478 	-0.0133334 	0.649088
771	45    	0.304311 	0.146889 	-0.0175    	0.649088
772	48    	0.299943 	0.161614 	-0.0180001 	0.649088
773	48    	0.269831 	0.148134 	-0.0175    	0.648613
774	46    	0.342619 	0.156905 	-0.0175    	0.707344
775	46    	0.312352 	0.163062 	0.0684407  	0.777424
776	45    	0.334155 	0.156029 	-0.0183333 	0.777424
777	45    	0.298843 	0.179019 	-0.0171429 	0.777424
778	46    	0.317552 	0.194508 	-0.0177777 	0.851993
779	49    	0.264811 	0.144285 	-0.02      	0.593401
780	41    	0.29459  	0.152595 	-0.016     	0.848777
781	47    	0.258741 	0.175989 	-0.02      	0.848777
782	43    	0.290293 	0.175143 	-0.016     	0.848777
783	47    	0.297146 	0.172585 	-0.0171429 	0.848777
784	42    	0.323252 	0.18955  	-0.02      	0.848777
785	48    	0.25752  	0.183719 	-0.02      	0.848777
786	47    	0.296632 	0.151242 	-0.016658  	0.693011
787	46    	0.320598 	0.149086 	-0.016     	0.68035 
788	45    	0.28483  	0.152637 	-0.016     	0.68035 
789	46    	0.317708 	0.135391 	0.0775021  	0.68035 
790	45    	0.331011 	0.140191 	0.0701012  	0.68035 
791	47    	0.304188 	0.149214 	-0.0177778 	0.774195
792	48    	0.292403 	0.135559 	-0.018     	0.635671
793	47    	0.25379  	0.155472 	-0.0171429 	0.592358
794	48    	0.272744 	0.142576 	-0.0166667 	0.588879
795	45    	0.238091 	0.189879 	-0.02      	0.588879
796	47    	0.233418 	0.175303 	-0.02      	0.601006
797	46    	0.285769 	0.172016 	-0.0166666 	0.712212
798	45    	0.237921 	0.183681 	-0.02      	0.581352
799	47    	0.276667 	0.20676  	-0.0175    	0.812825
800	48    	0.248422 	0.242842 	-0.0175    	0.812977
801	44    	0.245789 	0.21381  	-0.02      	0.812977
802	48    	0.248799 	0.236863 	-0.0160001 	0.812977
803	46    	0.215978 	0.226684 	-0.02      	0.812977
804	45    	0.229001 	0.191661 	-0.0171429 	0.812977
805	48    	0.226121 	0.182436 	-0.0171429 	0.702995
806	41    	0.323158 	0.233486 	-0.02      	0.812825
807	47    	0.224248 	0.221281 	-0.0175    	0.812825
808	44    	0.236739 	0.255392 	-0.0171429 	0.812825
809	48    	0.1517   	0.210391 	-0.0166668 	0.811247
810	46    	0.213626 	0.191725 	-0.017143  	0.8317  
811	48    	0.244167 	0.181531 	-0.02      	0.59685 
812	47    	0.215587 	0.184608 	-0.0166667 	0.59685 
813	46    	0.269592 	0.187119 	-0.016     	0.811246
814	48    	0.243085 	0.184002 	-0.02      	0.602071
815	47    	0.223066 	0.174288 	-0.0200001 	0.702732
816	47    	0.262543 	0.140599 	-0.0171429 	0.630043
817	46    	0.254346 	0.136655 	-0.02      	0.583637
818	47    	0.240726 	0.165972 	-0.02      	0.605712
819	43    	0.255578 	0.189785 	-0.02      	0.605712
820	46    	0.262357 	0.17532  	-0.0171428 	0.605712
821	45    	0.256075 	0.199844 	-0.0200001 	0.642388
822	47    	0.250857 	0.19514  	-0.02      	0.650567
823	47    	0.250544 	0.177061 	-0.0175    	0.642388
824	46    	0.290184 	0.200426 	-0.02      	0.684988
825	47    	0.260469 	0.19212  	-0.0175    	0.684988
826	44    	0.278593 	0.188784 	-0.0171429 	0.684988
827	49    	0.291888 	0.164177 	-0.0171429 	0.684988
828	46    	0.292541 	0.171758 	-0.0171429 	0.684988
829	44    	0.28047  	0.18237  	-0.02      	0.684988
830	48    	0.272943 	0.13104  	-0.018     	0.684988
831	47    	0.244611 	0.152586 	-0.0177778 	0.684988
832	49    	0.278279 	0.130895 	-0.0166667 	0.654439
833	45    	0.291594 	0.150316 	-0.02      	0.596925
834	47    	0.244241 	0.16148  	-0.02      	0.63187 
835	50    	0.250818 	0.151061 	-0.0160001 	0.60372 
836	47    	0.297154 	0.132665 	-0.0199999 	0.581265
837	44    	0.332147 	0.143092 	0.0916136  	0.843285
838	43    	0.313887 	0.162898 	-0.02      	0.721801
839	49    	0.300483 	0.19984  	-0.02      	0.828083
840	47    	0.262466 	0.177988 	-0.0180001 	0.649967
841	48    	0.278364 	0.178098 	-0.02      	0.736069
842	47    	0.301074 	0.184836 	-0.0175    	0.736069
843	48    	0.282991 	0.148492 	-0.0177777 	0.736069
844	46    	0.279998 	0.186003 	-0.016     	0.736069
845	49    	0.27413  	0.163502 	-0.0175    	0.736069
846	46    	0.353149 	0.173176 	-0.0171427 	0.832539
847	46    	0.329404 	0.206765 	-0.0177778 	0.835049
848	49    	0.237208 	0.157004 	-0.02      	0.698672
849	48    	0.271117 	0.165481 	-0.0200001 	0.698672
850	44    	0.289902 	0.148259 	-0.016     	0.644832
851	46    	0.247911 	0.165221 	-0.0200001 	0.592142
852	45    	0.2926   	0.161729 	-0.0175    	0.592142
853	46    	0.261225 	0.152922 	-0.02      	0.592142
854	46    	0.263013 	0.16543  	-0.02      	0.724377
855	48    	0.258146 	0.156281 	-0.0177778 	0.581387
856	46    	0.250481 	0.170509 	-0.02      	0.792879
857	45    	0.311648 	0.16989  	-0.02      	0.792879
858	48    	0.261849 	0.169823 	-0.0166667 	0.811396
859	48    	0.2546   	0.159508 	-0.02      	0.551787
860	49    	0.224203 	0.154491 	-0.0160003 	0.503744
861	46    	0.248395 	0.15337  	-0.0171429 	0.574455
862	45    	0.281182 	0.160843 	-0.02      	0.576518
863	47    	0.294568 	0.198052 	-0.0166667 	0.812825
864	49    	0.226686 	0.215601 	-0.0171429 	0.812083
865	47    	0.255809 	0.212248 	-0.0199999 	0.813708
866	48    	0.263232 	0.243813 	-0.0177778 	0.813756
867	46    	0.316742 	0.206164 	-0.0175001 	0.706026
868	47    	0.281951 	0.203504 	-0.0175001 	0.706026
869	47    	0.269094 	0.215552 	-0.02      	0.705842
870	43    	0.296686 	0.239604 	-0.02      	0.811396
871	47    	0.280812 	0.248451 	-0.0175    	0.812308
872	47    	0.215525 	0.214441 	-0.0175    	0.812308
873	46    	0.289163 	0.197313 	-0.0175    	0.812083
874	50    	0.236548 	0.197947 	-0.0177778 	0.813756
875	49    	0.251643 	0.173731 	-0.0160001 	0.705857
876	48    	0.239421 	0.16301  	-0.02      	0.702675
877	45    	0.2655   	0.211794 	-0.018     	0.703401
878	44    	0.292237 	0.222443 	-0.018     	0.706026
879	44    	0.308894 	0.236261 	-0.02      	0.714706
880	46    	0.282447 	0.226868 	-0.02      	0.813756
881	49    	0.29165  	0.190359 	-0.0171428 	0.819969
882	47    	0.234244 	0.217252 	-0.0166667 	0.732489
883	47    	0.274656 	0.213006 	-0.0171429 	0.732489
884	48    	0.211173 	0.185463 	-0.02      	0.703019
885	45    	0.223842 	0.18163  	-0.0171429 	0.703019
886	47    	0.253187 	0.162404 	-0.02      	0.706014
887	45    	0.266403 	0.201101 	-0.02      	0.805742
888	50    	0.255507 	0.168346 	-0.0200001 	0.76351 
889	46    	0.269513 	0.233991 	-0.0225    	0.812308
890	46    	0.271865 	0.228427 	-0.0199999 	0.805742
891	46    	0.252315 	0.196266 	-0.016     	0.76351 
892	47    	0.259641 	0.190293 	-0.0224999 	0.669704
893	48    	0.261282 	0.164249 	-0.0171427 	0.669704
894	46    	0.277695 	0.157263 	-0.0175001 	0.669704
895	43    	0.310739 	0.144968 	0.0665746  	0.643171
896	48    	0.270002 	0.172853 	-0.0166667 	0.643171
897	44    	0.330704 	0.170264 	-0.0149998 	0.668413
898	50    	0.263836 	0.164659 	-0.02      	0.646828
899	45    	0.282102 	0.143138 	-0.0175    	0.6419  
900	48    	0.272644 	0.139468 	-0.0171429 	0.72962 
901	44    	0.270157 	0.157337 	-0.0200001 	0.813708
902	45    	0.288003 	0.140167 	-0.015     	0.651196
903	44    	0.289741 	0.167758 	-0.0171428 	0.651196
904	47    	0.319655 	0.170873 	-0.0181765 	0.704399
905	49    	0.295109 	0.189675 	-0.0166667 	0.811322
906	45    	0.310415 	0.174237 	-0.015     	0.726401
907	46    	0.293745 	0.208096 	-0.017143  	0.804176
908	49    	0.235902 	0.158692 	-0.02      	0.76738 
909	47    	0.261625 	0.131451 	-0.0175    	0.646423
910	49    	0.291783 	0.138542 	-0.0160001 	0.581429
911	46    	0.281242 	0.152    	-0.0177778 	0.653939
912	44    	0.288138 	0.149142 	-0.0171429 	0.653939
913	45    	0.295368 	0.156164 	-0.017143  	0.811551
914	47    	0.270984 	0.168962 	-0.02      	0.811551
915	46    	0.322088 	0.182459 	-0.01      	0.811551
916	47    	0.303021 	0.184893 	-0.0175    	0.811551
917	45    	0.276755 	0.19169  	-0.0180001 	0.838445
918	47    	0.280686 	0.143389 	-0.0166667 	0.54215 
919	43    	0.307593 	0.130331 	-0.0166649 	0.541919
920	46    	0.292772 	0.126461 	-0.015     	0.543817
921	47    	0.291154 	0.14894  	-0.0160001 	0.57067 
922	48    	0.275927 	0.13492  	-0.02      	0.545582
923	48    	0.254466 	0.116382 	-0.0171429 	0.590891
924	48    	0.297714 	0.10847  	0.0633121  	0.540814
925	48    	0.270866 	0.1161   	-0.018     	0.540814
926	49    	0.301307 	0.122107 	0.0649201  	0.582729
927	42    	0.334151 	0.146898 	0.0902609  	0.591528
928	45    	0.307314 	0.173854 	-0.0177778 	0.643935
929	43    	0.329327 	0.149284 	-0.0175    	0.730708
930	47    	0.28929  	0.186711 	-0.0200001 	0.804362
931	45    	0.336922 	0.194742 	-0.0200001 	0.804362
932	45    	0.306881 	0.168402 	-0.022     	0.748415
933	46    	0.310288 	0.163695 	-0.0171429 	0.748415
934	46    	0.343119 	0.17187  	0.0671346  	0.688128
935	47    	0.339499 	0.141379 	0.0492336  	0.672131
936	49    	0.291981 	0.151415 	-0.0159895 	0.664892
937	47    	0.320876 	0.131316 	-0.0166665 	0.664892
938	48    	0.318985 	0.130565 	-0.0133334 	0.740961
939	48    	0.282138 	0.119633 	-0.0160001 	0.538827
940	48    	0.279985 	0.146275 	-0.0171428 	0.617368
941	44    	0.26325  	0.17245  	-0.02      	0.617368
942	47    	0.238625 	0.166034 	-0.02      	0.69872 
943	43    	0.325563 	0.206825 	-0.0200001 	0.812083
944	40    	0.328603 	0.232772 	-0.02      	0.812083
945	46    	0.310511 	0.207123 	-0.0166667 	0.812825
946	49    	0.24609  	0.216391 	-0.02      	0.812308
947	44    	0.268963 	0.204876 	-0.0175    	0.812308
948	45    	0.24348  	0.214636 	-0.0171429 	0.812308
949	48    	0.226458 	0.185782 	-0.0199999 	0.812977
950	48    	0.224811 	0.231895 	-0.0166667 	0.815691
951	44    	0.267148 	0.245336 	-0.02      	0.812977
952	47    	0.297069 	0.227486 	-0.0166667 	0.812977
953	47    	0.26265  	0.203646 	-0.0166667 	0.812977
954	45    	0.281047 	0.231844 	-0.02      	0.812977
955	44    	0.282862 	0.24826  	-0.02      	0.813708
956	47    	0.282521 	0.232379 	-0.0166667 	0.812977
957	45    	0.218135 	0.229533 	-0.0175    	0.812977
958	45    	0.247686 	0.212918 	-0.02      	0.812977
959	47    	0.226737 	0.202016 	-0.02      	0.702995
960	43    	0.185159 	0.195189 	-0.0175    	0.687579
961	46    	0.261811 	0.219796 	-0.0171429 	0.724562
962	49    	0.270293 	0.212848 	-0.02      	0.730315
963	44    	0.35493  	0.205765 	-0.0171428 	0.730315
964	48    	0.271686 	0.19491  	-0.0175    	0.813756
965	47    	0.258355 	0.229164 	-0.02      	0.813756
966	45    	0.220064 	0.218775 	-0.0200001 	0.813756
967	48    	0.247243 	0.18496  	-0.0171429 	0.811247
968	47    	0.230719 	0.196547 	-0.02      	0.702995
969	45    	0.284361 	0.197782 	-0.016     	0.785629
970	42    	0.319071 	0.219932 	-0.0166668 	0.785629
971	50    	0.28082  	0.161116 	-0.02      	0.581068
972	44    	0.27468  	0.175424 	-0.02      	0.649254
973	46    	0.261558 	0.195319 	-0.02      	0.726857
974	47    	0.305527 	0.203068 	-0.0200001 	0.728204
975	47    	0.323353 	0.208041 	-0.0171429 	0.77601 
976	46    	0.304556 	0.171877 	-0.0171428 	0.77601 
977	44    	0.300149 	0.215831 	-0.02      	0.77601 
978	47    	0.324913 	0.193993 	-0.02      	0.77601 
979	47    	0.277573 	0.151217 	-0.02      	0.77601 
980	46    	0.27856  	0.157211 	-0.0166667 	0.693234
981	48    	0.268869 	0.16959  	-0.02      	0.75634 
982	45    	0.318365 	0.168472 	-0.0133336 	0.75634 
983	47    	0.295256 	0.206979 	-0.018     	0.795868
984	44    	0.317452 	0.196832 	-0.022     	0.795868
985	45    	0.293073 	0.225827 	-0.0181818 	0.795868
986	47    	0.324921 	0.167247 	0.086064   	0.795868
987	49    	0.246323 	0.130485 	-0.016     	0.496603
988	48    	0.256177 	0.152231 	-0.02      	0.647712
989	49    	0.272865 	0.148018 	-0.022     	0.642398
990	47    	0.296841 	0.237464 	-1         	0.718104
991	48    	0.231434 	0.187375 	-0.0177778 	0.750801
992	43    	0.344528 	0.178497 	-0.0166665 	0.750801
993	43    	0.33113  	0.189576 	-0.0200001 	0.750801
994	48    	0.329357 	0.16389  	0.0732285  	0.716753
995	45    	0.331854 	0.209667 	-0.02      	0.716753
996	45    	0.327374 	0.160749 	-0.0177777 	0.716753
997	45    	0.263583 	0.226247 	-0.0175    	0.856122
998	44    	0.272211 	0.185295 	-0.02      	0.650465
999	47    	0.265331 	0.178081 	-0.02      	0.648565
1000	45    	0.306524 	0.15609  	-0.0166668 	0.672887
Best individuals:
(0.9480446040947478,) 	-->	 /*9*/DDFBBFRLRRUUUU
VMNeuronManager.autoload: Neuro classes added: Delay Light Nn PIDP PIDV SeeLight SeeLight2 S0 S1 Thr 
UserScripts.autoload: 19 user scripts added.
Simulator.load: Loading from 'eval-allcriteria.sim'
Loader.load: Comments read from file follow:
Loader.load:  Sample settings for evaluating many criteria of performance of a Framsticks creature.
Loader.load:  See the "evalcount" parameter if you want to speed the evaluation up or have a more stable result.
Loader.load:  Other important parameters are "Energy0" and "perfperiod".
Loader.load:  Put this file in the "data" subdirectory within the Framsticks distribution.
Simulator.load: Settings loaded from 'eval-allcriteria.sim'
Simulator.load: Loading from 'deterministic.sim'
Loader.load: Comments read from file follow:
Loader.load:  Parameter values that make the evaluation of a Framsticks creature deterministic.
Loader.load:  The values turn off random noise, so evaluation of the same genotype will always yield the same performance.
Loader.load:  The advantage is that you do not need to evaluate a genotype many times, and performance values are reliable.
Loader.load:  The disadvantage is that evolved creatures are "overfitting", i.e. rely entirely on the specific environment,
Loader.load:  and their behavior may be different in any other environment or (even slightly) changed conditions or parameter values,
Loader.load:  so each creature evolved using these settings must be later inspected using exactly the same setup.
Loader.load: 
Loader.load:  Before loading this file, load base settings, e.g. "eval-allcriteria.sim".
Loader.load:  Put this file in the "data" subdirectory within the Framsticks distribution.
Simulator.load: Settings loaded from 'deterministic.sim'
Simulator.load: Loading from 'sample-period-2.sim'
Loader.load: Comments read from file follow:
Loader.load:  Very low "performance sampling period" in the first population to sample performance very often during lifespan
Loader.load:  and avoid overlooking some behavior. Averaged performance of sampled values is returned as the final value.
Loader.load:  See http://www.framsticks.com/a/al_params.html#exper-perfcalc
Loader.load: 
Loader.load:  Before loading this file, load base settings, e.g. "eval-allcriteria.sim".
Loader.load:  Put this file in the "data" subdirectory within the Framsticks distribution.
Simulator.load: Loading from 'f9-mut-030.sim'
Simulator.load: Settings loaded from 'f9-mut-030.sim'
