Argument values: path=C:\Users\1625203\Downloads\Framsticks50rc22\Framsticks50rc22, lib=None, sim=eval-allcriteria.sim;deterministic.sim;sample-period-2.sim;f9-mut-0.sim, genformat=None, initialgenotype=/*9*/BLU, opt=vertpos, popsize=50, generations=1000, tournament=10, pmut=0.9, pxov=0.2, hof_size=1, hof_savefile=None, max_numparts=30, max_numjoints=None, max_numneurons=None, max_numconnections=None, max_numgenochars=50
Using Framsticks version: 5.0rc22
Home (writable) dir     : C:\Users\1625203\Downloads\Framsticks50rc22\Framsticks50rc22\data
Resources dir           : C:\Users\1625203\Downloads\Framsticks50rc22\Framsticks50rc22\data

Available objects: ['CheckpointEvent', 'Collision', 'CrCollision', 'Creature', 'CreatureSettings', 'CreatureSignals', 'CreatureSnapshot', 'Dictionary', 'ExpProperties', 'ExpState', 'ExtValue', 'File', 'FunctionReference', 'GenMan', 'GenManStats', 'GenePool', 'GenePools', 'Geno', 'Genotype', 'Interface', 'Joint', 'Loader', 'Math', 'MechJoint', 'MechPart', 'MessageCatcher', 'Model', 'ModelGeometry', 'ModelSymmetry', 'Neuro', 'NeuroClass', 'NeuroClassLibrary', 'NeuroDef', 'NeuroSignals', 'NeuronsSimEnabled', 'ODE', 'Orient', 'Part', 'Population', 'Populations', 'Ref', 'Signal', 'SignalView', 'SimilMeasure', 'SimilMeasureDistribution', 'SimilMeasureGreedy', 'SimilMeasureHungarian', 'Simulator', 'SlaveSimulators', 'StopEvent', 'String', 'UserScripts', 'Vector', 'WireframeAppearance', 'World', 'WorldMap', 'WorldSignals', 'XYZ', '__builtins__', '__cached__', '__doc__', '__file__', '__loader__', '__name__', '__package__', '__spec__', 'c_api', 'ctypes', 'home_dir', 'init', 'os', 're', 'res_dir', 'sim_params', 'stats', 'sys']

Performing a basic test 1/2... OK.
Performing a basic test 2/2... OK.
Using settings: ['eval-allcriteria.sim', 'deterministic.sim', 'sample-period-2.sim', 'f9-mut-0.sim']
gen	nevals	avg     	stddev	min     	max     
0  	50    	0.218369	0     	0.218369	0.218369
1  	48    	0.062312	0.116194	-0.0160001	0.514537
2  	44    	0.139306	0.154435	-0.0160001	0.514537
3  	46    	0.215373	0.181796	-0.0160001	0.812825
4  	46    	0.244984	0.220167	-0.0166652	0.812825
5  	43    	0.267317	0.252142	-0.0175   	0.812825
6  	48    	0.215283	0.225468	-0.0171429	0.812159
7  	44    	0.28231 	0.214946	-0.02     	0.702732
8  	48    	0.33684 	0.230977	-0.0171428	0.705984
9  	48    	0.310151	0.233033	-0.0171429	0.812977
10 	46    	0.33309 	0.273996	-0.02     	0.812977
11 	49    	0.24402 	0.248899	-0.0171429	0.812977
12 	44    	0.274314	0.246548	-0.0175   	0.812308
13 	46    	0.299467	0.247381	-0.0166667	0.812308
14 	48    	0.323728	0.269062	-0.0166667	0.812977
15 	45    	0.337296	0.264172	-0.0175   	0.812977
16 	46    	0.282942	0.252279	-0.0171429	0.862948
17 	46    	0.303848	0.259031	-0.0166652	0.812977
18 	43    	0.416435	0.255262	-0.0166667	0.865473
19 	45    	0.428938	0.284151	-0.0175   	0.865652
20 	46    	0.502235	0.270049	0.116374  	0.871626
21 	50    	0.424786	0.235381	0.0992929 	0.874569
22 	47    	0.382746	0.265183	-0.0160001	0.874569
23 	46    	0.3968  	0.277134	-0.0166667	0.865667
24 	50    	0.422312	0.249254	-0.015    	0.866871
25 	46    	0.385609	0.296123	-0.0175   	0.866871
26 	46    	0.353122	0.265492	-0.0133337	0.866871
27 	45    	0.479883	0.274963	0.0986993 	0.865883
28 	48    	0.319323	0.261071	-0.0174999	0.866871
29 	47    	0.356084	0.262399	-0.0159976	0.910843
30 	47    	0.399519	0.234714	-0.0133334	0.864549
31 	43    	0.470619	0.237948	-0.0133334	0.876883
32 	49    	0.379381	0.217687	0.0866362 	0.876883
33 	46    	0.48329 	0.24396 	0.0979275 	0.876883
34 	46    	0.468459	0.268961	-0.0159999	0.866834
35 	45    	0.418461	0.251063	0.0748024 	0.866834
36 	49    	0.405689	0.269864	-0.0171429	0.874456
37 	46    	0.415457	0.266889	-0.0166666	0.874456
38 	48    	0.432435	0.276295	-0.0149999	0.864549
39 	47    	0.432912	0.227244	-0.0171429	0.864549
40 	45    	0.360539	0.217052	0.0985357 	0.864549
41 	44    	0.427614	0.268165	-0.0166666	0.866871
42 	45    	0.380846	0.259257	-0.0150001	0.876883
43 	46    	0.454503	0.27032 	0.0726358 	0.867546
44 	46    	0.396074	0.25194 	0.0669051 	0.867546
45 	49    	0.390647	0.221252	-0.0133333	0.777037
46 	46    	0.423151	0.229259	0.0993027 	0.867546
47 	48    	0.45437 	0.245486	-0.0150001	0.866189
48 	46    	0.479618	0.273417	-0.015    	0.866871
49 	45    	0.537669	0.263841	0.117497  	0.866871
50 	41    	0.48876 	0.282735	-0.015    	0.866189
51 	48    	0.433828	0.274558	-0.0166667	0.866871
52 	45    	0.49992 	0.263043	-0.0160001	0.866189
53 	47    	0.454641	0.27017 	0.0936308 	0.874481
54 	43    	0.508649	0.276036	0.0859425 	0.866871
55 	49    	0.390369	0.256035	-0.016    	0.915908
56 	48    	0.41255 	0.277984	-0.0150001	0.917503
57 	47    	0.394061	0.269707	-0.0150001	0.890056
58 	49    	0.407939	0.218059	0.109026  	0.921766
59 	47    	0.451721	0.228663	0.122514  	0.921766
60 	45    	0.462855	0.259209	0.09836   	0.92195 
61 	43    	0.510734	0.271442	0.116679  	1.01653 
62 	46    	0.552443	0.287908	0.0994886 	1.01653 
63 	48    	0.503599	0.28446 	0.105165  	1.01659 
64 	46    	0.548183	0.282429	-0.0150003	1.01703 
65 	45    	0.502994	0.268863	0.145651  	1.01703 
66 	46    	0.487284	0.315564	-0.0171429	1.01703 
67 	49    	0.485431	0.302607	-0.02     	1.01684 
68 	44    	0.557738	0.276726	0.157504  	1.01684 
69 	47    	0.455201	0.295256	-0.0150001	1.0164  
70 	48    	0.478846	0.282912	-0.0133333	1.0154  
71 	43    	0.493061	0.303316	-0.0166667	1.0171  
72 	45    	0.562213	0.286512	0.158008  	1.0187  
73 	47    	0.467777	0.302634	-0.0166667	1.0171  
74 	47    	0.515835	0.286691	0.153258  	1.0154  
75 	46    	0.521691	0.299872	0.102137  	1.01684 
76 	45    	0.511285	0.277839	0.141849  	1.0154  
77 	44    	0.535528	0.298234	-0.02     	1.0154  
78 	46    	0.477252	0.295516	-0.02     	1.01675 
79 	49    	0.500382	0.311185	-0.0133333	1.01879 
80 	48    	0.396014	0.244955	0.100095  	1.01857 
81 	46    	0.479892	0.260435	0.128237  	1.01857 
82 	47    	0.503881	0.284047	0.0932051 	1.01857 
83 	45    	0.522766	0.278991	0.160038  	1.01498 
84 	44    	0.470358	0.278987	0.0887246 	0.974131
85 	45    	0.445542	0.272899	0.120848  	0.974131
86 	46    	0.469376	0.289391	-0.018    	0.974131
87 	44    	0.510023	0.295392	0.0791081 	0.974131
88 	46    	0.45786 	0.268883	0.115172  	0.946881
89 	44    	0.479338	0.278625	-0.0199999	0.946881
90 	46    	0.521026	0.27933 	0.171514  	0.922185
91 	47    	0.463551	0.278493	-0.0166667	1.06882 
92 	48    	0.499788	0.291066	0.0860827 	1.00234 
93 	48    	0.518916	0.269269	0.107496  	1.01452 
94 	48    	0.458443	0.281995	0.113128  	0.995995
95 	46    	0.499637	0.287334	-0.02     	0.995995
96 	45    	0.447962	0.285291	0.111058  	1.01452 
97 	46    	0.471779	0.286165	0.141882  	1.01452 
98 	47    	0.482695	0.272539	0.0945297 	1.01452 
99 	48    	0.479543	0.288065	-0.0166667	0.989152
100	42    	0.505937	0.306489	-0.0177779	0.993396
101	45    	0.463512	0.309999	-0.0171429	0.993856
102	47    	0.468457	0.289475	-0.0233333	0.930818
103	47    	0.450181	0.262939	0.113718  	0.995995
104	48    	0.481938	0.280501	-0.018    	1.01649 
105	46    	0.445405	0.300519	-0.02     	0.995995
106	46    	0.568993	0.294304	-0.0233333	1.01566 
107	46    	0.548772	0.318256	0.115636  	1.01774 
108	47    	0.472827	0.324111	-0.01     	1.01662 
109	45    	0.533458	0.313232	-0.0171429	1.01662 
110	46    	0.502605	0.304088	-0.0166652	1.01774 
111	47    	0.555689	0.298816	0.123981  	1.04777 
112	48    	0.488403	0.310268	0.0672117 	1.01774 
113	46    	0.472168	0.314142	0.0748605 	1.01774 
114	49    	0.488851	0.291085	0.0227924 	1.01774 
115	48    	0.542918	0.285067	-0.0159999	1.01774 
116	45    	0.585212	0.298532	0.0886355 	1.01835 
117	41    	0.584007	0.321008	0.142459  	1.01875 
118	45    	0.490894	0.333053	-0.0171429	1.01875 
119	46    	0.499377	0.309997	0.126378  	1.01875 
120	46    	0.44999 	0.305998	-0.0171411	1.01875 
121	49    	0.407772	0.266642	0.116736  	1.0164  
122	44    	0.517368	0.320388	-0.015    	1.0164  
123	44    	0.515827	0.325301	-0.016    	1.01875 
124	47    	0.480099	0.303807	-0.016    	1.0164  
125	46    	0.517918	0.347559	-0.015    	1.01875 
126	44    	0.50294 	0.327526	0.0775565 	1.01875 
127	49    	0.46144 	0.30849 	-0.0133332	1.01761 
128	45    	0.539922	0.306873	0.0913752 	1.01774 
129	48    	0.510505	0.301354	-0.0166652	1.01774 
130	47    	0.54462 	0.329567	-0.0133333	1.01774 
131	42    	0.477285	0.315926	-0.0166667	1.01774 
132	47    	0.483891	0.289846	0.0908195 	1.01774 
133	46    	0.53029 	0.29948 	-0.0150001	1.01774 
134	46    	0.554965	0.273285	0.184457  	1.01774 
135	46    	0.502885	0.290228	0.141694  	1.01774 
136	43    	0.570484	0.304496	0.122924  	1.01774 
137	46    	0.58235 	0.312018	-0.0175   	1.0567  
138	45    	0.53867 	0.307325	0.147861  	1.05773 
139	43    	0.611497	0.350568	0.0740133 	1.05773 
140	48    	0.559375	0.344246	0.174769  	1.05773 
141	44    	0.496959	0.331834	-0.015    	1.05773 
142	46    	0.453655	0.308814	0.0914359 	1.13667 
143	44    	0.541058	0.329177	0.123738  	1.13667 
144	48    	0.570659	0.35867 	-0.0166667	1.14417 
145	45    	0.492304	0.354723	0.0858519 	1.14417 
146	44    	0.595288	0.37673 	-0.0177778	1.14417 
147	45    	0.487841	0.380822	-0.016    	1.14417 
148	46    	0.487067	0.337584	0.0903093 	1.13667 
149	40    	0.550338	0.389969	0.0915101 	1.14417 
150	46    	0.503213	0.373682	0.113177  	1.14417 
151	45    	0.485718	0.362203	0.102297  	1.14417 
152	45    	0.496135	0.34306 	-0.0171412	1.14417 
153	43    	0.600625	0.339833	0.126802  	1.14417 
154	45    	0.531294	0.377788	-0.0175   	1.14417 
155	46    	0.4728  	0.36698 	0.11607   	1.14406 
156	46    	0.499354	0.383215	-0.0133333	1.11003 
157	47    	0.510196	0.342525	-0.0133333	1.07791 
158	47    	0.490103	0.334121	-0.0166667	1.07791 
159	46    	0.522053	0.309915	0.10707   	1.13667 
160	47    	0.507895	0.326232	0.0851383 	1.13667 
161	48    	0.50445 	0.317112	-0.0133333	1.07564 
162	48    	0.427712	0.291775	0.112352  	1.05644 
163	42    	0.537091	0.332734	-0.0175   	1.07307 
164	49    	0.445048	0.326034	-0.018    	1.07564 
165	44    	0.499484	0.34063 	-0.0166667	1.00402 
166	48    	0.539755	0.290937	0.107714  	1.01776 
167	44    	0.487142	0.351795	-0.0177778	1.18994 
168	46    	0.514976	0.349995	-0.0166667	1.18994 
169	46    	0.591347	0.334369	0.128027  	1.11642 
170	49    	0.482949	0.304733	0.109474  	1.02638 
171	46    	0.519791	0.329125	-0.0166666	1.04795 
172	39    	0.673627	0.333796	-0.01     	1.04795 
173	46    	0.609898	0.344397	0.100474  	1.10209 
174	47    	0.539667	0.338497	0.0597544 	1.12069 
175	46    	0.596936	0.369769	-0.0175   	1.18809 
176	45    	0.616488	0.341538	0.0594378 	1.18809 
177	45    	0.574331	0.356692	-0.015    	1.18809 
178	47    	0.504235	0.341936	0.0725034 	1.11243 
179	49    	0.524102	0.316643	0.160426  	1.11757 
180	47    	0.544862	0.353242	-0.0166666	1.11757 
181	47    	0.495899	0.361611	0.105622  	1.11757 
182	47    	0.481297	0.324539	0.117109  	1.11757 
183	46    	0.432686	0.323686	-0.0175   	1.11757 
184	49    	0.430142	0.300861	-0.01     	1.11757 
185	46    	0.572942	0.314535	0.127574  	1.11757 
186	44    	0.480665	0.520155	-1        	1.12    
187	45    	0.517555	0.516101	-1        	1.12    
188	43    	0.464125	0.598609	-1        	1.12    
189	44    	0.664675	0.367013	-0.0150003	1.12    
190	46    	0.583392	0.386964	-0.0166667	1.12    
191	46    	0.55861 	0.351421	0.198939  	1.12    
192	44    	0.51257 	0.390753	-1        	1.12    
193	46    	0.554983	0.401345	-1        	1.12    
194	43    	0.539234	0.450063	-1        	1.12    
195	47    	0.449462	0.298533	0.10894   	1.11582 
196	42    	0.650258	0.327177	0.146354  	1.11582 
197	42    	0.561516	0.353432	-0.015    	1.11582 
198	44    	0.492528	0.415132	-1        	1.11582 
199	42    	0.601694	0.354725	-0.0166666	1.12    
200	42    	0.529893	0.322632	0.190499  	1.12    
201	46    	0.580876	0.35226 	-0.015    	1.12    
202	50    	0.570733	0.354881	-0.015    	1.11582 
203	47    	0.49538 	0.312638	-0.0133333	1.05193 
204	43    	0.557356	0.300802	0.130856  	1.05193 
205	45    	0.570204	0.365936	-0.0160001	1.06028 
206	49    	0.505115	0.316366	-0.0133338	1.06028 
207	48    	0.542471	0.341622	-0.02     	1.06028 
208	45    	0.519053	0.335212	0.0623113 	1.06028 
209	44    	0.501686	0.317461	0.111025  	1.06028 
210	45    	0.529628	0.347155	-0.02     	1.06028 
211	46    	0.550192	0.32461 	0.119954  	1.06067 
212	48    	0.358883	0.216175	0.136734  	0.972464
213	43    	0.532281	0.269154	0.157965  	0.964482
214	42    	0.538098	0.279813	0.0658797 	0.964482
215	45    	0.546813	0.257551	0.232069  	0.973519
216	46    	0.504898	0.290899	-0.0149973	0.992169
217	48    	0.429113	0.24533 	0.142401  	0.930196
218	47    	0.469876	0.25611 	0.121497  	0.950919
219	47    	0.475566	0.228337	0.120607  	0.929586
220	46    	0.507084	0.242867	-0.0171429	0.88485 
221	45    	0.553669	0.236609	0.126304  	0.93796 
222	45    	0.511209	0.261161	0.0985021 	0.981909
223	48    	0.492878	0.285461	-0.0150001	1.00288 
224	48    	0.469523	0.276707	-0.0166667	0.963865
225	45    	0.592313	0.286974	-0.0166667	1.10555 
226	48    	0.542311	0.272262	0.141509  	1.07305 
227	46    	0.512842	0.294514	0.107594  	1.11326 
228	49    	0.552928	0.308274	-0.015    	1.07305 
229	46    	0.546629	0.350933	-0.0160001	1.07305 
230	41    	0.62175 	0.329971	0.154519  	1.07305 
231	43    	0.459715	0.343534	-0.01     	1.07305 
232	44    	0.548744	0.333059	-0.016    	1.07305 
233	45    	0.555792	0.300899	0.106711  	0.99742 
234	46    	0.606881	0.313054	0.0851323 	1.0057  
235	47    	0.542287	0.327509	0.0463907 	1.04967 
236	46    	0.496344	0.322828	0.133083  	1.18398 
237	49    	0.548493	0.307238	-0.0166553	1.10928 
238	46    	0.536425	0.324237	0.11888   	1.05112 
239	48    	0.463146	0.305222	-0.0133334	1.07193 
240	46    	0.604506	0.328173	-0.02     	1.14185 
241	46    	0.618967	0.350182	0.092474  	1.14487 
242	49    	0.506626	0.377764	-0.0133332	1.14487 
243	45    	0.53901 	0.429684	-1        	1.14487 
244	47    	0.556599	0.404314	-1        	1.07641 
245	44    	0.657417	0.370069	-0.0177778	1.07641 
246	44    	0.553709	0.430327	-1        	1.07641 
247	45    	0.570943	0.351296	0.157748  	1.13235 
248	46    	0.627963	0.367764	0.0958244 	1.13235 
249	48    	0.558777	0.363311	-0.0171429	1.07641 
250	48    	0.634543	0.318942	0.108021  	1.07641 
251	46    	0.662552	0.307083	0.127767  	1.07641 
252	42    	0.671126	0.314498	0.159977  	1.07641 
253	46    	0.548046	0.344666	0.0827383 	1.07641 
254	42    	0.647646	0.356695	0.130984  	1.13235 
255	48    	0.588563	0.333496	-0.0181818	1.13235 
256	46    	0.609867	0.351403	0.0630142 	1.13235 
257	49    	0.4566  	0.300201	0.114583  	0.999154
258	47    	0.573036	0.283299	0.165989  	0.999154
259	42    	0.643485	0.29077 	0.123235  	0.999154
260	47    	0.595534	0.307116	-0.0166652	1.06805 
261	43    	0.616573	0.387549	-1        	1.11765 
262	44    	0.579202	0.338557	0.0744989 	1.11765 
263	48    	0.620676	0.321248	0.199529  	1.07296 
264	45    	0.618183	0.344214	-0.0175   	1.07357 
265	47    	0.616555	0.333789	-0.0171342	1.14764 
266	43    	0.67607 	0.312212	0.18398   	1.14764 
267	48    	0.605352	0.315581	0.155087  	1.10959 
268	46    	0.67407 	0.360967	-0.017143 	1.11633 
269	44    	0.555996	0.40854 	-1        	1.11633 
270	48    	0.459886	0.312206	0.0855833 	1.10959 
271	46    	0.536711	0.30653 	0.117144  	1.10959 
272	46    	0.506908	0.382   	-1        	1.10959 
273	47    	0.507971	0.308118	0.116299  	1.10959 
274	44    	0.616963	0.368487	-0.0159999	1.11051 
275	45    	0.569175	0.355575	-0.0166666	1.10959 
276	47    	0.570157	0.363265	-0.0171428	1.10959 
277	48    	0.488856	0.325239	0.0752423 	1.12001 
278	46    	0.679736	0.326043	0.131672  	1.12013 
279	46    	0.615869	0.382889	-0.0171429	1.12013 
280	46    	0.545489	0.381482	-0.0177777	1.12013 
281	43    	0.52154 	0.360831	0.0749093 	1.12013 
282	43    	0.568632	0.403356	-0.018    	1.12013 
283	46    	0.612102	0.389083	-0.0150002	1.12013 
284	44    	0.516031	0.389418	-0.0183333	1.18304 
285	48    	0.498523	0.359874	-0.0166666	1.18304 
286	49    	0.52475 	0.343021	-0.0177778	1.12412 
287	42    	0.607185	0.316615	-0.016    	1.18304 
288	46    	0.511521	0.352794	0.143608  	1.18304 
289	47    	0.487532	0.313267	-0.0133333	1.18304 
290	47    	0.587223	0.332396	0.148382  	1.18304 
291	44    	0.701308	0.365285	0.184958  	1.18304 
292	43    	0.608059	0.400934	-0.0180003	1.18447 
293	44    	0.647421	0.430775	0.0749782 	1.18304 
294	46    	0.516254	0.408554	-0.0166668	1.18304 
295	47    	0.586984	0.386958	0.0663556 	1.18304 
296	49    	0.461907	0.366156	-0.016    	1.18304 
297	47    	0.576138	0.358958	-0.0166667	1.18304 
298	46    	0.561194	0.365943	0.0990278 	1.17661 
299	46    	0.553982	0.363728	-0.0166667	1.17661 
300	45    	0.513994	0.370248	-0.01     	1.17661 
301	45    	0.545958	0.381556	-0.0177778	1.17661 
302	48    	0.529354	0.351544	-0.0150001	1.18844 
303	45    	0.614915	0.37389 	0.0739387 	1.20065 
304	45    	0.502088	0.373087	0.0858079 	1.20065 
305	50    	0.512298	0.382998	-0.0166667	1.20065 
306	48    	0.523871	0.368886	0.165465  	1.20065 
307	46    	0.48612 	0.329299	-0.0160001	1.18844 
308	48    	0.578146	0.340831	-0.0133333	1.18844 
309	44    	0.568025	0.400359	-0.0175   	1.18844 
310	48    	0.634424	0.390264	-0.0150002	1.18178 
311	46    	0.612993	0.410791	-0.0175   	1.18178 
312	45    	0.550505	0.395636	0.0832921 	1.17116 
313	47    	0.534709	0.327382	0.13613   	1.12543 
314	48    	0.501305	0.363143	-1        	1.10763 
315	48    	0.533126	0.302398	0.05912   	1.11525 
316	46    	0.565142	0.310567	0.0633683 	1.11525 
317	43    	0.530133	0.323914	-0.015    	1.11525 
318	47    	0.56596 	0.310418	0.0596602 	1.11525 
319	44    	0.524671	0.312641	-0.02     	1.04468 
320	46    	0.563332	0.329634	0.0846901 	1.08558 
321	48    	0.618678	0.339282	0.0531502 	1.11525 
322	46    	0.521608	0.350307	-0.0166666	1.11525 
323	41    	0.603806	0.356105	-0.018    	1.11525 
324	44    	0.50441 	0.341774	-0.016    	1.11525 
325	47    	0.49293 	0.322947	-0.0159977	1.11525 
326	46    	0.521348	0.339229	-0.016    	1.11525 
327	43    	0.530273	0.395902	-1        	1.18056 
328	43    	0.601139	0.329921	-0.0166667	1.11525 
329	50    	0.404759	0.284598	-0.0150002	1.07204 
330	49    	0.461983	0.28241 	-0.016    	0.986847
331	45    	0.599148	0.275996	0.102366  	0.996549
332	45    	0.533846	0.294398	0.0596222 	1.04551 
333	45    	0.60308 	0.339951	-0.0177778	1.05094 
334	49    	0.460732	0.328454	-0.0171429	1.05094 
335	47    	0.593119	0.310002	0.151743  	1.04551 
336	48    	0.522236	0.299286	0.151743  	1.05267 
337	44    	0.592143	0.351141	-0.01     	1.11366 
338	48    	0.543944	0.325434	0.104288  	1.11366 
339	49    	0.544855	0.352586	-0.0171428	1.17265 
340	46    	0.680151	0.338163	-0.0150001	1.17265 
341	48    	0.595974	0.346474	-0.0177777	1.10006 
342	47    	0.527179	0.460297	-1        	1.11792 
343	47    	0.560955	0.405724	-1        	1.11792 
344	46    	0.569675	0.327536	-0.0133333	1.11792 
345	50    	0.554299	0.279777	0.194648  	1.04442 
346	45    	0.670427	0.288315	0.195513  	1.05637 
347	45    	0.592086	0.321207	0.167298  	1.11792 
348	44    	0.594095	0.333938	0.0928816 	1.11792 
349	45    	0.581016	0.33267 	-0.016    	1.11792 
350	46    	0.480959	0.536069	-1        	1.11792 
351	48    	0.464497	0.44494 	-1        	1.11792 
352	47    	0.458932	0.480273	-1        	1.04738 
353	47    	0.607673	0.370128	-1        	1.12108 
354	48    	0.606748	0.301081	0.0623028 	1.12108 
355	46    	0.568916	0.320209	0.105201  	1.09615 
356	44    	0.660775	0.32906 	0.0594257 	1.03417 
357	42    	0.602373	0.38349 	-1        	1.05149 
358	44    	0.468338	0.438435	-1        	1.10805 
359	46    	0.570164	0.434616	-1        	1.10805 
360	46    	0.585649	0.386148	-1        	1.10805 
361	42    	0.484694	0.537416	-1        	1.10805 
362	46    	0.602063	0.520592	-1        	1.10805 
363	46    	0.598678	0.508884	-1        	1.11488 
364	46    	0.523361	0.454414	-1        	1.1153  
365	47    	0.488856	0.312625	0.128043  	1.1153  
366	45    	0.595059	0.301798	0.194985  	1.09774 
367	46    	0.411177	0.505008	-1        	1.09774 
368	45    	0.48809 	0.523676	-1        	1.04742 
369	47    	0.515151	0.353929	-1        	1.04742 
370	47    	0.614065	0.272772	0.178137  	1.03833 
371	47    	0.500188	0.412703	-1        	0.999247
372	48    	0.509965	0.367586	-1        	0.996528
373	45    	0.516292	0.466845	-1        	0.995281
374	47    	0.566832	0.283918	-0.016    	0.993042
375	44    	0.611262	0.324929	-1        	0.993042
376	49    	0.548011	0.332403	-1        	0.999152
377	45    	0.519662	0.405623	-1        	0.999152
378	46    	0.465026	0.45125 	-1        	0.999152
379	45    	0.400557	0.391462	-1        	0.999152
380	45    	0.546829	0.289404	0.191331  	0.999152
381	45    	0.466016	0.372425	-1        	0.999152
382	48    	0.502857	0.355713	-1        	0.999152
383	46    	0.467891	0.50762 	-1        	0.999152
384	44    	0.557871	0.300177	0.156104  	1.04773 
385	48    	0.488888	0.354595	-1        	1.04773 
386	48    	0.541788	0.287077	0.0664306 	1.031   
387	46    	0.487835	0.358472	-1        	1.031   
388	45    	0.508836	0.351186	-1        	0.999152
389	47    	0.501764	0.405985	-1        	0.967775
390	47    	0.49199 	0.395917	-1        	0.967775
391	47    	0.619675	0.26294 	0.121896  	1.0292  
392	46    	0.515589	0.374942	-1        	1.0292  
393	46    	0.446843	0.411539	-1        	0.945757
394	44    	0.379646	0.558853	-1        	0.945757
395	44    	0.650097	0.258216	0.136673  	1.05658 
396	47    	0.521591	0.431662	-1        	1.11694 
397	47    	0.528846	0.366688	-1        	1.11694 
398	47    	0.569906	0.335547	0.138613  	1.11694 
399	42    	0.602796	0.360333	-0.0177778	1.11694 
400	44    	0.517112	0.359646	0.12209   	1.11694 
401	45    	0.667261	0.371481	-0.0171428	1.11255 
402	48    	0.534822	0.36688 	-0.016    	1.11255 
403	44    	0.570048	0.390411	-0.0160001	1.12298 
404	49    	0.55797 	0.398452	-0.0171426	1.12639 
405	43    	0.615839	0.392638	0.106719  	1.10911 
406	47    	0.579379	0.355917	-0.0133333	1.11636 
407	47    	0.539598	0.360879	-0.0175   	1.10911 
408	45    	0.507748	0.343183	-0.015    	1.05099 
409	48    	0.550405	0.353072	-0.0174999	1.11203 
410	45    	0.543573	0.34797 	-0.0160001	1.11203 
411	49    	0.521458	0.32266 	0.1647    	1.12514 
412	47    	0.486448	0.333591	-0.0166666	1.04198 
413	45    	0.470107	0.340602	-0.0166667	1.04124 
414	46    	0.516522	0.324702	-0.0166667	1.04124 
415	44    	0.525417	0.331818	0.0833558 	1.04124 
416	48    	0.592457	0.310608	0.0774367 	1.02268 
417	42    	0.551149	0.324461	0.091607  	1.04745 
418	46    	0.615008	0.322934	0.127242  	1.04745 
419	49    	0.577522	0.330598	-0.016    	1.04745 
420	46    	0.601339	0.342967	0.0980323 	1.11255 
421	46    	0.595673	0.345572	0.106647  	1.11255 
422	46    	0.575495	0.329266	0.142394  	1.04745 
423	49    	0.56042 	0.333525	-0.0175   	1.11255 
424	46    	0.583318	0.339424	-0.0183334	1.04745 
425	46    	0.615324	0.31242 	0.099368  	1.04745 
426	47    	0.462264	0.322468	-0.016    	0.982116
427	45    	0.512358	0.324205	-0.02     	0.982116
428	50    	0.489533	0.309529	-0.0159957	0.971913
429	48    	0.561006	0.307845	-0.0159999	0.971913
430	49    	0.617921	0.306434	0.065786  	1.05953 
431	45    	0.548712	0.402445	-1        	1.05953 
432	47    	0.489275	0.357476	-0.018    	1.14272 
433	44    	0.49613 	0.332597	0.0687428 	1.05953 
434	43    	0.53743 	0.342891	0.0918841 	1.05953 
435	48    	0.575999	0.319468	0.0528862 	1.03661 
436	46    	0.63379 	0.330858	0.0829515 	1.05473 
437	46    	0.58035 	0.339147	-0.0175   	1.12714 
438	46    	0.554006	0.35259 	-0.0166667	1.04484 
439	47    	0.498588	0.3886  	-1        	1.12516 
440	46    	0.646098	0.352023	0.11555   	1.12516 
441	46    	0.498653	0.34722 	-0.016    	1.0486  
442	46    	0.546807	0.333675	-0.0177777	1.05082 
443	48    	0.530268	0.406864	-1        	1.05082 
444	46    	0.466853	0.51834 	-1        	1.10218 
445	47    	0.495315	0.557502	-1        	1.05099 
446	46    	0.439213	0.498632	-1        	1.05099 
447	44    	0.551025	0.404019	-1        	1.04779 
448	48    	0.650496	0.333627	0.0922187 	1.1224  
449	48    	0.573705	0.452649	-1        	1.04097 
450	48    	0.591199	0.400592	-1        	1.04319 
451	47    	0.56477 	0.347122	-0.0171427	1.04319 
452	43    	0.485749	0.505385	-1        	1.04319 
453	48    	0.474762	0.42776 	-1        	1.09972 
454	48    	0.59238 	0.302758	-0.02     	1.09972 
455	48    	0.566575	0.324712	0.11619   	1.11333 
456	46    	0.638165	0.296686	0.138316  	1.11333 
457	45    	0.587537	0.333716	0.153094  	1.11333 
458	43    	0.54417 	0.35915 	-0.0177778	1.11333 
459	44    	0.710745	0.343424	-0.0133333	1.11338 
460	48    	0.557147	0.387738	-0.0177778	1.12484 
461	44    	0.623642	0.38052 	-0.015    	1.12484 
462	47    	0.62282 	0.38633 	-0.0171429	1.12484 
463	46    	0.697548	0.402952	-1        	1.12484 
464	48    	0.549908	0.441173	-1        	1.1224  
465	44    	0.66829 	0.35016 	-0.0171429	1.12452 
466	46    	0.515707	0.492662	-1        	1.12452 
467	47    	0.582677	0.471204	-1        	1.12452 
468	46    	0.544152	0.375082	0.0757351 	1.12529 
469	45    	0.630717	0.374002	-0.0133333	1.12452 
470	46    	0.637666	0.377823	-0.0133333	1.12452 
471	44    	0.695258	0.359803	0.136979  	1.12444 
472	44    	0.6959  	0.369686	0.0812169 	1.12444 
473	47    	0.613039	0.361284	0.110137  	1.1268  
474	46    	0.592434	0.373951	0.0926267 	1.1268  
475	48    	0.506822	0.34471 	0.0481093 	1.11955 
476	45    	0.688457	0.321079	0.111093  	1.12614 
477	47    	0.582372	0.32518 	0.066831  	1.05926 
478	46    	0.586859	0.347982	-0.0166584	1.12614 
479	46    	0.642536	0.332773	0.0756595 	1.05926 
480	44    	0.629602	0.35419 	0.0778703 	1.05926 
481	46    	0.62996 	0.342332	0.0815228 	1.05926 
482	45    	0.665389	0.337916	0.0825108 	1.05926 
483	47    	0.487547	0.324853	0.109266  	1.05926 
484	46    	0.506085	0.311436	0.097494  	0.95419 
485	45    	0.53981 	0.274268	0.1343    	0.95419 
486	47    	0.546106	0.30352 	0.111888  	0.977756
487	45    	0.603931	0.288943	-0.0133333	0.979901
488	47    	0.599464	0.310054	-0.01     	1.12107 
489	43    	0.633392	0.344147	0.170884  	1.1223  
490	43    	0.650397	0.335388	0.192929  	1.1223  
491	46    	0.685185	0.344696	0.128118  	1.1223  
492	44    	0.64231 	0.357863	0.165846  	1.1223  
493	46    	0.658339	0.348439	-0.0133333	1.1223  
494	47    	0.595661	0.344708	-0.0177778	1.05065 
495	42    	0.713816	0.337002	0.053953  	1.1223  
496	47    	0.632056	0.349041	0.103272  	1.1223  
497	47    	0.613345	0.36717 	-0.0181818	1.1223  
498	48    	0.596729	0.339117	0.156272  	1.12279 
499	43    	0.709338	0.35251 	-0.0133333	1.1223  
500	47    	0.612388	0.363378	-0.0171428	1.05803 
501	48    	0.61282 	0.361992	-0.0160001	1.1158  
502	48    	0.58453 	0.354919	-0.0199999	1.1158  
503	45    	0.513501	0.358261	-0.0181818	1.1158  
504	42    	0.570782	0.354877	0.127792  	1.1158  
505	47    	0.476909	0.36831 	-0.0166553	1.1158  
506	46    	0.451414	0.333038	-0.0175   	1.1158  
507	47    	0.502184	0.349351	-0.0181818	1.04349 
508	46    	0.511715	0.320744	-0.0175   	0.980068
509	48    	0.52629 	0.304178	0.10722   	0.980068
510	45    	0.488362	0.3015  	0.066831  	0.980068
511	45    	0.534734	0.331242	-0.02     	1.04885 
512	45    	0.444608	0.323397	-0.016    	1.0455  
513	49    	0.484602	0.329341	0.117315  	1.1158  
514	46    	0.547639	0.315756	0.144698  	1.1158  
515	49    	0.459322	0.327886	-0.016    	1.07059 
516	50    	0.463918	0.347325	-0.0171429	1.12162 
517	47    	0.459318	0.307913	-0.0166666	1.10607 
518	49    	0.565019	0.272414	0.171932  	1.07059 
519	47    	0.5153  	0.326714	-0.0177778	1.02712 
520	46    	0.533117	0.330359	-0.0166666	1.04742 
521	44    	0.564439	0.326092	0.0664436 	1.04817 
522	47    	0.511547	0.294264	0.0987289 	1.04817 
523	47    	0.461511	0.31895 	-0.0171413	1.04817 
524	45    	0.630915	0.34754 	0.115443  	1.12046 
525	47    	0.516343	0.347752	0.0932525 	1.04817 
526	46    	0.547473	0.344324	-0.0133332	1.04817 
527	49    	0.518908	0.342602	-0.015    	1.04817 
528	46    	0.585693	0.35847 	-0.0199999	1.09037 
529	49    	0.599009	0.408648	-1        	1.09334 
530	49    	0.557283	0.329425	0.0957496 	1.09334 
531	43    	0.521838	0.529329	-1        	1.09334 
532	48    	0.580434	0.439372	-1        	1.14256 
533	48    	0.561576	0.497265	-1        	1.10644 
534	46    	0.603103	0.493479	-1        	1.17813 
535	43    	0.563475	0.393378	0.0963403 	1.11155 
536	45    	0.565233	0.380673	0.153358  	1.18044 
537	47    	0.539026	0.458571	-1        	1.14218 
538	46    	0.476667	0.486307	-1        	1.14218 
539	48    	0.530922	0.430943	-1        	1.14069 
540	46    	0.424217	0.597844	-1        	1.14069 
541	46    	0.496388	0.434859	-1        	1.14069 
542	46    	0.632316	0.439955	-1        	1.12999 
543	46    	0.587879	0.387773	-0.0175   	1.13799 
544	46    	0.358886	0.482409	-1        	1.12999 
545	44    	0.515079	0.535346	-1        	1.2134  
546	47    	0.498911	0.444637	-1        	1.2134  
547	49    	0.432757	0.408645	-1        	1.2134  
548	45    	0.602423	0.371328	0.1322    	1.2134  
549	50    	0.527655	0.423179	-1        	1.13948 
550	48    	0.529491	0.404649	-1        	1.05593 
551	47    	0.457659	0.510905	-1        	1.09565 
552	47    	0.469161	0.45909 	-1        	1.09565 
553	46    	0.51802 	0.419365	-1        	1.05469 
554	46    	0.48204 	0.413078	-1        	1.03931 
555	44    	0.46841 	0.394702	-1        	1.03931 
556	42    	0.528156	0.466094	-1        	1.06871 
557	45    	0.537786	0.386047	-0.017143 	1.06871 
558	44    	0.504107	0.473554	-1        	1.07297 
559	49    	0.498827	0.393879	-1        	1.08691 
560	45    	0.520643	0.349796	-0.0175   	1.08342 
561	47    	0.478135	0.404912	-1        	1.08342 
562	46    	0.429507	0.50553 	-1        	1.08342 
563	48    	0.474349	0.435129	-1        	1.14463 
564	45    	0.479485	0.426871	-1        	1.14463 
565	48    	0.460578	0.518649	-1        	1.14463 
566	44    	0.53969 	0.37619 	-0.016    	1.14463 
567	49    	0.503438	0.489156	-1        	1.17981 
568	39    	0.63642 	0.395604	0.136826  	1.17981 
569	47    	0.446726	0.423367	-1        	1.14463 
570	43    	0.627544	0.404665	-0.0175   	1.17878 
571	46    	0.34024 	0.656077	-1        	1.17878 
572	48    	0.505307	0.537482	-1        	1.17537 
573	45    	0.310083	0.60262 	-1        	1.17537 
574	46    	0.392892	0.383018	-1        	1.17537 
575	46    	0.520471	0.540956	-1        	1.18398 
576	44    	0.354168	0.630339	-1        	1.18398 
577	47    	0.347927	0.573696	-1        	1.15434 
578	46    	0.496787	0.435521	-1        	1.15434 
579	48    	0.476595	0.533558	-1        	1.15434 
580	47    	0.334776	0.562038	-1        	1.15434 
581	45    	0.541486	0.430781	-1        	1.15434 
582	43    	0.464646	0.650546	-1        	1.15434 
583	47    	0.321998	0.599229	-1        	1.15434 
584	45    	0.456022	0.460934	-1        	1.15434 
585	47    	0.405777	0.634835	-1        	1.15434 
586	47    	0.292399	0.571208	-1        	1.11646 
587	46    	0.448525	0.547528	-1        	1.16216 
588	48    	0.231637	0.760915	-1        	1.11646 
589	46    	0.192279	0.731642	-1        	1.11646 
590	45    	0.131969	0.771756	-1        	1.11646 
591	43    	0.386726	0.765484	-1        	1.12566 
592	47    	0.405771	0.608312	-1        	1.12566 
593	48    	-0.0369657	0.744495	-1        	1.1235  
594	44    	0.440265  	0.544103	-1        	1.12487 
595	47    	0.403405  	0.69992 	-1        	1.14311 
596	50    	0.224251  	0.729103	-1        	1.12487 
597	46    	0.272744  	0.819683	-1        	1.13443 
598	50    	0.239955  	0.690218	-1        	1.08541 
599	45    	0.319729  	0.738429	-1        	1.11411 
600	46    	0.455745  	0.667134	-1        	1.13496 
601	47    	0.418398  	0.747006	-1        	1.14864 
602	46    	0.263254  	0.787095	-1        	1.15205 
603	47    	0.395388  	0.653166	-1        	1.15205 
604	45    	0.430617  	0.671796	-1        	1.15205 
605	48    	0.402908  	0.69826 	-1        	1.14864 
606	45    	0.395708  	0.697503	-1        	1.14864 
607	47    	0.445919  	0.679655	-1        	1.14864 
608	46    	0.48493   	0.68729 	-1        	1.16761 
609	43    	0.572016  	0.582162	-1        	1.14864 
610	50    	0.269029  	0.807145	-1        	1.16989 
611	44    	0.364728  	0.753497	-1        	1.16989 
612	46    	0.543144  	0.501129	-1        	1.16989 
613	46    	0.396844  	0.790066	-1        	1.16989 
614	42    	0.571946  	0.586437	-1        	1.16989 
615	47    	0.383491  	0.717733	-1        	1.16989 
616	46    	0.349985  	0.784884	-1        	1.151   
617	46    	0.305499  	0.734942	-1        	1.151   
618	44    	0.372856  	0.584053	-1        	1.151   
619	43    	0.592414  	0.556154	-1        	1.151   
620	43    	0.388952  	0.64712 	-1        	1.151   
621	46    	0.478545  	0.592801	-1        	1.151   
622	45    	0.492895  	0.58541 	-1        	1.151   
623	45    	0.43898   	0.693101	-1        	1.151   
624	44    	0.461368  	0.622364	-1        	1.19367 
625	47    	0.357612  	0.712754	-1        	1.19518 
626	48    	0.385253  	0.511201	-1        	1.19367 
627	44    	0.432677  	0.622352	-1        	1.19367 
628	47    	0.450394  	0.581213	-1        	1.19367 
629	49    	0.494843  	0.539016	-1        	1.19367 
630	48    	0.338727  	0.654682	-1        	1.19367 
631	44    	0.505527  	0.535979	-1        	1.15267 
632	48    	0.47954   	0.580656	-1        	1.19367 
633	47    	0.442863  	0.557647	-1        	1.15267 
634	46    	0.510369  	0.618466	-1        	1.1561  
635	48    	0.315458  	0.677287	-1        	1.1561  
636	41    	0.580203  	0.386684	0.162419  	1.14447 
637	49    	0.50783   	0.526872	-1        	1.14447 
638	49    	0.409089  	0.463781	-1        	1.14447 
639	49    	0.492596  	0.468395	-1        	1.11175 
640	48    	0.262074  	0.637805	-1        	1.03775 
641	45    	0.590472  	0.328981	0.218091  	1.03775 
642	45    	0.391307  	0.618114	-1        	1.03775 
643	48    	0.294406  	0.652549	-1        	1.08894 
644	44    	0.512278  	0.505057	-1        	1.07395 
645	47    	0.550966  	0.512153	-1        	1.10845 
646	46    	0.421488  	0.669797	-1        	1.11256 
647	47    	0.405703  	0.665214	-1        	1.11256 
648	47    	0.178916  	0.663554	-1        	1.11256 
649	43    	0.292389  	0.650514	-1        	1.11256 
650	50    	0.240981  	0.617871	-1        	1.0426  
651	42    	0.419455  	0.6907  	-1        	1.07103 
652	46    	0.379017  	0.597315	-1        	1.07103 
653	45    	0.483828  	0.63172 	-1        	1.05948 
654	44    	0.526006  	0.553398	-1        	1.10264 
655	48    	0.463743  	0.590364	-1        	1.08558 
656	47    	0.588482  	0.409824	-1        	1.08558 
657	42    	0.346712  	0.70634 	-1        	1.14985 
658	45    	0.50638   	0.652921	-1        	1.17    
659	43    	0.459013  	0.584554	-1        	1.14985 
660	42    	0.453279  	0.659841	-1        	1.14985 
661	49    	0.25168   	0.678142	-1        	1.14985 
662	47    	0.334352  	0.563558	-1        	1.15317 
663	47    	0.274478  	0.715348	-1        	1.13917 
664	47    	0.316163  	0.624347	-1        	1.14985 
665	45    	0.323186  	0.773378	-1        	1.15889 
666	46    	0.272909  	0.717824	-1        	1.15889 
667	46    	0.293417  	0.659731	-1        	1.15889 
668	46    	0.279428  	0.761349	-1        	1.15889 
669	50    	0.242282  	0.637133	-1        	1.15513 
670	47    	0.317901  	0.63235 	-1        	1.10658 
671	48    	0.399388  	0.599304	-1        	1.15102 
672	44    	0.560434  	0.550374	-1        	1.15733 
673	47    	0.302727  	0.666894	-1        	1.15733 
674	47    	0.318072  	0.682865	-1        	1.18398 
675	45    	0.244237  	0.717786	-1        	1.18398 
676	50    	0.297064  	0.549065	-1        	1.11978 
677	46    	0.402137  	0.54701 	-1        	1.15733 
678	46    	0.382763  	0.598576	-1        	1.11978 
679	44    	0.469643  	0.542039	-1        	1.11978 
680	48    	0.231306  	0.670876	-1        	1.14821 
681	44    	0.256485  	0.675138	-1        	1.12971 
682	41    	0.429408  	0.63849 	-1        	1.12971 
683	47    	0.0952221 	0.675912	-1        	1.12971 
684	46    	0.215489  	0.522598	-1        	1.13429 
685	44    	0.288648  	0.571545	-1        	1.13429 
686	48    	0.310365  	0.527356	-1        	1.08327 
687	47    	0.256907  	0.670273	-1        	1.12971 
688	49    	0.288461  	0.523037	-1        	1.13429 
689	46    	0.337238  	0.550074	-1        	1.13429 
690	41    	0.407725  	0.627507	-1        	1.13429 
691	47    	0.369121  	0.569465	-1        	1.09045 
692	46    	0.462639  	0.513696	-1        	1.14821 
693	45    	0.256018  	0.71599 	-1        	1.14821 
694	44    	0.336577  	0.670244	-1        	1.13771 
695	45    	0.384374  	0.490704	-1        	1.13771 
696	45    	0.334101  	0.638864	-1        	1.13771 
697	44    	0.19471   	0.674377	-1        	1.13771 
698	48    	0.294338  	0.605818	-1        	1.06668 
699	46    	0.346891  	0.583234	-1        	1.03032 
700	48    	0.286723  	0.632612	-1        	1.03032 
701	47    	0.476569  	0.473095	-1        	1.01336 
702	50    	0.292837  	0.636942	-1        	0.973216
703	46    	0.386986  	0.484869	-1        	0.991178
704	47    	0.356542  	0.577258	-1        	0.991178
705	45    	0.486097  	0.422639	-1        	1.07942 
706	45    	0.359639  	0.534212	-1        	1.07942 
707	45    	0.428285  	0.414125	-1        	1.07942 
708	45    	0.365185  	0.540934	-1        	1.07942 
709	46    	0.436532  	0.459354	-1        	1.07942 
710	47    	0.355436  	0.515183	-1        	1.14359 
711	44    	0.407869  	0.528588	-1        	1.14359 
712	45    	0.506903  	0.46482 	-1        	1.14849 
713	44    	0.554291  	0.421587	-1        	1.14849 
714	47    	0.465797  	0.472495	-1        	1.14849 
715	47    	0.277447  	0.614263	-1        	1.14849 
716	46    	0.438963  	0.447718	-1        	1.14849 
717	48    	0.489561  	0.352285	-0.016    	1.14849 
718	47    	0.388833  	0.607561	-1        	1.14849 
719	47    	0.316594  	0.57763 	-1        	1.14849 
720	48    	0.480591  	0.437063	-1        	1.13163 
721	46    	0.427761  	0.49498 	-1        	1.1479  
722	45    	0.347202  	0.50708 	-1        	1.1479  
723	47    	0.266881  	0.635521	-1        	1.1479  
724	49    	0.368554  	0.475366	-1        	1.09495 
725	46    	0.260797  	0.629673	-1        	1.1479  
726	49    	0.444737  	0.431214	-1        	1.05559 
727	43    	0.297379  	0.722603	-1        	1.05559 
728	43    	0.311858  	0.624129	-1        	1.05559 
729	49    	0.37945   	0.641695	-1        	1.06726 
730	48    	0.467879  	0.555158	-1        	1.06374 
731	49    	0.465704  	0.394579	-1        	1.06726 
732	47    	0.413903  	0.530803	-1        	1.06726 
733	46    	0.293965  	0.609853	-1        	1.06726 
734	47    	0.483935  	0.392432	-1        	1.05351 
735	46    	0.422075  	0.655457	-1        	1.07972 
736	48    	0.350159  	0.597644	-1        	1.09393 
737	49    	0.53018   	0.329434	0.0645657 	1.08269 
738	44    	0.496488  	0.564472	-1        	1.09393 
739	47    	0.494732  	0.42197 	-1        	1.11048 
740	47    	0.376583  	0.521109	-1        	1.11048 
741	45    	0.372843  	0.560649	-1        	1.08377 
742	47    	0.515152  	0.470602	-1        	1.13318 
743	49    	0.399007  	0.436116	-1        	1.13852 
744	48    	0.390082  	0.465183	-1        	1.13318 
745	45    	0.377797  	0.56206 	-1        	1.13426 
746	46    	0.39173   	0.519091	-1        	1.13426 
747	46    	0.324171  	0.506579	-1        	1.13426 
748	48    	0.409929  	0.474962	-1        	1.06394 
749	44    	0.511044  	0.389774	-1        	1.06394 
750	48    	0.453698  	0.442885	-1        	1.06394 
751	46    	0.380066  	0.450646	-1        	1.06394 
752	43    	0.46098   	0.482895	-1        	1.07621 
753	42    	0.430033  	0.535115	-1        	1.07621 
754	45    	0.374904  	0.497616	-1        	1.07621 
755	45    	0.451777  	0.355029	-1        	1.07621 
756	44    	0.439671  	0.483208	-1        	1.14794 
757	48    	0.239832  	0.464451	-1        	1.14794 
758	48    	0.349217  	0.350572	-1        	1.03285 
759	48    	0.400385  	0.467919	-1        	1.03285 
760	45    	0.4187    	0.546609	-1        	1.03285 
761	46    	0.443566  	0.521638	-1        	1.03285 
762	43    	0.463333  	0.481482	-1        	1.03299 
763	48    	0.397349  	0.510391	-1        	1.05959 
764	48    	0.465646  	0.491441	-1        	1.14006 
765	39    	0.506735  	0.526131	-1        	1.14748 
766	41    	0.511955  	0.492094	-1        	1.149   
767	46    	0.294729  	0.498016	-1        	1.21667 
768	45    	0.439294  	0.34939 	0.148291  	1.21667 
769	49    	0.192164  	0.532518	-1        	1.21667 
770	41    	0.452844  	0.352309	-1        	1.21667 
771	46    	0.509642  	0.314862	0.146223  	1.21667 
772	44    	0.427332  	0.375747	-1        	1.21667 
773	42    	0.440321  	0.457476	-1        	1.21667 
774	44    	0.42552   	0.466775	-1        	1.21667 
775	46    	0.425259  	0.399572	-1        	1.21667 
776	44    	0.342825  	0.51527 	-1        	1.14751 
777	42    	0.462565  	0.394636	-1        	1.14751 
778	46    	0.432695  	0.403357	-1        	1.14751 
779	41    	0.499382  	0.473778	-1        	1.14751 
780	48    	0.404438  	0.428887	-1        	1.2151  
781	46    	0.455092  	0.383498	-1        	1.14751 
782	47    	0.335709  	0.441239	-1        	1.14751 
783	41    	0.47126   	0.445207	-1        	1.14751 
784	46    	0.316708  	0.488429	-1        	1.14751 
785	46    	0.374626  	0.497074	-1        	1.14754 
786	49    	0.358785  	0.446106	-1        	1.14754 
787	44    	0.441002  	0.469849	-1        	1.1336  
788	48    	0.33876   	0.435361	-1        	0.94968 
789	50    	0.392918  	0.45371 	-1        	0.945747
790	47    	0.455274  	0.36758 	-1        	0.944444
791	49    	0.515378  	0.319141	0.104983  	1.00827 
792	46    	0.497426  	0.32489 	-0.016    	1.00827 
793	44    	0.451946  	0.382787	-1        	1.07728 
794	47    	0.438572  	0.426656	-1        	1.06243 
795	46    	0.459658  	0.388536	-1        	1.01245 
796	48    	0.566024  	0.332223	0.115521  	1.01245 
797	46    	0.523402  	0.333507	-0.0199999	1.01888 
798	48    	0.456568  	0.385504	-1        	1.01315 
799	49    	0.486284  	0.467124	-1        	1.08876 
800	48    	0.341123  	0.501712	-1        	1.08038 
801	48    	0.497358  	0.384649	-1        	1.0155  
802	46    	0.507734  	0.399998	-1        	1.07265 
803	48    	0.44423   	0.446844	-1        	1.08019 
804	46    	0.555725  	0.401409	-1        	1.08019 
805	48    	0.476244  	0.396004	-1        	1.07999 
806	45    	0.466477  	0.453986	-1        	1.07962 
807	50    	0.364085  	0.468815	-1        	1.0791  
808	47    	0.451382  	0.327413	-0.0175   	1.06823 
809	48    	0.48898   	0.36803 	-1        	0.999232
810	47    	0.49889   	0.306849	0.136939  	1.06386 
811	45    	0.422239  	0.421648	-1        	1.06386 
812	47    	0.549423  	0.381017	-1        	1.0641  
813	46    	0.50563   	0.310358	0.135741  	1.0641  
814	46    	0.528471  	0.337636	-0.0133333	1.07833 
815	44    	0.557865  	0.361887	0.111877  	1.06386 
816	47    	0.452275  	0.45333 	-1        	1.06318 
817	47    	0.470709  	0.405188	-1        	1.06318 
818	47    	0.44362   	0.387656	-1        	1.06318 
819	46    	0.525623  	0.332318	0.0833942 	1.06318 
820	43    	0.50924   	0.36305 	-0.016    	1.05762 
821	47    	0.4844    	0.36675 	0.0715131 	1.05966 
822	49    	0.463255  	0.410202	-1        	1.05762 
823	48    	0.503888  	0.361993	0.0817697 	1.05898 
824	47    	0.499259  	0.444001	-1        	1.05762 
825	48    	0.53413   	0.381425	-1        	1.0347  
826	47    	0.568159  	0.321087	0.0799013 	1.03603 
827	46    	0.494963  	0.389437	-1        	1.03603 
828	49    	0.46022   	0.326339	0.11376   	1.07544 
829	47    	0.490546  	0.34919 	0.089183  	1.11196 
830	45    	0.564897  	0.350014	0.134702  	1.07544 
831	45    	0.486852  	0.357863	0.0980462 	1.03603 
832	48    	0.517975  	0.421115	-1        	1.0659  
833	48    	0.315966  	0.340408	-1        	1.03071 
834	44    	0.543052  	0.363159	-0.0166666	1.11347 
835	45    	0.524337  	0.419046	-1        	1.11347 
836	45    	0.357667  	0.467548	-1        	1.11347 
837	43    	0.392441  	0.531475	-1        	1.11347 
838	41    	0.555218  	0.357278	0.155293  	1.11347 
839	44    	0.549146  	0.356139	0.167933  	1.11347 
840	48    	0.490268  	0.372528	-0.016    	1.11629 
841	42    	0.543745  	0.380114	0.106765  	1.11629 
842	44    	0.521183  	0.367052	0.124677  	1.11629 
843	46    	0.553056  	0.376043	0.118134  	1.11629 
844	48    	0.553924  	0.344855	0.172625  	1.13482 
845	47    	0.535878  	0.339793	-0.015    	1.13482 
846	44    	0.547721  	0.370673	0.0591534 	1.13535 
847	47    	0.471381  	0.345242	0.1411    	1.13704 
848	47    	0.48622   	0.34267 	0.140264  	1.13704 
849	48    	0.433421  	0.313091	0.0685179 	1.13704 
850	44    	0.392493  	0.359206	-1        	1.13704 
851	47    	0.483896  	0.314192	-0.01     	1.09563 
852	47    	0.568298  	0.360823	0.167547  	1.12276 
853	45    	0.471056  	0.61421 	-1        	1.13607 
854	46    	0.5333    	0.430513	-1        	1.14968 
855	44    	0.392408  	0.545529	-1        	1.14968 
856	47    	0.546164  	0.481665	-1        	1.13567 
857	46    	0.476582  	0.516456	-1        	1.13724 
858	47    	0.425732  	0.389591	-1        	1.0981  
859	43    	0.467852  	0.406812	-1        	1.13567 
860	45    	0.403201  	0.447283	-1        	1.13671 
861	44    	0.479097  	0.367408	0.110167  	1.13567 
862	47    	0.441512  	0.340155	0.0757597 	1.13686 
863	47    	0.313587  	0.378254	-1        	1.13686 
864	46    	0.428753  	0.295088	0.165335  	1.13686 
865	49    	0.454757  	0.315811	0.0953475 	1.13686 
866	47    	0.473044  	0.342015	-0.017133 	1.13887 
867	46    	0.474417  	0.403335	-1        	1.13887 
868	46    	0.546053  	0.373959	0.157525  	1.13931 
869	43    	0.480496  	0.499024	-1        	1.13887 
870	44    	0.554506  	0.373305	0.0944476 	1.13887 
871	46    	0.439215  	0.407212	-1        	1.13887 
872	43    	0.519315  	0.472747	-1        	1.13887 
873	48    	0.446862  	0.340313	0.103883  	1.13887 
874	49    	0.3844    	0.431655	-1        	1.13887 
875	46    	0.497217  	0.424855	-1        	1.12735 
876	46    	0.595447  	0.373308	0.127315  	1.13724 
877	44    	0.507102  	0.376029	0.0918726 	1.13724 
878	47    	0.489102  	0.340433	0.138942  	1.13284 
879	48    	0.366332  	0.37034 	-1        	1.13284 
880	46    	0.409047  	0.457013	-1        	1.13284 
881	47    	0.435065  	0.339269	0.0926475 	1.13876 
882	45    	0.446365  	0.463286	-1        	1.1346  
883	44    	0.461428  	0.364462	-0.02     	1.13915 
884	44    	0.485853  	0.376598	-0.00503074	1.13915 
885	48    	0.240232  	0.455831	-1         	1.11456 
886	47    	0.387654  	0.410158	-1         	1.11456 
887	47    	0.434945  	0.383246	-1         	1.13876 
888	43    	0.470044  	0.357863	0.115226   	1.13876 
889	47    	0.392344  	0.485325	-1         	1.13876 
890	48    	0.435922  	0.376145	-1         	1.13876 
891	47    	0.471278  	0.306579	0.119137   	1.02452 
892	50    	0.37424   	0.398585	-1         	1.02024 
893	46    	0.390501  	0.359651	-1         	1.07225 
894	44    	0.482815  	0.386906	-1         	1.12508 
895	46    	0.357803  	0.331353	-1         	1.07122 
896	46    	0.441388  	0.301242	0.150366   	1.01397 
897	46    	0.471543  	0.308074	-0.0199999 	1.02021 
898	45    	0.436194  	0.297137	0.0979167  	1.02021 
899	49    	0.461231  	0.369902	-1         	1.02021 
900	45    	0.509487  	0.314113	0.125785   	1.02132 
901	48    	0.359191  	0.502917	-1         	1.02619 
902	46    	0.422963  	0.371728	-1         	1.06706 
903	45    	0.479819  	0.377363	-1         	1.06811 
904	47    	0.463157  	0.391479	-1         	1.07144 
905	48    	0.444587  	0.390432	-1         	1.08086 
906	44    	0.39862   	0.485934	-1         	1.08086 
907	49    	0.443376  	0.338107	0.137607   	1.12446 
908	46    	0.419939  	0.304468	0.0572477  	1.12446 
909	44    	0.562084  	0.351244	0.13818    	1.13457 
910	46    	0.49308   	0.520513	-1         	1.13724 
911	49    	0.408915  	0.293156	0.107112   	1.07882 
912	46    	0.507985  	0.402762	-1         	1.07975 
913	47    	0.512066  	0.395916	-1         	1.07882 
914	45    	0.575489  	0.403729	-1         	1.07988 
915	44    	0.576057  	0.323217	0.160467   	1.07988 
916	44    	0.515386  	0.410257	-1         	1.07988 
917	45    	0.467896  	0.494135	-1         	1.13869 
918	45    	0.361205  	0.559154	-1         	1.07988 
919	45    	0.554883  	0.407528	-1         	1.08055 
920	49    	0.510413  	0.382439	-1         	1.02439 
921	43    	0.599492  	0.327313	0.0932607  	1.02789 
922	48    	0.520806  	0.381899	-1         	1.07737 
923	47    	0.481589  	0.379218	-1         	1.1362  
924	49    	0.489777  	0.319787	-0.0150001 	1.11046 
925	46    	0.547576  	0.423988	-1         	1.11046 
926	47    	0.436265  	0.330072	-0.0133333 	1.0799  
927	43    	0.543943  	0.415416	-1         	1.119   
928	46    	0.367716  	0.436998	-1         	1.12068 
929	45    	0.497657  	0.337704	0.141839   	1.1392  
930	45    	0.393834  	0.302742	0.0595382  	1.1392  
931	46    	0.398675  	0.44039 	-1         	1.1392  
932	44    	0.436151  	0.38471 	-1         	1.1392  
933	49    	0.441164  	0.285947	0.193616   	1.1392  
934	46    	0.548692  	0.344117	-0.0177778 	1.14422 
935	48    	0.42179   	0.317293	0.0927651  	1.14422 
936	49    	0.319785  	0.355661	-1         	1.05582 
937	46    	0.302264  	0.398745	-1         	1.01973 
938	44    	0.510452  	0.242317	0.166203   	1.07298 
939	44    	0.413709  	0.397025	-1         	1.01976 
940	45    	0.455294  	0.361386	-1         	1.02153 
941	48    	0.340278  	0.41339 	-1         	1.08024 
942	47    	0.457093  	0.28328 	0.149272   	1.07813 
943	40    	0.499677  	0.387671	-1         	1.04018 
944	45    	0.447232  	0.419005	-1         	1.04018 
945	47    	0.340775  	0.358274	-1         	1.04018 
946	44    	0.502233  	0.248754	0.19319    	1.04018 
947	48    	0.374677  	0.432092	-1         	1.06515 
948	46    	0.479715  	0.452475	-1         	1.03034 
949	47    	0.452649  	0.510347	-1         	1.05494 
950	45    	0.33798   	0.536434	-1         	1.05494 
951	47    	0.341832  	0.496607	-1         	1.05494 
952	45    	0.33531   	0.590666	-1         	1.05494 
953	47    	0.469871  	0.516728	-1         	1.0987  
954	48    	0.39479   	0.610951	-1         	1.08381 
955	46    	0.35127   	0.636742	-1         	1.05494 
956	42    	0.299059  	0.665195	-1         	1.07085 
957	48    	0.278074  	0.659271	-1         	1.11148 
958	49    	0.386978  	0.56653 	-1         	1.11148 
959	49    	0.232003  	0.690877	-1         	1.12201 
960	47    	0.297896  	0.647554	-1         	1.11148 
961	50    	0.363091  	0.63889 	-1         	1.12615 
962	46    	0.265037  	0.706316	-1         	1.12615 
963	47    	0.180179  	0.661677	-1         	1.12615 
964	44    	0.399882  	0.528148	-1         	1.09085 
965	44    	0.299992  	0.653216	-1         	1.09305 
966	45    	0.298362  	0.687146	-1         	1.09305 
967	49    	0.0736509 	0.644917	-1         	1.09305 
968	48    	0.347184  	0.517204	-1         	1.08596 
969	46    	0.352845  	0.616296	-1         	1.04596 
970	46    	0.328356  	0.647984	-1         	1.04596 
971	45    	0.261455  	0.738527	-1         	1.0648  
972	46    	0.301864  	0.723885	-1         	1.04596 
973	47    	0.494739  	0.451374	-1         	1.04596 
974	48    	0.49486   	0.631231	-1         	1.07634 
975	48    	0.237232  	0.64858 	-1         	1.07634 
976	42    	0.471151  	0.606716	-1         	1.05099 
977	49    	0.402563  	0.52855 	-1         	1.07634 
978	44    	0.420296  	0.695462	-1         	1.07696 
979	48    	0.271149  	0.619731	-1         	1.07634 
980	47    	0.146486  	0.727316	-1         	1.16308 
981	43    	0.362525  	0.622434	-1         	1.16308 
982	44    	0.463888  	0.545537	-1         	1.16308 
983	47    	0.372253  	0.467938	-1         	1.23966 
984	47    	0.271439  	0.54396 	-1         	1.23966 
985	47    	0.410866  	0.474112	-1         	1.23966 
986	47    	0.268291  	0.592394	-1         	1.15095 
987	43    	0.413665  	0.606248	-1         	1.14131 
988	43    	0.519638  	0.396112	0.074426   	1.14131 
989	47    	0.473297  	0.404167	-0.01      	1.14859 
990	47    	0.488948  	0.382284	0.0878306  	1.15703 
991	42    	0.4493    	0.384228	0.101783   	1.15703 
992	44    	0.533251  	0.428311	-0.0185714 	1.14131 
993	46    	0.368364  	0.36543 	0.104874   	1.1482  
994	45    	0.369773  	0.368738	0.045017   	1.1482  
995	45    	0.425068  	0.402158	-0.016     	1.15703 
996	48    	0.386033  	0.369386	0.0987399  	1.16072 
997	47    	0.453595  	0.376524	-0.0149999 	1.1482  
998	46    	0.458106  	0.339255	0.146427   	1.1482  
999	46    	0.390783  	0.315909	0.0963007  	1.0429  
1000	45    	0.322696  	0.299283	-0.0171429 	1.02319 
Best individuals:
(1.239658064667388,) 	-->	 /*9*/DDDRLBRFBUUUDDDLBFRLLRUUUUU
VMNeuronManager.autoload: Neuro classes added: Delay Light Nn PIDP PIDV SeeLight SeeLight2 S0 S1 Thr 
UserScripts.autoload: 19 user scripts added.
Simulator.load: Loading from 'eval-allcriteria.sim'
Loader.load: Comments read from file follow:
Loader.load:  Sample settings for evaluating many criteria of performance of a Framsticks creature.
Loader.load:  See the "evalcount" parameter if you want to speed the evaluation up or have a more stable result.
Loader.load:  Other important parameters are "Energy0" and "perfperiod".
Loader.load:  Put this file in the "data" subdirectory within the Framsticks distribution.
Simulator.load: Settings loaded from 'eval-allcriteria.sim'
Simulator.load: Loading from 'deterministic.sim'
Loader.load: Comments read from file follow:
Loader.load:  Parameter values that make the evaluation of a Framsticks creature deterministic.
Loader.load:  The values turn off random noise, so evaluation of the same genotype will always yield the same performance.
Loader.load:  The advantage is that you do not need to evaluate a genotype many times, and performance values are reliable.
Loader.load:  The disadvantage is that evolved creatures are "overfitting", i.e. rely entirely on the specific environment,
Loader.load:  and their behavior may be different in any other environment or (even slightly) changed conditions or parameter values,
Loader.load:  so each creature evolved using these settings must be later inspected using exactly the same setup.
Loader.load: 
Loader.load:  Before loading this file, load base settings, e.g. "eval-allcriteria.sim".
Loader.load:  Put this file in the "data" subdirectory within the Framsticks distribution.
Simulator.load: Settings loaded from 'deterministic.sim'
Simulator.load: Loading from 'sample-period-2.sim'
Loader.load: Comments read from file follow:
Loader.load:  Very low "performance sampling period" in the first population to sample performance very often during lifespan
Loader.load:  and avoid overlooking some behavior. Averaged performance of sampled values is returned as the final value.
Loader.load:  See http://www.framsticks.com/a/al_params.html#exper-perfcalc
Loader.load: 
Loader.load:  Before loading this file, load base settings, e.g. "eval-allcriteria.sim".
Loader.load:  Put this file in the "data" subdirectory within the Framsticks distribution.
Simulator.load: Loading from 'f9-mut-0.sim'
Simulator.load: Settings loaded from 'f9-mut-0.sim'
